400,174.30657599588395,179.0857569851655,12.946286043586216,183.8452834082387
861,183.94515815686051,189.28605160520294,12.470357177322345,194.12103069123174
368,342.19800626386143,347.21185167392866,12.134029198390985,353.2855191356799
380,409.042005056685,415.0231324294056,10.383711969237845,421.64203588328775
599,411.58059762925774,417.08548584205835,11.807247600742532,462.34663324801846
646,419.42569852402954,425.3909043864772,10.780337219809928,471.2298020568817
404,499.024572708712,504.32909852186015,12.90162811916233,510.2907103707717
617,501.04815544822173,506.0455169803555,12.218091524571372,531.5961429967742
857,770.953065514296,776.4216549316671,10.873196703289635,806.7981548882934
632,773.112210093899,778.5635961854526,12.096109678616306,809.1652870677879
616,774.8978474565314,780.4015551535704,10.731132259005507,811.4309570002658
592,776.7908866404315,782.3067483826474,11.760645282501573,813.4755316205568
343,778.9743591865865,784.1298240686164,9.710713882321567,815.3314936334891
619,860.7789821646788,866.176601440328,12.076189202130545,881.1533945742295
658,862.8657097992855,868.0397396185257,12.84901183022582,883.0931811537025
613,948.6087719466043,954.0395960912442,12.07168486786768,959.1492390577517
601,1041.217896458123,1046.404480365406,13.344771904583277,1083.3299699308366
910,1047.5863968393944,1054.2551083909316,9.210486880167624,1090.492994020045
872,1119.8979766558607,1124.0371114266939,15.416065124020566,1129.2977701751338
590,1308.8370127900039,1314.2991976121252,13.034109437752708,1320.3517072887491
660,1400.7858114034136,1406.5185786618651,10.844351450650292,1428.4454000351682
614,1402.785789437859,1408.3971044495763,11.222314730093647,1431.0116761435102
605,1404.6860361834927,1410.2725080199548,12.240363285092513,1433.1751952275772
924,1406.854838930453,1412.4647529972167,12.066636775448593,1435.4640652495946
633,1488.9619581559023,1494.350841665877,13.042100584941542,1499.8639901275683
871,1648.1857585110672,1652.5556204591692,14.918233699296009,1657.7939965625449
916,1758.861526545564,1764.3512320887453,12.67760055161408,1770.0830551850406
620,1760.95494262838,1766.136849082543,12.594456843013717,1772.2053684533823
894,1762.892916265361,1768.2098287336285,12.079735962801442,1774.094136727397
650,1764.7834126666964,1770.0447253259808,12.883422709564643,1775.9202756926636
858,1925.1627381271992,1930.4322208497736,11.521371154360917,1936.2798699978737
846,1926.9786212066233,1932.311424419691,11.873388595969883,1980.4200246218975
641,1939.263012164493,1944.374673650128,15.037569914010293,1982.9806228694015
880,1941.4280714678448,1946.516098110383,13.265679521695525,1985.5486391835188
2641,2028.5249505608128,2034.033102032014,12.244021411349442,2049.258460554173
2650,2031.4103585754565,2037.2071146062378,10.153054627422428,2052.017074831378
2887,2033.1955771498137,2039.105302397624,9.986444584144806,2054.3134374416004
2387,2056.8748848740743,2063.1941344897546,9.50115227973694,2069.8630693325554
2362,2058.834824019903,2065.1242716146076,10.409464293730899,2118.0876207995093
2862,2088.9043707128717,2093.4293235983364,13.783983743349408,2120.7383904066496
2585,2124.939251032544,2130.5061352478433,10.808291576635158,2187.001902747211
2893,2128.800168720105,2134.1302354038103,11.822867599263743,2191.798748953296
2829,2177.626727571738,2182.2172330577373,13.52001533166313,2193.9954255121006
2645,2211.0973977844774,2216.4449856496035,11.843271008964432,2256.2004168900853
2614,2215.16441683839,2220.240027266969,12.958900943548846,2261.1146066826195
2604,2217.0124241601607,2222.330484125559,11.564239247341568,2263.263149790802
2586,2299.342746092377,2304.461381460697,14.42878191386368,2325.1523015967127
2889,2301.6261112682905,2306.529310599179,13.973444884798386,2327.746784312619
2644,2308.12825140036,2313.172176742626,11.97660983758716,2334.0969557205794
2632,2309.837430914246,2315.0475834075764,8.533295037534176,2335.991581199394
2628,2388.815577700746,2394.416465540739,10.73654393998193,2399.8316059487697
2611,2390.747019588036,2396.2741853839293,11.062679782330886,2401.6431067514127
2913,2478.892663863958,2484.0228193382814,13.180396278154078,2489.5459433880974
2864,2618.905860283264,2624.0092167039174,12.262683560185982,2629.7566237348497
2620,2661.1611550358066,2666.264957964628,13.337606582468949,2674.3054052128505
2633,2663.310254904369,2669.273618631235,10.304951806604768,2676.234592860466
2901,2665.407162706874,2671.254608070066,11.200194383418998,2678.0209880904085
2582,2669.136551167174,2675.1231173696733,7.642227847103268,2681.81955257623
2640,2748.823714486481,2754.0641177668276,12.67124586984845,2759.8111282158734
2345,2773.570520332217,2779.0483625301654,11.768862452744367,2817.2338981009257
2593,3020.927667728629,3026.1008615194246,12.509306100089121,3031.958704528459
2635,3108.5052977922155,3115.0043484831876,9.401840086281082,3121.7689025382506
2356,3137.213188348863,3142.5533535229156,11.9931703329426,3155.6074047182965
2624,3198.738257196056,3204.1451322371454,12.63491508426167,3209.92786117224
2595,3201.1017809412424,3206.0863495562735,13.977539609891592,3222.0970327453265
2625,3289.0141811527924,3294.523362233337,12.181041038715986,3299.4517215501587
2626,3291.165366313854,3296.2850170496235,12.847702203423252,3301.1605926158936
2634,3293.525017091971,3299.3235383350907,11.004996550137573,3304.8204235894996
2382,3316.4772880160967,3322.46806243712,10.168440004445907,3360.01516581186
2397,3319.644503927662,3324.526666507032,11.151243234450122,3362.5944354098897
2391,3379.073949133851,3384.275813987107,12.90202369529753,3389.811758120723
2880,3383.407957257139,3388.295051068292,12.781851040552105,3432.0534903558832
2618,3560.664861625761,3566.07368551279,11.991867680942768,3571.4994027950725
2373,3569.1914414148637,3574.1788393024713,12.52992614961284,3579.2022205809462
2334,3585.0628790764385,3590.499140205153,11.59632551187429,3636.4701722173995
2828,3603.9541376697234,3609.2322917506153,13.16546334271021,3638.938396644104
2630,3648.5658281263227,3653.5852676050845,13.210726026856943,3659.277990476706
2607,3650.362263224447,3655.2535789817953,13.402277503546378,3705.1699162950426
2378,3658.7922528470212,3663.568640930546,13.312726437714367,3707.7265718672775
2642,3738.950034761448,3744.213264991191,12.721053790256533,3750.1433961600583
2855,3741.3046105685694,3747.387346530894,10.000993473968244,3774.248295881641
2856,3743.5214990497984,3749.3592633843964,11.323823846730102,3776.889889543288
2910,3745.475213283242,3751.2216219370753,10.067840238773023,3779.466184697962
2895,3747.2417171293,3753.087528382923,9.459953135406725,3781.4916591488927
2877,3749.161184914468,3755.1141486247843,10.355645163899775,3783.3699582577756
2859,3751.2697402868466,3757.0093193625457,8.85370197598265,3785.281006760752
2592,3828.7206420770667,3833.5500615316723,15.834124956543892,3838.864263126651
4628,3834.637981546919,3840.301231245038,11.390796968005741,3847.211785513036
4586,3918.9258564486818,3924.1958533107013,12.968935213685688,3929.669957691415
4606,4009.042911167388,4014.012568548083,14.07684298145902,4019.166459795174
4635,4010.9971068652612,4016.0043754294493,12.690345475688895,4050.2091892718277
4609,4098.75499313042,4104.421615146753,11.393351402754949,4110.673315295431
4872,4100.684189907496,4106.244412895616,12.444722381225237,4119.172695395147
4603,4196.901776597892,4203.0471187826715,10.649581432338037,4257.021644757688
4381,4302.0731187479705,4307.273040879744,11.783878860618723,4333.132215659117
4626,4458.868784735421,4464.180349163977,14.151411869696915,4468.541808882276
4885,4460.882198961933,4466.120705085602,12.481826740052178,4470.878288133901
4638,4548.920025947229,4554.424288283882,12.947172089947736,4560.413073471122
4594,4551.254308065169,4556.54729134888,11.974414360429504,4602.592758422744
4913,4553.126996275843,4558.387411047205,13.168191154683612,4605.249033936103
4650,4638.670508132724,4644.11251207281,12.46300431586809,4649.938728763364
4881,4641.097481660057,4647.313706211585,10.380945531887587,4671.285779624139
4911,4643.323329190846,4649.293137823451,10.906174879246679,4673.8909504394105
4865,4645.254667341627,4651.209186907376,9.855896363622106,4676.0285060948045
4873,4647.145292566643,4653.093977565307,11.811337593243907,4677.953510958627
4648,4728.597827750858,4734.0487113702675,12.367233182372638,4739.171279233113
4643,4730.74183968072,4736.05838097611,12.58105861294975,4741.141503840959
4842,4773.985604975356,4779.04992485435,16.410960833371995,4783.952924156411
4637,4818.651312337821,4824.169740060481,11.683326113154672,4830.329373977502
4632,4909.328202153849,4915.301125720772,11.064193125583644,4921.893601254342
4612,4911.369874329542,4917.094714522281,10.41939138268323,4947.089092265623
4405,4999.056165228608,5004.408015894574,12.286111193854746,5009.961483525106
4874,5095.048016362902,5101.456482283666,9.645975235105826,5156.626760706128
4347,5277.365678423247,5281.424687169653,16.010780527699453,5292.388825080838
4592,5359.056859304961,5364.015526440388,14.451272446921495,5368.348233449294
4588,5367.132862534278,5372.535010000859,11.072552332250378,5378.943004693314
4597,5448.7841229266305,5454.0026019538145,13.035525094236482,5459.550912893071
4641,5539.0006352688615,5545.2254538867855,10.683439340088508,5568.4471431056845
4902,5541.285639870888,5547.196083114145,11.445653268098683,5570.8008368114215
4629,5630.703493979455,5637.068598642758,9.864884666957382,5643.204799538759
6868,5633.339551242102,5639.161913134734,10.1937497194864,5645.075463682333
6904,5635.394491749603,5641.137980658297,9.689888872384122,5646.977625104081
4587,5637.238254257382,5643.138528194127,11.696854190349688,5648.775639818271
4651,5639.277618263486,5645.202346603721,10.021354651627087,5651.203875260318
6874,5641.280699227264,5647.080102420588,9.987110928957064,5653.784202256231
6590,5808.349155953252,5813.116491422028,14.179176283878737,5818.467472575256
6872,5886.642966454009,5891.089510872734,13.483078947443751,5912.992944679465
6645,5898.645829277251,5904.179004728519,12.03584611593919,5915.5134395402865
6644,5901.311000376641,5906.382334707348,13.949659001283012,5917.708409398663
6342,5911.204937051453,5917.083685297917,10.769922045803549,5923.500002175377
6817,5970.031981985661,5976.309395394178,10.141401270171366,5982.4617632687205
6390,5989.111898447259,5994.383521169009,15.28808837728716,5999.658132863742
6648,5991.102789498038,5996.51666986763,11.488839395156756,6051.292504438896
6610,5993.13027127205,5998.328070366851,12.678041079041241,6053.863100125684
6596,6078.65612564373,6084.177604753838,11.281130013706724,6090.463366575941
6584,6080.71879567601,6087.26500920604,9.604526213273708,6119.9956293248615
6597,6082.829839792889,6089.228062819761,9.630123415642455,6122.431277723515
6871,6084.86330582588,6091.207595575609,11.739798276284528,6124.68528655666
6612,6171.025670138797,6176.139362036789,13.728892675163209,6189.199000558415
6901,6258.865608687817,6264.428796949573,11.923224265590195,6269.722834192205
6892,6260.819654332204,6266.28858132935,11.87317790768048,6271.54673382323
6614,6262.9756157769625,6268.455786235365,11.399121475061587,6274.519253421244
6633,6265.271993045402,6270.310217697345,12.12504656778735,6327.229115193402
6602,6348.650297731356,6354.307963767343,12.363321838750917,6360.157022348005
6620,6350.518030848291,6356.0555270316045,12.084292870484916,6395.797980419102
6356,6359.519379379964,6364.230433952557,12.580508171569013,6400.837115371152
6354,6460.897425859823,6465.566629247111,13.838782164962977,6470.440819046424
6861,6489.368101031123,6494.086137841317,13.446260944857302,6499.793884890072
6638,6530.914519758532,6536.286048434323,12.41544581940181,6541.372193844736
6849,6532.898497053527,6538.022822094992,11.22399707277306,6543.154350560469
6875,6625.108738145826,6631.399650467087,10.11317252212523,6676.406371221662
6359,6644.6149748970065,6650.423686358401,10.85399268342868,6678.514975589659
6647,6713.135068059223,6718.366446792359,13.43650099145895,6743.985611003561
6606,6715.181198068749,6720.249370993857,12.73365838407557,6746.146609682837
6616,6800.942350025195,6806.427628507288,11.461012957124973,6811.864214901156
6905,6802.783850811602,6808.213425862843,9.90550759053054,6813.765188391786
6898,6804.654304272062,6810.255812923235,11.387135062460914,6815.627045096173
6635,6888.937387012667,6894.195323809721,13.476730349826324,6899.760285620853
6601,6893.121093487448,6898.3918123309095,12.109638073629792,6950.945299160491
6603,6895.000925145665,6900.186933712988,13.018412761591621,6953.129570773747
6375,6978.7921542252825,6984.419692746087,11.942125346568583,6990.4683954590355
6854,6983.552770037551,6989.234856364518,11.606013248116954,7019.66341270695
6876,6985.448675293966,6991.137983852107,10.624554406072678,7022.150701452353
6869,6989.262037047577,6995.048533476073,10.748052477739378,7026.586512169867
6851,7023.681391106123,7029.066998566947,13.136068202124356,7034.698273529011
6588,7070.99516320765,7076.38806649006,11.6444424855633,7088.948739243983
6827,7113.921761093231,7119.449852337939,12.142666713468124,7125.2083056505935
6372,7158.789181537547,7164.516275956458,11.468132823601131,7169.889036459669
6856,7249.041173881871,7254.233498180301,13.64784652811722,7259.705798360213
6652,7251.204237236817,7258.020781602294,8.467470648625763,7293.259331306574
6886,7253.328652121186,7260.107399834351,9.531625592239738,7295.884159409355
6341,7259.567776609234,7264.4058380076585,10.897042509981508,7300.386137087973
6850,7293.748069910373,7299.4404536350185,12.290379499715998,7304.642080651131
6858,7295.794242171538,7301.179440891486,11.597379415003253,7306.431145461208
