683,81.64651481385262,86.2084953556356,11.867484966247538,90.63474539286393
682,164.7021551308056,168.1174013768693,15.984175611015873,171.456129265206
690,229.0332418263053,233.2147527942275,13.645000387031997,236.81985943362622
945,234.7778726344965,239.14319035547751,12.361369797264402,243.43191904458246
661,237.73268427956896,242.45804341841364,11.81492505841189,246.67397972563114
662,318.8665324488976,323.4623075703539,12.338689251330951,327.6172357200935
691,349.6742049117888,354.189218509702,12.302135199637702,359.07793656688057
957,415.333805623871,420.28653985539694,11.39777067495685,424.7645612285546
165,478.14731755980415,482.20443446121755,12.921567132944007,486.43170971069674
951,501.54941036291586,507.2909629244602,10.351933147262752,512.0978942562951
949,588.2456561541062,593.2114282402225,12.7754247659533,597.1328104086207
677,620.8872039394648,625.2975019037048,13.858174512569397,629.8990777001044
663,678.7825243737472,683.0164723012809,14.419618470660991,686.4986253109138
940,704.3232713974968,709.2581758014394,10.836067836594674,714.7562436205607
935,768.2401008784323,773.0781225019314,12.795237766996953,777.0163071480126
688,802.6200613046982,807.0128855729703,11.46774792567561,810.9347616457641
665,976.7734975811936,981.205457558806,12.308436841652057,985.986125023047
672,1042.570867422951,1047.1099864475023,13.073328303944765,1050.992052189587
431,1112.4169177012072,1116.3559346897637,13.483634907046621,1120.0162846698206
929,1314.13552063034,1320.2986242343475,9.083381130981522,1325.909870123844
671,1398.8638884329935,1403.278170413397,13.54202021694846,1406.92787882062
926,1495.9981336800743,1500.1233413641912,12.683963445357918,1503.9530132301595
684,1578.9044884465495,1583.1673248780044,15.497162385636683,1586.4645426592747
686,1580.9882220794243,1585.519060914812,11.767962023732789,1589.6796344456911
666,1668.8302761857071,1673.5341008870694,11.673432577016197,1677.5524944765896
664,1673.1370355928734,1677.3150209597984,12.595689435866362,1682.5472109677794
669,1884.2491874064162,1889.2361130226627,10.939296348126408,1893.7875023907852
2916,1942.084619934552,1946.2140226410838,13.32310459420827,1949.979080918655
2932,2030.243418128873,2034.552832060295,13.667236989794105,2038.1468479325417
2659,2044.6009577547834,2048.471862254067,13.167866207150063,2052.122411010522
2952,2049.1906638352884,2053.5510908352,12.30959538675985,2057.589156427391
2922,2060.173160738076,2065.0448452248506,11.121098545979358,2070.1009235474494
2434,2091.325995276634,2096.007201598635,10.516180483884279,2100.3926740919605
2663,2118.7552589822967,2123.0656218646013,13.023101456826875,2126.8777327807106
2946,2145.356917906383,2149.565078308236,12.72274636873796,2154.1462608694746
2413,2164.3900904984016,2169.117573784106,11.707959039038757,2173.2630819157434
2947,2401.182939733883,2405.015392490178,14.06315905709851,2408.654479331264
2921,2511.9371052027295,2517.4424214419623,10.162519324789475,2523.27364871092
2661,2769.4294352891793,2773.053704022219,14.5423328427238,2776.543794551895
2671,2949.267476798082,2953.384383530587,12.95378113717657,2957.1632263092356
2945,3023.466130287806,3028.1780050879197,12.926775041995302,3031.9188747792555
2677,3134.1662795209045,3137.6147307086558,15.184406597141486,3140.9389241777326
2678,3311.4742550313936,3316.092896162292,11.670573882486417,3320.100074373163
2919,3558.255024412602,3563.072051444573,15.296999432772342,3566.5080750685993
4658,3743.8289123808445,3748.3601207455276,12.111371363143828,3752.326997880337
4668,3757.612666134395,3762.395185528667,10.713725442096198,3766.6829157943334
4939,3836.6077829207306,3841.5746493603774,11.779884708231625,3845.6588514629875
4693,4009.039979492919,4014.267133740603,9.622047288274878,4018.921017349537
4684,4101.000997728596,4106.103088390991,9.630699340985974,4111.021706205748
4692,4190.40318395773,4195.20336264579,12.25719567482144,4199.3191165580765
4929,4193.428477768079,4199.324193917072,9.094929709585006,4204.254731634983
4951,4198.20620816756,4202.45228663006,13.74633193113486,4206.887787783614
4690,4278.572707314807,4283.419866583093,10.851818062801536,4287.804990531589
4958,4288.436985183826,4293.161338542242,11.105923517666252,4297.491946331375
4689,4299.171907084815,4303.25130875738,12.804670536905865,4306.992679651361
4674,4387.4578145550095,4391.421619388451,13.389390513148676,4395.033438412202
4675,4395.484358520822,4399.361612062744,13.940588109932385,4402.920634091861
4945,4477.9956296843875,4482.3242263959655,12.039854287742095,4486.30427802355
4670,4552.318318736386,4556.222237252071,13.312610632324295,4560.288573658864
4687,4567.972247220395,4572.277382710968,12.001845119350662,4576.295257479975
4680,4570.925960644454,4575.023751609905,12.65721120446704,4579.143314236134
4932,4825.428811520123,4829.608571029909,13.744007375325676,4833.269762731675
4678,5093.472462547691,5098.320776554068,11.733957727315474,5102.599287617626
4934,5116.2547703044065,5120.435097960001,13.076730972745981,5124.966958169601
4679,5205.05573544782,5209.079965426464,13.113769756858304,5212.739015296626
4673,5275.55745829378,5280.512777379345,10.300764237054912,5285.1418154123585
4664,5286.058775094731,5290.316219369485,12.400460776412377,5294.150684313667
4683,5296.541635427541,5300.605776896678,13.715833894985696,5304.990710413506
6919,5450.164360839055,5454.522952739535,12.67183751738933,5458.149698165434
6945,5548.319722933725,5553.237738804565,10.808185297586833,5557.661597583943
6672,5662.022549950906,5667.01522199027,10.092855167530438,5671.4707039266905
6681,5721.258286733955,5726.254246225094,10.53036080256956,5730.70619206871
6937,5738.250450065721,5743.188533853922,10.992109814966287,5747.618371347908
6922,5819.451225452961,5823.336510701448,13.909101855184955,5827.000097116846
6952,5900.641425000747,5905.539242830699,11.067526792503891,5909.760965992495
6667,5989.084577946624,5993.454824452684,12.53075895696685,5997.299189191136
6690,6195.248131656666,6199.044887868983,14.564110433794635,6202.570490417814
6689,6366.90000160084,6371.276344149047,12.58286675785867,6375.208070609536
6666,6638.336634987499,6642.207465871573,13.880829804569544,6645.812734176266
6660,6738.752529453643,6742.251178452285,15.49433759629086,6746.88971815118
6427,6771.109387520648,6776.270150056449,10.673294578349887,6780.887662102026
6665,6827.958428228805,6832.431105305016,12.37378446297676,6837.833550982068
6175,6846.2763608117375,6851.021531813239,12.17833602206652,6854.998579824379
6679,6906.785439625164,6911.061657131375,12.53371686765976,6914.963662653684
6688,6916.749974850669,6920.6109573927515,14.189960257387419,6925.500220168888
6655,7251.157875281297,7255.426831350781,13.248733276096482,7259.183683690511
6664,7276.531128296635,7280.552609643631,13.251775475276736,7285.20946492476
