1616,277.69604310665267,286.31791523771733,14.03175012310592,294.7844625732064
1500,321.660517849808,333.0107710919309,9.761461751260919,345.8111514882323
1508,371.2889442211188,382.1500862147337,10.888943020635251,392.743085211246
1498,377.6560052037546,388.4024808228385,11.694639124697414,399.6742004148801
1357,463.7277835156418,473.5375293700289,11.952083630805436,483.11299402196266
1351,466.21728869686393,476.22638401022215,12.71747738841398,485.8317150770312
1332,572.1807577231509,581.5849089672823,12.475638803804221,591.9377200016694
1353,679.3279008758335,689.462575221216,12.457288461904716,700.888442761554
1354,681.3219267675265,691.1712458736688,12.013755500203558,723.3509608741205
1345,683.3509208533285,693.5510736817357,11.23412793784967,726.0096878091881
1441,685.1733615273487,695.4408775451421,10.665209603533794,728.487939636021
1495,730.9553913706804,740.1502740109389,13.314570533033148,749.347286936131
1487,738.7942857325091,748.1827525121824,12.529579403348698,757.5547802579032
1631,909.277588368231,920.4857223911024,10.31553913565403,931.5166937887213
1510,992.7760563487915,1002.4316802498976,12.80818079815109,1011.1559233392649
1476,1044.4272874123455,1055.3764295285782,10.463753362467843,1085.8259882784205
1360,1219.170659779231,1229.523337965917,10.799825085210427,1240.7661113706924
1361,1225.5562760492032,1235.1717474270226,13.959652998526444,1263.3556425650172
1342,1264.070581684649,1273.572581659077,12.706609495998308,1282.4568781344278
1330,1286.7585863600264,1297.0422299511401,11.740771012202513,1307.8743726288471
1620,1464.6537541071991,1473.4057554300894,14.04244556190965,1483.185646502594
1630,1473.638774968751,1482.2837044769853,13.95391189082901,1533.0128048301135
1359,1488.8864951473408,1497.1569184608775,15.190919052122144,1535.747182324052
1494,1538.4156348520441,1549.2505318227188,10.524016598200005,1560.1217720525042
1490,1851.8618519203849,1861.4040771538753,11.982978527543558,1893.1597202425844
3629,1892.866005539806,1903.0073910500817,12.272047123504974,1912.2569841626357
3443,2209.2539560351875,2219.2223444671613,11.656632060130645,2230.4102508036026
3362,2214.377546712451,2225.2504310730146,11.601334141934695,2253.4779510862686
3356,2346.5667193812565,2359.051869141811,9.180200555061711,2371.597602463609
3491,2348.526672944882,2361.0821050823106,9.696176595018805,2373.648866305109
3494,2394.066300086299,2403.174473633257,13.653475339187873,2442.1996572158814
3633,2433.3571083671086,2443.0406448665576,13.329662227547752,2451.687900412316
3607,2452.3007705714494,2461.401203355504,13.156970756054925,2471.7600351590745
3500,2522.874738286832,2531.448525276853,15.406391471287984,2539.1306228775065
3505,2555.6956119955357,2566.22162480546,11.13740905205026,2577.983374126194
3344,2569.0562744401586,2578.2900438895736,13.703504428109245,2613.1587079856736
3365,2708.879440845338,2718.5376252672145,13.767819798874068,2727.48205461203
3350,2712.861365954095,2722.2589015332364,13.107969169243852,2731.510314741566
3326,2793.9020137986686,2803.5469812441534,13.164396729400908,2812.7399222410518
3597,2818.385837141444,2828.460486448071,11.39096180452901,2839.7062584713376
3622,2820.22388638981,2830.265774145644,11.58589533273671,2883.130314150477
3430,2843.048734657139,2853.171266997751,10.887135927589249,2891.67985217881
3486,2844.71864634884,2855.041576391358,9.230522837588449,2893.651668521704
3619,2888.356112636641,2899.0471305448013,11.828512372473536,2909.5423625406515
3353,2931.107914979578,2943.0912308842135,9.877068130170613,2973.3186541250443
3323,2976.2265834463547,2985.4487562837553,14.49479485349907,2993.751357784559
3359,3023.8098557107073,3035.44711589929,9.581222606247236,3074.374578882161
3612,3167.7793735348905,3177.3144409196566,12.051055244247044,3186.82133809883
3348,3199.1371778541443,3207.5142882936884,16.368455295368616,3243.609511451372
3485,3289.277725590915,3298.2340822315964,13.413605362338929,3308.484611425576
3621,3422.2399631127464,3431.4975176723206,13.664115812341926,3440.1955929328637
3495,3471.9630527297,3482.1006256253713,11.661440820177981,3493.295258534195
3737,3548.165409482911,3556.3861695280634,14.407673897518706,3566.3878752240526
3425,3559.0875306167386,3569.2555016100778,12.460575702151596,3603.2765196005653
3444,3564.0013499277447,3573.1552242300536,14.096475536554129,3606.239563898257
5356,3648.9094735282138,3658.4676901161824,12.233392016195396,3668.945685613706
3346,3696.0926826477635,3705.4337391690283,13.255182775491006,3714.0518919091014
5477,4079.093776116964,4088.1979012271663,13.569702103553233,4098.323978454891
5504,4235.495594390368,4245.56896931535,11.890973083836627,4255.423030840409
5340,4278.704835856081,4289.465924829863,11.090537467884344,4301.359802043763
5414,4458.731744941706,4467.612688047173,13.502116136896756,4477.636264297597
5361,4554.227408029404,4564.488808682852,12.374156391311509,4596.566016474203
5619,4599.769112715085,4611.019860158101,9.835941430770633,4623.894270405784
5608,4682.984446726205,4694.337264000432,11.218739175491672,4705.337470416293
5634,4711.206091168649,4719.320467842171,14.371366524647796,4728.769137486547
5491,4728.931963836897,4737.45561229147,15.250668096882311,4773.266290274718
5359,4730.916952392811,4742.475360906561,9.92710029010757,4775.655279207361
5354,4818.961182530162,4828.266594455583,12.67718548333582,4838.753864292646
5341,4871.915265865687,4881.578451470669,13.067906929030626,4890.643045733247
5478,4954.048913204514,4962.478295785351,15.151989447975245,4970.069597861953
5488,5046.188488145243,5055.199248454986,13.297421103677486,5063.938027391903
5335,5056.343135480875,5066.436637725385,12.133778636757343,5076.678700190611
5431,5088.981661529077,5100.225050887771,9.822632827933694,5112.741575912968
5614,5132.870419357531,5144.403225587683,10.320056192537947,5155.455801272207
5424,5179.343565553273,5193.270010416234,9.018867639515381,5207.885816200251
5315,5225.952611063332,5237.114839921657,11.148330064063058,5248.169567533592
5492,5449.229864567308,5460.165245953,10.812422033713771,5493.263671195123
7592,5492.949332711546,5502.499718819196,12.996642967628018,5511.349473337834
7420,5629.181726681118,5639.376521334912,12.003941103024182,5650.191850935549
7445,5719.651805134628,5730.384933238332,10.52915573280035,5742.079478354398
7742,5861.807583681496,5871.4678924413665,12.772063820113784,5881.109094483306
7484,5988.97269718984,5997.385856075506,14.557842155371299,6006.738500361425
7431,5991.539618906455,6001.329753638779,12.539462184859381,6033.538394770878
7492,6081.698440641685,6091.609806894586,13.061315353097754,6101.794789874527
7365,6168.826285129216,6177.642887079652,14.596977743202672,6187.03660009395
7511,6222.234810101766,6231.175610469355,13.232665124379048,6240.226031339994
7612,6305.464600436163,6316.031448144318,10.882683970100409,6326.415186148358
7599,6487.053561626718,6497.284214929084,12.198476032990074,6507.198481709988
7620,6497.536114475499,6506.044352190095,14.071500851591304,6514.408584307692
7506,6753.180756964654,6763.309329220629,13.181508806248127,6772.580913236077
7607,6791.358305206972,6800.240494499303,13.701084081266986,6810.894462094335
7617,6939.286194782552,6950.144423012768,11.693296583179412,6960.310957589122
7329,6946.529075951013,6957.1313795158985,11.163183684542716,6969.0
7330,7026.048903732981,7034.40783042061,14.289203781638275,7042.558053626264
7358,7069.533720834942,7078.559185120105,13.745313655980699,7113.641155367538
7435,7071.560406100429,7080.440802602764,13.909903066252852,7116.460938640265
7597,7116.487489827922,7128.098098492574,10.554659517930713,7139.399284541935
7626,7123.560237527403,7132.426878814561,11.774126529783489,7143.231219193949
7622,7125.606599538795,7135.002135779249,12.260692713998923,7146.8475441494475
7342,7149.582932830399,7157.453492145096,15.550017907189464,7166.895889455564
