627,222.50580920203234,226.0663439147924,12.606841224083935,233.95879160074003
649,249.7325853798272,253.24365766558248,12.986903473068534,276.7033982235291
643,344.08325207648465,348.2151451911123,10.240664796858539,358.14139626151047
372,538.0820271251031,542.2592897800422,10.35387292554553,549.7852727686542
384,592.9285595933429,597.0858567439085,10.749878444528772,621.7943976715287
634,694.3469290686097,697.5611632437292,13.605793626101217,712.0791087477543
635,700.1192343480212,703.4655144906238,13.71817180727963,714.0094464056135
157,786.1579303490774,789.055071964325,15.364853859945866,797.5093313168228
185,861.0367408152605,864.3066080706589,13.333451497565235,871.6272796237005
624,932.0022906921647,936.3373661272385,11.2072205157178,945.3932016136014
175,937.5248767287743,941.3758748796331,12.396492027819775,971.3669381991733
19,950.0597840100328,954.3576918578464,10.19501659228075,976.3477194497863
183,1048.0866468867891,1052.3699355309518,10.066061074646914,1061.687900057278
415,1090.7718703205578,1094.5014431163304,11.826493546239956,1102.8080949606015
630,1201.4075651961132,1205.3830423445074,11.092186180833767,1240.074952361226
418,1203.4741680080892,1207.220588790684,10.383997074760638,1242.0070775157635
177,1224.7603565330014,1228.2329755413994,13.59396708736852,1246.1160151948884
189,1344.3671330645846,1348.0006582878664,12.696941277574938,1354.4107459898141
187,1432.0390927135045,1435.3523669017143,13.854029919420057,1441.451667843905
6,1492.2277691297127,1495.2977963901972,14.150877407466234,1501.9887737468898
139,1572.7204094469178,1576.4389298043611,12.558806345119221,1589.5236703132798
653,1598.6215955591883,1602.5362905693928,11.385970179482792,1609.5069561518271
10,1669.2618995030773,1672.4549231229653,13.576167846417402,1678.3426520777018
176,1677.068154090788,1680.4366006695095,13.001847392087281,1686.624504824512
140,1823.7882394851001,1827.2798875310787,13.373521693615057,1834.9259169057905
156,1850.7607486287454,1854.409878414573,11.702940205188103,1861.3398109873222
434,1870.9057336514918,1874.175678569355,13.407744616379636,1880.1924431085904
190,1887.1723277713795,1891.0785061688948,11.080499750896973,1899.0156899560156
401,1932.4760485332113,1936.2050064141051,11.243203959197709,1943.20686880468
2621,2023.9069492833348,2027.1906923950562,14.35375247458423,2033.2274360567746
149,2106.2601480060675,2109.344298984209,14.85654516981409,2114.8737903279703
2152,2203.85066035242,2207.1075993236614,12.935096554422637,2214.318938383597
2174,2213.584626571411,2217.20386043428,13.213354885539209,2223.7755757270834
2137,2291.5449741278276,2295.295938976112,12.123742643948816,2302.0303332849153
2190,2293.307519720542,2297.06995746298,13.041472947627733,2303.7575951414783
2186,2515.857699533279,2519.273356815253,13.908157568026699,2526.8023900873654
2000,2563.689392927494,2567.285501818667,12.945708648809541,2573.8151377674676
2022,2828.8622883044923,2832.3047861786217,13.704545714042835,2838.503294945364
2649,2930.6474363397006,2934.222049207808,11.984789241544496,2940.9054051556686
2171,3000.4700407053638,3004.2057361984985,11.672653351290263,3011.267359802048
2162,3023.1651042076733,3027.0666281885938,11.023819741704118,3035.4014867235883
2421,3030.206592809394,3033.349946375719,14.217349366987762,3083.2951868136843
2181,3150.9225178006914,3154.4961888477933,12.776609876047806,3173.889057704691
2011,3189.9996926387553,3193.436709098524,13.115305030799563,3199.8960693155786
2409,3374.8607884802987,3378.332673327851,12.584438042380777,3385.993056788388
2384,3384.2121810129697,3387.612077095852,12.893033331058797,3439.97645640391
2400,3477.843723563757,3482.1191288181717,10.579681447041263,3523.271236888199
2017,3716.729768099338,3720.5103349723267,12.479692567862008,3727.456011320783
4424,3753.1518607718845,3756.587973985068,12.962592005187288,3763.878875813486
4400,4043.9474559709106,4047.506216070646,13.231681322243922,4054.0799806920445
4157,4101.300487863463,4106.318921049842,9.662185360297206,4139.357143296906
4172,4180.655288485072,4184.281583905776,13.54319179529699,4227.365902909317
4372,4223.695612075883,4227.107087159057,13.003387364261368,4236.087219932792
4161,4274.260802608931,4277.413433791087,14.013466049916362,4319.4226305961065
4176,4282.164373948535,4286.107394232403,10.83396683340628,4323.671795897622
4403,4377.917519004846,4381.528780368156,13.224652138110729,4389.799745514043
4394,4441.224311852437,4444.601548564184,12.963000257823975,4451.8144172861685
4160,4460.987226425499,4465.3673229459555,10.551698269666355,4491.248444854454
4181,4462.905038804651,4467.310203649701,9.77817634396492,4493.92843754655
4649,4464.631012857154,4469.2231484328195,10.792252863989308,4496.168144398337
4174,4468.591484721074,4473.022706363469,11.518549275229596,4500.4661407638905
4009,4473.411546903599,4477.124129721563,10.547456367437187,4504.277803719134
4383,4501.163564229302,4505.359400929454,10.605325815310694,4513.071898671822
4634,4595.910967849507,4599.535572835304,12.090888410740895,4605.978166123804
4151,4617.263020996652,4621.328971912365,10.7253365125145,4629.943444893641
4134,4638.238660938625,4642.442311731788,10.218690586903753,4667.300025132837
4431,4639.989084004412,4644.3111534350855,10.864867883230756,4669.995964316349
4676,4655.295613032159,4658.399389698272,14.5937526817596,4672.237186677939
4375,4727.823875953248,4732.179377633573,10.418965253116912,4755.373506754203
4010,4807.923956226551,4811.110928390295,14.67646470277851,4845.862609267279
4619,4844.33234571713,4848.515964963155,11.080494832945595,4856.091940582777
4437,4846.186813242063,4850.392052981118,11.1215109100673,4857.97389296142
4186,4986.034549645296,4990.1291836502605,10.87700141932207,4998.962999561271
4624,5136.8248356714375,5140.382998977566,12.951202507868183,5147.763640851926
4175,5167.7406792361335,5172.183975464238,10.494550819258977,5198.221772627803
4373,5169.694164296116,5174.028866844606,9.893270979619327,5200.409454609263
4440,5264.16310250835,5267.291353814165,14.984704888995486,5283.270200708699
4644,5384.14030433692,5388.374039313586,10.807036825212876,5396.064082364242
4013,5530.969960154292,5534.356865163754,12.828418663425728,5550.001716371638
4620,5552.15779811187,5555.538721252802,12.849751767844108,5561.950116384512
6662,5681.108116633945,5684.562913221706,13.254932005303816,5691.930363048082
6011,5808.360406406318,5812.554403282188,11.461183657265117,5820.322287443993
6019,5810.357252437518,5814.404284115767,11.323654988235043,5822.220170659273
6137,5873.990969405756,5877.567643157067,13.028496580016123,5884.956164167827
6376,5911.719571819685,5915.057112471101,13.854136791336748,5921.241175536804
6006,5987.958252603314,5992.347057232275,10.275787965092315,6000.074747596857
6179,6003.770988750802,6007.195635771505,13.160611205458068,6013.6261453216
6176,6074.056330797639,6077.1720154850655,14.33830614403106,6083.064958483199
6158,6157.913000527948,6162.105438666304,11.097724326303155,6169.768669931341
6142,6162.736090326282,6166.368109577381,12.610796893596909,6173.213312607335
6020,6164.472204873463,6168.153771910722,12.794582177912497,6175.027231395563
6180,6207.510406549041,6211.440720188494,11.12332761259632,6219.76754190228
6368,6329.619978555368,6333.465282893693,11.377615047050814,6340.299437557475
6165,6350.696692475605,6355.0853517742,10.9135977329379,6362.951244590614
6018,6428.989566190396,6432.434084936944,13.451345393918867,6438.789627475236
6412,6434.9591005020675,6438.39161651111,12.862674412854378,6444.804311087988
6007,6521.368126746478,6525.034817850958,12.070474350108883,6531.760144302947
6187,6601.849736207014,6605.272798399513,13.714855212109965,6611.604310127357
6636,6689.649346511066,6693.4401023829,12.047384356652502,6700.392597016074
6428,6701.257602494723,6705.38155810033,10.684083460447058,6712.780431738532
6184,6703.132271368281,6707.241053690976,10.170628715108927,6714.510519920762
6387,6873.134953479698,6876.158975642874,14.68765046870061,6881.59549918269
6626,6889.588016484204,6893.443590654576,11.886188858450765,6900.334228695058
6438,6893.249584628973,6897.235844335763,14.357494403616354,6902.873170722334
6160,6975.881533817653,6979.1788543160665,13.178786643669577,6985.330054848462
6168,7126.527751309336,7130.402824420276,11.836252980948041,7137.594267545244
