293,296.24165166597453,300.0284813484747,12.546299325768164,302.8148057582527
806,364.31127526511665,368.5413459235824,12.083748700340344,371.7630959110777
792,366.4666369701295,370.4788877864291,10.476524416001261,408.43484831039723
548,387.324483630278,391.0295211269928,7.04488573915327,410.80539799358456
1074,543.5890349886088,547.5200056153558,13.450753921164344,550.788683529392
1904,723.6726600447997,729.3228185555162,8.433250857759027,732.8251294886887
1652,906.4182754922398,910.4947190513433,10.591226019568388,948.4500801663589
1672,1353.6524671433965,1359.0174485126206,9.943030456870073,1362.80911046716
1299,1398.8585731023545,1403.1525049358227,8.192798595769414,1407.3124833381526
543,1641.1517878453255,1644.4768973030962,11.568089819073698,1668.1975127463948
1369,1670.9383516386401,1675.0548244609643,12.014148054666412,1677.1066264243207
1082,1714.1292675343122,1718.119460241381,12.886610476463211,1720.9691026024843
1670,1803.617009492356,1807.5166320137728,13.714277300334052,1810.5720487025362
549,1894.110824712817,1898.4347200955942,11.514796297848761,1902.2151135119243
1301,2030.9443808622837,2035.1225465675332,11.054776704461199,2037.3208139397382
1659,2073.4011313509254,2077.2109004430454,13.229723005458508,2079.889982092102
1642,2078.0977309143514,2082.0186138124977,5.93130506887776,2120.7493382699236
1662,2163.7286758659147,2168.1437236847833,11.685838066936737,2171.9447291953497
3376,2208.3832545362798,2212.3162469159265,16.542382728031594,2213.7539654752163
3064,2256.115093146823,2260.026512015204,9.553938619166791,2298.024632507214
3661,2258.121670857256,2262.1831771666457,6.266945296478056,2300.7760383351465
3377,2298.493425452726,2304.178052243285,7.394343043769266,2306.929012542678
3214,2300.687872167388,2306.330956073217,8.876660616387156,2308.860611265259
2786,2346.2321612177907,2351.2074131470695,10.170662625598434,2388.1521413830014
2802,2348.2325062910672,2353.2244633811238,6.827014848863916,2391.8235372997324
3455,2391.4622257986084,2395.492070337859,11.606923856398684,2397.49364433095
2796,2524.024883901853,2528.4507081090155,12.045480858345456,2531.565496965341
3297,2658.8190418573954,2663.2211570495815,13.884218292067583,2665.0445549578085
3079,2706.245461156475,2710.397842523259,9.105849015476789,2748.583979281352
3653,2794.1005539338585,2798.372195881277,12.642659210692669,2801.889556877791
3224,2838.8562763871228,2843.3903266534326,12.531123444336151,2845.4722054940285
3370,2840.9869072734054,2845.244539708415,10.659837680993272,2847.385012789186
3656,2883.8188237746863,2888.443856469648,10.886559191111932,2891.5285838508917
3071,3066.1051626068597,3070.3635289425106,10.90242288475787,3108.32257261303
3657,3155.5831024963663,3159.5281611416435,10.655937657748419,3198.3620682139413
3216,3288.3534614897526,3292.379805647408,12.900703333602447,3294.299150058847
3065,3333.435703166495,3337.222405302572,13.816972052762805,3339.8723464251516
3893,3513.9330957566813,3517.6327666972516,14.43732205807805,3520.7094122138797
2800,3603.6904117359213,3607.589622623718,13.522878476120104,3610.7283419272594
3920,3694.119346594772,3698.428656594825,12.075757516536802,3701.673028249618
3298,3741.2407367213673,3745.35612410843,11.299876849312634,3747.3514542281982
3664,3783.7222360483315,3788.2620117934057,10.507537867001119,3791.7918740628324
3911,3785.7412074608665,3790.194721511952,9.98462195280339,3828.067239815796
3453,3828.998873616209,3833.1474929660544,12.968329401893513,3835.110303471867
3386,3918.5127031143284,3922.577712903144,13.316295795772682,3924.4516993868897
4788,3963.4103885058607,3967.4984446082067,13.47800731629774,3971.046836662847
5919,4143.437941313326,4147.406497440683,13.243961760718175,4151.106085983197
5654,4236.052467443012,4240.357062121765,9.79441693969832,4280.497320914415
5659,4507.982810427118,4512.247201558777,7.266688245736424,4550.822182748328
5645,4773.888867422372,4778.12280910779,13.303232498497774,4780.880811744185
4794,4776.049037727986,4780.456906319297,11.090850150030073,4820.4772537092795
5293,4820.836073417804,4831.177610080871,10.337033321521172,4833.5098975099845
5648,4956.225238397209,4960.1706708985475,10.483788648049323,4998.477723741225
5670,5044.057373463791,5048.355029375342,12.132589494759863,5051.383879840521
5901,5225.8985165895965,5230.0015636785765,9.85079221854524,5269.4225681279
5663,5227.865711702758,5232.0527682308875,6.788051056748702,5272.203132016051
4539,5315.96513987679,5320.22884454231,9.650131739063625,5358.240159468746
5655,5494.036792677146,5498.192020122331,13.593480210702772,5500.892564857282
5067,5498.054532073407,5502.206617843171,7.327827288023133,5541.1020474039715
5063,5583.530683490949,5587.40076642837,14.387253733384947,5590.413874503454
4793,5588.11651352992,5592.061389811862,6.767880837312717,5632.269016812196
7216,5718.874251545993,5723.4236684667,10.250025425119615,5725.670369495305
5644,5763.647944928449,5768.246528150993,10.262103651708385,5771.757850350995
4792,5765.7187435435135,5770.271231355396,9.458588660943597,5808.21397384848
6028,5810.680094217861,5815.28545582747,10.930136610234529,5817.603294288837
6550,5882.612292925738,5906.27187810735,9.114556905136467,5908.648073514064
7671,5946.261414585545,5950.286641246612,11.061294910784584,5988.114675359386
6042,5991.161571152631,5996.259037270526,8.557408686900105,5998.606566811025
7057,6033.446318526271,6037.408919848942,13.551193409366524,6040.532553917144
7921,6035.517231514203,6039.274474562891,10.411141847619923,6078.229034869098
7904,6037.791550260419,6042.075209860127,6.647384981738048,6080.568195080069
6045,6168.443296882766,6173.042106570205,10.238443664635573,6175.313670850422
7918,6218.054590216899,6222.442294180994,8.977940855139956,6260.549059908595
7302,6350.613711484598,6355.020670113871,10.359653167181852,6357.152298401983
7650,6395.900617095787,6400.447097375016,11.27824916606054,6438.295971420577
7385,6528.5061678215,6532.219806316537,14.846387284104733,6533.877202303334
6809,6755.79325389771,6760.2499012143935,9.714425847971132,6798.386752050167
6279,6948.900721857725,6985.020039438636,7.0574875506225005,6991.581953293161
7668,7113.807159990303,7118.300949888844,11.328475088229643,7121.73278026057
7903,7116.002503060054,7120.156751391449,9.917059231986165,7158.5308271699005
7640,7207.844020363464,7212.022811298021,6.533752104104221,7250.9164734387305
7896,7383.548369970747,7387.517241148878,14.31569399034821,7390.973552030517
7454,7518.921991366978,7523.058333442585,11.67775427126644,7525.095729255703
