58,235.0,236.59159475035256,12.870436562203798,237.25316644670662
1917,294.897367313218,295.6050611468111,13.211780111237204,296.25876674173617
60,320.8253530698108,321.5647070313291,12.697419320903716,322.24971543122103
1426,357.2417816001304,358.0435123661073,11.726220283274635,358.77608947863393
1277,525.7567274718709,526.5449534757134,12.048618945975846,527.2447119613961
80,698.4980229813862,699.23464857674,12.866577701877402,699.9022977990129
1584,819.4236952981088,820.2018850225544,11.776544731078694,820.9313316295292
1276,844.5695297288975,845.345924338235,12.381177596579294,846.0404814544111
1596,904.3907298786155,905.0670330770263,14.586338986671,905.655964995023
971,938.2760377684596,939.0557707171996,12.215153179827933,939.759025147947
1784,943.0,944.3880558688807,14.00900106969991,945.0012554745022
1524,990.327933913259,991.1552528279251,11.928716963492832,991.8753940319007
1413,996.8665629598396,997.4946638097168,15.167723883281056,998.0627179350678
1253,1113.6489912821473,1114.5124158870076,10.972372080610986,1115.2930709027949
1537,1351.7166320697993,1352.5213699374629,11.022288321873232,1353.3331643299273
1614,1428.4165218556334,1429.0891545476854,14.50703815242261,1429.6813057852928
1589,1435.5310957199747,1436.3088505101534,12.113261120400399,1437.017444422867
1561,1451.2001995093206,1452.1974672369995,10.237093879307313,1453.0340297940834
1418,1457.1068836692891,1458.0790956485146,10.158764112025455,1458.9247064434146
1861,1519.3985308794101,1520.1829602694675,11.958671663389696,1520.9012976264726
1247,1532.528317547202,1533.2098575925925,13.091765318263999,1533.8660227763655
1245,1596.5996910973383,1597.3390545749141,12.976027105923565,1598.0011654444093
1433,1708.7070598381722,1709.5260432546943,11.725362137381193,1710.2595090658122
1238,1879.7176741257329,1880.409800423847,13.889017835824104,1881.0286010840912
1792,1938.2574040111608,1939.0981410895486,11.01555326197795,1939.8779803215575
1419,1977.4665388876513,1978.2992130389932,11.447996227599488,1979.0470412079403
2050,2017.4491098322064,2018.331950481835,11.150430183893258,2019.1054880403974
1580,2046.408523061866,2047.1618291255413,12.700529822466457,2047.838207254332
3895,2192.3596578239785,2193.0635575556466,13.19292446373931,2193.7146914736477
3235,2388.531506200912,2389.371412330376,11.271321983418517,2390.1372910379228
3598,2396.5102849602927,2397.1619495953883,14.234159740793215,2397.765452770315
3408,2428.5154393090584,2429.2926735791034,12.235213524162411,2429.994774983301
3586,2505.7208639529476,2506.5265646329535,11.611289242611605,2507.2566675041385
3611,2572.5538506253843,2573.2381891697783,14.233956054149205,2573.8417009807813
3601,2575.573633213484,2576.2130009050934,14.72986501440978,2576.796194341528
2057,2746.86883125081,2747.5927106899353,13.07438002925857,2748.249298440386
3583,2852.198745356991,2853.060030075816,11.147957548413004,2853.8306071576417
3579,3127.7242412975643,3128.5397177164086,11.856545278749387,3129.26927775156
3429,3141.5217361230116,3142.214932654033,13.297329061310124,3142.860954163794
3402,3149.352983980029,3150.165075479707,11.704065606293335,3150.8990392906544
3798,3195.2649193418138,3196.149682725506,10.686903057868127,3196.9535040523633
3413,3245.620809388641,3246.3066853489418,13.923576776468835,3246.923650424359
3269,3260.556059553688,3261.264716000124,13.337183682787295,3261.9088070466514
3610,3402.3593355993453,3403.1006118846585,12.405325034905246,3403.7930855257605
3650,3551.620459791256,3552.4432357401324,11.221665390678746,3553.20829487224
3558,3637.6845164327865,3638.486851158914,11.710515944531762,3639.2376810303667
3766,3726.300970148211,3727.1546292135517,11.279615487468355,3727.9162119648004
2052,3739.6579731658003,3740.4618420747283,11.792385250424426,3741.190433421271
4091,3824.3404214240245,3825.0265737911704,13.770130780998736,3825.65041395163
5589,3835.2554402089822,3836.0896289929874,11.595646709957325,3836.830455340223
5423,3867.4724201040303,3868.307676839463,11.894603834297559,3869.031156365804
5794,3911.0,3912.4737751929083,15.278813494269341,3913.0355034196814
5064,3978.5596684653724,3979.342156081855,11.8321797053594,3980.082954746451
5234,4127.0,4128.501606302372,13.960332541950661,4129.117140764073
5523,4247.79430389975,4248.555331058933,12.643406637792232,4249.238285787329
5405,4327.282198063046,4328.233706815847,10.238081694538058,4329.070365510721
4078,4388.4508368956,4389.224746123644,12.221792654043352,4389.927618512264
4054,4463.198564165072,4464.046443659726,10.928859109852688,4464.832469036174
4053,4484.452640859383,4485.3050015075605,10.681230666539019,4486.101177799314
5389,4586.383622695048,4587.156938653807,11.753313063407413,4587.887827089231
5560,4599.0,4600.516624951677,12.905594493209438,4601.179632882442
4072,4622.909337819476,4623.5293548632035,15.172827915879031,4624.092382454265
5561,4720.167168604877,4721.131520989287,11.89721976221337,4721.853568725453
5397,4758.939349386197,4759.515140671273,16.301675873634615,4760.043274594437
5776,4802.629613902732,4803.504373706145,10.233899389627846,4804.279308281943
5797,4862.328968396192,4863.064852744945,12.217286779548097,4863.767984360907
5520,4866.555590733206,4867.467178702031,10.325251295272782,4868.372773349168
5579,4869.222995732962,4870.0264262557275,11.781153220945836,4870.755587521595
5847,4952.340569481739,4953.0481857723535,13.584987823189566,4953.6805279362015
5061,5074.894274695048,5076.03958827754,6.917751189404026,5077.365583913845
5510,5223.0,5224.381768507423,12.635463339802943,5225.062769364131
5268,5292.54253624843,5293.195701498977,14.475675475913631,5293.789135678285
5417,5413.249580743324,5414.065930067627,11.627402306971192,5414.804733144118
5536,5484.793294400896,5485.466477394434,13.663873059533206,5486.093908721455
5427,5574.6713719446825,5575.4308211958305,12.356603264913492,5576.128413941719
7396,5671.6033856150325,5672.435754514674,11.44750721909218,5673.17449540493
7834,5743.589550364899,5744.325443149336,13.008179982517886,5744.985824586825
7418,5949.283141780671,5950.170091599771,10.38961506205502,5950.996913435293
7402,6034.805403941746,6035.554537579493,12.613088235606456,6036.252058188074
7610,6285.320971732943,6286.048534531796,12.900014671414597,6286.714453200478
7906,6304.814737836412,6305.534367398836,13.02958867953951,6306.197437693415
7773,6329.0,6330.482767351764,12.841246523954446,6331.15758174699
7277,6520.501285003563,6521.295247976679,11.51154274042537,6522.040316272766
7411,6565.860082649742,6566.512365161065,14.450190659135886,6567.109693687103
7788,6717.429436630484,6718.150096981073,13.280570873101468,6718.796933677934
7400,6848.297415438547,6849.0386008448495,12.256877542958879,6849.739461285518
7432,6940.7901716175975,6941.553707943782,12.397457960480809,6942.257805300099
7603,6980.769333678774,6981.433071094069,13.99147050111996,6982.046432405044
7260,7087.0,7088.466965878539,12.157995792223128,7089.175816432052
7399,7101.773483297972,7102.418360505175,14.6250685141413,7103.0057512580615
6086,7170.519729240266,7171.335340616298,11.20313473529491,7172.096079324059
7262,7208.576592839471,7209.272346381903,13.08268539067483,7209.928966971594
7414,7282.868874881933,7283.558225990428,13.794750172665257,7284.190178251734
