1821,225.4222304860802,227.53145629628085,12.17380636579711,230.46540546907855
1811,238.0,240.56219465974155,14.707163219190736,243.13369728048463
1858,421.3995693475316,423.32075323950215,14.8108523128046,426.0040606596479
1803,492.1680704823284,494.0526271336588,14.219423264440518,496.6899592996821
1818,855.2754070199148,857.2518768256376,13.403371678813164,859.9496875453234
1827,1112.0,1115.000716742979,11.254806907182418,1118.2937737271068
1829,1217.2013141513066,1219.4596633399651,11.6195501894805,1222.6748246048226
1853,1251.0,1253.509144771021,14.139778246222544,1256.1911625948637
3831,2116.092386531297,2118.472803243643,10.876046694692693,2121.791511339953
3802,2749.3698997592946,2751.3955332203545,13.325886126189127,2754.219041492198
3836,3088.0,3091.0602873325824,12.487780717372267,3094.006142537448
3824,3468.0454787935005,3470.05831477032,13.35737372353809,3472.8825622784657
5799,4000.3910670441905,4002.225607003331,14.146810396033937,4004.8131018219046
5811,4226.021365925739,4228.2792682583795,12.140914234276003,4231.39812444118
5832,4910.0514313814265,4912.000127409769,13.791585107568167,4914.707824041551
5820,4912.0793565607255,4914.266007390837,12.278847228122228,4917.3208143992
7816,5546.135385465847,5548.348672460965,11.92006730802737,5551.474487430691
7814,5698.0,5701.161014009106,11.33192430017376,5704.489782244826
7811,5716.132406051554,5718.142804082041,12.775616269461091,5721.039180444988
7840,5985.055090375218,5987.003991226419,13.664969566688166,5989.739087654639
7809,6167.0,6170.129139484308,11.404396655551917,6173.330308903462
7850,6345.366944498963,6347.545724209567,12.563364912897772,6350.471350500807
