1484,273.8368274142141,279.0004296069003,11.906965207645696,284.257395083373
1325,383.3212746379213,387.57624022791,13.506172586677105,392.29439709787215
1480,453.5482803492659,458.1423955800794,12.421866525867832,463.8278450209858
1492,593.4533987969664,598.5526887031375,13.821733359204591,635.8249008960912
874,609.8351758095854,614.4300325064472,12.809737137217109,637.8950843521969
1324,658.446227618717,663.3857430102038,11.392664973402137,668.6863063023507
862,701.4205290314444,706.4214972269561,11.84904228505903,712.6745386336617
869,788.0503733141804,792.2846356076861,13.621281796541092,797.8879558506518
1491,813.6352251109772,819.0655635722569,11.021772924094964,824.56667618352
382,833.2762153111493,837.4624662236819,13.676679598514772,841.911693077827
856,879.0324768025583,883.495028180771,12.435155057790055,889.4000641065943
1332,924.7197486915877,929.1614564259306,12.96068236550345,934.0788842236717
877,967.4393675486388,971.4663206946564,14.380017936524496,996.5228060569592
1129,984.2192539856618,989.2623909621153,11.673407086936965,998.9920934160525
1497,993.7224088400185,998.3124364620098,13.601307483141941,1002.8001196513252
602,1057.4976374463854,1061.3511429385314,14.608241535596733,1086.018785524777
1482,1087.1636232361411,1092.0951418477227,13.50089766284244,1096.7604829201343
402,1118.5081152828318,1123.1252756993033,12.132356095865509,1129.8789034098038
1481,1128.051927471912,1133.2721063440015,12.765903803040882,1176.4013017177958
1133,1159.8000157120753,1164.1574961351553,13.257129229023313,1179.22480722119
871,1237.4318989263604,1241.4434058158713,14.65179817768398,1266.5814736276955
1323,1373.121362517718,1377.2042735813745,14.391080893602728,1381.5927673131914
1336,1477.9647844229212,1483.073807239419,11.171606630747451,1489.5756925259961
366,1515.5943623099377,1520.4840650514327,12.335269085762812,1537.9226762528053
588,1783.3654471171776,1788.2914424079438,10.865462074804038,1803.6731758039666
1131,1938.9512321018817,1944.154776187943,11.061307723503424,1989.3419675997388
3340,2016.5833654333956,2021.4981150506667,11.229184126955674,2027.78211114556
3327,2018.4673053447086,2023.2817709613648,10.457234103358394,2073.321624842285
860,2139.897392832551,2144.433858277085,12.243824660427713,2165.50849170495
3333,2183.940111352617,2188.331100016379,13.397309098545508,2193.0350700727136
3480,2253.8292600767495,2258.4972895186606,14.48080263800505,2262.8112004577647
2385,2289.273099478786,2294.0284622480585,11.897306080585865,2300.365540050816
2349,2334.2676157698197,2338.5635309734976,13.409848884308065,2343.5450788060175
2608,2408.7648134544843,2413.0727191973897,13.10037687824508,2418.7757892949408
2601,2410.6451786815296,2415.0628287642194,13.006022659080378,2433.6559003115035
3319,2549.513593400445,2555.0788325028034,9.637922784037283,2562.4394091528166
2396,2558.2010521976226,2563.2932667870787,11.719032732811984,2613.568099161442
3321,2636.389521263161,2640.4878660440713,14.182513195940071,2644.8447578237733
2861,2682.07810207342,2687.19625323259,11.209274919303612,2693.8249398529315
2341,2950.2996872686867,2955.1177472299973,12.568429870358006,2960.8783010072816
2359,2959.8385701404936,2964.2715102274856,12.787185780685045,2973.379666986003
3128,3055.518557284176,3060.1570813815656,11.627221706520793,3065.8946600290706
3490,3111.7935568043295,3116.388893235741,12.376037060266828,3155.8256658632076
2883,3134.670012405804,3139.4653956959673,11.192306582624214,3157.971007602182
3330,3184.2697738225547,3188.251529218526,14.88323056843485,3193.9344771762135
2867,3221.573170622001,3226.066326856608,13.266169199083079,3246.165543226309
2598,3398.6969100120486,3403.0631233403783,13.386986790844817,3425.918033629662
2860,3415.1544094804813,3420.515576609519,11.23332004701515,3428.1400216582724
2617,3584.9458518817883,3590.309309871235,9.59073429081926,3606.931860036995
5142,3865.275243264985,3870.416937222209,11.604117167541865,3875.7195066714
4366,4000.546445352269,4006.2910268725177,9.997714792303096,4012.994758192417
4612,4026.012689733505,4029.619456600905,16.007078128784105,4053.2423867215857
4854,4119.013957286962,4123.368342224818,13.727798151781876,4128.972022662019
5498,4187.882208712517,4193.327800731678,11.336525663191056,4199.955132734741
5474,4190.365007116605,4195.320395683506,11.839433217593008,4233.206060456596
5497,4278.253901238237,4283.489680563023,12.691998861825624,4289.950222543373
4369,4359.279661698651,4364.007124580379,12.365710959429725,4370.209059447039
4870,4477.872583688905,4482.114317006439,13.923896728404165,4505.849289568853
5133,4496.115853768932,4500.03164836365,13.57856478215059,4509.870502009671
4401,4538.798801854757,4543.485855093897,12.214869555063503,4595.77532537162
4139,4540.591747879397,4545.177593661961,12.600300574526882,4601.071323014969
5480,4596.040379978152,4600.504832526929,14.685974515816797,4608.286842300463
4378,4629.973966301732,4635.29489460308,10.236045897364665,4642.064591106316
4391,4631.861189412333,4637.254003051619,10.449902021421757,4682.965857664083
4605,4749.747941410218,4754.257767425001,12.23326914629675,4759.935472800585
4598,4848.417982206134,4853.130685752497,11.357538758386427,4872.691279209142
5333,4981.695535039656,4986.045373179746,13.20938527785756,4990.741609839209
4855,5215.033234903211,5220.378992186413,10.280958599699625,5226.796447551034
4386,5255.77431395848,5260.389521427089,11.712739218238408,5313.093356366099
4587,5384.464046353554,5389.341589572224,12.029356266476785,5395.4660952624645
4866,5390.949973830428,5396.363479632331,10.645509736301184,5408.836422085249
4880,5560.5091158261475,5565.158297032571,12.434955872697936,5583.400448294608
4142,5604.278506162003,5608.2987015764475,15.467704521155792,5612.461590995313
4862,5650.452467253355,5655.211309049906,11.501270719925898,5661.614020004268
7326,5796.175957010322,5800.418938499283,12.875357499633614,5806.0438241124675
6870,5919.138071700049,5923.494612345377,12.643469206092945,5929.55043867845
6863,5923.961199625169,5929.111680184299,11.315848605919035,5943.586822377505
6379,5978.1885741319575,5983.3041288748755,10.758447090971897,5989.701415619336
7488,5987.883996581047,5993.005995092753,12.102476890612449,6033.713934761117
6859,6114.623793430955,6118.6213504099105,14.848734773798366,6123.932177597071
7340,6145.490463531887,6150.1912620628145,12.358262948823402,6155.383907499779
7501,6168.047164799706,6173.079967514424,13.529645705965807,6178.800799364896
6342,6282.159821992036,6287.294361879954,11.425170044212384,6293.915924977634
7485,6309.251450973166,6314.219004629005,12.030791237727508,6319.435718903665
7144,6438.889234575076,6444.274392657442,10.377516439742372,6450.977147631075
6593,6461.103222803685,6466.037421977187,12.07807509538379,6483.368869469511
6854,6554.280442972578,6559.2635028927325,11.317386482485214,6573.5375774781
7336,6601.625606535948,6607.262210901945,9.764532725512199,6614.119734397228
7330,6685.969133641109,6690.345812945376,13.52577306614164,6694.911481731921
6134,6696.414310946866,6701.247863268287,11.167078909299558,6707.284560379543
6871,6728.296368279361,6732.590261939252,13.643777017321174,6753.554443217542
7335,6774.295350343181,6778.253398640372,14.638667645911996,6782.6075395849875
6594,6820.8463552804005,6825.567171654208,11.863327769686311,6831.932155310095
6867,6822.664928458906,6827.3766681325715,12.05786906969743,6847.035925046232
7118,6889.477109868693,6895.269297163444,9.634465442704583,6933.5272689578405
6589,6911.558260967362,6916.303856531131,12.306052719426619,6936.060811077754
6875,6913.354456858847,6918.060676657451,11.28615753390353,6938.264877162497
6866,6997.943556065839,7002.029409506246,13.11845203713333,7023.708902080543
6375,7053.654488886692,7058.058858566963,12.602005929736325,7063.943373422854
6879,7088.064230137897,7092.233646613776,13.36311915821832,7116.422472298123
6621,7090.700715263022,7095.1225157389545,12.584482291896247,7119.166456117374
6872,7181.366479618115,7186.419359867001,10.924405999758383,7203.264773131101
6143,7237.063217020234,7242.149401437434,10.744179881754867,7248.822923882366
6148,7238.958103262105,7244.040512506997,10.895794694741305,7296.133530619728
