1550,327.6540616398258,332.25396358650613,10.927903473031172,363.24204728111863
1549,601.4944276402307,605.4952702387317,13.774492773844592,611.8771995796592
1394,670.4510627718596,675.2173075903735,11.249814225244922,682.2347042082592
1389,1567.7070036329292,1572.208951709708,12.65153811764087,1578.9797220856647
1667,1569.5512490219987,1574.0551352728817,12.421812534694743,1623.283441614243
3215,1981.6359159029269,1986.4052979658672,11.856212834248174,1992.9994006713991
3390,1983.5254761159852,1988.2500627281688,10.532869720281054,1994.8687853813192
3669,2326.9403986427856,2331.0918563163045,13.986158184638265,2337.580862922435
3646,2397.8966208439842,2402.009376404839,12.433792855173444,2433.0108264596556
3654,2671.5416537647816,2675.6261029072334,14.315319703461073,2681.9240435811876
3391,2673.6631730408576,2677.611177949565,14.492062014117407,2702.9894323314697
3377,3363.4649995370087,3368.298932640827,10.704259381344588,3422.833354019451
3549,3365.5331321257318,3370.1756886539124,11.266101421631575,3425.7207432706623
3393,3501.592917923976,3506.3713111404613,11.27903389638377,3513.259435515799
3240,3503.82384462731,3508.3360931718084,11.275946713196443,3515.094906418153
3392,3505.996149892643,3510.5176764862445,11.574372276762801,3517.006530693533
5538,3991.0400294288447,3995.1170378491274,13.126348890747927,4001.5322500658044
5224,4119.362629978775,4123.429633558132,12.798936019148279,4130.029568444919
5653,4396.713741123853,4401.3221337508985,11.89727745836977,4408.392089276445
5539,4398.566292039894,4403.297164718367,10.982851774365896,4413.168760430765
5643,4672.56124130115,4677.498747575886,10.87024573350596,4684.2566645343095
5673,4741.838545561511,4746.450479734926,11.917477353943466,4753.423706558687
5252,4752.604347544907,4757.0279798010215,12.389908052187968,4775.580361842043
5235,4950.732692385758,4955.1864808598075,12.435271015888707,4961.8612613240975
5661,5155.120573282598,5159.124344699182,14.563027890762491,5164.310310069551
7390,5778.550874899494,5784.150832238734,10.034528971078965,5791.979588001491
7651,6259.311763055284,6263.109741097254,14.628544204762578,6269.487129411169
7545,6611.718000101335,6616.032610987381,12.017056816438068,6665.9842617519225
7221,6744.251894550881,6748.585299397805,12.713804027542709,6754.460987784058
7375,7087.443779400608,7092.2021809198195,11.048258515280722,7099.410342443812
