552,198.9088748886101,203.55015162221014,12.710929343484397,208.23743493615515
788,204.29661140770207,209.49218492004485,11.417164659900175,214.64109136777924
1925,1175.7897921581139,1181.0581370236512,12.66067442446623,1185.751002014053
819,1281.327527315569,1286.0155034173479,12.878000679559948,1290.749855732012
2296,3467.946487353973,3473.220384182583,12.715131218569951,3477.9905833689013
2820,3619.8691891157214,3625.000402047305,11.651637520475045,3630.1618495394487
5053,3891.126943962867,3896.0021886174777,12.484273480673666,3900.764589841295
5905,3965.855252839969,3971.0356337735825,11.692752482994583,3976.2543972778544
5073,4773.758284223303,4778.578170522473,14.303612591942784,4782.952162951834
4791,4884.948666998136,4890.349611831049,11.745492516969023,4895.834959691713
5058,5136.0822776603545,5142.324960745887,9.387173808285429,5148.5225323720815
5056,5258.652178503288,5263.247556796257,12.629530523155088,5267.894481140819
7054,5886.313193473037,5891.006545705123,12.642650781593304,5895.6630759437485
7916,5888.454720306793,5893.165935917437,12.4049672077462,5898.008912568109
7894,6317.023990551754,6321.093073673074,14.575979560500638,6325.106294338376
6818,6413.540651755969,6419.315012483165,9.91699085527386,6425.228889726994
7074,6501.349798825835,6506.387767380783,11.985210130469653,6511.501011680546
7056,7220.9674809224325,7226.521241094721,11.352012787979971,7231.966037348878
6796,7222.825565958066,7228.374490543281,12.194959314477128,7233.732764048601
