1439,686.2959120645003,702.2159176013625,13.027021159728145,718.8679197434598
1446,823.6225467474568,838.0743255622506,14.824857704070743,852.7580450552273
1625,867.1596720625512,888.0948574046345,9.07570436703083,909.7421827685595
1448,895.8946059683236,911.2326340091978,13.12250847185301,950.4077679132062
1820,979.4079649143083,997.1336117624842,11.25720601295509,1016.2030709952064
1640,1129.251419315129,1145.0526407761909,12.914026622836213,1160.8671907790724
1854,1342.9539850920492,1361.5151702141054,10.817669554242107,1398.4645446118118
1865,1439.8006307642756,1457.1725520580235,11.5958370524658,1490.8965825613764
1883,1784.280792394388,1799.222371133794,13.908879289115596,1816.3280494233582
1624,1869.579049253477,1890.1543008641434,10.43426527015968,1938.5095278148788
1622,1873.5652136727458,1894.2690477366868,9.812167068045781,1945.48863332175
3449,2241.1417516180154,2256.1675976210927,13.018536173032935,2298.241212891735
3447,2318.8145419191565,2335.1797544686738,12.525511241044281,2352.068328312584
3638,2479.99552787939,2500.086327816386,10.049739307347298,2520.8717932757195
3860,2950.384423904761,2964.0113692459627,14.915784357890786,2979.6759208092994
3639,3103.82659840818,3124.4423380654616,10.17775845293262,3145.755966944888
3811,3138.0514436602098,3154.296402494736,12.806514688875888,3204.430956685316
3445,3162.604371628204,3178.14548388384,13.527352946450677,3211.6462664876613
3888,3431.665067852216,3448.4792189975014,11.711371790922692,3475.0380334747483
5849,3946.835089823859,3963.3170050355548,12.393764099074444,3980.884347070348
5617,4099.8254110582975,4116.312934309435,11.853494562400419,4132.925180629871
5863,4126.67732495027,4143.105559259951,11.811709562697882,4160.801863534977
5450,4338.460608345736,4355.258465515434,11.842833228773797,4372.117281191067
5619,4361.381391776091,4374.205499856528,15.970511038365803,4386.9316036289965
5615,4458.544387369052,4473.057499886288,13.227441182968363,4487.3374068139665
5357,4760.923930300912,4775.348558706788,13.33335634383153,4790.741408916844
5622,4825.058592018639,4839.4293382756205,14.404606397224173,4853.625901968504
5623,5009.188783492693,5027.468380900749,10.852533179472784,5090.634769044466
7638,5739.860716463253,5755.239810530646,13.670528574507665,5771.774306394661
7855,5840.33739661624,5853.655239802096,15.470939789937987,5868.116982851846
7447,6816.554847304228,6833.222980269859,12.120496734000776,6850.793408529451
7624,6889.835839353879,6906.267739995688,12.516782340001024,6922.821541017362
7347,7013.018097839422,7028.060587163561,13.482177289884643,7043.88333113766
7878,7099.266304351675,7116.26821896143,11.711369438160487,7159.398280574692
7450,7200.934597952901,7217.597098755537,13.028970062414235,7251.054584483116
