1413,173.55775514337114,187.33340590801035,10.462236036184413,206.79557477093888
1391,242.74468879904128,253.0303266738974,13.601804562684912,266.81695907567035
1510,287.28324486779417,299.3768627820864,12.19048508604341,316.55389385561807
1543,289.0460471363068,301.1594454427669,12.589682241617712,324.14355124998485
1556,344.2423264895228,356.1047402299289,13.512296697941183,372.2494739408818
1666,411.64066392143553,423.3521492164264,13.282027569801807,439.8048999428858
1371,512.0962824872827,522.3404866383298,14.650595993323916,535.8125067629876
1420,516.6435581188571,529.2301170310899,11.438608743273154,545.9207330538793
1411,523.3806921183581,535.2822283079472,13.557799580828751,550.7108229099573
1896,526.2450852343702,537.5478152662461,14.86589778337247,600.3484289822953
1579,547.6694071455239,559.0821237796256,13.028694672360732,602.666636922288
1514,558.9843082284711,571.5156026053778,11.877206113486183,605.5819642351661
1395,581.5010403180947,591.6038003630293,15.552888383816533,607.6132254863777
1414,586.8753665941457,598.1500044400391,14.09275341126394,612.3170078107081
1418,593.0044504449095,604.4387399035206,14.432427674558173,619.8185152971346
1538,696.4778272615681,710.189513538501,10.279521967272053,741.1135860157049
1665,752.1777563458318,764.3172359223082,11.715968669248372,780.8619147477112
1405,784.7428814797815,796.1400362746294,13.563949033425155,811.3165616555763
1574,888.1547962439405,900.4208047350539,12.638094472697674,916.8100448498076
1652,890.1250760116191,902.1652621370854,12.394263029692494,945.3348617647923
1645,898.5279327141502,909.306631050794,13.423045110052929,947.9018097762961
1658,978.0068760268582,988.4137941143507,14.044960607756778,1003.7351531348459
1566,1023.4369097865156,1034.3022917296266,14.743632039991423,1049.1521061508445
1606,1227.7354501897555,1240.2278825152168,12.101449418080685,1257.3310187318377
1522,1229.851288727629,1242.4007998857214,11.652651510859164,1290.3512702436715
1555,1239.5638017183383,1251.4655789902424,12.879450571355479,1292.8975108726063
1369,1261.515794284914,1274.4935842459797,11.282099589191045,1295.0933349521692
1399,1266.3166155428328,1279.0475226414103,11.648258566569346,1298.7558908763087
1649,1295.6177162571255,1311.3120136272605,8.895740460887588,1364.4221746962617
1589,1300.157620446793,1315.4090513372078,9.358388449479705,1368.5786291910447
1651,1307.6713909850994,1320.2792504681274,11.711347299602458,1370.6571880526724
1907,1332.2573057357756,1344.5029809099485,12.99364800715112,1374.9982337633357
1406,1334.3802182703014,1349.151423258458,9.89952182363551,1428.0706323694815
1408,1336.4715632014772,1351.0733977506293,10.66557841945471,1430.8730879678778
1908,1351.8471510624422,1363.316517433617,12.797488939934386,1433.040093985362
1893,1353.987417131471,1365.596910819451,13.456716137686376,1434.9551935684947
1581,1363.711213545995,1377.0157980276304,11.049781393783245,1436.8248223243525
1557,1365.70804629077,1379.038316639905,10.90325487377786,1438.7814392575026
1523,1388.3086343424131,1400.0289981287272,12.197260186564332,1442.591080546408
1381,1407.4072245394225,1420.0482632328856,12.464090764925384,1497.6377891358259
1573,1435.8806356834148,1448.3658230459184,11.207023578354448,1502.411292043789
1392,1533.5675015777642,1545.4535352395706,12.442275105657705,1566.2989633491106
1638,1568.047639852963,1582.475226937418,10.111311245447551,1602.817293383166
1422,1670.1248334680313,1681.4922663497339,13.956209520575063,1697.1790005662842
1640,1717.2951541660648,1731.3590461531885,9.97180323363172,1750.856016872738
1894,1827.0345902605363,1838.128286451215,13.93510771889649,1852.8227336059467
1653,1845.4027321120227,1857.4676159184564,12.560213831640674,1911.1029404006872
1656,1847.337777316662,1860.1807193939524,11.009309284705806,1913.5376343400683
1641,1907.926480683675,1920.166667191629,12.8938316608161,1936.8868946785174
1397,1954.0277329591765,1966.518403893364,12.15653101852969,1983.1958215992436
3567,2111.9763527392683,2126.3893767176355,10.624230807648402,2146.8956933072104
3656,2113.925546647789,2128.316212320242,9.860990709594805,2187.3132430517458
3562,2115.818257715572,2130.179490509313,9.545038162853865,2189.9700475312407
3520,2119.9603472680174,2134.113592571574,8.779064238947594,2194.056919825196
3581,2191.9543698910174,2204.2657477900057,12.52670218989934,2221.85000367736
3572,2198.469405543547,2210.004869553517,13.1246239028554,2256.315746835776
3909,2213.221510322925,2224.47037817261,14.654184104744665,2258.9901598752967
3588,2252.7383310519945,2265.3181278142542,11.545614084673025,2283.1444790529313
3426,2355.811499530399,2366.4001119571058,14.935733404982173,2394.39165687426
3437,2417.6571258080394,2429.1521509622858,13.825140802016351,2466.074395977013
3918,2436.428340804386,2447.3000972785258,13.629777086723546,2468.4371494817033
3371,2486.1678631291634,2497.4658029003403,14.24545901091108,2534.948062250512
3398,2494.0162293789567,2507.2052837418655,10.863238786088958,2541.468030672695
3424,2495.8872203598735,2509.08406348942,11.324468138898593,2543.3733567574623
3899,2506.100684081323,2516.3526029199934,14.083796385997818,2547.1739715080826
3903,2507.799751984204,2518.033361887603,13.958750658717104,2549.812303792819
3548,2531.151476363349,2543.029678460571,11.953315617781085,2601.1994717582074
3917,2562.269719171428,2575.411475245943,10.796174873616135,2606.080635143916
3889,2573.621665067136,2585.4487429402966,11.89525318616565,2608.061419933724
3536,2726.167023214597,2737.5462248530494,12.741619388488925,2752.2149896326705
3655,2792.0821173666923,2803.476364219645,13.975273334611746,2817.972783284405
3529,2872.0460755072763,2885.011051198598,11.028922169023847,2904.314867014494
3406,2964.6838131885074,2975.474601193775,15.053320466206225,2989.811412558219
3892,2984.0715558991815,2996.206812772081,11.786612158466985,3015.7587959536463
3667,2995.831712916529,3006.2054108444577,15.132462402103123,3019.347291197392
3547,3009.5398038993444,3022.215098016483,11.084331702761549,3084.435118781242
3422,3035.8613976375773,3049.391036008516,10.567963631711189,3088.9081094432804
3415,3178.6647451386366,3192.341480047309,11.190335922633208,3211.141872397497
3409,3237.0134007607267,3248.4129274309958,13.61617375103062,3263.8103544622645
3603,3267.7863569299743,3278.1894320680976,15.458329235274824,3291.9227033040756
3407,3307.0550608212793,3319.4131435018307,12.771754459509218,3335.9323763236744
3912,3392.7670792724966,3406.4817804891077,12.112814589517848,3424.6360088592805
3533,3419.12552019536,3430.2085496150457,13.471190356344373,3444.8472694878196
3551,3473.501427446906,3486.552975281651,11.571043450434464,3504.1631670499587
3575,3475.4172348956695,3488.4343015901145,10.958154755631357,3505.9882247077526
3411,3572.071909615512,3583.038979693207,13.092267001920714,3598.7646496688776
3414,3575.7565924982973,3587.1787902422693,13.758987529764742,3636.379726642777
3648,3619.928978937704,3633.1596833730714,11.189297775381053,3650.5610226183094
3410,3641.5511599741676,3654.52790408716,11.590834325038538,3672.812385301082
3584,3688.7901157730853,3698.033037020792,15.315336951689313,3710.2736331270034
5560,3743.95801563042,3757.26794376572,11.456939685782313,3777.034250348683
5519,3881.600694957004,3895.308306201855,10.332314189225794,3914.7394087080615
5634,3895.593711014945,3906.5395048249306,13.192591070956126,3920.955960992175
5644,4234.748239211068,4249.405424387158,9.265289210187104,4269.158902219049
5662,4355.695626242346,4366.566145654641,14.144396220292569,4381.293642422285
5371,4389.403538976371,4401.484612474581,13.100164101904676,4418.419234215839
5637,4423.754684951823,4436.1704563124795,11.647988797825018,4464.385311701838
5649,4435.939901746134,4449.235527103365,11.597038719059404,4469.262025797086
5913,4462.081456789978,4474.531258958698,11.797456777626962,4533.348985512962
5891,4479.443882227233,4492.399937014151,11.292396794160657,4537.878232596216
5510,4645.246074124623,4656.225551375186,13.410656726513096,4678.123248889945
5379,4661.89823649565,4673.009621439535,13.260980155025026,4686.828550852347
5646,4706.988205621843,4718.244271268194,13.231276919248758,4740.371643522767
5639,4708.834115901331,4720.320470561548,13.060621606496152,4742.927370940569
5390,4733.193324407078,4746.141710262466,12.035580442736075,4763.726983852204
5524,4764.030916777766,4776.44021084434,12.424755503722373,4814.031678188529
5551,4771.298026916501,4781.139197367543,16.391646161017267,4816.053947024942
5415,4800.087263713651,4813.23311737981,11.889607400089497,4831.078853582026
5405,4868.984773846504,4880.05944334613,14.359287430680402,4893.373391193502
5386,4874.818919704469,4886.19921718245,14.326051372752241,4901.1908653197415
5915,4883.876728310147,4895.567887748544,12.352176325419626,4947.181551308934
5897,4889.695331665811,4899.4920304611,13.560549125254296,4952.063093268457
5550,4912.470608733265,4926.07279459095,11.334475323337832,4956.088534042415
5391,4933.514512425488,4944.6083661128205,13.673786630013172,4959.933741880268
5511,4978.56393010303,4989.358847966999,13.881062087402508,5016.032005524809
5572,4988.886254880803,5001.3974954447895,11.614548374913097,5023.159140388197
5363,5004.529623906091,5016.302962834786,13.534416912011084,5031.160569267367
5570,5039.971896249752,5052.4432712301095,11.94089686622581,5092.077508190705
5571,5239.564624876465,5251.409702076137,12.413991751306854,5268.086890781785
5598,5241.696094328662,5254.11670796228,12.211291674576032,5292.4247398887455
5659,5251.523238514615,5265.064375459185,10.56492171381609,5295.245778976344
5912,5429.537977248125,5441.078658852236,12.337763975809189,5457.601662750652
7654,5523.752673458108,5536.265069738048,12.138108185819709,5553.866987511632
5886,5545.064105139683,5556.519234754446,14.052494743537114,5574.528070729167
7570,5582.037548404211,5594.194263901226,11.877933824804659,5637.07644272983
7914,5683.970316136265,5698.481201194712,10.109765787711424,5717.2536201164485
7585,5715.758568715763,5727.32868888721,13.184403606430195,5775.24193727433
7911,5767.76444131273,5777.374105128091,15.212538965388681,5789.992746891292
7564,5786.317056386217,5798.217407080438,12.15984596532315,5844.261538685223
7915,5842.288783212697,5855.452502818961,11.334644320685468,5873.808513316254
7653,5852.12916450865,5863.248271375579,14.387050992749858,5913.501080443706
7896,5909.533378440458,5922.245909339991,11.37062601738812,5939.846907376761
7579,6127.967006502232,6138.364898677741,15.1719614450719,6152.727370557499
7430,6160.359065275073,6171.1964334026,14.36020164975535,6189.184040822176
7429,6181.392034108586,6192.4057706650765,13.777246222549527,6207.994234178463
7419,6230.9261465802765,6242.047090655306,13.636842217450951,6263.285120368594
7554,6259.840623381398,6272.542848442786,11.889769503137602,6290.856258988504
7574,6327.862715072139,6340.187046565792,12.212040088834872,6357.881445492414
7658,6329.9494139976405,6342.499266186054,12.278062303004338,6396.308693914966
7424,6368.926971416275,6381.00296050779,13.100802519596012,6407.191236291731
7650,6397.674378000961,6410.380940902037,11.016592662039123,6465.336327825168
7417,6452.435075635473,6464.328315458792,12.449585996664915,6480.354718636086
7582,6531.512819612941,6544.1340801074675,12.135196013416522,6561.8197616851985
7556,6607.177701819778,6618.374328288191,14.16947856983555,6672.381629369857
7513,6610.410497335979,6621.050110188135,13.441741730650957,6675.146690462631
7581,6667.727072612388,6680.4205275732065,12.530779100692516,6697.670431277937
7662,6679.79549213016,6692.304242955813,11.570571631337241,6741.921576643909
7902,6721.2703740248035,6731.4986698523535,14.664696089324035,6745.397497519688
7392,6724.294805992303,6736.182575129364,13.336418777127815,6751.810807090048
7573,6939.796905851897,6952.02715046786,11.57305014695315,6968.985374196959
7555,6954.293042403823,6965.011586713886,13.591459624011637,7017.4971683719405
7647,7030.862533489098,7043.204631548154,11.15615906798049,7086.3768630893555
7890,7062.287520100682,7074.186190824506,12.384653978221229,7090.11424195618
7900,7115.201953065803,7126.530996050856,12.6702896352816,7157.87848308804
7520,7156.466709194057,7169.252377151518,11.000177321513407,7187.788366236981
7910,7177.423912851418,7190.208904749461,11.810484166057588,7224.682970450654
7664,7211.820254246885,7225.32635391478,10.747560689281281,7244.1149355670395
7576,7213.985840241201,7227.20353550107,12.142692593857488,7293.37042416607
7552,7215.879837323863,7229.145659245807,11.460286697535615,7295.939916416466
7659,7222.761615998656,7234.108046699003,12.42962784511357,7298.026917336411
