26,161.0,165.50264748447026,11.723745695287514,167.20338299420217
141,181.0,185.32572785256937,11.782966957017079,187.69335744247732
90,302.0,305.50574997052416,13.306846102741371,307.95452698369854
146,341.0,345.2724316538406,11.719137582488202,346.98800138461525
123,424.0,428.2860709202056,11.361384918470803,429.9954043250409
62,457.0,461.26101408485374,11.415710845371356,463.69379507590753
132,698.0,702.204790197839,11.596453853445734,703.8488325904093
75,792.0,795.5220754759242,14.558299046582675,796.8359568674291
91,829.0,832.3992875947058,12.537248920214239,834.7704228122228
53,877.0,881.2740434772251,11.518266711816851,882.9514006963113
25,1035.0,1039.0409029287978,12.417303574069884,1040.632386049842
49,1159.0,1163.1655779828511,11.84138175190521,1165.653786963314
136,1275.0,1279.2227716494517,9.834846634106354,1307.8925623583175
70,1304.0,1308.072873770998,8.512194648709405,1310.675581113025
115,1328.0,1332.295773799892,11.177545168745754,1334.0694286795642
2104,1851.0,1855.3480427164543,10.558446233783851,1857.1093529510633
2106,2094.0,2098.191709492969,11.753976873371114,2100.6846516873156
2135,2359.0,2363.1289425211094,11.430219866662586,2365.717369025622
2082,2364.0,2368.457636119361,9.817864542849883,2388.2164331161066
2026,2392.0,2396.3358749393306,10.677150437956652,2398.11427913907
2076,2541.0,2545.1468454850556,11.382260665951122,2547.491454092208
2094,2592.0,2597.269840391811,9.931803715257924,2599.1279106785832
2059,2740.0,2744.363189956597,11.35762665806041,2746.108871469233
2083,2970.0,2974.261560583624,11.553587992937688,2976.5413707336047
2132,2998.0,3002.2202139916117,9.66829444263988,3018.318139434876
2032,3082.0,3086.040754373868,11.187436703514514,3088.565940943388
2029,3237.0,3241.475557829685,10.766608565935929,3244.105715375008
2143,3379.0,3383.5153210977332,10.770074076082503,3385.254854729349
2112,3586.0,3590.274128297349,12.14457467563162,3591.874707917527
4028,3795.0,3799.21383277603,8.800160154984551,3827.77564494372
4129,3953.0,3956.5191593936784,12.99695265657429,3958.7651689131094
4065,3967.0,3971.0832203319324,8.407783578837387,4008.1016802123568
4071,4163.0,4167.197495601982,8.538912098197178,4187.906193867501
4150,4318.0,4322.221579263798,11.941111529189593,4324.574480095295
4089,4328.0,4332.0754746750745,9.21071045790072,4368.142777693853
4123,4507.0,4511.340434866264,11.233921678044545,4513.713231073251
4124,4859.0,4863.091919847849,11.051070900265657,4865.613704502238
4056,4870.0,4874.2062987661175,9.785574990556,4908.443020457951
4154,5012.0,5015.4425776305325,15.545378860729233,5016.697227583484
4130,5296.0,5300.233562665113,11.004624849656187,5301.94004970305
6129,5447.0,5450.5345748452155,14.942101145246745,5451.899968294108
6148,5531.0,5535.417116435693,11.417293291322189,5537.134255685637
6097,5567.0,5571.106025445881,11.94838614605441,5572.725015101233
6053,5948.0,5951.63760458492,14.104617341680678,5953.876362230216
6099,6296.0,6299.576012603301,12.867008438435269,6302.274765228494
6042,6447.0,6452.008355996798,9.571651875372224,6454.111133709824
6139,6464.0,6468.033781242444,12.018794914625776,6469.633736743548
6095,7038.0,7042.241398057249,12.250713451878154,7044.582599391878
