451,295.2856724059431,297.070547688698,13.092120868711246,298.90864535725353
739,344.50085309368416,346.2916233079256,12.889965380260065,348.9616709684296
527,369.17601091902617,371.0255311299746,12.737831164799458,372.85535048092856
447,447.0990746101977,449.15413161689196,11.69437161827992,451.19593614885923
755,738.5481127899154,740.3369141209373,12.882609837280416,742.1005318166532
744,804.6830310186999,806.4137056119374,10.454250766747549,813.4693130708606
534,907.3285165820605,909.1412724887654,12.58084918892073,910.9561559445667
529,1095.4784926791156,1097.3253483172348,12.517427370579114,1099.1843190586167
542,1383.6769847818298,1385.4907837808869,12.851640518586294,1387.309629209925
544,1660.9506580366863,1662.610534779446,13.9963986385351,1666.0327396075086
732,1798.5299283320162,1800.5038041298676,10.749033559719601,1803.4390184392848
2466,2127.4920408031994,2129.259310804375,9.676221747474743,2163.4802572542244
2761,2231.658576051074,2233.577006287561,11.884822213227695,2236.739547775603
2459,2575.0,2578.120806984901,12.373942241568061,2580.9314159524324
2549,2754.6357878923714,2756.3777914806924,13.507462206703492,2759.366643614649
2448,2819.159007118438,2821.019730521006,11.527485184309334,2822.949083776086
2541,3112.523448764528,3114.2053660592883,13.017273050025645,3116.8834735845594
2762,3402.477721428901,3404.271356265181,13.135739948963018,3407.553295499037
4441,3985.3000959647557,3987.080431628377,12.830156060977881,3988.906933816969
4450,4076.3650434784176,4078.190343183883,12.773039608117084,4080.053026745196
4524,4304.551082126021,4306.092314466336,12.533457881698444,4308.918706325521
4730,4323.070220352515,4324.648271770281,14.823257226498733,4326.210965633904
4744,4412.609061121458,4414.215596312727,14.706500760711913,4415.815019343966
4530,4454.009268601161,4456.224530210259,10.074147526621871,4459.818343622537
4442,4683.95992126469,4685.546838427738,14.562571930597631,4687.090281209409
4757,5416.337844802393,5418.13201338415,12.825278129227867,5419.927954606432
6545,5477.118998139597,5479.295476750037,10.659290483674221,5482.554836035098
6530,5985.432887911448,5987.394130438189,11.68799704791359,5990.580114682301
6526,6090.998112949879,6093.2726631658115,10.471815152608928,6096.32068750974
6440,6574.189299713717,6576.295367612228,11.875215146468008,6578.28763609664
6755,6659.311584591961,6661.260762280628,12.462651394471882,6663.100974092375
6759,6910.451006258344,6912.31673243335,12.817425252868077,6915.336508933302
