1285,144.01044952282993,145.29824216654316,13.054683023051451,146.47442778232394
1268,147.12271697681464,148.48567687212233,12.297914803084936,149.69809943053227
1257,235.73555070323846,237.02045103573576,11.947221640294565,238.2959468320108
258,309.9047417846574,311.31504965389115,11.747753763336222,312.6731151346086
269,313.2008148325113,314.37901751959896,13.012270525388354,315.530228360496
95,319.91449733873816,321.5188373697177,10.929043726310693,322.8057965970414
1413,347.95337122725846,349.36329204690395,11.02054513002257,350.7749254468668
1593,351.0669008591985,352.4407647730693,12.375275687694439,353.68338583085904
1237,518.910380160765,520.3122961368881,11.599706129331873,521.6313219959535
1236,590.5301378461033,592.102725309497,12.808458576363453,593.3107812526022
78,651.8278449631081,653.0597515409657,12.050178896820336,654.3395703556779
102,670.8032269091332,672.0385868296644,12.35125497019091,673.2935071274484
1396,711.9982764464283,713.3879265249215,12.664129623051812,714.5609464260273
248,765.0983989172106,766.3820544870473,11.35256572156473,767.7416485727077
1419,897.5824083784227,899.3573242709454,10.438065190776001,900.8247096361018
1431,1064.9935527430778,1066.2788912463434,13.079527299875545,1067.457111383471
1251,1150.8967721407496,1152.4158023743494,9.621664959732557,1153.8694979378834
1394,1162.8258503269365,1164.1352595357007,13.018998729266908,1165.3305028541579
1403,1246.7612866489255,1248.013747714865,11.970585608892346,1249.2829403617502
257,1322.1078836428765,1323.5251697701972,12.100764329352907,1324.726453103957
1606,1346.492478272205,1348.4050034713334,9.483489076524844,1349.8097558009042
1409,1348.7436477108924,1350.3963489290618,10.56910676489778,1351.7587005914972
1399,1350.0,1352.158563399364,10.809875700203314,1353.51388266901
61,1404.083948355478,1405.3217322051528,12.37393397219975,1406.550953208079
1260,1465.0514769382112,1466.598304208231,6.4890347764326215,1467.8518830771063
1422,1783.866595295561,1785.195301732321,13.3916156234758,1786.3291320284222
1430,1795.6738979149955,1797.4071770403218,10.78846563724184,1798.8078314602599
1407,1797.730261666169,1799.2738994075103,11.181208167531247,1800.6124241972932
1245,1824.0,1826.0528054773245,11.399164174816955,1827.385339811745
93,1852.4285224073506,1853.6000417439675,13.094668764833887,1854.7658160173003
1250,1910.913573120656,1912.237760257924,12.397566822929365,1913.4458006280367
168,1926.2963663629725,1927.384391071219,13.975806086524099,1928.46096491604
2247,2212.069927765085,2213.3864911897053,11.948207048210595,2214.6923912428656
2063,2363.0035345662873,2364.197889239725,12.147834695982263,2365.4259279656017
3588,2415.8014812573438,2417.138820509721,11.638203064003935,2418.420253723024
3404,2438.9351830546075,2440.505319106857,10.889477628946974,2441.797686122039
3433,2443.9751223816133,2445.387544369059,12.771960003084013,2446.5030038219966
2096,2471.0,2473.196911339648,12.73385733445618,2474.4364437225536
3246,2590.8389288812864,2592.246015465379,10.866784100028289,2593.5702449103546
2189,2750.222411960885,2751.5500290722653,11.612172894447898,2752.8403944872566
3244,2817.596304575999,2819.43252620915,9.967125322393102,2820.831285126852
2024,2833.1880914900257,2834.264103774303,14.774171188265251,2835.293347422162
3271,2908.6966931822462,2910.2373681053177,11.532253456276365,2911.574320757176
3278,2932.8160177063046,2934.035396248996,14.255752932969028,2935.1057131063976
2169,2962.8798769110363,2964.2402571614166,11.92421841660884,2965.5078665513865
3274,2996.9317146406806,2998.346606554369,11.352899271082252,2999.696557313574
3242,3020.9862354988695,3022.2382793306692,14.089944097490246,3023.310010627698
3406,3049.9725237054317,3051.3145155771886,12.859470810656015,3052.4274627705154
3401,3138.9983205621934,3140.48202428695,10.217451849410459,3141.9266790117517
2110,3173.040817370957,3174.3163457967153,11.664573060433945,3175.641853195501
2159,3201.0,3203.0758115008507,12.00217678763925,3204.3007563982414
2168,3290.952982841462,3292.3914365297032,10.409624822354283,3293.8645952305505
3263,3294.8414150712924,3296.064757673522,14.589706777959588,3297.1072976347027
3603,3328.8426677198086,3330.034399746764,14.90521511130954,3331.0551783603787
2248,3371.131509113533,3372.315477736655,13.616882213620519,3373.4495174450753
2187,3413.012787811763,3414.324741692227,11.160491149625233,3415.6674054714063
3587,3419.322442605421,3421.0884844439956,11.406215494471871,3422.3774359703975
2171,3460.8569446744173,3462.0135870343393,11.35977183955824,3463.29525534012
3411,3672.898989049917,3674.1461756080166,13.103408105838241,3675.2906082606887
3414,3676.063191307149,3677.3439545372216,13.86801116752618,3678.483989287455
3553,3681.108353546354,3682.3436897579268,13.514290178950182,3683.5050507894753
2185,3730.279622882026,3731.383880874626,14.073451660509523,3732.4802532014246
3410,3770.461863617462,3772.2110716923025,10.981988091135518,3773.5945942681365
5422,3936.146153487359,3937.537917654683,11.958585036863372,3938.7590624751115
4087,4161.931485005032,4163.079951347996,12.910256036701702,4164.259781464487
4065,4189.3880403349995,4191.135651892692,11.024787893863776,4192.483390684799
4020,4281.0,4283.295845469864,11.678338389017412,4284.6004254177105
4071,4362.490333907526,4364.276094919915,10.64499135064452,4365.630510741482
4015,4453.9359159074165,4455.374456345565,10.963596033319568,4456.735124870888
5230,4476.590685066945,4478.137995045618,12.560982984596667,4479.333215428488
5591,4511.909397700818,4513.365923069877,11.137250680669377,4514.73884767608
5283,4557.176912862272,4558.512225973516,12.941582441169423,4559.714262147011
5394,4572.936838947757,4574.192983858962,14.040580845356363,4575.288180745134
5236,4847.513311622096,4849.07979533257,11.191461356287371,4850.434442140642
5393,4853.484964568176,4855.146762977745,11.24852563319783,4856.523862242459
4083,4902.912049247594,4904.377068500026,11.203591846105825,4905.807043360563
5553,5130.9861773542,5132.351895815118,11.594543176155005,5133.6540839127865
5570,5132.951931682571,5134.246378065788,12.057334433242241,5135.500205565664
4076,5156.118085121423,5157.505975791201,10.796075191362778,5158.755650696062
5241,5159.715931021673,5161.300443699832,11.083314235848146,5162.643029203137
5276,5185.879497584381,5187.098448439879,13.107553695356646,5188.283950323432
5598,5385.972651622052,5387.268223936603,12.59856142804267,5388.515810885688
6059,5527.808332588736,5529.096740608431,12.00308217001794,5530.358543580684
5262,5541.936315199547,5543.201048436414,13.753343662552332,5544.32202020413
5403,5561.859931281774,5563.038069822505,14.656819630064888,5564.071703965922
6065,5616.866347092174,5618.061301410796,13.294315118994522,5619.221014721562
6243,5622.830530798986,5624.196287071413,11.302526888300324,5625.510750468734
7397,5669.350724495468,5671.002996656141,12.725411263483611,5672.204568969939
6088,5794.820904708023,5796.056189012164,13.692225151150407,5797.166079049685
7398,5842.854511829853,5844.154261242701,11.46121774186675,5845.45842339584
7564,5928.8926234567125,5930.232128970463,12.770104028024148,5931.418942499817
6100,5984.0,5986.168623664408,9.662976611738232,5987.7401984084345
6047,5999.0,6001.137269808932,12.428152345142482,6002.335702987754
6102,6072.598501691276,6074.00783997389,10.86006569505879,6075.394725096593
6169,6077.815242099014,6079.082737638632,12.95858630293759,6080.277049028411
6160,6079.937576724458,6081.141871537483,13.488421186538769,6082.292668188491
6256,6118.486418094621,6120.0416132865885,10.006147854249447,6121.560218427543
7396,6386.150891700822,6387.491982428674,13.039752201242697,6388.603513020038
6096,6424.205557470858,6425.295026139601,14.210333132483562,6426.377619563337
7574,6467.125378663005,6468.505572007075,11.49272276136257,6469.778738415746
7600,6471.159048606619,6472.487024483948,11.875441258732353,6473.743301201724
6057,6517.105060696975,6518.488905310221,12.415416566985709,6519.725860325
6173,6558.368148594312,6559.52849434028,13.27638403548969,6560.692140903725
7417,6559.865651949702,6561.2886355775345,11.610887600899536,6562.57667207333
7431,6572.978792614033,6574.265002331118,12.236296123942871,6575.520626867581
7252,6686.893782874906,6688.399453398224,9.776234069806666,6689.921295631959
7426,6739.8776613640775,6741.214450838165,13.183192112709587,6742.355881545233
6069,6863.032757213271,6864.292915322965,11.35431279654754,6865.625393541894
7276,6889.274988674379,6891.096049066972,10.912307853401735,6892.437310601748
7258,7006.945972335744,7008.399500564771,12.318342699568708,7009.630170324303
7408,7017.907718761789,7019.239213814954,11.364319633519525,7020.666437933953
6175,7161.101219909313,7162.228893772026,12.874243072777245,7163.385937878468
6177,7279.886242213614,7281.086592491743,13.641817556428258,7282.216331277646
7239,7317.4138115379765,7319.0937068569265,10.830078348883276,7320.4805098998495
6067,7335.703290063047,7337.31797573884,11.2019663726009,7338.670067836354
6149,7417.001435912634,7418.271896088073,12.608941656706797,7419.491253227268
6251,7420.724532605323,7422.077378084314,11.992701473012064,7423.34227153088
