649,127.01718687904152,127.4000068881818,12.23150916894076,127.705476731192
841,151.9126306879845,152.40026409398968,9.293698798796385,152.80229532681787
23,198.0,199.09096196943034,13.087255395972642,199.37645782570925
177,201.2170543497434,201.53994554438032,14.501685179487202,201.79759540640458
20,225.0,226.30378342716435,10.329392900758211,226.6655043164278
645,268.9546078992405,269.33232963709656,12.683908721700066,269.6269042250721
882,270.69727231347645,271.10804403910396,8.08281499274352,271.5703034362284
5,288.0,289.31558401607134,11.843193158091976,289.6310696402386
258,306.0,307.20128971344326,11.165002010202363,307.5359387517685
613,312.7015262734902,313.11437804351124,8.088459163899854,313.57631487349363
588,331.8532694290937,332.38820045996493,8.279054295043325,332.83950287355714
253,390.0,391.1935811199674,12.26381182867119,391.49824636090653
264,397.0,398.1454846239667,12.708319759270164,398.439493372282
852,403.4741120290422,404.1369953098807,8.642939529022794,404.56929697912966
628,448.03253454774017,448.44250851175946,11.421375167210552,448.7696457549472
594,458.7093404544355,459.3033164062501,8.667716079741112,459.73438234694777
159,484.0,485.3482608334837,11.358651691912748,485.6772045573479
606,522.7292964901777,523.1544717599127,8.147935461560666,523.6130366569029
78,648.0,649.2710426841292,11.349860441487312,649.6002411976154
643,656.6781226288319,657.1219285766581,8.389394655889468,657.5672952972462
102,667.0,668.2982968426336,11.933289059244364,668.6114005617394
563,678.6315241272279,679.1238166382936,7.317887182016614,679.6343953193638
640,683.3324905388694,684.0758251672469,7.078593652454649,684.6036640811699
551,765.6736034935644,766.0682383028908,8.14343311067774,766.527056731781
911,775.1580177369729,775.5324306820387,12.506155338807929,775.8311921386488
617,852.7959310250591,853.2366214485048,8.59646316923621,853.671260335691
641,865.8356530560136,866.2775981771791,8.995881886863282,866.692939022313
585,876.2304814670056,877.009828724537,7.262298128092768,877.5243156155612
0,1112.0,1113.092416819223,12.868152010263358,1113.3827737549068
87,1117.0,1118.0845954131755,11.431020839395176,1118.4114566128976
834,1174.783957153241,1175.3200011913436,8.896046359971947,1175.7400031826132
21,1187.0,1188.142125481752,12.764102365905234,1188.4348493316947
598,1307.2000591204885,1307.9630279047833,3.937424735764624,1308.963170075967
255,1340.0258302894922,1340.4446037209696,11.18138377435957,1340.7787624674195
638,1346.7028142372176,1347.0983658930306,8.45687401423656,1347.5401789293044
632,1351.9213297253966,1352.412609007883,9.309552825907481,1352.813955587626
550,1390.6593455726284,1391.0746714090544,8.321198923860189,1391.523688097611
430,1399.8726993519872,1400.2655692694814,12.690385847632472,1400.5599935076784
61,1401.0011532483002,1401.4808831538821,9.760630716092152,1401.8636818985835
590,1426.596550048964,1427.2322100530157,8.945271839197309,1427.6499007898408
896,1431.4859831854992,1432.1032912219907,8.242504696619147,1432.5565948382018
620,1433.618431496471,1434.184745058371,7.888580399071153,1434.6583863216397
370,1556.0,1557.3099184406371,11.66424583146682,1557.6302440956001
51,1566.0,1567.235546940737,11.65214177247298,1567.5562053448805
579,1602.797396653757,1603.2546336213302,8.307851452968531,1603.7043717042468
88,1638.0,1639.3211068027204,12.527146917124437,1639.6193676286157
108,1674.0,1675.1107967299672,11.952256842728861,1675.42340356521
581,1708.747703590924,1709.2106402750185,7.804759904095147,1709.6893682860689
650,1716.7518513975688,1717.2479962659,8.540386914550886,1717.6854889957958
137,1745.0,1746.3954340188852,11.579440416184374,1746.7181056723782
570,1773.4652843974516,1774.0731698800623,6.708695843763187,1774.63011228327
652,1779.0,1780.2055825402974,12.039090128006167,1780.5159346637458
92,1843.0,1844.3201617302864,10.05959914148617,1844.6915838051684
2573,1964.4883038249293,1965.1443280033,7.949067923581405,1965.61436514747
2644,2067.706315414629,2068.1267170405768,8.064376136060469,2068.5900333743607
2601,2133.571816532654,2134.125487997411,8.397146225444514,2134.5704435912876
2833,2135.5956619093067,2136.1889065158352,7.718509253126003,2136.672984083547
2373,2144.0,2145.423810853781,9.293390213238972,2145.825855435993
2095,2180.0,2181.232412618501,10.114534849760437,2181.6018173653442
2175,2206.0,2207.321124425679,10.56687925447159,2207.674715783698
2861,2213.613622781956,2214.0759605668172,7.814069762361127,2214.5541182105603
2055,2268.028335507913,2268.4857641766694,10.236495374430083,2268.8507677300286
2023,2289.0217535057473,2289.4802113833566,10.213515091665336,2289.8460361902016
2099,2302.0,2303.3091460099736,12.650489562577492,2303.6044987840405
2402,2416.0,2417.469265153285,9.50822308185042,2417.862225767845
2889,2432.996793377393,2433.3823437940696,12.165397727026388,2433.689473677486
2841,2444.682204356225,2445.142595910039,7.718701893118329,2445.626661396354
2866,2458.011266753791,2459.1356692358495,5.8254575290967034,2459.7770535678014
2577,2679.459538845552,2680.1182412903545,7.613395706438482,2680.609002224067
2565,2805.574018772404,2806.1312569349157,7.578192283803428,2806.6242976292774
2571,2837.9052365092602,2838.395286794392,8.684885761023668,2838.825500534495
2563,2969.832079532382,2970.328622188455,8.114838712834556,2970.7890573637965
2576,2973.681670824229,2974.113214968874,8.056507685381971,2974.576983804147
2656,3098.7338066779976,3099.1907425444765,7.938329099568926,3099.661415546156
2632,3185.7498530134744,3186.20525964506,8.26972904327915,3186.6570709639145
2619,3223.7886274568527,3224.2823316673785,8.526412563098809,3224.7205414253467
2007,3257.0,3258.0103637626194,13.163303903002708,3258.2942102204042
2441,3279.0,3280.228591083744,11.158220934782708,3280.563443495025
2628,3292.711425216998,3293.206752543373,7.923905598927914,3293.6782822882656
2595,3333.9800640427006,3334.4701321314956,9.5585751026966,3334.861022734485
2557,3382.5204187402114,3383.0263406445147,7.325286050454025,3383.5364036181486
2634,3398.0,3399.0239782289837,13.735962248296635,3399.2959910023205
2835,3400.6467742601308,3401.0397766334067,7.870055838743428,3401.514532754859
2147,3455.0,3456.4118430472627,10.275387169975126,3456.775465081528
2171,3458.058741801817,3458.480227098307,11.109441992044609,3458.816549767644
2604,3506.7678304186725,3507.2273401019365,8.533975260489008,3507.665161524142
2152,3558.0,3559.223024162348,11.988068962897119,3559.5346971429735
2652,3648.751989381945,3649.212413122705,8.967768413254147,3649.6290560391403
4816,3872.627859410646,3873.2373797278583,8.570618557633587,3873.673329264113
4554,3877.630740980574,3878.26257059974,8.317578726197691,3878.711782721273
4177,3906.0,3907.30736514909,11.044912860991577,3907.645652760105
4819,3939.732388136986,3940.2392080189697,8.491903720629216,3940.6791985450677
4587,4060.648963799646,4061.179660771798,7.967018567834711,4061.64863886615
4108,4081.0,4082.3256063871795,11.5217995617852,4082.649892291094
4000,4084.0,4085.465894755338,9.910077796111233,4085.8429207749605
4173,4309.0,4310.267944876752,12.712235673088976,4310.561863057763
4630,4408.607027911616,4409.035372649145,7.540463105016609,4409.5308803034595
4015,4450.0,4451.175680143712,11.246315519911132,4451.50790959068
4900,4582.967688186155,4583.442101263025,9.563529149502694,4583.832789379013
4867,4605.8581691107,4606.314644591795,9.290008490247935,4606.716835525154
4103,4629.0,4630.42781209662,10.551235061235875,4630.781927720424
4610,4714.837059365179,4715.297564150716,8.575879598188914,4715.733246245228
4406,4718.888632434893,4719.288336925482,11.436971874721532,4719.615028048494
4585,4722.684743088068,4723.120945248407,7.753702691668755,4723.602825626621
4397,4842.0,4843.004990971203,13.737634363396388,4843.276970635735
4257,4846.0,4847.32614148165,10.88498500904971,4847.669399389906
4558,4910.667252645842,4911.091550467768,7.605502040711944,4911.582820756778
4174,4936.017938102649,4936.448969598729,10.86339744183658,4936.792909623534
4890,5015.687974499692,5016.105206922699,7.857375217487639,5016.580729229092
4594,5018.616582885204,5019.200746387381,7.101473158861809,5019.726884711364
4870,5131.748538615643,5132.286604371048,8.453868572543012,5132.728574476634
4101,5151.007018275345,5151.472089501042,10.068278132751198,5151.843191405097
4606,5318.591227587633,5319.208018221379,8.050962470190216,5319.6721064840485
4179,5389.0,5390.145627510896,12.250221668753753,5390.450630741583
4178,5438.0,5439.270771832847,11.884938043412994,5439.58514933923
6059,5524.0,5525.2505792408465,10.891428428901381,5525.593634076124
4168,5532.0,5533.1926453570595,10.740310743188486,5533.540527022214
6243,5619.0,5620.25892623475,12.104799471596749,5620.567593651702
6179,5662.0,5663.300866762687,10.687010079461881,5663.650483461636
6902,5801.582094793904,5802.071094268924,8.08249488257938,5802.533371974
6574,5849.659250270712,5850.049579088164,8.06779445751215,5850.512699114994
6594,5851.557419243938,5852.128323476027,7.5038336515742925,5852.6262499172435
6581,5854.83897411817,5855.360680223002,8.725101712507344,5855.788911011447
6853,5859.639325532786,5860.265738212972,8.560400787762733,5860.702208102437
6169,6074.0,6075.296312403119,10.675711559821584,6075.646299114982
6256,6114.0,6115.37988595455,9.68474774238456,6115.765684045012
6566,6204.595091569208,6205.024278708693,7.4369596224343795,6205.526682563937
6609,6207.695860899103,6208.245739037939,8.938217562942432,6208.663759427272
6914,6212.523733884746,6213.195630841855,8.65873528536932,6213.627143881863
6612,6249.882353108428,6250.385155848356,8.717247401687793,6250.813772476225
6843,6396.537909597787,6397.1393221473945,7.6162947415610285,6397.629896279883
6089,6408.0,6409.211002689665,12.092537158072108,6409.519983107651
6257,6438.0,6439.230330275427,11.741116697298745,6439.548558709906
6636,6534.067242558309,6534.451667868021,12.180432280465908,6534.758418654822
6264,6561.0,6562.328800746288,10.911481269422964,6562.671225124184
6601,6613.610801180697,6614.011658907878,7.5663636810554,6614.50547037969
6640,6631.84418435171,6632.301481120538,8.706153871936692,6632.7306438990245
6170,6702.0,6703.380533664915,10.973130784746079,6703.721034225685
6094,6782.0,6783.32048133532,10.914280390041885,6783.662817893673
6625,6792.678348478871,6793.082274250662,11.249766947130679,6793.4144017696735
6558,6804.762285295223,6805.18732159315,8.499862948117725,6805.626900114406
6591,6907.9143396526315,6908.414395861345,9.041894588284231,6908.827623105827
6551,7113.497239579679,7114.129247026586,7.547938402737541,7114.624263941968
6009,7235.0,7236.341103359851,10.800812621725292,7236.687036329571
6553,7256.633969725812,7257.247505383382,8.322575637156488,7257.6964477959855
6177,7277.082106272032,7277.500446311581,11.192967464691147,7277.834259234508
6611,7357.769449733668,7358.2296817904,8.284646186523954,7358.680679588193
6149,7414.082186037065,7414.517358289881,10.760029899789147,7414.864602416562
