1167,288.5114706029908,296.3225819365811,13.251009257496332,318.49091602528745
1131,378.2794989525332,386.2297979906029,12.691029998295189,395.94743653095094
1115,453.94136874302825,461.48990291666206,14.153532407948646,469.8460329743694
898,456.10759250676006,464.3029056585109,12.697386407072699,498.4702975463222
1138,560.1180576292228,567.5302961449494,13.511264902339882,576.9832027134222
389,638.2484777672491,647.051201495442,11.380035064011127,680.6993208544691
1128,648.4609499251624,655.1297197330489,14.296077308529867,684.8858329857103
1146,724.0070663667398,733.3970810244027,10.99066074998455,743.8312167828891
139,725.8558070267579,735.2803303734491,10.87269058185352,768.5280974269073
387,906.3037930841975,914.4990360653577,12.90865846948054,948.3822283808519
1139,923.7911368444745,931.5507202795341,13.369212141518325,953.0104207480472
142,1266.015970581402,1274.0916355246984,12.71379788245918,1308.2630264633567
144,1449.1839241274524,1457.3533819018057,12.452343439782966,1493.0977253462827
1162,1463.2145173198444,1470.2953881192445,14.554361346459373,1497.0360749488557
1137,1465.23262409252,1473.3749666884382,11.911961141549154,1498.9378209671202
1193,1757.8676137693724,1766.3386853727768,13.200353809138141,1774.4301801942493
1166,1803.5000115673147,1812.0871360077574,11.922848912917296,1821.921748597842
858,1928.1689346989567,1936.0567243144176,12.863763715504204,1944.0609183879474
386,1991.301814541261,2002.2747304096674,9.346155895167218,2028.418468951569
3123,2005.524428442516,2014.0112637908462,11.876026250084438,2033.2513000990632
381,2075.8365364521505,2083.61468972694,13.359677948322766,2118.231860604921
2340,2433.6457481690927,2441.5424055817334,13.179152985403006,2450.6165669638026
3201,2570.3605340569243,2579.126485688641,11.82280032128187,2587.860603516391
3172,2793.802798137285,2802.051469850509,11.886096450695826,2812.0987972488547
3126,2812.6260639006205,2820.3689256724842,13.520734186485502,2838.370619938697
2382,2883.929027031937,2894.001786248119,10.666834725676276,2904.894825518967
3133,2976.8025886549344,2985.227502662524,12.635118114142804,2994.933089190413
2132,3247.2792033796654,3256.069272836668,11.621190223574539,3265.806967262141
3136,3258.844592115793,3266.5583419576487,12.350062097189747,3290.502690049186
2858,3260.5781217906424,3268.3112798152783,12.817857240794938,3292.8469474085314
3164,3334.0120047969986,3343.0051976987734,11.485209184013263,3352.957495230906
2854,3693.8932975651032,3702.5562147597893,12.201497605520515,3711.934399024826
2860,3695.8584712488505,3704.3071731462637,11.81848338146235,3738.1409424600374
3163,3697.916258528659,3706.17164561804,12.07996044134993,3740.6034696872634
2142,3699.850842603138,3708.5012012174466,11.785978862548818,3743.1445841357463
4901,3963.6782226193172,3972.11430700353,12.386192518753823,3981.739218016684
4860,3995.3163772010407,4004.2935682457933,11.22674510781766,4017.435807107588
5155,4069.4743081055058,4076.3424743675746,14.134334274007424,4084.7823277282373
4143,4323.581858928478,4331.407503568656,13.897337824027986,4339.876832735663
4880,4435.1279436954,4443.414897413508,11.95462903257574,4452.716508842689
4370,4684.150795256136,4692.079177675908,13.913068620318697,4700.868153684332
4153,4690.325017577565,4697.613110214261,15.061779562027867,4728.078841011971
4391,4862.175448881217,4871.133388385257,11.761725847546801,4881.567467100167
4152,5136.141889527011,5143.583112864137,13.601532567189913,5177.964275128012
4893,5403.596227752135,5411.199838104067,14.1943806902863,5419.899718972581
4388,5493.55218242582,5502.254269967187,11.414433728103067,5511.982297618713
4363,5583.367017444271,5591.446296783018,13.064042085328325,5600.524503187812
4373,5673.870795319139,5682.288507806289,12.422853628994629,5692.3954430195245
7120,5689.843915886347,5697.19043455466,13.361941468695182,5718.3684991909095
7340,5793.644151098744,5802.233887800442,11.764136655810068,5815.125039905675
6360,5853.700540631534,5861.507771092184,13.761372779227159,5870.259584727546
7152,5875.346037763978,5883.5284578241135,12.889768552035546,5903.519486262584
6377,5946.150833530375,5954.327390239822,12.939973295523306,5988.489007430421
7148,5964.236288777873,5973.483389399856,11.677339575671828,5991.067368935964
7142,6033.713179415155,6042.073789204274,11.99287448930303,6051.976743667993
6386,6036.023721440577,6045.338315325949,11.089248448005534,6078.416927613374
6379,6213.572021357309,6221.289659480397,13.227679619522227,6229.914132230336
7321,6240.2587750889015,6249.495118848334,10.862901281267327,6265.116473695184
6862,6322.118573873924,6332.046553467706,10.298279565338472,6343.345589362369
6876,6326.965217332422,6334.211392621534,10.443081900546572,6348.68104235445
6141,6483.466857937251,6491.4213501442455,12.925683831133751,6500.400201819963
6382,6489.576831196925,6498.036537082987,11.121532130897695,6532.746468871961
7167,6500.250236259037,6509.143908395125,10.577673449083152,6534.790362675003
6134,6576.975127036024,6585.17841178083,14.357188209982864,6593.813034315543
7119,6663.558154658783,6671.440576904949,13.461852997529961,6680.016983173347
6344,6753.998773399152,6763.094414939432,11.299339075299716,6773.226875308586
7172,7126.704756433567,7133.495241516807,14.312726455590244,7158.579335098665
7160,7229.7656391307555,7237.2364706941125,13.810688094177758,7250.785978789662
6392,7293.607501983939,7301.220549248115,14.35554159165054,7309.796407164979
