1274,500.9030539006917,510.273791133545,11.44469875926146,517.8983647334829
1425,859.1841963857336,867.5133153661768,14.059043748437567,873.8310590048675
1422,1849.0089100128346,1857.5018234339057,13.142322983257044,1863.9840388623693
1426,1851.0658728141464,1859.550159261915,12.590951636560403,1899.1915246223127
1431,2028.883719124716,2037.4998078248673,12.465204158879217,2043.3237036043768
3421,2298.9159524997785,2307.282152059387,12.89347401596736,2314.2366949947373
3267,2839.2730413111904,2847.304776065957,13.911034209283446,2853.6891186000616
5414,4998.957239918612,5007.072702044014,12.66150367519996,5013.674813732658
7275,5809.148193278047,5818.201862822309,11.481487071354318,5824.924744648748
7267,5898.776479035731,5907.143382526445,13.261240414398936,5913.900578534206
7419,6439.067114067091,6448.011824844329,11.580409602351155,6454.975533035474
7430,6528.677395305172,6537.102546521965,13.4937240659704,6543.708955633659
7422,6708.784252780033,6718.52474861797,10.568198924544932,6724.987981361925
7272,6710.625836781605,6720.459569610006,10.7952234730379,6726.843006103627
7269,6978.8894428906715,6987.579501937012,12.999906958016782,6994.0393154092335
7434,7370.061552539031,7378.145156137932,12.750087059525843,7383.599712272838
