698,22.0,28.27127049301229,12.128108799907054,38.767134700305874
623,33.57854492295704,39.23929528751536,12.506853019665792,50.8680014178963
644,78.03867088666561,83.23926013889255,14.183003233055873,93.84166848369274
706,120.0,126.40496473872162,13.08083114956,137.8732895968586
620,162.70054698775493,168.37147953468588,12.98577348285603,186.06390773378348
703,182.0,188.48228660744118,12.157682295596238,199.08441761721502
759,242.0,250.39425831806474,9.818869574685595,273.1533245223482
879,283.0,290.19922892082997,11.570569130034972,301.93086158388854
764,338.0,343.50561100606444,14.705138376855592,363.5454332959586
445,448.4322293570996,454.18244850787516,12.207546168682063,464.8809749099669
584,451.22470769325304,456.382740708129,13.516473775900009,466.78614667338235
522,460.8553662897812,465.67051414528225,12.689653712047894,474.6295655898459
798,479.0,486.25194927713227,10.654035466141515,499.50397469179575
598,560.5904676257346,565.6254100534568,14.52156379337628,575.207711524825
588,641.0442994778042,646.1075269381803,13.705097492229731,655.7618480728203
600,715.476843365391,721.3914615196112,11.835073576089695,732.2908641474501
579,1001.699940573383,1007.4337840003859,12.60615224018974,1018.409450247961
536,1026.7650227723427,1032.1865061305111,13.500321275515244,1043.721765099161
626,1065.012136713923,1071.2720819732453,11.528691598145896,1083.6565947995432
575,1101.4758618878413,1107.3240656053015,12.022236193666199,1119.0461131234908
559,1114.2062631851227,1120.3644917863942,12.012438786513773,1132.813319210406
744,1187.0,1193.4685728509762,12.203359587882623,1204.068325668355
610,1303.892108796856,1312.3115914823752,8.78833176371035,1328.7843840922615
633,1430.087636708533,1435.5147593409415,12.499711685188194,1445.9512143091977
858,1448.0,1455.498436394931,10.929935356332964,1468.0011060804463
532,1599.087651002391,1604.2462594003496,13.175250758258615,1623.4444593423384
655,1613.2740589139012,1619.208493568899,12.735321554391675,1630.0206262594404
577,1694.5650206697244,1700.2764193544003,12.83336717555495,1712.9710581184024
635,1741.9401569976312,1748.0484696246351,12.13223303137912,1760.5629595929217
2634,1837.799423978343,1843.5125311815036,12.095655895932188,1854.8773690253045
2603,1915.7786817854644,1920.4267661785973,15.674696312026201,1929.343737144158
2454,1996.045109249142,2002.2654800505256,11.681333732280184,2013.8127742417416
2546,2004.655789052592,2010.2991055876028,12.290492323644665,2021.983934799152
2538,2029.6757337346555,2034.5964792857021,14.673309146045817,2073.3883987253753
2830,2069.0,2075.3124767707914,12.747292975389454,2085.7082918099513
2810,2102.0,2108.46718613656,12.357757664598237,2120.8644074736258
2564,2176.182079218634,2181.501984289275,13.860915092482507,2192.248982857043
2797,2219.0,2226.190571280761,10.666862589749588,2239.570687177953
2658,2298.8629178872725,2303.5695369925816,15.680656215558304,2343.334569183804
2630,2301.8724863597877,2307.148339590853,12.891158407065587,2345.8951013562505
2652,2349.8057590720246,2355.010037695204,13.070781207820593,2365.075191485056
2759,2440.0,2446.5854108949115,12.414127761712237,2457.3540924798135
2586,2446.052246835404,2452.2313727980795,12.086016566838397,2463.742284978665
2624,2504.292166442178,2509.590765601516,14.079351734758024,2523.006200254597
2550,2514.2258330680365,2520.539274701333,11.035349844524688,2532.2590012538867
2602,2538.2484109117513,2544.324657945977,11.191016441992847,2556.21580921353
2873,2570.0,2576.0750954484224,13.120255476204271,2615.2364587850343
2528,2637.4418208404454,2645.224628722294,8.874533264848193,2660.84048267255
2880,2688.0,2694.444490316161,12.668572199016241,2706.054639438783
2571,2775.3985734068424,2781.142663988004,12.88840920908129,2791.9185632604667
2865,2843.0,2848.5301504815893,14.833662800103255,2883.7251048988173
2540,3018.3092736592016,3023.444343156023,13.347088090509146,3063.3097095555536
2639,3053.286746156222,3058.289523438485,14.08227813625523,3067.654888413005
2543,3071.9199613642104,3078.3122318986493,10.816402281299546,3090.600386530269
2580,3100.1145347842935,3106.3767758547892,11.788138688374888,3118.7349924883247
2752,3154.0,3160.363933874934,11.898948453816203,3171.0109192654477
2854,3272.0,3279.484028387331,10.445677330560676,3292.94707562921
2889,3301.0,3308.3831273347887,10.189268135914238,3336.0827565684176
2675,3345.0,3351.3430899846876,13.088286519102896,3361.9240869063965
2568,3510.5137558033075,3516.46997785774,12.085694927960054,3527.779845968727
4574,3681.293423864899,3686.377724325513,13.351083731237134,3696.198316465791
4708,3697.0,3702.399000924243,15.892805167149557,3710.886442446686
4802,3721.0,3728.0815685971797,11.60456702222474,3740.9618721928678
4639,3921.2756570335705,3927.388369499494,11.39373294860815,3963.3649620234273
4599,3932.4611614418964,3938.181203844904,12.835293925296494,3965.8689721386836
4587,4025.3737569978066,4030.4331427002458,13.630707764764939,4055.664038976339
4563,4072.58256506123,4078.0844585607747,12.64770224775063,4088.434621592466
4649,4135.464850184857,4141.183382356468,12.742893993611789,4152.258536048278
4569,4311.724532531366,4318.043476186813,11.597622058295407,4329.978367358348
4533,4586.186908144826,4592.046701147996,11.420609879226944,4603.340045263487
4636,4664.757598926771,4671.288584555508,11.071377793149948,4683.461108446716
4542,4790.974600629868,4797.260875815882,11.30680697964974,4809.2267430470665
4449,4848.594407366869,4854.479168388822,12.470137447960083,4865.378548307956
4796,4880.0,4886.424234861119,12.213407877453093,4897.248885966388
4696,4906.0,4914.370903967457,9.821854395884916,4929.633859396911
4522,4964.421395887552,4969.222449625818,14.988263959659397,4978.076475258462
4725,5101.0,5107.538664614943,12.733585184120207,5133.428624502112
4530,5204.903527270707,5210.010779889582,13.55418273518107,5228.237773551724
4595,5305.055213009893,5310.513002064276,13.018110130453346,5320.959244656809
4867,5345.0,5350.650779747325,15.081893126528383,5361.204626365367
6837,5482.0,5488.459579366266,12.864695461626724,5499.316959008094
6651,5565.517317482284,5571.018094983441,13.381820612620542,5583.286427971227
6590,5567.212745735199,5573.15189399519,12.588095768627328,5585.732510461674
6600,5615.316017107955,5620.335107934075,13.962476404573653,5630.713187963587
6576,5755.395866799936,5760.579452196863,13.577679418963065,5770.529671090095
6656,5824.740689881918,5831.313474214629,10.298531403999915,5853.125853387488
6620,5839.328890226139,5846.243308082531,10.556270795958497,5859.399775505895
6565,6077.638992143582,6084.070499536532,11.240013871469223,6096.927380425564
6525,6261.450056813733,6267.293024645719,11.99459220151037,6279.6128807058085
6636,6356.467361875347,6361.238373292311,13.423708066693159,6393.416095627098
6704,6409.0,6416.331202321103,10.093473847573112,6429.035786143321
6627,6452.712760355873,6458.024485493934,13.71323795994229,6483.533317760374
6605,6496.082919195687,6502.311628882947,10.92654930013876,6513.970462541623
6830,6792.0,6798.557301654298,11.686460540284003,6810.792620482238
6567,6828.2831001221475,6834.301140848197,11.31391163868802,6845.574710116778
6614,6977.574119930585,6984.1235462110635,10.960629413484295,7023.197694825884
6622,7080.4447415567765,7087.453004891796,9.500163298673552,7113.213543220756
6572,7134.703186420273,7140.18873415507,12.599868560320765,7151.928257196334
