547,190.83171187960437,191.39465806027124,13.89858672785206,191.87548761708513
460,313.3201863079457,314.0996864151583,9.510890633538285,314.80233893784924
551,1341.4775185556184,1342.2501046969076,7.088446254363382,1343.4213316574421
464,1684.6209177592389,1685.1892214017284,12.98039666512166,1685.7040632412425
1805,1947.8936034539863,1948.4315346932078,14.42933893581537,1948.8946779686148
2547,2055.8020547911237,2056.380957585396,13.18192968587483,2056.887928222924
2526,2077.2767261967524,2078.000042830082,10.54691310408476,2078.6336738490104
2452,2305.661634390153,2306.2141385177897,13.75207776090834,2306.7000906344715
2453,2456.9659962804667,2457.5284393219126,13.662931215277526,2458.0171493396733
2466,2563.481986435738,2564.2299566423953,10.48732851339113,2564.867187686332
2473,3282.760835766932,3283.3519615870523,13.19765605615885,3283.8583281167034
3814,3484.5120097773897,3485.0826107977723,13.376644523848269,3485.5822018039307
3805,3857.5091888950274,3858.2631365928096,10.373331692798939,3858.9073704315224
4519,4686.909511024857,4687.492930909705,13.42350306132772,4687.990777952027
5814,5296.495458244346,5297.025335191135,14.317677254009276,5297.492090460034
7816,5999.917637132255,6000.479155250804,13.635583721586485,6000.969259043436
6458,6079.74423983308,6080.4136321795495,11.540264697097223,6080.992722128706
6466,6696.588334973073,6697.319759073045,10.265767727794124,6697.9707431469005
6537,7100.411993167972,7101.185557533472,6.516740149878699,7102.491290431284
