1827,121.0,124.13713483828442,10.923446381847242,127.63017086240323
1819,152.30363425466933,154.53042814222948,12.063908588647886,157.62174733789763
1834,282.0993804610223,284.4108061968756,11.979132592083545,287.69418431538145
1825,1654.2294874638487,1657.0230380371625,9.737231520622224,1660.943018623485
1839,1668.1791779568473,1670.319477910039,13.318413446084932,1673.2007150961863
1805,1842.0,1844.5443769054266,14.888029252091648,1847.1229740164974
1814,1851.0656242429975,1853.4457071242616,11.093780316892234,1856.7597452486225
3860,3107.0001421267134,3109.324940636069,11.063593215558727,3112.545587496772
3835,3446.432933148206,3448.4011326208665,13.602262224728022,3451.1744757561787
3816,3647.1813533492186,3649.481656062552,11.914591482258615,3652.7503719319548
5816,3864.0,3867.0060788580695,11.951260728100046,3870.0338869682682
5830,4275.102642678462,4277.29822981529,12.196165983909033,4280.295578813913
5841,4636.0,4639.030705129618,12.62405904839793,4641.997045640461
5838,4917.363604215543,4920.112730964437,9.206763639413884,4924.05762743468
5833,5393.0,5396.0237082493195,13.665954920411279,5398.9627253048075
7804,6160.0,6162.587226719712,14.513448487176216,6165.134869490356
7822,7154.0,7157.019736587463,11.798675507447808,7160.056784529729
7845,7348.0,7351.043699543023,10.28253691383671,7354.476794361326
