448,275.74145238224423,276.48242096898935,11.341076807361441,277.2417369958351
463,301.75818746889536,302.5081659442928,11.6025028271418,303.285419640877
413,391.7663013431574,392.4844804964726,11.811266756527331,393.2348701271676
431,435.68568582269586,436.3434721296206,13.507708303569206,437.0034622101812
472,1178.7069345889556,1179.4040003965686,12.426707927777038,1180.1126431039427
655,1604.8244922675303,1605.532960113172,12.465248206945974,1606.2487751406682
2444,1896.718093388399,1897.4386535837557,12.237173398355331,1898.165560456258
2624,2493.8267770471334,2494.497841701009,13.194668706450488,2495.1663767078367
2479,2812.8408708134675,2813.5420667249714,12.611063900928611,2814.221363086917
2639,3045.808303968924,3046.5510910834314,12.0380166994439,3047.244332949557
3835,3565.951025121189,3566.6079824240355,12.896147234170758,3567.2745360765593
4598,3920.202424453853,3921.2401627913646,9.20480229936764,3922.163984298034
4608,4010.4373842818018,4011.446588056407,9.854561841250305,4012.2939350228594
4546,4124.893007861386,4125.587370085045,12.58311597843299,4126.288531241396
4450,4776.820787830779,4777.505818776459,13.07104913666936,4778.177797621213
4461,4865.753794752897,4866.54057649418,11.122516492606845,4867.338592550404
4623,4909.779060641411,4910.5465156537775,11.643846295956177,4911.294252754006
4582,5202.794162793436,5203.466074588387,13.219282486603406,5204.144170839056
6591,5538.167089740275,5539.015098739021,12.464449792477208,5539.730165045627
6418,5798.293461868878,5799.195699967307,11.327629795344281,5799.982529007273
6526,6396.673156272342,6397.386059048277,12.27737438345264,6398.109817885477
6479,6429.730205002895,6430.457374284301,11.981712209843225,6431.201875976798
6490,6576.688462219615,6577.449051862025,10.730152995434617,6578.278836257107
6613,6874.7739755400125,6875.531805031402,11.72211199423647,6876.269374816818
6462,6884.187591422592,6885.14689891044,10.721336192198155,6885.97822328244
6572,7126.7278133949885,7127.4038937354535,12.853698197495346,7128.092282757138
