724,364.45262270563416,369.32783382465965,10.475103920856021,373.12249495670596
991,366.7831644693299,371.37364443544504,12.569797759120389,374.92674670796873
1528,554.8413941753652,558.6345174076839,14.146275084598534,561.5960686875983
1547,646.5300244477614,650.5075168588322,13.710860592181112,653.5764116583841
988,731.6915378109742,737.0558696773801,10.333942690131996,741.1915656785843
1539,735.2621860831101,739.4024823059066,12.27784236577615,743.1344021943673
984,825.403203022196,830.5258447892885,11.677691433857438,834.1240639138376
725,904.3209765007016,909.4538795321382,10.988292738399315,913.5168304196408
713,910.8774921862996,915.2411001357544,12.969391039281016,918.3233235516724
708,923.7868579873874,929.0105960409142,9.629101828076605,933.2954099467645
1549,929.0144583474448,933.3907755079845,11.615292231471066,937.4146631587196
980,1088.1152141096131,1092.1750414837309,13.545406224557592,1095.3029823260854
1781,1444.4033046571049,1449.0835493108536,11.905707550931302,1452.5722332873856
457,1568.3450854346959,1573.2028993933047,10.669320905923204,1577.9863538369711
717,1713.8956306323307,1718.1843200225708,13.320164235435639,1721.4134306393141
213,1718.6719812728911,1723.2070780574093,12.88515365109772,1726.3481697096925
2204,1914.2467556265958,1919.1990986414048,10.67285705566828,1923.1322144186636
1805,1998.241100621985,2003.0875787494506,11.97213840772636,2006.697250185154
2216,2015.5264256104483,2020.1469518113063,11.129968694069678,2024.8913595669703
1790,2074.0356954075423,2079.0003183907506,11.3475161402731,2082.8256955980773
966,2166.251701887856,2170.4583840907476,12.466950070433798,2173.7020457711646
2981,2255.90550772883,2261.045879174419,10.007459098496513,2265.1610171127695
2718,2274.1150634775827,2279.2042464080887,10.85123165070854,2283.2392862169186
2990,2276.058473292764,2281.3168170548333,10.420879096936549,2285.491944703132
3546,2283.1584894684365,2287.0958593083883,13.345690357020432,2291.8663886956015
2701,2444.33330193573,2449.113718642853,12.822949609128882,2452.359394403965
2964,2614.105995266074,2618.337103317347,12.80067553918777,2621.6175744842562
2991,2622.762443719646,2627.4180787470195,10.785332337028478,2631.110684880108
3550,2626.437626886863,2631.125158330164,10.000469231452106,2634.774976484852
2708,2717.1849794138816,2721.4101888103805,13.413160464829952,2724.673950976662
3541,2796.415745372536,2801.2421683695625,11.72676244087752,2804.8606219716166
2985,3157.8048925261505,3162.339456254897,11.843940414921061,3165.755082067207
2203,3249.8887466921433,3254.2635974725385,14.325890408848688,3257.3099789912594
2453,3288.415457090342,3294.2728194842416,9.723843945150003,3299.013955543624
3519,3333.9866086093148,3339.2820029747095,9.640487644815229,3343.571012267067
3536,3349.2665889980335,3353.296225145229,13.114419379411787,3356.463463203775
4198,3697.3540977887333,3701.3345570771644,13.823220208129806,3704.2616197747957
2721,3788.779829448737,3793.381281706597,12.155603564181549,3796.988603087984
3529,3796.1198173460257,3801.362989889823,9.552123816871045,3805.5720862814146
2995,3876.141043194794,3880.3689327560933,12.862999746619744,3883.619368054485
4718,3878.0954394923424,3882.1724518469687,13.83510224259795,3885.377665884031
3531,3899.2297833032226,3903.2846787465496,12.780397076901703,3906.515314657278
4973,4059.6489526006717,4064.384858259904,12.661207222350876,4067.572137271832
4202,4148.443276527203,4152.417300033117,13.760293622481557,4155.431470512924
5795,4324.003078798887,4328.078794262512,15.655211546298963,4330.822925570053
5769,4328.510987709784,4333.4118667391485,10.914042430248067,4337.243641517521
4731,4416.341172968603,4420.377706097082,15.00230938340911,4423.302771527752
5800,4425.0624467861435,4429.44907729756,12.641237845241218,4432.861311878949
4963,4427.062011182114,4431.216564951518,12.599587639380603,4434.659521665703
5533,4519.584876153017,4524.107289599365,12.099012767772152,4527.634107965386
5530,4600.100703450919,4604.454259532497,12.53064728257731,4607.851852699998
4720,4602.091617499069,4607.240750798889,10.70345738837475,4611.3702074446655
5779,4683.968325415847,4688.547602200739,12.304457065175832,4691.8291827997
4707,4688.700913786822,4693.398091467271,11.35796866868022,4697.115693784447
5792,4864.081053578913,4868.5915961761575,12.92069502061167,4872.040601379518
4962,4866.4931022910205,4870.589064350795,12.958931907503928,4873.899195486425
4979,4868.441465230556,4872.465677163982,13.64298597987481,4875.675606372643
5538,4956.085727082394,4960.319111034859,13.014671711898744,4963.623993615717
4965,5046.0960144589435,5051.083108164743,10.20603043373948,5055.072851356068
5787,5051.058030195425,5055.535658798449,12.619928280744157,5058.970818838479
4972,5137.712473693377,5142.32947203186,12.15305257583998,5145.8681204108
4703,5141.237853323925,5145.035817286463,14.363991513583345,5148.031195929021
4997,5230.466592866265,5235.500939659305,10.112804282071872,5239.69794388507
5794,5234.143427354429,5238.088406586234,11.76711266852139,5241.74727308599
4697,5507.728520644351,5512.123464624915,11.71890578411883,5515.62866398988
4710,5584.568349686679,5589.055276993432,12.964180916851209,5592.378579477376
4719,5588.449040472211,5594.2999417816045,9.756174558981868,5598.8954115528395
4729,5590.512712493107,5596.267643104069,8.063676314455122,5600.907209479647
4705,5592.51847643715,5598.3429251463795,10.02054040106797,5602.716736300964
5783,5674.252257250409,5680.2958700380095,8.752638624333649,5685.065807287848
4986,5764.1923728047595,5769.122181278876,10.614782999267385,5772.947917339653
6455,5792.5952189375685,5796.362208675174,13.65474136484349,5800.696756146407
7769,5856.62807419329,5860.5318969121145,15.014006873412795,5863.187286353421
6993,6035.874239496345,6040.42044437824,12.802447073835994,6043.811061964492
6198,6039.190619435818,6044.443309221463,11.57352284987528,6047.991655631516
7797,6049.687145636342,6054.3130144692395,12.94165113412223,6057.717227206098
6978,6128.3296240797035,6133.251685376996,10.36287311696531,6137.155895819818
6985,6309.928461533947,6314.523653630331,13.91983669373524,6317.377715062772
6705,6484.026115860752,6488.337201990243,13.987310280653872,6491.445755952942
7538,6507.839028727472,6512.279250307625,11.6313208699828,6515.874314410734
6963,6584.309456006306,6589.079422124074,12.231533812739078,6592.374044517527
6445,6596.266110099118,6601.059956677096,11.269648650399638,6604.852544926507
6703,6754.173211204462,6758.373399289292,14.884063862287675,6761.188885035935
7514,6762.600861529087,6767.188092912746,11.627265602118111,6770.800164241219
7762,6844.414875097005,6849.044346006781,12.288382494400832,6852.492798626291
7768,6857.187244125607,6862.209918664992,10.87363104992298,6865.948840027893
7543,6948.880425280388,6954.018897896296,10.194743476842259,6958.119195712031
6447,6964.923862920132,6969.265539883182,12.734406537952543,6973.813867647367
6967,7114.229478880634,7118.477254603181,13.986053458041377,7121.540012596415
6706,7208.139195124611,7213.118353044496,10.442221276812553,7217.007725439246
6711,7210.294214032969,7215.008689097879,11.521604501052739,7218.852945515085
6207,7214.016317387962,7219.396934393192,10.568029555177707,7223.4520626898075
7532,7383.794009325719,7388.170876947911,13.221446012355749,7391.379304531776
7512,7389.22266176395,7393.520269833312,14.488669223403473,7396.543931067655
7519,7397.136638199278,7401.408327219436,12.059369637526382,7404.835092902248
