1349,183.75651800365972,191.16209614335162,13.381392806298795,203.14540945287465
1390,241.2746915218746,246.65662014605547,16.958285125776992,257.6654946629884
1443,420.5129034125877,426.4938969184635,15.421126745444454,439.0309732302605
1424,589.1367725843992,596.1884967806304,13.745549663672024,608.9087474104755
1436,679.032162233172,688.3825619279846,9.800774426563239,704.868280650299
1417,697.9037430837317,705.3167940100524,12.086702593453518,723.2102940829884
1421,801.484394000868,808.2948795378456,12.555403870088393,820.0129104861855
1432,958.8958602976162,966.09775879253,12.767063820776757,979.8078849786283
1195,1183.3021732824038,1190.293219667499,13.615093020958025,1202.0681493738464
1301,1362.898949167698,1369.4990394694337,13.188199277789602,1380.7968710052567
1451,1444.1005112594275,1451.5581038153914,12.24385076850791,1463.7814440902105
1201,1453.3722790059912,1460.5142756757202,13.214386521307365,1472.7233370494473
1422,1601.5258982866608,1610.0447352701292,10.005293696322482,1624.4896739152186
1216,1723.517780529031,1730.2995359210283,13.869835428072827,1741.752934594995
1198,1728.6123664172087,1736.3713468535293,11.971209061831113,1751.0490621527006
1214,1907.0789500815597,1914.043424391756,12.65918308160187,1926.1089919456588
3447,1952.4938754418972,1959.3893811019443,12.944700453532823,1972.658621653208
3355,1955.5703393746824,1963.4034971362514,11.897348561544751,1983.3392815196714
3446,2043.4945753641296,2050.145543441857,14.082712012298886,2062.7788736626926
3391,2075.396302620359,2083.083004641869,12.031363611274212,2095.7348872118973
3192,2083.6757790216025,2091.022488174208,12.821487636654254,2103.431319284507
3286,2264.242945275489,2272.253312027952,10.536396027849829,2286.175185223803
3394,2569.056690335844,2576.0981722512365,13.388694314990515,2588.799890348454
3408,2579.258407951126,2586.39652299669,12.560376057622523,2613.2999838731866
3366,2760.2506824374614,2767.4310429285006,13.037588763626475,2793.5299458105924
3283,2802.134406029461,2808.0116803985447,15.517359251426658,2818.0960121672174
3413,2939.9876294694077,2948.231239792915,11.211184432779135,2962.895601648563
3419,3117.8943008242795,3124.363017169298,13.936021853012582,3136.6958288096143
3438,3210.35817881605,3218.4321424637587,11.222439327240876,3233.1054313126433
3202,3255.779439600873,3262.29938388582,13.727177354490355,3273.466344266453
3287,3613.4684037869943,3620.0872950608136,13.161204643386467,3631.548370779037
5190,3885.442717298976,3894.1886953158955,10.036023241335496,3910.3088319722224
5445,4234.192147219441,4242.113771538664,11.782420487955555,4255.707539040565
5381,4378.396669061356,4385.135944230517,13.63848948070315,4397.70926163513
5431,4381.833021032419,4388.210792705747,14.546619864201114,4413.575350055579
5395,4401.793785494526,4410.270163083087,10.403685963351087,4425.1019732357345
5206,4514.494236142849,4522.379101037257,10.74663039134062,4535.78346190253
5394,4650.303259819274,4658.3833519577265,10.801455403067017,4673.003600987082
5191,4694.4515641141525,4702.207282625226,11.528779211085013,4715.499950560993
5373,4831.103591414159,4840.113244766908,10.4395799160254,4856.721239161641
5440,4920.062067230608,4928.043713256811,11.414178151894866,4942.717280742906
5446,5009.999010810756,5018.081356719631,11.332271979936763,5032.889130712199
5205,5152.6350762461925,5159.160345354961,14.007774746000859,5223.205824406276
5422,5188.417658396907,5195.324987721635,12.756992861215918,5226.161404305481
5349,5493.694579965969,5501.230000584391,11.906460995059987,5513.697021597372
7289,5592.975669947793,5599.222727015955,13.65961546918043,5610.0501907696025
7441,5643.935389762738,5650.153295677565,14.544903662615843,5673.617974247617
7408,5666.977835260048,5673.3437209495205,14.32921091824996,5684.551949104373
7198,5773.276642989736,5780.184854221542,13.19666618693128,5792.0784378846
7197,5778.475906467363,5785.062214566292,13.782455942370229,5796.443933960985
7380,6090.658479334003,6099.205584955619,10.575676914604125,6114.571553159631
7399,6179.76451084915,6187.537491762611,11.1526387976707,6202.750738744469
7419,6181.66729381905,6189.4704754263,11.720654934123822,6213.05417143479
7355,6304.3603128970035,6312.488375408895,10.95955463052821,6325.914001509618
7393,6448.963081463335,6455.001766769162,14.62091923459318,6466.690981720092
7425,6816.11088689389,6822.579586338133,13.23291851864804,6834.896150181759
7391,6906.683049877462,6914.264671693048,11.794334224911035,6928.350903395684
7366,6926.744078942339,6934.0669051533005,11.960170505767763,6946.61123099451
7385,6932.74011655446,6940.275502233608,12.848919730844537,6952.604678997551
7448,7078.625630167661,7085.49009875652,13.360591318337804,7098.892907047101
