267,122.68080538173584,126.31316879204873,11.516989645446637,130.75520157270319
62,237.81991421746466,241.50862110119718,11.73615343744415,246.14069459823932
271,285.7273833162418,289.38672292226755,11.696590607791316,293.813422265418
237,463.2241152831889,466.2666952131025,13.592928665322487,470.0901695772786
89,506.8436985172026,510.2484056867433,12.287413616576275,514.4424997167289
46,778.20355852233,782.0896012320623,10.541176207604712,786.9225051465969
83,780.4144785729208,784.3565547727828,10.976872977805414,789.2901617576462
236,825.0766296265463,829.1250754815793,11.202254751067033,834.166172104637
104,868.2496785483452,872.27869829721,11.141552659981732,877.206256037253
274,1096.1515342013015,1101.287748795896,8.093434635071251,1107.7640429918902
257,1104.880659357569,1108.2947607623148,9.870830357899871,1113.9739615264534
204,1182.3091941504406,1186.1352177666245,11.63938480051204,1190.9258515936394
259,1273.9099381350043,1276.497822710857,16.860505030317587,1279.704266538003
65,1316.9228716883467,1320.2213581719743,13.04850592998465,1324.3385677836677
232,1550.871235739352,1554.1362223181786,12.995784127568864,1558.1834327967158
268,1632.2289678984012,1636.1003030066884,11.464625143854978,1640.8212286376838
2083,1946.3042942196982,1949.4256392323275,13.403240900853934,1953.2596043438873
2241,1991.360863879208,1994.5427808481033,13.304512421751951,1998.5502837522283
2095,2038.2883983287313,2042.466429586287,10.12685104750652,2047.7929018064635
2085,2040.163629380859,2044.3288796678312,9.925820215366608,2049.751517673425
2041,2126.2118635380875,2129.540283705674,12.764998327969467,2133.5048749270245
2207,2262.6102362578763,2266.5127377872464,10.382937139966854,2271.4774835442704
2064,2306.2325124693875,2309.426296433382,13.452998642086838,2313.3607988963754
2239,2361.8343656168336,2365.363435871042,12.36377970862777,2369.682567902808
2224,2621.5055459861433,2624.601564715641,13.615631006465042,2628.4942543629213
2112,2668.288950693737,2672.464144916355,10.623605792533223,2677.651938263812
2274,2802.8109287137722,2805.6525649865134,14.79430782590872,2809.1482463251186
2240,2813.2069257230974,2817.143304972057,11.399015615903483,2821.9647261557043
2061,2846.836802502837,2850.1968262046153,12.725601173885314,2854.322103410285
2086,2938.7613786046827,2942.3324517780143,12.621300213043662,2946.6807052908057
2114,3206.754199171351,3210.065617887637,13.668268977242526,3214.0325985643367
2261,3450.1286084200624,3453.337041708753,13.710548207953789,3457.241512939787
2033,3477.302413517815,3481.070562284425,11.552273679861397,3485.6495332767367
2245,3523.9567042125977,3527.3170494840283,13.027685363043592,3531.408994527979
4245,3805.6886214662786,3810.102727902744,9.588277756022604,3815.5995121456376
4243,4159.382753250501,4163.033036184381,11.415065460611462,4167.539491961758
4088,4199.766912063247,4203.351209973197,11.69079564906422,4207.882186370979
4204,4241.939492319541,4245.221288561169,12.719915445188102,4249.227180538484
4206,4253.86435637812,4257.156763075032,12.578280124223513,4261.320792569712
4080,4556.055559356066,4559.414275711857,13.141917571031275,4563.521390256811
4031,4647.965371947731,4651.529065998618,12.489497862854742,4655.931183161882
4242,4701.897144856936,4704.6486437077165,15.735707483260898,4708.004995657554
4267,4905.693108574431,4910.242366710109,9.773004740708092,4915.7981133242465
4222,4963.704820593336,4967.50668977268,11.570214806975883,4971.983604033845
4269,5067.349192201511,5071.000472099377,12.492696103855726,5075.506117296177
4270,5077.490488163718,5081.15128273032,11.9699851494375,5085.661111292765
4268,5419.90361843113,5423.009352452504,14.279738780884964,5426.841627577332
6239,5600.450536225182,5604.261342092887,10.68877744065865,5609.163059592379
6086,5636.862956180181,5640.062418349922,13.350245917541857,5643.953058414175
6052,5641.57808171432,5646.0887907086835,8.905117905389867,5651.941645438338
6090,5643.570264089157,5648.1567638810075,8.652876570396066,5654.014503200211
6265,5862.212639566333,5865.231270506162,14.90648419199958,5868.8657528686645
6065,5908.110226050304,5912.058353179461,10.914985987178003,5916.93907216085
6228,6041.189307690624,6044.298014526155,13.85022196286476,6048.0071179719425
6045,6176.566000915356,6179.339224509774,16.04244092722828,6182.778861449153
6107,6267.411924391823,6271.139866955437,11.674867549838678,6275.688525333871
6227,6313.18529984493,6316.354556500681,13.184791416214994,6320.201794216453
6201,6406.352205450516,6410.039139714318,11.37884785575719,6414.418759047538
6262,6583.655359395534,6587.068519788272,12.92679451468462,6591.283721275779
6244,6779.756705547195,6783.512307878047,11.202980357684721,6788.046129708643
6229,6854.298642744129,6857.462632395076,13.39331235774597,6861.399253904263
6258,6940.908954565759,6944.101463796598,13.066721187879631,6948.118169453728
6232,7033.008113520021,7037.0175040866,11.322299193758512,7041.734695397878
6084,7076.067656987418,7079.26228328714,14.063131374286325,7083.1564938528445
6233,7220.159925819239,7223.335016196564,13.15265385678996,7227.351428116585
6226,7301.729611024303,7305.231951961282,12.665519029963777,7309.477914470726
