727,14.835392068799516,18.173561566497035,10.428246615115478,21.579217733736005
706,188.1853733461241,191.06973974908175,12.884819771057714,193.8592011676186
750,191.86385074756632,195.14197379635337,11.588681769362307,198.4421375889999
739,228.73611717076582,232.1104945339594,11.431108541887046,235.23571155193312
822,273.3277578932818,276.57716552964797,11.912903954724216,279.5912388981746
1869,649.3054467766198,651.6798072892819,15.624345309816881,654.025531933087
814,1006.900724755557,1009.5789134162544,14.208898328933602,1012.3096944674613
767,1040.9600720280002,1044.022374472853,13.43111886759963,1046.8849406532036
732,1175.8946750915438,1179.3408286930623,10.432746234205826,1182.7342760986016
792,1539.2798755357435,1542.513770422764,11.245782499780768,1545.7998355648297
1860,1556.3724529405629,1559.1562335102929,13.725123274942234,1561.9140135764749
723,1635.575021205781,1638.366617558034,13.97825269673224,1641.1865822674952
1854,1828.713293422477,1831.5843430622347,13.69665101853302,1834.418531058945
2770,2669.4413675273127,2673.1890322740696,10.393474250236512,2676.898052879744
2722,2727.229237462924,2730.060073850277,13.803534233899402,2732.8127548233188
2774,2738.207134916108,2741.3941802911686,11.132162307078758,2744.58485446502
2797,2799.4559958527716,2802.407036601244,12.695752875346818,2805.2705965012797
3861,3267.142193119012,3270.1908427966882,12.491162470488428,3273.1481816094692
2810,3271.3952606257894,3274.3128098712264,12.614974538356844,3277.214320802073
2699,3426.1776141428245,3429.263165657698,13.253937582996095,3432.06874603259
2733,3512.226691509982,3515.4197670548333,11.688614623751107,3518.555525980969
4806,4233.885570130181,4237.093589131602,12.195076843537429,4240.097815342383
4750,4413.498113109999,4416.546704214894,13.8078476897798,4419.220517780501
4763,4773.7877118400465,4777.2961544792415,11.826632474919736,4780.490964561025
4774,4775.901207384332,4779.2118083918,11.828045505345242,4782.383714809847
4727,4953.793757511984,4957.160967057532,12.538351936483906,4959.944188374522
4734,5223.78091288234,5227.159676582793,11.4033377423813,5230.4189015655575
7843,5693.306719853981,5696.45941546197,11.88267059045803,5699.5289009717635
6807,5703.917511298894,5706.637100504055,14.16129547985117,5709.3139327426115
6810,5767.6053612586475,5770.528348948395,13.111583104145176,5773.264463817728
6762,5898.567582663838,5902.4176753825805,9.702257496062426,5906.1725518526555
6704,6126.165744114985,6129.530410774588,11.450252866740854,6132.834683278151
6764,6258.614459009909,6262.12049150481,14.362678979341828,6264.62237210383
6755,6576.09130929892,6579.031777603463,13.38447403026141,6581.668388374089
6768,6711.754035297182,6715.351594387265,12.829478512580753,6718.33856139691
