264,139.9346745234102,143.02343981588567,12.158902206418881,145.76423105049798
8,202.66541048300735,206.20182336824914,10.533103242700921,209.64138941738474
79,208.43736105793587,211.0820934146863,13.064496668336176,213.72031177521393
384,246.48077902011246,249.46893094245516,12.266313932106527,252.34174723532533
69,299.64546552578656,302.0869571820066,15.437459656395573,304.36495631466704
151,375.4881803216284,378.22110497959886,13.106637215983662,380.8679349575308
161,411.96995427673363,415.2450515391314,12.018230818242019,418.27995735715746
178,413.8799660837396,417.23336876933286,10.82533690519814,420.390815385785
184,415.70409187725096,419.13851284323465,12.094043208968424,422.2640360601279
84,465.50758974429823,468.3300386684851,13.739272932742038,471.02675738713964
379,499.7294923420674,502.5427864826019,13.432744587372781,505.2354116431929
194,501.59197694980077,504.33664482506026,13.600778752944482,506.88647843538973
188,589.8876996574089,593.1920057453767,11.272703652145918,596.371173406185
254,591.9432009250244,595.0440888988118,11.671240772777697,598.1945159516312
392,680.1328461324224,683.025746287491,13.184645375480242,685.7369539325232
386,773.8011980907355,777.3303380678859,10.549738953704649,780.5724887616575
103,791.4328487497185,794.2135028307972,13.72833759945797,796.8252473366962
1,841.6127643228397,844.2320957167324,14.102967083054455,846.7379839559729
273,859.2565089083324,862.2233298764363,12.220921375383107,864.9934337076438
402,861.5472048126153,864.364492484213,13.079679624938418,866.9922585206036
21,886.5160007518286,889.2891137214965,13.368364476536858,891.9298285416577
81,904.56745139454,907.4158377741143,15.563535942048162,909.7067822904714
144,974.2960028584197,977.4683923013743,11.21454999107875,980.455774098674
5,1061.687404873661,1064.4414564615108,13.063694689093946,1067.0958375583486
137,1063.4583207033215,1066.1962275002604,14.28204527452982,1068.7587182514326
92,1111.0440586182203,1114.2578413306417,10.956397187681526,1117.4666922013878
255,1130.052611629361,1134.0927275983365,9.657692918263178,1137.9254595184725
152,1155.1434015267614,1158.2637358374486,12.002845149461969,1161.194772591146
187,1164.8667094820062,1168.1194033800716,11.5112174901124,1171.2611919068988
180,1219.4207516712402,1222.432167612641,11.722395608030661,1225.2256049222847
272,1221.442459493273,1224.3325592487788,13.646821339096654,1227.0460983765356
269,1223.3045421440893,1226.4949515440508,11.644032949539005,1229.5372353221996
249,1225.2262970898933,1228.3162881662774,10.803562905572486,1231.393590554962
163,1227.412416608728,1231.0974599945876,10.249129809768327,1234.5328101700243
174,1250.2235088413518,1253.0723595118122,12.673369501989255,1255.7750064253414
150,1309.9492638803335,1313.030589623487,12.648430964510114,1315.801790577781
94,1400.2147297696304,1403.2621244909153,12.773195915097464,1406.0737366804901
182,1514.469371954355,1517.360390794158,13.371484224270441,1520.055019621705
190,1581.8078560561776,1584.6133589560968,13.550145538463646,1587.2343456717497
7,1585.8590780197435,1589.3963405178777,10.522152093757926,1592.9324833133157
375,1587.9913232084189,1591.3681924287653,10.192903553707424,1594.863405682519
382,1701.0259365673537,1704.3176356876345,10.581324839513645,1707.4814469290561
4,1725.332372855287,1728.0563014094369,13.541467143481364,1730.6192412172045
18,1727.7341837035804,1730.5866569348154,12.588203452274364,1733.2676997733956
100,1740.5951677402863,1743.443744262255,12.236347843215668,1746.1444712073157
397,1761.960573588026,1765.3164491812845,10.921197625491168,1768.3966586978313
262,1865.828518165865,1868.611732322235,13.011704708512942,1871.2049235185366
9,1941.5381844726417,1944.520617992823,13.144092356307807,1947.3931447776204
2190,1956.2966632761108,1959.0594265103953,13.622379739270526,1961.5890906534894
147,2030.05753058374,2033.2014278711038,11.99545731554744,2036.0254319047044
2185,2131.9553044316735,2135.1615078708596,12.372245821003894,2138.1682156041934
2091,2175.7973850295875,2178.5517024389537,13.530781259365323,2181.0951080492737
2264,2217.4195361955876,2220.1243588447514,14.149209567069763,2222.605711576213
2143,2301.7388152172543,2305.209735777372,10.861597321747738,2308.5101046944906
2170,2304.1064006350043,2307.1665705869686,11.195912922139543,2310.4595855267025
2017,2344.4019045608197,2348.0130689953576,10.41010436340523,2351.37446926791
2409,2396.972417525527,2400.417105830881,10.768024621624374,2403.6516050450814
2389,2478.9814245657276,2482.4867319119767,10.086260567290859,2485.945973688409
2059,2538.5254403734157,2541.5667850928635,11.99043711292219,2544.4139139091526
2079,2545.0716785161735,2547.6217116076377,14.38982887434378,2550.2175863952198
2029,2625.492096060588,2628.339781244659,13.556128612300919,2631.054901587006
2399,2660.244375677851,2663.2281531911353,13.837044600627404,2665.8276918437045
2187,2662.0900465547934,2665.3502375331213,11.331834767803693,2668.5369840195026
2169,2663.974975327998,2667.526182223263,10.870967286380003,2670.8967736633476
2022,2750.1020673992994,2753.2823533495775,11.901689515961632,2756.2691754869115
2149,2931.3547171818464,2934.1207750446124,13.431224256070445,2936.74308938522
2387,2965.413448761776,2968.15541704599,13.832299909203941,2970.7102203699346
2100,3008.7411130918845,3012.2311445188775,10.134850682404243,3015.54783541123
2161,3020.0498070634585,3023.29520658894,11.503607563178834,3026.4170540295545
2191,3022.1994716186023,3025.284775728222,12.2657865786102,3028.280693419358
2101,3091.5626000353004,3094.2941044223217,13.279439280459718,3096.8898765048657
2403,3110.0502560560117,3113.3163461470967,11.500258478277296,3116.29135812815
2384,3233.8531649942465,3237.009923566905,12.10006736213322,3239.9278589941746
2157,3266.287855055595,3269.049371604905,12.734998263156683,3271.700435327106
2151,3351.685785685939,3355.049018963332,10.612370059155923,3358.2563531235214
2027,3360.7372935766,3364.1720527028715,10.741874361521614,3367.3314632374313
2407,3410.5081171033908,3413.5417157113343,12.126454513695373,3416.4254537406164
2180,3469.4599004532465,3472.323619740153,14.495802767657512,3474.6789716373614
2019,3619.706519117624,3623.1346841746117,10.737675735179005,3626.383221365639
2108,3706.8507986631334,3710.0181286489674,11.362907257346963,3713.1858696387635
4370,3743.720742305869,3746.54130724734,13.439956100628379,3749.1119309287424
4006,3762.5117568219007,3765.437664553588,12.566435311746284,3768.1864647617645
4160,3850.6431098335734,3854.0811357694397,10.755428092133013,3857.29560105711
4186,3921.8202609972695,3925.033753015139,12.101971599453641,3928.0269116880136
4101,3944.331630111158,3947.3996992487077,11.513374444321181,3950.33125936678
4173,4022.1883847775975,4025.110940303654,12.397439062594888,4027.9175607053776
4100,4069.9070984443415,4073.0288813595057,11.851093619056364,4076.097726621545
4132,4077.3256042416588,4080.1845113321374,12.854428310784973,4082.907339805442
4003,4126.371433487274,4129.46448891337,12.066034727092337,4132.412632917465
4390,4189.896398064073,4193.134753154014,12.199823400405473,4196.063441753754
4011,4208.207775831034,4210.567970870558,15.522244503573077,4212.810920049695
4138,4262.573746202737,4266.373525032337,9.264619682667076,4270.137816058059
4194,4279.295618821032,4282.469272198734,12.214489567225554,4285.530050260045
4155,4336.160228441608,4338.650330803336,15.15788805624068,4341.0598539348075
4383,4371.887087605509,4375.262634472271,11.50795965995975,4378.425345614588
4386,4380.802874530184,4384.115498357312,11.457406374878126,4387.146490790784
4087,4448.464632053868,4451.51680352736,11.915261326396378,4454.321772880493
4012,4450.328877679044,4453.2799796801355,11.59860186494354,4456.0494478225055
4400,4464.016009391517,4467.076265545245,12.265403922949199,4470.017725928371
4002,4622.177575853185,4625.311100399907,11.396316597767141,4628.3360352258205
4399,4641.365810269702,4644.265580411294,11.895870855561276,4647.105851355867
4015,4794.316405011712,4797.326874214652,12.36221135106719,4800.156851771169
4154,4799.417307047959,4803.025482392871,9.420675174757253,4806.568445431745
4152,4841.700661173682,4844.586756193926,13.142011728022386,4847.332135828693
4104,4884.686094516732,4887.193717010637,14.781587003006798,4889.647226086424
4254,4910.063509150518,4913.241699745023,11.664831429391947,4916.185905525204
4191,4912.168093802977,4915.21042277243,12.57670287649329,4918.072694976
4021,4935.899776604175,4939.250256363733,11.236782421250448,4942.5275788588315
4153,4937.724800803983,4941.145665697855,9.970626421313543,4944.45115235773
4263,5093.556945479951,5097.015599955179,11.018997461003334,5100.160786293166
4246,5183.435741571814,5186.357628597574,13.303702600455521,5189.003363088144
4159,5185.352013719302,5188.141723244338,13.075382707550279,5190.867099384455
4085,5341.72182361131,5345.1669698233,10.683793663969965,5348.341891337936
4007,5343.522293308204,5347.049444083523,11.525387019489317,5350.240713619602
6192,5479.476189819351,5482.240439073441,13.547749532142493,5484.877723711122
4009,5542.29946065317,5545.279131239281,12.597002805406651,5548.042657765043
4176,5544.213489291885,5547.302475494079,11.459811763421639,5550.22614754521
4139,5629.940744005888,5633.010265532776,12.236675977791172,5635.947920532704
6154,5631.792026623723,5635.0205521575945,10.987619065690657,5638.095610537088
6195,5744.178419481499,5747.3051771740575,12.025162774720046,5750.250649766308
6402,5927.142326041808,5930.062295820632,12.955497611064645,5932.7648049949585
6158,5968.159218013709,5971.249408746365,12.030402612927807,5974.1483111497855
6019,5969.984885740809,5973.004747889068,11.525931076800838,5975.980783465321
6163,5995.404888961043,5998.324725571728,12.292724752376708,6001.1040453938795
6060,6045.40321277883,6048.227977041305,13.764312741190592,6050.747455781744
6172,6100.033934030503,6103.54772315494,11.498701437589258,6106.680527076871
6151,6169.768804269847,6172.574671968913,15.697235082028511,6174.835705923853
6148,6237.274459947498,6240.136306876024,12.258863650430078,6242.941736626554
6013,6349.88176057186,6353.1227816324035,12.065482303525556,6356.076429047946
6016,6351.9749231952765,6355.487371887002,10.399062674772576,6358.605684970812
6162,6359.716257225113,6363.0261637192725,11.586985876570829,6365.963980642893
6387,6370.293917517825,6373.281244949429,12.290180093212959,6376.072749533025
6143,6441.923023674815,6445.090321060451,12.193457696781444,6448.038164403751
6095,6444.235242899591,6447.047015809308,11.952928085976184,6449.925010446555
6022,6498.988562670144,6502.181049751042,10.719319457928332,6505.306627222546
6142,6530.052434699132,6533.209887225489,12.267785149425524,6536.101043614294
6169,6537.08908792428,6540.353832351403,11.882335242433857,6543.2798531658
6105,6574.5014255256065,6577.5122741852065,15.134364054420619,6579.846194587229
6140,6619.686790874425,6623.210071400533,10.94857934096467,6626.422775310387
6167,6622.509378167178,6626.177802012515,9.954783623180742,6629.619086367049
6380,6624.476214538203,6628.081412553878,10.064553247183833,6631.490150459239
6389,6627.3612987545575,6630.4334571030395,11.204714965062955,6633.4968970445825
6379,6634.030825510836,6637.295137741956,11.04112347548167,6640.500806799517
6260,6638.365160640572,6641.140130419154,12.610571332333947,6643.793856537767
6173,6715.7774042854835,6719.026784238762,11.117367456413943,6722.086781993776
6175,6799.488485216002,6802.237114594426,14.468043767542841,6804.62407915197
6102,6862.566253009961,6865.551215328524,12.46549793966767,6868.424483168882
6078,6873.909162464205,6877.200362118059,11.306127624303494,6880.343585310969
6180,6891.35167152251,6894.045392339619,12.83190381214478,6896.772285754991
6064,7043.104428322826,7046.212256407831,11.566525720445876,7049.283740128581
6099,7072.236964933719,7075.2815236918805,12.674660245261464,7078.007246339957
6153,7074.129630363706,7077.028371319235,12.811124297663769,7079.676081829882
6010,7076.339400062013,7080.1378090241715,9.001466385640706,7083.968346173295
6026,7161.608260250571,7164.341625436469,13.380138742421078,7166.88992423079
6264,7190.6276607630525,7193.4685651428135,12.844866193539463,7196.143270711924
6014,7218.97798202668,7221.536063832128,14.8013275437853,7224.0124793947
6179,7249.537197818265,7252.420033266412,12.932824185010992,7255.109066768903
