1130,328.14066857250816,332.14366939670214,13.245310099693478,336.0933900172101
1140,412.8959819118301,417.15623077573946,11.329253361538148,421.49637307059817
1342,457.6862197255837,462.3219061232224,12.000474414139653,466.580539171177
146,486.99044487402193,491.0372353210001,12.361417608626196,496.1631874218264
1200,500.10409432674123,504.0396308526999,15.357687341301924,543.3224637544185
1207,678.2343615228154,683.1749369628319,11.545607266122792,688.7100361884733
855,771.4591552831554,775.4087864151903,13.579104753416784,779.1318512048399
1151,773.4402884982215,777.4916387449346,13.018614663629034,781.4066662422531
1211,860.3435986609694,864.3726605041533,13.046622992134662,869.2799561486444
1331,867.5755123065735,871.2607215360496,13.646692837655051,903.2957234697728
1338,872.30764343151,876.4006940640802,12.605118414600144,905.8800860428448
1348,948.7186973853013,953.1555698886181,13.762282628171665,957.8267002885544
143,1084.0170818424654,1088.0733963881798,13.810746847470128,1091.5903281783092
391,1088.00108812603,1092.46377604486,11.406874455067065,1097.000924767028
1195,1130.1430751537864,1134.3081911618808,12.857841847447338,1138.9505818413056
1345,1228.6690537754876,1233.357547421283,10.473176874543785,1268.7963431345124
1201,1398.4380352466449,1403.1347438781327,11.997964091729031,1408.3127340696285
135,1626.1973860343453,1630.2290088626723,13.140779853746517,1633.9788741099858
881,1671.0813705595326,1675.0938658066873,13.327564860153387,1713.4250053312649
376,1713.5369985192785,1718.0433607919438,11.903677019455552,1722.3723263205284
1197,1758.5375011409544,1763.3223566806414,11.544827560572585,1769.2239299632715
148,1893.952082434262,1898.3270245638014,11.986966727087323,1902.4949112937315
3342,1940.0943379525113,1944.047306157426,14.359395114627047,1949.1008718829894
3121,2123.616626552616,2128.1711324514886,11.08174048149497,2132.545992371389
3286,2210.6380578699054,2215.165540309804,11.189753403438178,2220.5978823104615
3196,2478.6608869292622,2483.3579160924783,12.707478515667718,2488.5561431761516
3334,2480.7770259529702,2485.4108087327636,11.108245147597804,2523.4322682624556
2880,2569.0313811365722,2573.197452726297,12.07081162092885,2577.13935478738
2864,2574.5957813492532,2579.4012058883745,11.69723171027328,2613.522583977124
3324,2664.708275944004,2669.4170915090212,9.519175743536428,2705.7175909869034
3283,2750.270364513483,2754.233340756595,15.185330008015256,2758.771324167734
2861,2838.990202818407,2843.0916555100375,14.272325291480081,2846.6247943979515
3328,2850.3171374879953,2854.204481702072,12.991718385845425,2883.1764272669957
3327,2928.4743033195023,2934.296659161372,9.10216324057287,2940.93080444738
2408,2973.9202089591,2978.2846568109608,12.30160225848048,2982.2628228784197
3281,3108.80087323727,3113.1040367604996,11.607232191166972,3118.811226093522
3122,3111.2787133169854,3115.389901350369,13.142739892147864,3153.5459295496757
2145,3154.3139255749684,3159.081753425482,11.62862824218791,3163.5194696353296
2376,3186.715102943086,3191.0387797339977,11.079283285843394,3196.7073405944016
3119,3199.065013726455,3203.171673665451,12.241576208741318,3242.930009684145
3202,3201.1681494830054,3205.560428591981,13.375506652871335,3245.197441075574
2153,3242.9711213279024,3247.018054975332,14.371996284827418,3250.5383078464715
3340,3287.8370358624197,3292.0110694482446,13.479649720119387,3296.7696126750293
2866,3383.661782467616,3387.127481600967,16.25119947752345,3390.274524604994
3320,3485.75300443828,3489.5896519552334,13.75694532291361,3494.564249471489
2878,3487.745449180487,3491.425124931232,14.174886629261206,3513.5023653893854
3287,3563.0828190476113,3567.545317061715,13.789855694383927,3572.7863550395214
2148,3694.1925368417824,3699.3436711666027,10.828749994756887,3704.1423526364824
2858,3763.8846266796286,3767.5266188181004,14.188434273891527,3783.2758716259955
5324,3963.816905854287,3968.0758356294164,13.131179272217093,3971.99791358023
4137,4053.640259314187,4058.001375182349,13.163512428994414,4065.274410863992
5322,4097.873404283072,4102.379705396971,12.578422543833215,4107.800797630624
5323,4104.191813629692,4108.48552912145,11.35943492665222,4145.662225924412
4144,4323.613427014149,4328.01011802196,12.440630559140724,4333.493380280408
5328,4551.954776956513,4556.271137463817,13.856187340531527,4560.93213686326
5186,4553.93898932378,4558.2066840103325,12.510518853261871,4593.208644645372
5333,4817.080317155575,4821.359909971237,12.255496561402298,4826.650901973097
5320,5045.696232029144,5050.265841114022,11.544038973704222,5054.8105589825045
5334,5135.808781432473,5140.0753680425505,12.477230167150775,5145.518450571593
5332,5404.023421327297,5408.102373825941,14.761231835876709,5411.478204821043
4883,5631.529504356755,5636.1784440957235,11.433222805201927,5640.524370799855
7197,5731.827040418471,5736.093640972272,12.98676485272257,5763.411761022773
7340,5763.96347090923,5768.060853384869,14.445047175161045,5771.5940888720415
6157,5798.0036988360225,5802.044056318647,13.249955021511338,5807.630585457414
7339,5811.751211056635,5816.3702484727355,12.140366393394817,5867.264413044519
7287,5813.862283737613,5818.276284041305,10.047670798207278,5869.860949299235
7336,6258.526568494187,6263.501632742553,10.800032420718345,6269.265253957277
7338,6351.205507700587,6355.324669606374,13.247553719082259,6360.51872756718
7194,6528.79445314008,6533.308198789172,13.630330043803047,6538.391589646681
7200,6618.509001120411,6623.008274142443,15.171257370300934,6628.004700791451
7150,6620.72519549713,6625.228304983335,11.274350828915342,6663.354093272237
7195,6798.352640268333,6803.092290747107,11.805264013614643,6808.573702353586
7192,6802.878852542617,6807.317471487926,11.599264065748978,6843.419593770842
7127,6889.062239618863,6893.217815366592,12.082278398118676,6897.202503603949
7320,6900.09026225488,6904.1155352066835,12.126155976665709,6909.477121992311
7146,6908.188453696222,6912.0263645830355,12.714749104761477,6933.242979159888
6854,6981.075228385126,6985.043807371897,12.945709564874633,6988.884954840808
7323,7027.101058447746,7031.464454441512,13.206380108191295,7035.22449486961
7342,7068.447345892683,7073.42895163359,11.871888269719069,7078.691979193833
6856,7088.615140585694,7092.212783109035,14.165237396247763,7113.098440767101
6405,7114.115307689337,7118.363930099937,13.493974694528312,7122.126395502219
7318,7258.475718044547,7262.369466858702,12.668637302173535,7267.5673776809845
