727,48.94019589342365,54.25795861708451,11.37203354240475,57.2647997312071
909,194.23108721450922,198.39420327783358,14.178802314255696,201.96179843859835
818,206.712707316663,211.41215716201418,10.833000996366163,231.2097731286413
706,230.68118173111856,235.3899724237653,13.360878654836252,237.87391351513233
701,241.67374174633605,246.0775456820833,14.108282732991443,248.41896906596443
712,245.77484888098667,250.3531330658516,12.261753471218643,253.00922609875582
734,286.6849622381713,291.40612907567123,11.802468295797052,318.24696412805457
910,288.6824112946695,293.2562386458529,9.911130553642888,320.964590023366
721,391.3411392817833,396.5260896540768,10.922687611251641,400.83950746518923
853,570.1572937044052,575.3176115852519,11.113705721175405,588.2893327463989
851,738.0622749425952,743.3398259954979,10.336381519669821,747.7834575591544
841,757.8782578932423,762.5702757792423,12.54329179299808,768.3108733051579
716,1012.8201734310827,1017.1485712920726,13.027123553404772,1020.9414619097191
859,1186.1197552855783,1190.5268654408362,12.907170987610874,1218.5715951504626
733,1353.7055753410107,1358.421872603176,14.047900683871445,1361.7948665198662
858,1443.6818657952201,1448.5423207427486,12.955049361464642,1452.7103177302113
702,1580.8825278246543,1585.5158397158043,12.821005850393549,1588.104948040066
864,1815.8952275293254,1821.189163050442,11.267455588941303,1824.8366767699756
2869,1893.5111402329057,1898.2999066324057,12.786470503901036,1901.8536454713721
2874,1996.2775431815385,2000.5886280522093,13.151166854164279,2028.0359661085922
2795,2019.2421094672452,2024.4898748677397,11.133352816495764,2030.6268610298514
2725,2172.4320673565007,2176.518010289757,13.998569513766267,2179.9504869957414
2817,2358.8779781826215,2363.572821371465,12.20941962777171,2367.6047720537576
2809,2369.344081190732,2373.29398218246,14.445572558968026,2388.3812773547847
2704,2480.4854769096146,2485.114461762482,12.359019022374031,2487.8539689757745
2893,2714.206344582933,2718.4689918892527,13.492968405245923,2721.9058132787777
2722,2756.729163008301,2761.1519983934095,13.05998360136887,2763.6687400583946
2862,2803.3820296726585,2807.354034437011,14.59025986414224,2838.5183863824823
2886,2806.7276363439414,2811.2758799309368,11.364101767962959,2841.229067516073
2814,3021.5284501855567,3026.0448013228956,12.591022522023136,3028.7705843625686
2867,3183.0154447869195,3187.3794307949793,13.262532622703526,3190.888968026827
2698,3202.000220755584,3206.6429083810517,14.81795334637932,3208.937589990829
2730,3204.049728120586,3209.1594025073905,11.637556816142396,3211.971042904321
2846,3264.0908964192495,3269.4114634157568,10.73756803150677,3273.751703174356
2888,3278.8391213522136,3282.439056312529,13.889602863785012,3288.4447745370926
2877,3532.5592908073354,3537.41762663391,11.711673993073287,3561.193557288681
2733,3561.0811373739425,3566.078789286858,11.791855596654488,3568.9060113570495
2854,3614.2089854108403,3618.2150731276033,14.672279267794128,3621.8685937519717
2721,3617.821084743545,3622.5609329497,11.930884626712588,3648.460353431266
4718,3741.041883997666,3745.607017688694,13.950132459717588,3748.0410816674876
4706,3841.374662703179,3846.1470911237216,12.798758701907438,3848.8310210065197
4828,4144.165666472025,4149.27547796895,12.205132064789474,4153.534972579404
4857,4146.195461400119,4151.178636431435,11.877003380445702,4188.217739655533
4843,4245.304313680193,4250.27588353039,11.185533105936937,4278.275205696104
4876,4335.256721588377,4340.131962992055,11.554688116537486,4343.977879308906
4859,4424.08893774811,4428.541443941442,12.464013938493359,4432.529385817147
4794,4517.411101349188,4521.460598472002,13.137085213658194,4548.176730859537
4872,4784.854616578412,4789.3434289267,12.957697302204796,4792.804723976577
4796,4786.6894712661815,4791.162907691001,13.265768074007282,4818.583818929641
4878,4875.991164281637,4881.396337722485,10.558210461675463,4885.859007236542
4722,5003.097972806658,5008.428264535637,9.666798406850413,5011.450476540092
4877,5054.786324303844,5059.571038378222,11.73643091098676,5063.715988483479
4810,5056.551091711998,5061.36470052661,12.367263066991349,5088.189807836151
4715,5089.112125030243,5094.247376947563,11.774444531729042,5097.167338586986
4695,5143.70494602791,5147.477045642586,15.208340180737704,5150.825321067676
4830,5157.920717231738,5162.35665819571,11.343549015011341,5180.999880301014
4918,5239.502545554912,5244.205819909734,11.566041636104703,5247.956705112658
4875,5252.35742222099,5257.009885207368,12.019925588746101,5268.416003993187
4713,5273.116591071777,5278.36626840593,11.382039221801413,5281.3455111640515
4825,5421.136388535877,5426.128537524389,12.483749917457052,5447.867650370964
6804,5779.524332573563,5784.378335576839,11.785907635112766,5808.130205239022
6717,5884.315879801927,5888.280811894052,13.17864951398624,5898.282593480782
6708,6140.744698058944,6146.3796233337425,10.305120015566317,6171.40081723194
6700,6170.844107222464,6175.115184291481,14.87810537689785,6177.415394686911
6696,6404.046034947585,6408.542777789958,12.638498097294361,6411.982209213681
6860,6405.82847483357,6410.273285251083,12.170722748780479,6438.681642865098
6847,7127.366831576189,7132.354930830641,12.429580675930401,7158.212596813696
6844,7147.080659404283,7151.494342427018,12.994558174610942,7160.83990034753
