1766,252.1577834227865,257.22810304002036,12.971178094308945,260.52104411385045
1903,333.9154606861193,338.5298637867653,14.421039101156284,341.52378416938336
1004,398.23781721612926,403.20589215093713,12.792317447640922,406.29517638475767
1792,457.95092547930994,465.0869822625613,8.795973968293085,468.03736516832953
1910,519.7654356280931,526.2626678133646,9.53466373102882,529.5976634079863
1049,521.6767790106056,528.2830382114915,9.997468698094764,543.0093339227585
1788,716.2634320865275,721.4460093149859,12.706088512291338,724.0289212748438
1074,818.606306068266,823.5486699858451,12.658696377106036,825.5997510401727
1909,925.3913919977078,932.0571346923907,9.898655001227105,934.8655672939684
991,988.5237021998093,994.2149796028303,11.96258633038994,996.5642252920459
978,997.272779633591,1002.5679217314832,12.2043417734865,1004.7699884932279
1073,999.0439670094955,1004.3139490343946,12.175649690030697,1006.5826216404571
971,1176.80931478985,1182.381374312022,11.478375085747446,1184.6332901592561
1076,1178.680263831322,1184.20385750922,11.738667756314513,1186.4464835252973
1913,1182.2471778744173,1187.2464182251513,13.069295952960221,1189.3421133220745
1064,1246.0471594300243,1251.5168335241779,12.018424661929837,1263.0953879406484
1764,1378.5256546599342,1384.5376755651819,11.978936723843036,1387.0361026099033
1795,1380.4151746552634,1386.305902737654,11.445498142195126,1389.447782007544
1782,1382.422726868796,1388.1711436790742,10.403576216524165,1443.373311574971
1054,1393.3903070829776,1399.4831458610868,9.87751377647858,1446.0650960629482
1916,1522.1293973329257,1528.3042151447678,9.686428094192472,1535.5594194321582
1892,1648.2562800338549,1653.4860178386227,11.990365575995245,1655.6691622335557
1797,1710.1629474060394,1715.2057270911876,12.721485619572276,1717.2543740577944
1790,1714.0159150722254,1719.264006520527,12.400637840062767,1721.4173598979878
1051,1768.6576467821365,1773.014686771861,13.580356263412204,1775.7846242013356
1058,1772.8542969920093,1778.2121421249285,11.851209146070051,1802.9671077038472
1078,1806.1252417802366,1812.1635587829253,10.701141567711716,1814.7017147429774
1075,1807.9848376528153,1814.0195553837157,9.831597178589645,1816.5848402500387
1062,1845.9589420266614,1852.1870758089196,10.732709183711927,1855.5066531683308
1785,1905.150556457852,1910.5463255937048,11.857372765932084,1912.8121408071138
1911,1913.4939859844978,1919.0802021619893,12.334618663443216,1921.3178146739974
1070,1970.0270129269597,1975.3303828497403,12.450625966140828,1978.5047110904945
2982,1971.764377616594,1977.0762913494266,10.557921936877662,1983.3423382606288
1791,1977.9902693374054,1983.2822908651392,10.900078101517883,1986.098577739026
3767,1979.7727174255547,1985.1664997243965,8.541210050293184,1988.0291998785488
2974,2048.116866675496,2054.468743920816,10.12425722144347,2073.24360663818
3789,2055.8235863691284,2079.102415651409,5.70877499098031,2082.447955710098
3792,2105.4073774390354,2110.2884935246984,11.927302944227899,2162.875557061034
3069,2127.893633692116,2135.387551289627,8.783885965358726,2165.5033869012777
3068,2206.3209435995072,2212.2307014882253,11.27262170450453,2215.408467179383
3778,2234.108576366757,2240.1657278757066,9.931674321687142,2253.512891350703
3060,2236.0811698950374,2242.0687025017214,8.168636842951486,2256.2133099518123
3761,2299.677108284596,2305.4235377705395,11.743417168606499,2308.519452650855
3075,2301.613345838442,2307.238889241986,10.661347600466197,2343.3189849070377
3907,2369.0299742498887,2375.0103788852116,11.229884575246714,2377.4189027047155
3892,2628.9419078144415,2634.482863342795,11.115930701234316,2636.752097760114
3918,2630.7953782250747,2636.312719811521,12.032726358200943,2638.613102515522
3796,2632.841345649718,2638.064008880012,11.314170051343282,2640.5570647672857
2998,2649.806466033044,2655.1527867380782,11.297143922829282,2658.2816018695603
3078,2654.358845074057,2658.239682194544,11.671665148066975,2703.11633784154
3903,2702.0997778008136,2707.3387651482435,12.554615624801277,2709.4793806504385
3785,2708.4465179483236,2714.0503833446196,11.359968509937264,2716.354793521736
3061,2761.436709739107,2767.0586028438765,11.804611786341244,2769.959883266877
3781,2896.3864983732606,2901.1497756188105,12.066389280881834,2903.525114439453
3899,2964.264133315923,2970.2566848893584,11.299392301159711,2972.6174834639746
2966,2968.1849039153253,2973.462014317546,12.210730116887468,2975.634157964189
3058,2969.9016363544533,2975.2699018323115,11.691388239824793,2977.4614600442733
3901,2971.6426360623987,2977.070547883188,12.500350646174397,2979.205587606874
3780,2975.5275297566113,2981.0938426716907,10.879390743132715,2983.4574868116415
3768,3297.256919355806,3302.1651825135446,12.107535083782949,3332.763222033314
3085,3370.9687376142324,3376.072557212085,11.418884783785906,3423.3555585201552
3911,3418.7499798856234,3423.4249845716554,11.609725465735423,3426.2246336692833
3890,3426.576400954848,3432.207965341357,11.280855433958246,3434.4525235683577
3076,3486.667706392092,3492.1938496095063,12.233267783524198,3495.2402628625528
2973,3489.0957236405616,3494.029405393607,9.959684968643046,3512.8292553537394
3071,3550.4540447005993,3555.1397286771394,13.525746110360622,3557.938994804298
3764,3566.1986942553776,3571.494910416573,10.130312361010448,3605.8531524898303
3079,3586.5581599158654,3592.0604684730456,5.376142964437367,3608.3161317100094
3896,3623.0559632047703,3628.2342712890277,12.535414577550341,3630.325958501881
2981,3638.0218886909074,3643.4218609552504,11.583648512843576,3646.553342194398
5061,3663.235937774372,3668.2826080496807,11.755693166284514,3692.900207043555
3053,3686.0456723936118,3691.162495716148,9.31939275750527,3695.283075373557
2963,3690.610974361478,3695.5686859285834,12.827979654344858,3697.8668779007253
3074,3752.053083415854,3757.425026983727,11.589292321004214,3760.474087557802
4996,3753.8861156330163,3759.275893436218,10.446162586087446,3783.0070961507427
5908,3767.509841441256,3789.140695060989,6.376616404258609,3792.314666416436
5084,3798.626348165936,3804.1460655206743,12.041482301127171,3806.352891603144
5087,3826.5244203209195,3832.45041199534,11.484444644029116,3872.9474171185557
5802,3952.2549187762856,3957.3897015969706,11.7573843076465,3960.1279426076326
5063,4013.1453983920983,4018.098820781076,13.878624880965656,4020.9685148626254
5076,4097.107430387646,4103.03565380654,10.550250269369203,4106.157333524384
5062,4218.0510964507375,4223.242389062608,9.295487365126553,4235.944585225109
5822,4224.065338621981,4239.039216020855,6.2563758193442265,4242.327180364686
4976,4356.161930841669,4361.399817928198,12.278610353323261,4364.520597187676
4988,4357.851817964003,4363.223811171892,11.293344284801325,4413.042971583754
5814,4417.232358322969,4422.181642890575,12.769703548664072,4424.2094654807015
5060,4440.64173376109,4446.472113468713,11.562066262511618,4449.634404033706
5072,4462.207557097394,4468.323655596161,11.26224519343833,4503.380613864984
5086,4464.000688400876,4470.076065170104,8.375266615351759,4506.045642548193
5806,4618.665304972376,4624.0833721972895,11.884203158943583,4626.376026980611
5058,4639.41542498163,4644.467092356988,12.37200639696439,4682.984816154308
5065,4944.418824162814,4950.047178003772,11.2190717487923,4952.3856125907605
5069,5001.517134769672,5005.570451436718,14.846879062969096,5008.491110348381
5082,5073.485110292339,5078.082581983107,13.180707955044426,5080.930321835048
5795,5136.242527260354,5141.372464629101,13.431057102986314,5143.367196077779
4969,5201.975126112268,5207.099806707672,13.132533474913272,5209.957986715729
5068,5272.433286239529,5278.44979268292,11.028517764074214,5313.006326933933
5927,5335.698619948821,5340.325007898407,13.417328429717795,5342.225928891174
4970,5353.626741680031,5359.3011504275655,11.611326164472533,5362.462368946236
5775,5412.319723447769,5419.091704304306,10.52618085406684,5421.747453205433
5928,5531.5864906048455,5536.2860311685145,13.93145166390717,5539.003308470102
6971,5541.6019701408395,5547.257837015416,8.74912832636182,5585.73946706984
5903,5600.903040888138,5606.121631245523,12.962372552692964,5608.193162332291
6965,5732.403803822163,5737.567249661463,11.836144085914157,5740.757553290225
6972,5741.632800643184,5748.126817538578,10.022263931379575,5763.091548858904
7087,5805.447224789127,5810.188074087642,11.104720088168468,5853.228065411335
7770,5864.281559113131,5870.259709851879,11.393928329733551,5872.676722006281
7908,5866.1555146517,5872.076803745381,10.853804779259507,5874.5926000204
7067,5894.806326159934,5899.448257615728,13.506596305825452,5902.509559263332
7824,5945.738693073245,5951.218220713504,11.133272023777344,5953.476361380277
7920,5947.51184265146,5953.130593185628,12.217488691381641,5955.368851882134
7767,5992.75591785424,5997.223590987773,14.555788513552763,5999.945633551188
6974,6001.229770513229,6007.001824549566,10.768410400260805,6033.275545488583
7070,6104.183373116096,6109.56227413379,11.5843322886915,6112.6334229346
7785,6128.167685433203,6134.054030984081,11.079569867391994,6136.493546641627
7791,6130.189201113604,6136.006323851732,10.849921063432868,6138.441953491674
6979,6191.147818680673,6196.148908956376,13.796363742327442,6199.378098024852
7076,6201.806114887643,6207.1060556532375,8.570065476577762,6215.835369567858
6995,6260.9211136703425,6267.015604575099,10.608094364503371,6270.187564652641
7811,6323.176509398388,6328.202797156345,13.397572439514198,6330.181726361263
7066,6345.7283061483595,6351.0900610144145,12.240627950016679,6354.0615197829775
6986,6391.680103650265,6397.45118233328,10.837398029214278,6399.860064236983
7826,6393.723293716432,6399.302909914448,11.042185512506395,6401.694923680046
7075,6554.177529490089,6560.50826262359,10.90511925227705,6563.857179569068
7085,6602.790046429446,6607.018411896838,15.025247168902041,6608.757430601171
7073,6616.422472799997,6621.281530199394,12.616106086192923,6624.372204321629
7059,6653.984573521443,6659.355848587321,12.49265924807703,6663.281703303376
6988,6655.789578057253,6661.182521293139,8.560377860872883,6665.688613260707
6987,6724.771640781435,6730.279830207657,11.84615406415227,6753.21367659889
7789,6790.697048244908,6796.38282486913,11.382783198257878,6799.53368869957
7769,6919.535680132973,6925.177259825682,10.909897479953909,6928.185183400682
7804,6995.81452756243,7000.5510525591035,13.773878235468413,7023.238705738304
6966,7000.56972796149,7005.4519867941635,9.903818931185242,7025.7096577402845
7774,7057.057702105478,7062.429330287718,11.120074144135149,7113.180394270901
6991,7183.552964833689,7189.00455841022,11.735975317030242,7191.8749732162605
6981,7248.536446593089,7254.076120183975,11.926023838138239,7256.914211080652
7819,7315.177842090013,7319.458715744797,15.674170619373937,7321.190406174672
7917,7316.80948797297,7321.114000171471,15.297522286395372,7322.864404369434
