1238,190.12608511175407,193.59684895311094,15.004335420404406,198.91138166872804
1274,192.8668556797463,197.52181459530348,10.669309262962878,228.3690774526121
1376,323.19932660864697,327.3277691547678,12.63503674800322,331.3503634115438
1370,325.39427870761,329.4904490235217,12.71142278339071,333.68196776610125
1290,375.3111141338682,379.20592471755594,12.629871670832813,384.3411063138779
1249,419.217956121179,423.4417506423285,12.152051834509326,427.71551098614145
1302,420.99075181787424,425.22659209609475,12.097224182356715,429.5350977052438
1236,422.7502701065797,427.01027481929356,12.569818584882094,431.30102581097367
1246,488.15045631504717,492.1474247420379,12.479222878806599,501.4252908137907
1371,593.8390930220083,598.1465281030374,12.227688579177709,602.2970964098545
1458,596.0686689203061,600.3929988610212,11.154731015206625,604.8367027675666
1235,597.9195318731854,602.2901181838232,11.277441401804886,606.6971495457553
1215,604.010417971353,608.4373134260958,11.955300188431975,612.9164391907676
1244,605.9225058212277,610.2501230682542,11.428104231957086,614.6352386983694
1245,607.7103597021573,612.0597097143578,10.424591580510127,616.4110744029582
1298,773.9966537168667,778.2046134005487,12.14049972701447,782.3475036842594
1217,826.2817416444728,830.193011113055,12.678026594820505,857.9632686669165
1270,908.8233729429235,913.4585351449598,11.051936891431883,919.3211597868551
1300,955.8711009415298,960.2674088496518,11.54936785895943,964.6041261156233
1221,962.4446605006395,966.1718178439079,14.62772493876498,969.8346293118906
1268,1015.4986616991255,1019.4164090117824,12.66593812177588,1038.2420677198893
1269,1047.4054160702754,1051.459995101567,12.424916016303303,1055.7447954558381
1250,1140.177929434192,1143.4686407684344,13.350207684314292,1147.3293216418201
1231,1181.555808319295,1185.356692499149,13.247806241308773,1218.4796709053091
1457,1225.319843292068,1229.550333684434,11.272735369907714,1233.7645436196126
1301,1296.3418014321576,1300.2188117973656,13.440172951037649,1305.1322184709659
1213,1497.7633801731304,1502.222033382153,11.988317804439795,1506.7002726332664
1456,1499.6292995478575,1504.0777452039474,11.286244309540606,1508.5489063309262
1387,1501.4267182808508,1506.0113541622343,11.805149105985132,1510.2551206458688
1297,1515.2650986101453,1520.2921094389476,10.932936102816297,1526.3235445765943
1455,1676.1850410094514,1681.222642326092,10.591741928025598,1686.2121536478608
1216,1694.7024183095343,1698.556618300068,13.746883355744384,1702.2617380272811
1237,1763.4876378333558,1768.0262914527784,11.291472475485183,1772.6594387762684
1255,1858.9428341058608,1863.1478803110513,11.304203591475831,1867.8483208991865
3218,1905.423340905664,1909.4293574376698,13.08374347669285,1938.339157321237
3278,1910.4235292431845,1914.2259897744304,13.17318619489199,1940.7964897356544
3212,1944.5211504658973,1947.6575589580495,16.28929348624904,1950.778203312289
3256,1996.3122062461716,2000.5212019689316,12.705402106257795,2030.6036776046108
3276,2001.0858233912984,2005.292252149558,12.041471931604901,2032.9664415863342
3244,2089.609271369269,2094.0794159381894,10.7643840430254,2118.3868736704812
3220,2172.3555749324955,2176.508207513545,11.914216977258102,2181.649400632514
3232,2261.3423877557343,2265.252256969233,13.244973631391899,2270.395624963189
3369,2308.3091206661215,2313.222366061918,9.998305847884653,2318.2153063855326
3227,2310.1694985059503,2315.1598620814784,10.679302173810566,2320.0493451963725
3268,2312.0181817177063,2317.153020620989,11.160080511697993,2321.7450323051953
3455,2395.6277899549714,2400.0106273480205,11.475555390285704,2404.478435434068
3239,2403.027678300162,2407.3066517472753,12.323380558244661,2411.677149582698
3257,2576.019975403286,2581.0248128079593,9.952118819506245,2586.07712813822
3284,2716.0249165848745,2720.2880977320233,11.581500447893834,2725.59287385904
3253,2717.7694870454243,2722.024020904461,11.914271805342114,2748.188114043652
3251,2809.335863281455,2813.247853419085,12.666627689875131,2838.590309891308
3373,2843.7293541122835,2848.4487027951204,10.54666210776396,2853.1843919209728
3271,2845.5100718766416,2850.2723307183383,9.824658382996535,2855.1562225952443
3279,2893.477557669065,2897.4853380238715,12.481773149264262,2928.786573558625
3226,2895.176830447817,2899.2195368350267,13.172936527246694,2931.2615285259167
3301,2995.346526753594,2999.0949474334984,14.364349861137137,3004.3299980890047
3221,3024.7532169764627,3028.5226802806355,14.004292142798347,3032.239529910356
3378,3205.5693805049914,3209.607486898566,12.891417116798413,3213.7664821744356
3238,3249.0157977200433,3253.0501293058087,13.48439571676454,3288.7632633238113
3231,3383.4694164966477,3387.287261890029,12.616736448050743,3391.16943675406
3250,3396.9118342657425,3401.392600561816,11.637485897862275,3405.8023932327433
3297,3473.508565782402,3477.346210797993,12.939922272869001,3481.2087954278095
3229,3563.276497280791,3567.0850181641295,13.361361294596373,3570.9831414296527
3246,3567.7797699254616,3572.4109376959036,11.600667210872297,3577.1701881592035
3234,3577.940958214602,3581.5762016901413,14.022729493839382,3585.212963526132
3230,3584.317412675144,3589.033959112353,10.683465843127532,3595.010537771655
3233,3608.7075795786764,3612.594014787931,13.754456778790596,3651.196899291125
5302,3655.6542598016335,3660.179617460783,10.872048438552767,3664.8360456038745
3453,3743.308725495368,3747.373564624902,12.21829324190378,3751.4049771928076
5286,3788.3460896279666,3792.4476187786177,12.039003150916184,3797.789671919294
5270,3790.9989379614344,3796.0880412901097,9.405195237828513,3828.197368501571
5305,3832.7957504893975,3836.3423783848416,14.38180885406037,3839.9351437080404
5240,3853.82536403099,3857.395996545833,13.839799735532424,3860.952616380985
5242,3858.2997317465915,3863.019200328447,11.187350904227426,3868.666601000417
5225,3923.8089848911145,3927.280872047013,14.926727796659323,3930.70110648453
5231,3926.11127126697,3930.1065230929876,12.796512268799313,3934.076605048235
5260,4078.181370722718,4082.135948382386,12.873120111904052,4086.9108164294635
5392,4102.723069256274,4106.299844739445,13.722340041839129,4110.027423252423
5460,4105.430456171194,4109.546817644258,11.886702067745766,4113.7356926977745
5464,4107.415909840382,4111.374927074194,13.302343160084597,4115.479147303796
5308,4109.590488412304,4113.545134244242,13.032046096505347,4117.538070267333
5379,4193.517444768104,4198.129680353252,10.842959969468275,4202.729103799628
5237,4274.321531663089,4279.252348573659,9.884985353734631,4284.2085784887495
5233,4293.08638499877,4297.325476902961,11.675122679023008,4301.496201308491
5283,4328.801705143346,4333.352469535721,10.541368617626617,4338.946094538109
5297,4418.1114924655085,4422.099913637589,12.817288111150962,4426.9807256376625
5222,4465.264713065993,4469.469355770902,12.392564329345666,4473.6899089670815
5304,4552.939304191491,4556.337032346782,14.8938145375002,4559.875039843667
5227,4555.44857958955,4559.564490510089,13.060288040030432,4563.655908903469
5249,4557.211095715017,4561.280618373434,12.131377302751675,4565.302970828574
5228,4643.502473707175,4647.296362021684,14.223685167144119,4650.959699195861
5462,4645.371635254403,4649.038996686818,13.863931759024979,4652.7421743318755
5234,4647.978057459622,4652.470661570089,11.122522505331954,4657.258606574612
5219,4651.788570089128,4656.46783773136,10.62011295584423,4661.022294315526
5394,4735.893181123702,4740.33301835061,11.500296205420778,4744.815403152643
5284,4825.435804999971,4829.125922822393,14.347189660483707,4832.790206738952
5389,4827.3652498117735,4831.217699328105,14.066576276927902,4835.045589280517
5261,4830.757191767896,4836.136191980107,9.505166993236077,4841.4580470465025
5282,4832.697527519173,4838.136364295673,9.890285313897023,4843.441614296116
5244,5003.111482008196,5006.443493482455,15.515696105201355,5009.814283697999
5217,5029.368521119912,5033.195721087746,13.600525059016737,5038.586035812276
5235,5031.545700991614,5035.549670017044,12.407596202456551,5088.416356820501
5258,5097.470461198693,5101.490948656994,12.942265118335106,5105.5266667588
5459,5183.371944568514,5187.565045525263,12.262517741167784,5191.800685443565
5245,5254.278286495321,5258.472573308326,12.858794783337824,5268.356092096842
5253,5318.973818685355,5322.621362801845,14.274076842665078,5327.730485557155
5239,5329.476013438573,5333.480123186021,12.919635362160575,5358.840873272771
5298,5408.433062780832,5412.000019973289,14.17511843272387,5416.930517175948
5259,5411.806350807851,5417.143700981498,9.956640945092829,5448.25134681037
7257,5463.951275547803,5467.3044604389,14.69225320710051,5470.732600452243
7249,5498.29083459341,5502.279596199641,13.19826614960088,5507.390640538073
7299,5546.938390554525,5551.200460076285,11.871486564965407,5555.41303927694
7240,5550.176580284597,5555.08327414221,10.584847483371371,5559.978477321853
7237,5650.373125500382,5654.23376007006,13.406503467131104,5658.099991932212
7459,5723.420876791378,5727.011991172954,14.782119858310772,5730.616296639173
7239,5743.924703411309,5748.293763252243,11.495619502148024,5752.639507404392
7275,5768.058196493047,5771.551636204449,14.914231770116823,5776.570571877122
7217,5800.138709769441,5803.467413873319,15.870160219386879,5811.196504181163
7304,5813.417942525813,5817.5226414746585,12.771335666380974,5821.522147875503
7454,5903.471887557042,5907.4956819621675,12.332585268413615,5911.4805057909525
7245,5907.4508183414355,5911.46306577814,12.51966912924175,5915.513706856698
7223,5948.487049452159,5952.386767369193,13.634924170513516,5957.976544418239
7274,5993.870122653803,5998.469528405788,11.463741261931048,6003.084086647399
7238,6006.4872958442,6011.200280695808,10.731784484513062,6015.987616046071
7266,6039.393688204384,6044.273188660366,10.437205950417873,6049.783193139872
7264,6041.201785546212,6046.1342653886495,9.621724296108567,6078.594325227012
7255,6062.842217803225,6066.339232123888,14.895836313601452,6081.269314782562
7374,6086.338731945361,6091.048216530521,10.897539987567866,6095.912193084955
7392,6173.264170539871,6177.0758471722265,13.879922344722452,6180.862934777548
7219,6199.66393502778,6203.25769242321,13.368581210695194,6208.4379698972025
7232,6264.166782403528,6268.536786204636,11.414678354714887,6272.923794749008
7455,6278.160091500287,6282.130839155926,13.448324228891344,6285.98193031803
7263,6301.316732697247,6307.039390995694,10.619690143327334,6312.646574564505
7256,6308.687949059643,6313.408572874168,10.658600616501472,6348.171143762993
7394,6355.555296146801,6360.1601298055575,11.618357978260349,6364.768531156315
7234,6623.099207196579,6626.638208768103,14.794869159888973,6630.152432166156
7241,6683.122835550704,6687.359093726654,11.817922100499112,6692.6297775593985
7288,6779.966144407178,6784.259699057984,12.759699060191789,6798.419489168584
7214,6805.943109431215,6810.3067023942795,11.66581286689478,6814.776237745975
7268,6821.471224681814,6825.03713161004,14.474431241695587,6828.68852417685
7220,6824.230361019505,6828.337148701549,12.032346372500465,6832.427286279736
7261,6826.359994511411,6830.528212688515,11.986859263304755,6835.812043513472
7393,6841.635896725943,6847.602026504583,13.452124932445065,6888.115038811093
7246,6895.23372958006,6899.414901673455,11.872487976341517,6903.726448657173
7244,6950.917617971004,6955.360219778256,11.18660955919499,6978.415646291128
7243,6966.753125123832,6970.301637973631,14.220286983548295,6981.042419203071
7389,6983.658440854741,6988.369433976753,10.981360757417907,6992.989144525027
7279,7029.28309945981,7034.388022720473,9.911833795056681,7040.648939039052
7303,7072.755154027949,7076.541942436851,13.51284387459196,7080.261927616969
7278,7074.787204559774,7078.471224065038,13.923077692341746,7082.081788020888
7300,7163.1568144187795,7166.546130643151,15.223149240505485,7169.91728286445
7251,7189.177220033069,7192.51603138706,15.61483200086631,7197.91873288571
7375,7343.112543823015,7347.007444870004,12.932938829477544,7350.884875509932
