1382,244.1582094689857,245.46331233670156,14.280716165214912,246.77443449949484
1644,511.1194397542509,512.361306737599,14.571106575410878,513.6116038832606
1384,782.7922299431435,784.1729015775504,13.048973754279043,785.6146388369177
1373,784.9613494835149,786.4080010018607,12.262947977804586,787.8704387932655
1642,1683.538396378469,1685.1125650943236,12.941511458272185,1686.5644609036794
1543,1774.8068710041757,1776.504708097628,10.453733377640562,1778.4416757524496
3235,2314.6798685501467,2316.4745403001425,10.109553134280398,2318.6932305268674
3649,2490.3112274237815,2491.5988480498863,13.690656445496904,2492.9162379801814
3663,2850.618515921479,2852.0261050182285,13.313407543781649,2853.40426666564
3375,3034.2151589078326,3036.080146698178,9.316888594094566,3037.962299054009
3381,3213.7103676506435,3215.2558635222144,10.584796416569327,3217.8175995524284
3389,3753.3988050453722,3755.114384241692,11.069648761843622,3756.8000885903202
3647,3841.7638922012025,3843.4007387142933,11.28697630141591,3845.0185818010664
5236,4020.875265924495,4022.2762397273727,12.856991013471816,4023.6876637735304
5545,4112.4102502727,4114.0897148694785,10.829681809229571,4115.778210555846
5528,4565.510871748721,4567.250728174444,10.256605871822805,4569.164120474967
5655,4655.771108987596,4657.346255535344,10.70699342471435,4659.013490727148
5554,4829.034173718119,4830.19697082324,16.14547135846002,4831.336363342682
5386,5553.956387012285,5555.486000565513,11.611954366471863,5557.00278489186
5658,5641.881628697367,5643.473802265602,11.43982309888991,5645.010726960303
7658,5910.172424993459,5911.406989635665,14.671518914806265,5912.642335698955
7643,6721.060527459544,6722.503968582058,12.517710979149378,6724.015886025096
7378,6996.243118444705,6998.138325848577,9.339970849908864,7000.160849365272
7376,7085.139429005501,7087.045928170397,9.474450038469769,7088.960508037057
7672,7087.133408068358,7089.02220690228,9.381591157635038,7090.893973102659
7551,7089.1466533510165,7091.0248072510285,10.079280559284763,7092.945250539744
7669,7172.777031176777,7174.4935717118315,11.069180701872373,7176.150485240259
