45,277.5322037294525,282.2072729988364,8.513395111930869,317.9632833829814
2089,1897.3022659552926,1900.1757095899036,13.09163635695358,1902.9832569102632
2038,2093.0186824148864,2096.2770390151245,11.013876850316615,2100.151904326313
2048,2347.1172419498025,2350.1274139843845,12.600379167774225,2353.9000275314834
2049,2813.7852257593895,2816.566187523485,13.812828616545952,2837.7688682238895
2033,2891.096554859691,2894.4524887403354,14.543500755912564,2928.240969003581
2060,3431.1587633027816,3434.025304660841,13.741472372344678,3437.529757692032
4115,3875.2051759024066,3878.1959602785228,12.621239858565113,3881.820422746772
4089,4074.1306233914847,4077.075901544045,11.974741649914929,4097.927832202686
6082,5864.59991581384,5867.541113529184,13.047446528003514,5871.17182300114
6047,6305.309864877006,6308.1289178803645,13.973613956270237,6310.703378830299
6044,6935.259322648487,6938.144932460913,12.616511157392212,6940.868366913576
6062,6939.312593023232,6942.331300969707,12.01863002183812,6946.089460774693
6065,7027.161459049582,7030.259926129176,12.200946445318213,7033.897423880861
