1206,228.53874268458532,232.2468361621294,11.901369758003987,235.74801195289078
1318,881.1899661453805,884.1983682551634,14.916576685328414,887.2345794534457
1208,886.7281859354056,890.3315057022791,11.613643197528296,893.8728185884737
1340,1040.5982627483263,1044.02769695733,13.015478438973636,1047.1658830939389
1331,1225.97818616635,1229.0884720384106,13.521013848729595,1232.1725236929715
1187,1679.5045309342615,1683.2354892541464,13.558469015747962,1686.1915624885921
1330,1760.9873603382848,1764.3075268001849,16.560718118598047,1767.1749993367557
3204,1943.1047847445118,1947.2697220034586,9.781633880446542,1951.0572689291691
3340,2210.669588754468,2214.2254704906886,11.88039712137222,2217.8128197162564
3332,2212.882307161144,2216.328196923464,12.609177102340524,2220.1898420243883
3192,2214.8871507345675,2218.3361495495487,10.589180841787261,2222.269033802605
3188,3572.615809661196,3576.381106186591,12.451410177214791,3579.995391080437
3194,3660.4399926305514,3664.1870563412185,12.851265669926873,3667.6903123654965
5206,3828.749318202627,3832.4819155852524,13.071191429165449,3835.954979511408
5323,4193.55328880424,4197.043044914632,12.267376156642573,4200.607571450642
5341,4371.790259267688,4376.3789993643695,9.552208663446033,4380.106113310566
5196,4640.679212959797,4644.423289125631,11.486135794278855,4648.003351749053
5332,4828.793515795461,4832.5127653500385,12.388701029485047,4835.853546088689
5321,5366.739056724614,5370.227491432116,12.680525382744383,5373.796113909414
7322,5643.84481552359,5646.569909173238,15.194121939792167,5649.8784137465145
7319,5987.153616019874,5990.459183964154,12.548992085813971,5993.897241989795
7204,6818.6860224879265,6822.546589943441,11.243082470345618,6826.063886381767
7325,6820.623349585201,6824.499591635218,11.7975652564726,6828.242226564838
7210,6900.826312268529,6904.497787174828,11.891869820489866,6908.234793084921
7331,6902.932430724312,6907.431837705467,10.215764520239944,6911.267412043976
7330,7166.947855889065,7170.246974117057,12.530209949818543,7173.643565807697
7326,7250.496679780424,7255.003953584791,9.323553401694182,7258.952385793464
