1760,107.25305399911346,114.32920229845233,11.693739816000333,122.06165042494595
1916,188.04801890218346,195.45059213244156,12.029994042133962,203.69044182185516
1873,190.17232135353274,197.2588698800498,11.936893276363563,205.3458635377392
1940,278.1328488822631,286.26336791265123,10.031143110491195,294.7176352438855
1769,279.9993421815186,288.1919516038186,11.293007063727158,296.61364357612575
1920,363.9526678588957,371.3262579576518,11.647335563019258,379.3903779919641
1875,454.189981437738,461.22151719939615,12.244002460103024,468.67173387848857
1947,463.6457193067572,471.2235377447195,11.038660819226344,479.22176840175797
1919,544.322844870021,551.0318685864977,14.455356000903203,557.6798161910301
1783,550.2214777971864,557.5263700914315,11.82227520942237,565.9117652959183
1892,554.1383965135217,561.2320129457497,11.380613185675077,569.6449222716434
1864,634.1489739510433,643.3036825751707,9.43877845541408,653.5526443599584
1923,636.1846469095826,645.3443476283342,10.086143182240308,655.6117732295697
1882,638.0234147713893,647.2128011389618,8.945896585999478,657.6858304208896
1782,730.3741285884508,738.5005519822723,10.563097319671764,747.5249850886072
1785,912.3475898046045,919.4721549633668,11.596097156259125,927.2897056946738
1909,915.9224640966231,923.4028223734721,11.87797121306171,931.6717797605867
1879,1007.1321905325004,1014.0926330065861,11.959121714700018,1024.0506495727677
1976,1083.1460739185918,1090.1405801056355,12.655788640595523,1097.6518554748718
1933,1266.5247621889587,1273.3640508377405,12.32933850187183,1280.8603036922225
1869,1268.4033056499377,1276.345712074754,11.652148284352505,1284.7918670734243
1949,1274.2462246024731,1280.168018085794,13.748253470667272,1286.9989201241765
1041,1295.5357416057495,1302.5226260223087,12.73381332295273,1353.2635267674978
1883,1448.5650020600194,1455.2983061388643,12.094125357087249,1462.8339514829677
1776,1463.4945300786505,1470.2392639028383,13.239946001779213,1477.5650932702451
1911,1630.3835014852261,1637.1376787747345,13.179676971119799,1644.465810026107
1762,1632.8822998883204,1639.5492542342167,12.941459563941246,1646.9699857998867
1794,1642.1212650187902,1649.1959470506988,11.623805756927883,1656.9818890393965
1885,1808.3251769501048,1815.1763839224961,12.27412469974943,1823.1178296235887
1893,1894.3409606411585,1901.5870486508281,12.606898087075875,1909.274883015647
3918,2080.5248463118946,2086.4834130064296,13.795351907522525,2093.081398704255
3891,2164.0652568137843,2172.3008387153923,11.321817616305005,2181.0121637596344
3885,2166.1031979674517,2174.181403328031,11.086642902623504,2182.8439354990815
3788,2529.71952595091,2536.474227635008,12.884912535044819,2543.9313498436854
3773,2706.579275457957,2713.313722589212,13.488014228164726,2720.4661980105006
3870,2708.5844545321415,2715.327586893343,13.220385871570972,2722.6801885885866
3822,2710.383738078022,2717.5247022185804,11.543204439074524,2725.2967957453457
3899,2796.5266576821537,2803.0580344888194,14.150092513997459,2810.0889822893964
3879,2800.8983645129642,2808.3768061280657,11.326573923317849,2817.1852324022348
3776,2892.962422324232,2898.3308408480016,15.695890328043635,2904.196563448651
3800,2974.1409993841557,2981.294266734658,12.018010081779469,2988.8501935909226
3889,2976.273290175339,2983.101447617023,11.840460345112676,2990.465132653795
3908,3067.903943089586,3075.222989971483,11.090775770837727,3083.8612833363604
3763,3069.8675745320456,3077.1984150210023,11.856075437656559,3085.5916447511827
3872,3076.3065918962034,3084.4971299124422,11.315183913221485,3093.5747704311607
3799,3171.200960659034,3178.065394535535,12.478757940755385,3185.4506036012103
3924,3254.141995641095,3260.523662247748,13.006543208392182,3279.9518039025334
3823,3336.3884567851205,3343.092597093038,12.815694260468392,3350.287534767034
3897,3346.0718741774244,3352.5039043370443,13.407605529410416,3359.503126880273
3779,3424.144702399242,3431.370542613849,12.169099204201583,3439.3104272813266
3772,3426.2401601168162,3433.1321557764477,11.724932733804774,3441.4715918270376
3782,3514.246860111313,3521.237958850323,13.209378973019911,3528.6995532621713
3888,3518.0962835731725,3524.603119101745,12.997702528322627,3532.1409612156626
3791,3520.293798790302,3527.0744970697897,13.13475993610581,3534.5170670609327
3910,3534.947009202341,3541.3310624402156,13.33349834115903,3548.48499279926
3771,3610.4044774227887,3616.4442653518486,14.152320814117626,3622.9875775071546
3914,3615.998691681115,3623.3073995624845,11.188305181838043,3631.429495368378
5877,3705.470209117247,3712.518968668694,11.605428453352548,3720.2705511385734
5794,3713.017665931288,3721.008129176185,10.589097044074608,3730.6637390071887
5766,3788.3669827711465,3797.0234686976696,10.047396979156547,3807.0520714089484
5932,3805.692688012637,3811.4558373896175,14.55271266041102,3817.80439468765
3044,3813.136988856229,3821.190639366695,11.224972212843808,3830.988814400625
5870,3874.290066876246,3881.2023512955093,13.135954978527177,3888.5067401152355
5790,3888.4811391495705,3894.188540118913,15.340941357789466,3900.4752192798965
5044,3909.1186140237432,3916.3074610354,11.806589422582858,3925.455852527787
5791,3968.3157710282094,3975.509519014273,11.693215308583044,3988.5121472693268
5878,3970.2099820549715,3977.2913434542347,12.608793648858665,3991.3485795609217
5761,3972.0696753069337,3979.068781469741,10.751892414720926,3993.4826248664353
5775,4060.414100031036,4067.0672987328117,12.992061393010923,4074.280785696358
5872,4063.987059423693,4070.5210514581163,12.877826197805438,4077.8710285541483
5887,4323.96814468956,4330.3017093343715,15.285180796688064,4336.894359845989
5904,4427.535863179269,4434.150774894059,12.135453199648273,4441.403576922174
5891,4504.701317058782,4511.609602310747,12.919527505016166,4518.852010614253
5951,4506.767431725162,4514.100470231113,12.349804031469697,4522.15212114742
5765,4510.646295900851,4518.2527340795905,11.763681502670275,4526.687415823548
5946,4512.456957209186,4520.090334375387,10.861132092870637,4528.61767568911
5047,4539.784841482561,4546.530108472485,12.585376654345017,4554.815578765415
5982,4596.172121898126,4603.022059315105,12.363939411875881,4610.5250772218415
5784,4609.277408664948,4616.488006793265,11.888156499559516,4624.622016594688
5805,4613.527436652835,4620.209592876399,13.107282846586145,4627.639073295484
5767,4688.086680142576,4695.367867302389,11.949769753378314,4703.495404183873
5898,4792.845994482219,4799.307736941915,13.064014065605823,4806.484217609698
5866,4864.10321146122,4872.0928211708715,10.89101353642547,4880.653596884231
5889,4874.997263571178,4882.497080762352,11.405537059165356,4890.681024786279
5774,4876.858463609285,4884.363562749999,12.29172154617005,4892.6421960016205
5778,4880.586622243402,4887.1256344262,13.69088019443595,4894.7984089834945
5871,4882.833138632553,4890.358593953086,12.025541713253816,4898.463754350564
5787,4960.653402026213,4968.416018031735,10.01632675263096,4977.3361581680065
5876,4962.467741430811,4970.39854997804,10.948868556930728,4979.163760505579
5783,4967.696820810998,4974.482964752174,12.289525147308199,4981.905230471677
5912,5047.622871660426,5053.600741311244,13.937671683151304,5060.777992074146
5837,5054.63618658828,5061.508418272893,12.709860526149727,5069.137386847528
5781,5133.800948474636,5141.078210193543,12.723000022365449,5148.739003869946
5875,5328.663605592225,5335.096001572581,13.663388769794475,5342.259774679484
7770,5586.542286839609,5593.401163882724,12.03366719223154,5600.982734440002
7826,5588.618853947445,5596.036904865711,11.235467241379242,5604.12897690339
7784,5602.99508849848,5610.030897248726,12.454745908600211,5617.443376715975
7764,5943.966286220081,5950.646790325282,14.45830069230811,5957.482961880553
7934,6034.235624367545,6041.132793023017,13.319474123126305,6048.478664078902
7753,6036.213631137171,6043.511736191304,12.275323350529423,6051.840558845265
7893,6042.489305112756,6049.169512508694,12.34979132738851,6056.467077384125
7778,6126.230949889775,6134.4329190788685,10.553235740340394,6143.772975363426
7767,6142.486000194569,6148.424015577349,14.736380995833276,6155.014473908007
7779,6308.08284217908,6315.410555827255,11.441134676960301,6324.327808268378
7872,6576.281982370188,6583.495704654103,11.773341458921747,6591.286546314908
7886,6578.182422120711,6586.245665141157,10.53997850749646,6594.686363881165
7928,6673.33201713491,6679.302449437847,15.22312318117694,6685.709962559922
7898,6767.894979166007,6775.356994950065,11.011305263421342,6783.996004496625
7888,6771.552394736777,6778.5184020584475,12.100094389201738,6786.310438493454
7874,6844.1572545988465,6850.432116766193,15.90855964351754,6856.337132798819
7867,6934.1061148167155,6941.244655986239,12.766573543259542,6948.953843244605
7782,6936.542698491407,6943.193619431832,14.220295950765887,6950.931089781489
7900,7113.707571402276,7121.05621366867,11.66665351946162,7128.973956301011
7792,7115.7442171813855,7123.276381957322,11.377705556079926,7131.2926051613595
7776,7118.006792734409,7125.19580989797,12.289027821190636,7133.1497399230275
7781,7136.132469544847,7143.526269860227,12.13068875903424,7152.652051064876
