1463,233.07202481608525,237.116015775763,14.404844408047746,240.35326996733738
1726,497.7308934157839,503.2707237082682,10.005416198832254,507.7782843985248
1472,530.6726400894665,535.3724566028903,12.205516376138537,540.0522132886067
1371,562.7098872610288,566.3475405611055,15.296190641616416,588.4434431392635
1372,826.968238248939,832.0169792795325,11.127347473609701,836.7135494675333
1384,834.9728683997627,839.1992202911107,13.182658021439394,858.2872188631676
1457,1006.524296291635,1011.3259683791615,11.574965171315547,1015.9427353839233
1729,1037.8755923411707,1043.1500391159154,12.076396924620031,1046.9848849806792
1456,1289.827209101887,1293.617672465657,14.222839217208588,1297.9133063048184
1466,1398.698142749343,1403.3818042006453,15.150562159481552,1406.348063068438
1721,1404.0583761343703,1409.4807956297182,10.536395335839503,1414.0131239671082
1461,1423.6209538838984,1428.247787832177,11.803432989810615,1432.1359691928208
1704,1581.8418134909107,1586.6227884032962,13.878983019280193,1590.1278417846409
1469,1648.339992416638,1653.1053108674023,11.587217724443468,1657.741538691819
1451,1825.1097935670964,1829.2915080871912,12.793391449812624,1833.6219427063681
3707,2207.9849267148315,2213.2391497880394,11.087409236092356,2217.523486167132
3459,2298.6094558550794,2303.4250050776186,12.946086945898383,2307.034044182964
3713,2387.8443664495535,2392.6441441780726,16.007787592634,2395.6480150157154
3375,2460.5057946269585,2465.3741057217803,11.356015370122625,2470.3356866950403
3454,2478.587302560026,2484.2220163143875,9.503554555325833,2488.712418447612
3733,2567.644511635087,2572.3303578984946,12.62587438843685,2575.7767673131757
3718,2658.386375169015,2663.2284570191364,13.104375759130457,2666.750910919969
3472,2662.8558941847464,2667.0351934227324,13.537785560608471,2670.4172120477638
3464,2805.5341370262554,2810.2258037389333,12.018928954556005,2814.7551211553987
3373,2837.0228780019397,2841.0852269401576,12.949421002689764,2844.5031153031478
3457,2869.4993785769384,2874.387900148486,11.909640016899194,2878.9989664263544
3712,2928.3081535250217,2933.346861465718,13.557463248705623,2936.732845786312
3458,2931.3585123698285,2936.030123802295,12.477088842376197,2939.605829852364
3465,3075.0369999784784,3079.5211504778654,12.778111759582176,3083.8672040331303
3461,3227.6363922905657,3233.2730123992856,9.426421888925088,3238.8603934158778
3727,3288.22678634495,3293.3489714205075,12.163053398371158,3297.1833753763494
3719,3290.3684199723375,3295.0865032367483,11.329416670352348,3298.9618045541397
3737,3467.865519105968,3472.5816549759015,13.244017582650816,3476.095031431293
3388,3648.585530503884,3653.459648740604,11.803016907481735,3657.4701028375594
5370,4155.5923593424495,4160.0464977454185,11.343537063428208,4164.818766946576
5459,4167.601807688208,4172.174599948621,12.08421994072772,4187.877358866794
5727,4188.196852096258,4193.135319767577,11.918045597693217,4196.987612307615
5466,4206.287584429501,4210.529638364587,12.722489569136927,4214.067923795121
5456,4341.602342407065,4346.431149523473,11.465082270461735,4368.186880881973
5464,4696.394680720707,4701.488466996182,10.987146822360701,4728.711834567343
5386,4800.279953430198,4805.022160348911,11.727250818764883,4818.31601351197
5467,4908.451398544308,4913.235820979226,11.88401539351176,4917.1812594192725
5455,4965.248295901585,4969.590841555885,12.309764031400116,4974.527472116602
5717,5088.255175850358,5093.034250101781,14.443822412816434,5096.14075509294
5709,5090.461034083558,5095.060807522258,13.508940432076333,5098.509222601729
5375,5234.347190947014,5238.236091595513,13.435249816551016,5242.6737407081755
5721,5268.306930593712,5273.493970183419,12.34073108592645,5277.245405631852
5474,5358.278338245814,5363.269307054179,12.693325199755817,5367.029171698489
5734,5453.42429246782,5459.238169470301,9.498373770671579,5464.253860799957
5707,5537.683915949213,5542.314334472275,14.366043436699577,5545.487650217958
7457,5595.5168223234605,5600.144670721106,11.41287961053934,5604.853737857832
7461,5809.1685626423,5814.113405705832,10.994972151838784,5818.074659460065
7456,5813.703791549049,5819.064168420166,10.239627994109616,5823.505174271674
7380,5835.033676787988,5840.075360880903,10.369859179688461,5844.331918183984
7371,6066.485942573078,6070.324475780294,14.765490598824782,6074.665391237449
7464,6107.643664174434,6112.37452790117,11.19624115773587,6117.531055859689
7737,6168.13188774155,6173.110269367371,11.364709805726633,6177.05220409554
7387,6305.64120666172,6310.369227463802,11.10058687554631,6348.335727729062
7466,6348.985506503072,6354.05585099542,10.320300079807645,6358.345450048061
7463,6405.47688751632,6410.0457274691935,12.303766679701548,6438.359277872989
7728,6438.050773464361,6443.268902561844,11.687416492528818,6447.130594804931
7379,6598.169647947296,6603.0116040863795,10.6592738782564,6620.743339172877
7373,6602.79198741043,6607.343353677935,12.123250004627224,6622.942835382291
7717,6617.701098051853,6622.287035532952,14.82625436924384,6625.523762533725
7711,6708.457360062963,6713.455478829788,13.046720158542158,6716.961836202126
7374,6798.389424370551,6803.056845425465,12.099359007484466,6806.7555764989465
7376,6958.368285471541,6963.148498262928,11.763915537873501,6967.721760777571
7386,7070.447793439522,7074.549632393487,15.602638098064624,7077.587407471913
