354,59.0,69.5001562444838,12.142059488595068,79.32496002172168
173,201.0,210.5797338043866,12.76078897957454,220.82478030400694
230,209.0,218.31860680339508,13.570190123613038,228.4440204260262
216,331.0,342.1528351862081,10.992201668220142,352.4896097405126
301,508.0,519.2861714520631,11.363358304598309,529.7472314817065
362,537.0,547.3069588668159,11.585204267823384,589.0319231583488
359,611.0,620.5311568555713,12.537027683088278,630.5657532200338
378,634.0,642.360653499186,14.840061854287631,678.5607881679299
235,660.0,669.2624353810897,13.022049333896108,680.837797554395
346,662.0,671.0850807240545,14.375516218965528,682.9706828029229
293,760.0,771.2875376580196,10.13592860380238,782.0450993317672
265,827.0,836.477628525107,13.74823769290989,846.56948220888
258,866.0,876.0749068640238,12.878324890792653,885.1086609951924
186,872.0,881.1375972715725,14.314809682570566,889.3012670484557
318,1076.0,1086.1694795613248,11.928883615010486,1096.7038817682537
291,1205.0,1214.4151553320858,13.376296560099773,1222.8682855579705
373,1228.0,1237.5546671583704,13.458496825493196,1246.381325359476
303,1246.0,1255.168103018835,13.230753425729093,1264.8104419813835
249,1258.0,1267.177237840744,14.34329194782847,1307.9359644444103
218,1271.0,1282.340458806193,10.023735831206503,1310.705786428196
370,1546.0,1556.3770258628697,12.317546532365197,1578.639983998076
390,1629.0,1638.4921586732328,12.624360648324517,1668.2671305552653
262,1653.0,1662.5609518654678,13.094965003994846,1673.0367614100298
213,1681.0,1691.0347567046215,12.588212715061964,1700.132952495381
403,1701.0,1710.488589186185,13.398874174869743,1719.97742393053
209,1737.0,1747.4110687884338,11.321034818516678,1760.4994237794929
374,1777.0,1787.4837328376234,12.012471300570883,1797.9463393503163
224,1787.0,1796.3745485576,13.550049337567913,1848.854809270184
2232,2077.0,2086.5661523936974,13.593170487695174,2096.56252134533
2303,2093.0,2102.514706477582,13.676186767815894,2118.140392752729
2264,2357.0,2367.2930212392534,11.721280209197266,2377.7492170325772
2204,2368.0,2378.5121416577517,11.880286610256197,2388.6615462834493
2272,2458.0,2467.5152654150957,12.904737192173254,2481.118799505203
2167,2497.0,2508.012687604723,10.910846703906083,2518.971600052836
2349,2548.0,2558.385203395388,12.238477505726145,2568.457395476985
2332,2614.0,2624.1015769558085,13.105048820582496,2663.0402639231042
2320,2640.0,2652.2749326544126,10.367696048266046,2665.0954702876024
2403,2644.0,2654.291240079893,10.820366310016249,2666.978145175688
2337,2655.0,2664.3258293534886,14.070583709768187,2672.664338064109
2340,2770.0,2779.5363060051636,12.766940311938512,2790.0204755918194
2375,2901.0,2909.3613854961313,15.259541893211905,2918.8288701351066
2233,2938.0,2948.4168817246477,12.53736165385569,2957.9792242920435
2381,3007.0,3017.117442218989,12.231459729585774,3026.650709832315
2171,3132.0,3143.5240324921733,11.718169058202399,3198.4145372008725
2195,3206.0,3216.0358018956954,12.802658446751789,3225.243236527301
2157,3364.0,3372.006405506123,15.456382239459016,3379.692528815293
2247,3401.0,3409.4734151955167,14.993494219974515,3418.8798379312984
2396,3406.0,3416.004399077134,12.843695054633203,3468.4889913056095
2282,3579.0,3588.332715649186,13.076198680655875,3597.829726806905
4261,3822.0,3831.385431231602,13.62408908675442,3839.7420245974517
4317,4137.0,4149.101640200491,11.01588643415861,4188.1485246377215
4202,4165.0,4173.616136343905,14.647326426105007,4192.928344989986
4319,4193.0,4203.547844958603,11.819404923023349,4213.29808068115
4262,4210.0,4220.115723880029,13.036218237550132,4230.346203925165
4185,4214.0,4222.346204269242,13.744938912203459,4278.342598039008
4294,4473.0,4484.290819134886,10.694210572663831,4495.939117996266
4365,4492.0,4503.42640323203,11.182649292893178,4553.128890628419
4362,4513.0,4522.281185028127,13.695121937467057,4557.049584459484
4288,4608.0,4618.003817342239,12.406302095324694,4628.508457398509
4190,4642.0,4650.441559165944,15.141807656356654,4658.08596229597
4309,4670.0,4678.609748726769,14.750133547822125,4688.092811710512
4308,4839.0,4849.491973729944,11.231395994821748,4860.823750672433
4326,4958.0,4967.24371269292,13.467059356019739,4976.758045184291
4196,4988.0,4997.3296391066815,13.85227907175197,5005.735666658967
4405,5076.0,5086.542497037111,11.984400122745036,5096.424202482776
4355,5094.0,5103.409321084813,12.746141000260971,5112.002932088792
4210,5095.0,5109.198033293288,8.893097985722957,5122.919463706493
4369,5112.0,5121.4471819507,13.648356908856654,5178.292684253739
4198,5137.0,5146.56231977639,12.673725567753605,5183.240219557832
4183,5346.0,5355.36302046139,13.61838638833451,5363.988270550083
6303,5405.0,5414.32555003553,13.562337756780432,5423.953242980266
6208,5509.0,5517.511843866931,15.149589573140133,5526.8599142344365
6288,5598.0,5609.4551911649305,10.252295864269323,5621.6328800371475
6206,5660.0,5668.634364258634,14.608048154217265,5677.712892206061
6183,5703.0,5713.25098017792,12.47532872281708,5722.9551904979435
6270,5942.0,5951.587286706535,13.031389915605898,5988.187741158884
6386,5968.0,5977.0815691974985,14.25886946747017,5990.555566415912
6224,5999.0,6008.49760276007,13.330434505919317,6017.310554313366
6258,6027.0,6036.152082422985,14.043030716166468,6045.764735344838
6207,6047.0,6056.202722961466,13.666565538531241,6078.353110932422
6381,6115.0,6125.092947172104,11.576109141435664,6135.750909309313
6243,6227.0,6237.504394272456,11.083127858583941,6258.119930431443
6348,6301.0,6310.533918008099,12.539207664957388,6320.677723505216
6344,6304.0,6314.2846132741415,12.466185856510778,6348.5104626644525
6281,6409.0,6417.100364350474,15.558863066766005,6438.411198166481
6352,6419.0,6428.030339674347,14.024022641338773,6440.753882150255
6185,6454.0,6463.281356748568,12.848757932650264,6471.845055109745
6260,6480.0,6491.416611014117,11.242649784360731,6528.446407963987
6305,6555.0,6566.077173016309,11.060041925724017,6578.0112755050895
6389,6735.0,6744.2113514871635,13.502418846805812,6753.828099671741
6307,6775.0,6785.137682423797,12.829735496834044,6798.258246768947
6247,6780.0,6791.384649490337,10.972800817770725,6801.992479896699
6399,6922.0,6933.2879350689045,11.182003074697421,6944.6950706502885
6231,7015.0,7024.405467234127,13.044684856748933,7034.37151176816
6376,7063.0,7072.149785831937,14.303141117411334,7080.417415381401
6261,7121.0,7132.007172407582,10.905959846641093,7160.894169821246
6298,7165.0,7174.529116976341,12.663843674779013,7183.313249216194
