651,279.34957012166063,288.074517461097,12.553819378763707,294.8236463077074
599,457.08559278030225,465.2546967324921,15.57006252458216,471.75582733524357
914,1224.833120540058,1233.5560147729848,11.809864870354863,1260.025528946552
2687,2991.1491782290473,2999.5942196492315,12.77509348412346,3006.016481473854
2831,3515.18598003899,3524.4654233075357,11.213551533403047,3532.615678504877
4850,4370.874466048992,4379.527478239219,12.980050523912215,4385.89263609119
4610,4416.982881274642,4426.363022099239,11.959286370687265,4434.851144905563
4528,4879.486054612568,4887.154901644832,13.767086445828461,4893.889329375103
4827,5000.4489235736455,5010.264884317756,11.203935275957342,5018.855561398716
4582,5497.185334889882,5506.267703098631,11.805611686989176,5515.784234003875
