354,170.55664571299957,174.46072246316564,11.20678840039818,179.88377011887061
148,229.6208115760849,233.2877891841452,12.616466453182461,237.34223699680413
310,274.33772108527756,278.1217501855907,12.468743590410329,282.9838735078261
323,348.5435696923904,352.27687658020625,12.331741490466921,358.0956239527337
154,411.67170451075367,415.42136538293715,12.596320695890443,419.47514686664454
150,503.5812615595739,507.23139910775876,12.554311125753381,511.1636018804628
338,620.6204421539975,624.5548316392712,11.341054251620399,629.9031540234429
836,646.8373937996539,649.4808623477594,17.481337162714244,678.0414077720378
563,653.2920285983417,656.5543284963178,13.672821229926923,682.5836271595839
340,710.5602543163085,714.4913681598698,11.157608867788293,719.7546907602167
362,712.3149331962275,716.283428504411,11.958061620067996,768.7634323668536
359,796.9110479054536,800.3628134561503,12.608065242997895,805.2658958197982
346,798.6929108187275,802.1306658005334,13.781516351298439,858.4037560396778
313,802.7589016593204,806.2693699155294,12.356960638108088,860.8318943593372
565,906.2731813203578,910.0162265239584,11.787642324291056,948.4948156106802
553,908.3762546218807,912.0545456975769,12.516046635605452,951.2659076453232
326,1067.1906625112697,1070.5430778057646,12.918707624790994,1075.7367391451482
823,1191.4905045908972,1195.3975247095257,11.381031518054739,1220.927552809686
318,1249.558318032258,1253.2829292689073,12.194894950015103,1258.551539136212
347,1251.4212846055086,1255.0554367429909,12.76165477878766,1308.165706835894
330,1264.3656166870835,1268.5039957076604,11.273262768722521,1310.980518308956
7,1268.0421514943655,1272.1835246230971,13.297593804558119,1313.3753951340357
832,1375.3576498373259,1379.5156814041986,13.105328822908602,1400.791596022681
303,1425.9091443361406,1429.184715968247,13.160546726208684,1432.7735504365578
355,1514.3721194976458,1517.4249631206262,13.932968886991063,1520.8273920447489
397,1579.7755872253708,1583.2056997291022,14.057761520277325,1586.8922627947522
402,1605.4214866229759,1608.5102462090226,14.506655191871328,1611.9736384270043
616,1639.13534334071,1642.4205010859428,14.137417706540388,1668.3764963914514
843,1728.9200059131729,1732.2240397944888,13.99475084638132,1763.0372672268445
390,1787.1591874524818,1790.589508063102,12.859261573264904,1795.6926133855236
329,1788.8329264526485,1792.2537414562237,12.897931898101406,1847.945232272112
574,1823.6914147298821,1827.5397553069822,12.728214750683145,1852.952325632012
611,1825.5350329401174,1829.2351620129523,9.732912600442114,1854.8094817108317
583,1914.3304433889602,1919.0155819197967,9.752381961307933,1941.212796775953
580,2012.5608715976678,2017.0402367614524,9.43986189623688,2033.1514452729466
2565,2014.4788252064225,2019.0523403224713,8.766315410736302,2035.3849909727578
2881,2074.0877548662247,2078.0558635989764,11.231272092105629,2083.772981993632
2146,2119.74056901385,2123.363094555975,13.612280328965037,2126.986048912492
2821,2190.3294964079596,2194.424702111299,10.068790029627431,2217.13055083026
2365,2240.6405872308974,2244.443743984273,12.720363347897935,2298.4399053492207
2584,2272.9931333310537,2276.2058734663638,13.89496247703925,2303.1049979427553
2607,2276.578483323158,2280.379301701752,11.67112820341791,2305.1570863642073
2580,2278.522674338909,2282.289786819651,8.371125295358624,2307.038048906085
2593,2344.187403015847,2348.4453050811335,10.528159659123242,2353.8229579066065
2597,2368.0764836241606,2372.3654780886877,9.20326674033883,2397.3118488444693
2331,2437.388907530874,2441.4432759795013,11.623958968281528,2481.102451758059
2557,2533.888209068832,2537.4748579093925,12.242287664842628,2573.015301395309
2817,2646.55938260202,2650.259175387656,11.43117352961882,2662.996886178595
2318,2775.1717281870115,2778.405448743466,13.551011941989517,2782.0448986166675
2019,2799.0121817968966,2803.305657683226,12.180334176749135,2841.219796711171
2555,2813.736200348253,2818.0530838160917,10.396015990084845,2843.4904545422096
2320,2839.841073147453,2844.307161363116,10.408361885221922,2849.1341475975587
2403,2842.1191995437066,2846.362223986446,10.986820155459903,2851.135964967663
2337,2844.1546309142714,2848.243292777111,10.64115032936523,2852.89699741261
2856,3000.9436226735647,3004.5342509873226,12.098845064939594,3020.643695425707
2322,3068.2389006554313,3072.3942015104603,10.25886128410704,3110.975514564286
2832,3246.5804463537074,3251.3234874701598,9.102601975772316,3288.4639908281565
2829,3248.6532944317287,3253.425791991822,9.833560537812822,3291.2374608800747
2846,3259.0160544478586,3262.2957261371835,14.185048478043385,3293.292827145893
2308,3321.33585161225,3325.2815419964963,11.361945363823281,3330.8244775969815
2389,3323.198112698816,3327.081807012923,11.115860828968152,3378.278202683836
2556,3349.9003549540107,3353.3789687657554,12.58175680031958,3380.800269164678
2564,3351.634906594572,3355.148156502066,12.813646969480256,3383.329890725985
2401,3380.2316291151633,3384.04786596239,9.298210478660529,3388.954469694215
2341,3407.946827089081,3411.395469487481,12.652649207326359,3416.9827792837004
2316,3494.0094527965102,3497.1547496927315,14.688298755933655,3500.579711993711
2313,3592.2079968856724,3596.1127530874414,11.114899156387331,3648.1994649382327
2314,3696.5671566651004,3700.4147478283517,13.38221702207101,3705.3356229441447
4840,3909.5096759257904,3913.056915600887,11.221450922145682,3925.015171167521
4558,3982.822723911047,3986.0389660736328,14.390668902990758,4008.530903088113
4330,4144.196722518986,4148.12312075781,11.91945196624283,4153.70469797812
4329,4234.593496811027,4238.35866500557,14.620124097256884,4242.850408943704
4319,4314.757062253305,4319.087569230294,11.320489992508895,4368.020073369933
4570,4433.856405545793,4438.100494136555,11.609645211721656,4443.858351212223
4850,4510.585602046304,4514.598367092355,13.161575577649527,4550.7985849903835
4843,4512.7728238414475,4516.51734141435,13.191201020891429,4553.145586486524
4869,4527.094199325243,4531.057490618122,7.786994042534066,4557.101480672392
4398,4639.778179551451,4643.578142828193,11.895748866433497,4647.459116420604
4374,4763.326653680172,4767.275975837269,12.056783735778325,4773.246269547034
4567,4789.05208083503,4792.151433708055,14.6943052120811,4818.136219459913
4576,4798.363233292296,4801.215679803189,15.779306760215409,4820.617836046104
4309,4843.627204862154,4846.639339095803,14.436537629044954,4850.047312248111
4325,4851.5935816199135,4855.393696859507,11.962965084015728,4860.866621689875
4371,4943.156761521954,4947.250850367928,10.573900512716135,4952.873856137504
4308,5029.578803163507,5033.274712087013,12.136000716057504,5038.678784935922
4835,5154.270967197902,5158.392099342054,10.858560197098319,5182.996876257175
4602,5331.406095082864,5335.027740281228,13.327042622142237,5363.202089440878
4376,5386.044298214633,5389.203972933072,13.825165625070182,5392.780867197848
6318,5582.479308989359,5586.167544575404,12.745696232848664,5591.449432400305
6846,5619.172683093601,5622.444538298243,12.882731920816422,5635.220869204839
6320,5663.193966569577,5667.395306837039,10.355816156541863,5672.810789502419
6585,5699.506293616425,5704.218510268741,9.880052871413348,5723.26840146453
6824,5766.3112192286435,5770.487153664035,10.821341757106326,5808.495254566037
6576,5782.92606483947,5787.268876376034,10.421146260922951,5811.006324433293
6360,5857.329276542423,5861.258722201758,13.04333829664955,5900.788358133258
6829,5944.478075963406,5948.444057846966,11.69478223134109,5953.634612205093
6323,5946.436803653133,5950.351117359036,10.928496774771943,5987.9905296469615
6311,5948.301347070223,5952.242033679691,11.671723953260358,5990.617023853031
6370,6025.8137329633655,6030.459470119924,9.509228545032151,6036.4962996087515
6579,6052.2188187322,6056.151618868643,10.991892647525198,6080.829390527289
6386,6104.815316307435,6108.0587523283,13.639433259830957,6111.638516813151
6823,6139.257385706476,6142.55974239903,13.902176089758992,6147.654997849508
6155,6169.620592689066,6173.550674721545,11.54978671937219,6177.8190798996875
6313,6216.5868001225035,6220.437618460159,13.432309879966148,6225.396202128159
6595,6230.799917428114,6234.487850883158,11.964081618329937,6260.966054207111
6372,6260.030457982495,6263.374261798312,14.779852820747204,6266.796271625488
6314,6557.8593066401,6561.409806772461,12.37167485901101,6566.5847742847955
6330,6664.305267470801,6668.047434846069,13.082878689417113,6708.302981175391
6384,6709.424689926892,6713.301529564746,11.632354774212912,6717.53796810603
6305,6741.107844091776,6745.095776928847,10.596484695339585,6750.528954067945
6140,6753.329166269404,6757.4521334879155,11.96381707690003,6798.487798564942
6832,6790.440794392449,6794.274517408821,12.089813423496304,6803.468189882732
6558,6872.243298701747,6876.47686263132,10.310351507811845,6890.877040986186
6580,6958.8788678478995,6962.384024384129,12.848139954641967,6985.081111063006
6578,7043.542201565956,7047.520194422363,12.363254506190318,7074.777145082874
6144,7159.634869727981,7163.252212788882,12.07092862478035,7167.1707385826985
6583,7204.599096962757,7208.374989558073,12.871582855367961,7213.701479360587
6618,7206.499568228284,7210.20797040499,12.482950750099786,7248.3860232003635
6402,7273.487831794544,7276.397883221137,15.57738765045918,7279.588727579738
6564,7321.723528185435,7325.526324615715,12.088449664577384,7340.764300290143
6560,7325.586693242364,7329.41885404498,10.914915845558596,7345.005529858455
6848,7327.343654470213,7331.347123592971,8.07919489321205,7346.948726255405
6562,7406.338080501776,7410.204418716625,11.416976945621458,7431.393658838342
