304,229.16171920543133,233.56753275211258,13.487966474386921,238.19498541927788
289,319.5450549686312,323.20685172126457,14.595766231711323,327.6162457773146
328,417.03802139388324,421.50925953417834,11.836678919113682,426.9369455065736
315,498.75665411179386,503.2063469127276,12.627041075518328,508.01626632735906
288,501.0153322702451,505.1825342100549,12.726094967092193,510.00281131672955
338,591.1982516337646,595.5402288033392,11.568944837449639,601.1534469824635
324,892.8284909036898,897.0968906116473,12.155421164222235,903.2521141749627
278,1310.9942815383736,1315.215868893928,12.00617014504458,1320.803763194583
359,1400.3862143159977,1404.5131077014883,13.354422542514477,1409.0748758402217
2354,2478.319583167716,2482.4969018504185,14.402130823206141,2486.9367040415364
2352,2659.1884806942994,2664.027325357057,11.620073393351289,2669.350695836989
2336,3018.6160888204354,3023.2564716052366,11.185810013730984,3028.823500545042
2362,3378.298819922335,3382.539295562714,13.43661510985778,3387.091352323323
4279,4041.3329672300056,4045.3102909317568,13.122657364887608,4050.851946525737
4361,4391.676763758137,4395.263196885319,13.691192300180187,4399.671738545693
4315,4548.687175265292,4553.508811873552,11.700963563774053,4558.95886977678
4346,4550.596769862757,4555.301765126227,11.457713184200605,4560.776054859987
4309,4552.605110431604,4557.316360536789,10.617765020347811,4562.929671905635
4359,4824.036792513577,4829.276401332129,9.58471031695915,4835.707786431498
4357,4825.948939404489,4831.184083455404,9.786242818151194,4837.722680369392
4348,5026.077497044945,5030.248185531588,12.237127216702849,5036.113455381669
4337,5088.66995698302,5093.271804495537,11.936451645353056,5098.526702572895
4308,5179.049651599098,5183.56495557751,12.377829840985624,5188.485016719783
4350,5361.300672837954,5366.10682190397,10.8672193923996,5371.756581562812
6272,5988.763006904137,5993.024244932389,13.854023331874842,5997.6194594668805
6348,6440.906478206486,6445.308922083704,12.242689060973042,6450.555588806079
6322,6533.166959495695,6537.551394248618,11.622646061085236,6543.281467616601
6341,6904.905641931204,6908.35243109203,15.097599806701709,6912.447734362744
6363,7069.285445377555,7073.561021466073,13.680618221181623,7078.019582601278
