1535,83.83802265987644,92.24256637893508,11.400439965261436,101.74377828961791
1562,151.34117449691004,159.54639798297183,11.06007581918176,168.78616879474794
1549,300.5909631281495,307.1090333393062,14.368484738749675,314.5452947751426
1544,489.25865195757456,496.0543811035204,13.64658887510181,503.68890975009754
1782,517.1244720280673,525.2091442978905,12.130594371871025,533.3214314026388
1620,559.5021471839777,565.6477500692707,15.279093119276439,572.5939403712634
1542,569.3887551960889,575.6228705553519,14.861405365574766,582.5331788573951
1583,615.6526681369546,623.4187616995891,11.671799023187774,631.9756478449681
1581,625.1295726601966,631.5509478363573,13.829308863161275,638.6647492541234
1852,731.7903639218689,739.0534787467698,12.481627966816832,747.3030066716909
1612,751.855966886548,759.415191439179,12.92333648291967,767.3612882061828
1565,761.8727297134969,769.093086429954,13.376112211362663,777.2537552641548
1819,785.3082579602171,792.6342681767479,14.917196351682374,799.8369442126757
1614,827.7142263042646,834.3474273760804,14.11398248744475,841.8828978492318
1588,1023.8104134882213,1032.3522792376698,11.1060166080822,1042.0876177167133
1593,1026.054486128173,1034.1630321084426,11.49392931171666,1043.9659372715205
1558,1028.0786142660297,1036.0269959707805,10.545711394809723,1045.8456644045943
1553,1035.1502937633784,1043.2745023937046,11.479698800696733,1052.4813348960506
1809,1057.5544094447414,1065.0194587532649,13.105440434805585,1072.568311484996
1607,1102.0639977539947,1109.1190492888036,12.890391692966924,1117.2093516413702
1781,1129.5574871585648,1137.400886434923,12.122948202904436,1146.3165250003574
1569,1171.242579637164,1179.3092136362006,10.77618879169259,1188.473305500264
1589,1173.0126780045064,1181.1694184465284,11.677887577724974,1190.354017976224
1784,1279.4427512151424,1286.580610603102,13.198912653338894,1294.6725905741969
1599,1295.7621903040592,1304.0046242180524,10.623986757778484,1313.384549412192
1441,1302.001914632673,1309.462506633455,13.48374432232793,1317.2417192131638
1592,1307.0057267394227,1315.162633563653,11.281293438693016,1324.5802574150794
1576,1309.2004675429598,1317.0670708182424,11.707123859076981,1326.5248552048852
1764,1331.06285875569,1339.350947817823,10.918868940598456,1348.7936563314768
1575,1442.0310026622158,1449.0515658646666,12.763886546460828,1457.0534816584802
1823,1489.7949528689533,1496.2978807793345,13.685833160302838,1503.807290689662
1446,1522.701233789177,1529.4782580224694,13.350980402522588,1537.1924822432366
1598,1577.7550947325985,1584.4500952325704,13.873455364067603,1591.9453425822987
1548,1586.8565830801099,1593.3710856113296,13.43189263342902,1600.7794979594573
1602,1593.5797541225015,1601.1578110228738,12.84142211151034,1609.81986336086
1444,1601.9200795991562,1609.4846231304357,12.398536648807635,1617.554912232952
1623,1645.929776194682,1652.4626372805906,13.89080359551277,1659.922499915699
1665,1659.9431494402484,1668.1847363306792,10.899946441375365,1678.5831459342357
1806,1679.2822548105305,1686.5541035889166,12.29981664388681,1694.835408840373
1611,1724.2000290963188,1732.2827353984837,11.464523087404322,1741.1442150351882
1570,1839.8726592297191,1846.6277631695393,15.204729439424987,1853.5484635378543
3585,1924.6192090774207,1932.1942598706682,11.659357150934532,1940.6457729843287
3766,2021.3294721712275,2030.3354784910202,10.332234970555676,2040.3865357477296
3796,2035.40831026723,2044.3699733533815,10.42299896871523,2054.410213860951
1439,2044.192753474766,2052.267623884001,11.582878309999215,2061.2899605496427
3440,2111.6561487763247,2119.349874869175,12.172745837169256,2127.574145030282
3534,2123.3071204841767,2129.6333165855713,14.228998949660172,2136.7457381119766
3445,2188.0505359854446,2197.1294199098384,10.148649413112581,2207.259458280644
3770,2212.976045369051,2220.3482095231593,14.028941731646102,2227.952429288467
3598,2256.1265974741077,2263.3366104119777,12.636163503848493,2271.38937467164
3790,2281.038005330769,2289.3489476360796,11.495624404445485,2298.144776522648
3767,2299.7073396702394,2307.4167954863083,12.174404778512926,2315.908458954761
3600,2393.5578640236326,2400.411032404234,13.666415408665744,2408.187858181741
3783,2417.2501186724517,2424.2498485508127,14.344550544088968,2431.2343571102097
3620,2464.6351880268808,2472.420920316517,12.162538556817566,2481.330540833551
3565,2471.600470906885,2478.5405955076135,13.688278712045944,2486.321794865439
3781,2567.0064635225344,2574.08697835488,13.036272232162142,2582.087888820657
3917,2625.714091819814,2633.3688638613376,11.623958770542982,2642.162649142317
3817,2693.4939657876585,2701.5342809619565,11.235963665012891,2710.800112517187
3594,2723.8336207896564,2732.165282473752,11.37841614647747,2741.3119984971445
3443,2734.219065942277,2741.2255492285535,13.234711267781364,2749.2868729942943
3432,2782.2945126360564,2791.19836684403,9.822360062739673,2801.1628115362773
3665,2803.2817717649377,2811.0755075294733,10.980296267427411,2820.007622918415
3589,2863.0026769981005,2871.4907667377047,10.62567813859133,2880.9327605744415
3615,2870.347502547229,2878.088946338303,11.961472027090135,2886.9128510398336
3604,2879.7942436621406,2888.2761262919926,11.036704009885613,2897.821458438065
3558,2995.6149129941355,3003.1032954763155,12.974235815833296,3011.261384749097
3415,3006.5937727845126,3014.1364877911915,12.633481430424288,3022.543047542159
3523,3017.8410711899887,3026.5094753396174,11.478960174678821,3035.8245386567796
3441,3063.9031594235767,3071.3400325043945,13.206396821634012,3079.2631914843796
3542,3074.5961391306337,3082.077879908273,12.634016127648966,3090.4445283471564
3619,3076.860437287542,3084.422942926538,11.581945118807791,3093.089665844966
3446,3137.844980437878,3145.3511046216186,12.953330702961315,3153.307630169615
3606,3271.2271580877104,3279.188187313514,12.528200592718013,3287.218755501121
3597,3277.326483180838,3285.3116397311233,13.517236931664106,3293.111255359744
3577,3284.2732319717106,3293.050982294169,10.729997958333126,3302.8179967444967
3791,3301.0226552131935,3309.2906242121835,11.251163670485058,3318.3611181395177
3623,3347.802473300973,3355.390766985144,11.875321928533184,3363.7356264089444
3437,3403.870147075921,3410.5410984001383,14.842537455517059,3417.6300073286147
3591,3415.2999033401097,3424.3218102830983,10.506405049500701,3434.497417852636
3592,3550.5586961905365,3557.5037353675734,13.03087445143083,3565.3493168029254
3609,3556.140814977373,3563.370477865732,13.90313090043249,3571.2061488940885
3894,3581.7487199549028,3589.307391022724,11.736411265076395,3598.0172556547823
3763,3583.477123087267,3591.12285057558,11.959733649360883,3599.724502627807
3570,3618.9065817145847,3626.2874616986132,13.111892775773704,3634.1857238384655
3612,3633.1555788885503,3640.0902490491476,13.065981714058735,3647.9858832827285
3572,3686.5751380139495,3694.09535089827,12.459717650746917,3702.7355410208356
3586,3693.854201299243,3702.115507722635,10.370763696022756,3711.7903972287886
5555,3700.231156847995,3708.1889783650017,10.857251570457077,3717.4201157870034
5552,3753.7426007322906,3760.4275176953847,13.343436548809942,3767.9950743866384
5526,3760.7663622775467,3770.2240489911537,9.931370947169528,3780.5845950720914
5594,3767.525134070322,3774.4783424064,13.630758133656789,3782.744649943216
5613,3811.8898780357945,3819.3741742093125,12.681940981035023,3827.4471324699166
3436,3824.9972628449173,3833.178857460676,11.290653179941117,3842.408450355631
5615,3826.905915654312,3835.0571323293093,11.16491234263132,3844.2222279078323
5588,3952.949782627754,3961.4022409257227,11.389234760405081,3970.7485800973577
5606,3954.9631773933984,3963.2609305026394,10.98715418007619,3972.618010476471
5603,3957.4642437428724,3965.1745379932017,11.927426034783075,3974.515525712272
5823,4005.572017625811,4013.0206527184196,12.000592441737131,4021.6509444330736
5628,4026.8523742409116,4034.5805045448597,12.443298697253923,4043.0807887558685
5560,4084.2779253834387,4092.322833766792,11.776832133921571,4100.718104310693
5607,4098.585204202156,4106.077777232322,12.439565110176465,4114.685226797458
5792,4118.936738190272,4126.323388518481,12.389972554001936,4134.555214708964
5609,4166.354481520183,4173.517931499108,12.525900000610967,4181.7136963091425
5604,4219.910832280845,4227.350810244755,14.163231641094413,4234.924772365094
5789,4255.578425295067,4263.491370285195,11.851891501465357,4271.942260696783
5587,4298.814076536042,4306.108977135689,12.900786041961876,4314.6106260636
5771,4321.344178567791,4329.162045246471,13.08445971221439,4337.308580760675
5828,4327.788899106232,4335.353345773324,12.000835363458366,4343.94307955658
5773,4343.0686090948775,4352.114237456203,9.525859105830206,4362.374862471621
5575,4355.615402584999,4365.010173649883,10.07825850708285,4375.665420891947
5440,4357.784130221952,4367.0379455488655,9.755933870209375,4377.630861439728
5579,4436.324778217117,4445.3815658554595,10.391870237569641,4455.74284659866
5644,4440.100116477926,4449.2613381418,10.012772592777056,4459.656813704886
5616,4442.070204705385,4451.168195782122,9.748582462955197,4461.624940295931
5600,4445.979013695051,4454.007327466313,11.45334809220651,4463.571164872343
5602,4639.630236364203,4648.294259541607,10.216444050790946,4657.916676520797
5591,4644.498140735843,4652.260005930203,11.479502323374337,4661.738549291053
5572,4719.218851458355,4727.4912986041845,11.4579465855105,4736.686260516679
5517,4774.142468904929,4781.176162013359,13.297032321510628,4789.315679652864
5598,4842.05992039878,4849.268247921881,12.987198373296152,4857.440489276598
5611,4849.6995288354765,4857.127652654458,12.251370749151583,4865.726335188133
5810,4865.577185965339,4873.540862579266,11.884669146337469,4882.454157748998
5570,4899.560190425787,4907.035711093878,13.234452172222817,4915.2287775444875
5597,4911.440733377727,4919.522640145824,11.625437801661795,4928.581980061346
5545,4913.276307032078,4921.32103581216,12.543066175854811,4930.457047906081
5441,4936.01201541142,4943.275737203072,12.17893290492322,4951.868465562168
5576,4989.2627936523895,4996.20923911774,12.877895967405754,5003.889085318293
5584,4993.432103434241,5001.060972033582,11.96179607816945,5009.944411099157
5820,5003.384953541404,5010.317162108046,13.512740594291376,5017.704656272247
5631,5053.020811006388,5061.492915400556,11.557856036211621,5070.567824187853
5568,5117.634674202152,5125.152740205697,12.712912936210682,5132.983522184584
5557,5182.37959064591,5190.206520700491,11.729966472223003,5199.052622354019
5642,5251.568900509062,5258.256257049469,13.330776232635861,5266.084596386655
5599,5253.791274678278,5260.5731502498165,12.719481015277799,5268.285980288298
5837,5275.422976721292,5283.080919983458,13.15412667130221,5290.933140016741
5775,5277.457188174495,5285.357149045096,10.930899283823555,5294.397160750246
5635,5317.761089358802,5324.232602509265,14.490489238863065,5331.591275978379
5528,5459.329953319307,5467.260610922568,11.7718173247068,5476.081410243548
5581,5463.452018918494,5472.403903483564,10.050052811621777,5482.701646403423
5632,5590.899197055971,5598.468722350981,11.619790373599361,5606.865125835089
7609,5662.96518122868,5671.439337964494,11.149623965612554,5681.030392732686
7789,5749.249247112794,5758.398434744925,10.256957465912862,5768.473030226232
7809,5757.881198850457,5765.456606712399,11.8623945704495,5774.1240442471935
7522,5795.8635604744095,5803.541144849986,11.323069111441246,5812.3135657242765
7567,5805.009843722696,5812.137201821491,12.333330705387656,5820.073484425787
7817,5823.181088844737,5831.408587849354,11.828127406697561,5840.5553769082035
7600,5864.643327013231,5872.087192981804,12.165159925593503,5880.551404862499
7591,5868.814856429279,5878.196423113861,10.011334228470963,5888.920386364372
7599,5870.789071196697,5880.240454447805,9.215906038553358,5890.881007666358
7803,5893.438434807529,5900.532030966927,13.133350174456004,5908.641650336488
7575,5919.317026013206,5927.065539954157,12.480946220192704,5935.3221043897665
7571,5930.797629882031,5938.260982560901,12.431567340750014,5946.833878441066
7597,5934.91799795183,5942.2353827581255,13.279640211193266,5950.38224007239
7812,6023.4973501168515,6030.248745711059,14.138325967361693,6037.527971854267
7618,6138.362141202615,6147.34687971981,9.979127725505222,6157.178077530553
7601,6140.471839819776,6149.2424260368025,10.329340900274904,6159.017264732818
7779,6161.063648856141,6170.163946496458,9.654298308526874,6180.181623653938
7791,6169.470937767883,6176.491106102807,12.861384987247108,6184.401085485126
7613,6211.257879361181,6219.229817137093,10.931865902914174,6228.317973929312
7621,6275.36458263105,6282.15587816866,12.987000912013572,6289.737307320549
7845,6363.252490303638,6371.131520231682,11.559502480910531,6379.778248947239
7773,6365.762612979808,6373.202779236878,12.36676940132231,6381.578603375757
7855,6367.943492815606,6376.069577446152,10.662823823702439,6385.595384179123
7838,6369.816106713604,6378.034035039974,10.479972254282554,6387.489487752863
7593,6479.3000285721155,6488.414745551208,9.720891573213883,6499.04482507708
7777,6514.358379156698,6522.493321006963,10.714660519806607,6531.680048104183
7668,6543.804973398943,6551.324025152613,11.800646870215573,6559.526777967721
7580,6545.693107886222,6553.097789369997,12.817768087426012,6561.285552448526
7564,6548.109435918711,6555.403325133981,12.097884390634768,6563.831734054919
7783,6565.3206959477,6574.42966550179,9.693727298475842,6584.300667516072
7800,6585.905174817722,6593.114350680292,13.278975575581462,6601.142917720506
7633,6612.488780520026,6619.3540471557835,14.755626065615889,6626.377505733858
7598,6614.526333565406,6621.435623814071,13.696414826128827,6628.881873550103
7766,6633.033487994254,6640.288093290903,14.10960246412622,6647.48043679137
7625,6677.648976107145,6684.1367439265705,13.898361645408041,6691.389638053515
7607,6680.529303422987,6688.050939363599,12.294469405661928,6696.492186851139
7894,6711.3667345787835,6719.04542528374,12.347696247311449,6727.489567288443
7595,6742.5065214108145,6750.3178946524495,13.504211564940077,6758.42030491873
7785,6836.848427591396,6846.092416381868,10.725780001993106,6856.17471728983
7606,6875.087773945256,6884.228671616275,10.769955880238628,6894.2125121151075
7799,6909.404799060993,6917.323191324152,11.139816877039074,6926.257785944226
7767,6930.18330371451,6936.287511816373,14.54156650621035,6943.3713589162635
7568,6952.802583796818,6960.432463098883,12.80796165282503,6969.19378744887
7533,6965.8936221878575,6973.234092550599,12.672339735716992,6981.54966645715
7909,6977.446702683833,6985.501179660578,11.138543357823952,6994.681569605499
7452,7075.935015499734,7083.512665234511,12.85571859798713,7091.795813596466
7658,7086.81056774555,7094.099270223123,12.148138133864638,7102.574852935665
7565,7153.4836380287425,7160.044575428659,13.875956975630187,7167.428671224877
7594,7223.1498538983315,7231.112942340739,11.81052194080521,7240.274424999624
7438,7229.69193962026,7237.418895160247,11.181228703999608,7246.320990090427
7584,7236.0140119811485,7244.309309871059,11.257712020168377,7253.6554582812705
7570,7237.886649338774,7246.086808698428,11.639887393876297,7255.471041114153
