1783,173.43857322617197,179.2289305617034,13.64617377052883,184.18833672819034
1769,175.27314420246304,181.42409581371808,13.007304834276809,186.6735019184702
1892,305.1394929399409,311.04869843853913,12.46685038148796,316.1111929073481
982,315.4431371996226,320.2843990898793,16.29166481783408,324.3978761931484
1779,370.9477220478101,378.2518591286897,9.658412517305214,384.8190525787047
1073,389.9938616231319,396.3711082759418,12.232295696912145,401.94838305790404
1815,503.5329457918572,510.123572015701,11.276866556991727,515.9082819353082
1065,512.2065543237899,518.1511545855408,12.51081268257314,523.3914364157769
1058,572.0140683138653,578.0587120835239,12.933147089264008,583.2085566027902
1070,573.8134335260022,580.1405859387028,11.695238237255367,585.5420039525454
1797,635.1475895550004,641.5627724150335,11.93962503925387,647.1535481165552
1919,637.3245819388699,643.4049175446203,12.580794619177562,648.9284184061113
1918,654.9762746024977,661.3222906618652,12.591384768951418,666.6445542408077
1020,712.1057744854062,718.4278983700426,11.812394110172102,723.765623117917
1773,716.4441566665998,723.2265106360496,10.938581391706332,729.0042832666767
1833,722.4000372630588,729.2903488507446,10.337739948085956,735.378658636393
1068,843.970686304523,851.2439070762997,10.874779813846192,857.4431451819581
1055,845.8742149150974,853.1508563578675,10.602261049968345,859.271044164575
988,849.3266596818269,855.3230177914407,12.123477044975239,861.2102333490946
1072,851.2452701583486,857.294394939341,13.032690187052573,863.0779969851562
1786,901.2939507446424,908.3323158623366,11.235964755498356,914.4794759499995
1778,969.988312260487,975.4519260582296,14.98864180556149,979.8515222014303
990,975.4200365760825,981.3225152894357,13.475363477335732,986.2677397412322
1017,1039.8793911442942,1045.6088005981794,14.025762482448775,1050.308319895343
1802,1042.7602891344106,1048.6155059598789,13.106171886814364,1053.7075566111814
1820,1178.0017947545764,1184.1884612797849,11.67368470380921,1190.1788958411564
1795,1181.6741509850506,1188.0110709025464,11.579120118373021,1194.0654996547817
996,1235.0355425612347,1241.4755803880373,12.342265313231817,1246.90984630898
1794,1495.7118098214764,1502.0751709174413,12.057334315703748,1507.519788806516
1790,1510.2541288280195,1516.3208281585087,13.033443348543072,1521.3646987178743
1057,1522.929085918963,1529.1854420924603,12.816291049894266,1534.3960020441223
1791,1627.2601502312878,1634.466655538084,11.033045307000986,1640.6672202848943
1770,1629.0988689940064,1636.351872981562,10.373904493966448,1642.4765345450844
1905,1642.9393197925724,1648.5322187137094,13.740821766822764,1653.20360400521
994,1645.268337204782,1651.066277504399,12.755226158397832,1656.0177430242509
1000,1760.7032239763662,1767.4581420432412,10.83330071089164,1773.3162230842183
968,1762.6498959199437,1769.366322778551,12.325765253372262,1775.1759807710973
3053,1942.0211396817704,1947.4408402377496,14.082974068345901,1952.1435198484087
3065,1957.3466457423347,1964.2985447464016,11.687301718835311,1970.2335765801972
3805,1963.2568620131615,1970.0995803782157,12.01148758080195,1975.8920563686734
2964,2027.6124005259965,2034.401617995858,12.052497671632148,2040.039618124497
3834,2031.8892628082804,2038.2715641718237,12.401880182559141,2043.6315669129458
3768,2037.2223736999774,2043.2856179940104,12.603765364694642,2048.4503291304804
3068,2103.397900011613,2110.235882315756,11.561656491632657,2116.2085160485303
3782,2219.484635850937,2224.450165109126,16.021710634987457,2228.345647470945
3785,2356.708001164102,2362.6022868611617,13.88046808884759,2367.518154892508
3921,2364.5030156569346,2370.2919917371505,14.07422431948751,2375.3457078982105
3055,2492.8369280752895,2498.5923819257446,13.43824930612651,2503.4936181548114
3911,2496.4703204191846,2502.456562297462,12.478095681604165,2507.766135861143
3777,2498.938247047575,2505.383148845839,12.455563681553931,2510.799194676303
3778,2614.996271537072,2622.3882750357025,10.227607429302065,2628.7184663212875
3818,2617.0025660616398,2624.3589500999587,10.189901611580167,2630.6007325735563
2989,2689.471077781297,2695.4393792002043,13.490562696681064,2700.5661470832924
2984,2691.2414967134387,2697.0785761834354,11.994556443821747,2702.3243020074315
2970,2693.058104198119,2699.3004375164414,12.992788920309298,2704.572475905207
3762,2694.874578440916,2701.1486855016137,12.3749488848412,2706.7244016829313
3797,2698.5275370156387,2705.2277271219673,10.968031270963673,2710.9128550468627
3779,2762.469846457829,2769.0570946909525,11.909279067505604,2774.5931322303395
2969,2827.8257813670843,2834.3128596652655,11.67436869272486,2839.793486154044
3915,2883.1084700932765,2890.1710086067947,11.435829706449809,2896.064245548368
3077,2954.4311072945775,2959.54069088147,16.207227754169473,2963.6017761740072
3787,2956.5003158619807,2963.1923956562728,11.088596144307438,2968.8188678394436
2995,3012.8773373493646,3019.2583125655383,11.936174294099168,3024.8631742440953
3786,3027.9294065388694,3034.0743855228916,11.829270631831609,3039.515540972056
3920,3084.8379149643442,3091.0403732399554,12.933493353074246,3096.3518975641637
2963,3088.6388828419367,3095.3039569476055,11.118840961630566,3100.9299243122337
2976,3092.7593897542497,3099.5723343535315,11.701141168557893,3105.3306727840063
2957,3147.67385063647,3154.2382069383184,11.711236820724526,3159.6815514429104
3799,3275.1779999467185,3282.162370126667,11.018288759104589,3288.166541895478
3789,3419.5643843282655,3426.4118935934434,11.084318005815192,3432.4217661791477
3017,3480.329969245462,3486.1736045142416,13.769326156124604,3491.03327210851
3078,3484.7731801762934,3490.5633923869873,12.90350721836449,3495.791919992585
3005,3627.338061614451,3634.3534635564215,10.751241592591144,3640.256251254669
2968,3670.8627175011416,3678.2457337464775,10.466775268776429,3684.5449413783326
5060,3766.27812143803,3772.3967655884194,12.933476832560833,3777.564854249701
5057,3809.057302614273,3815.278206703175,12.087178134315884,3820.6048605817255
4963,3943.883432309992,3950.21414207765,11.724788192687987,3955.5478781525853
4999,4003.6666020831854,4009.3027082905487,14.837805237223886,4013.840125276285
5079,4074.8939811673877,4081.4353930642073,12.109759339410058,4086.8916498504436
5780,4138.669920454874,4144.554156211577,13.183603092220233,4149.677258329605
5927,4267.593062908831,4274.175196968459,11.947463760663,4279.709338040887
5798,4283.985046332547,4290.3767302199785,12.236600769593313,4295.8782889026215
5920,4285.779191225179,4292.142778017302,11.909571822483018,4297.659084653553
5056,4294.332584673548,4301.110715302949,11.502665033665904,4306.8550745939265
4985,4350.433947050432,4357.184738562946,11.435278647189344,4363.1152561456165
5035,4352.294899422287,4359.105947859639,12.64573642029518,4364.886514700193
5772,4404.905365086344,4411.146209274399,12.454167136288756,4416.416746777156
5064,4471.429059824694,4477.5318244016935,13.082085748643912,4482.845486207064
5791,4478.794086979773,4485.4115090493515,11.696062540295944,4491.156372316333
5794,4603.224766546012,4609.506188510499,12.383770774913861,4614.887872913621
5001,4666.60136616144,4673.538068850468,11.30834575706361,4679.4567334857065
4969,4668.4774988370755,4675.381330094566,12.092504373877206,4681.2752398301245
5077,4756.338081290051,4762.263863252498,14.266810102944865,4767.0289292389125
4970,4799.549316065911,4805.254004925485,13.433206941823878,4810.01764980504
5018,4990.810905108784,4997.519812220779,11.313321978494242,5003.077737736938
5913,5005.0307609498,5011.422642245997,12.25960452894451,5016.881598940193
5796,5006.81760046187,5013.192572645824,13.21111970994987,5018.703833646711
5781,5131.045787895168,5136.583812965343,14.359942418190869,5141.307964834086
5903,5132.7938988953365,5138.3988465700595,13.060919167920254,5143.132357067784
5061,5152.222697141054,5158.115409503347,13.694481820556241,5162.943933387237
5788,5322.808869733227,5329.262751704577,11.968789561648412,5334.701205410319
5811,5333.425903820251,5339.352286062369,12.447001745799684,5344.519762362965
5074,5342.634514686131,5348.5582759115305,13.419317479569942,5354.094490398159
7071,5517.614658028651,5524.44004037997,11.370151796109848,5530.366606968744
7076,5571.9332603708735,5577.1544750583125,14.833064342084937,5581.620148635504
6972,5731.183022969828,5738.018882553598,10.762219562027477,5743.974881062036
7918,5735.418282844153,5742.093103705801,11.048202636213524,5747.761054068853
7064,5747.120333136245,5753.039753386362,12.785239033456609,5758.079142274586
7074,5788.770664936249,5794.358444979571,14.059920768355905,5799.1660527860295
7810,5857.4040851015625,5863.473969217296,11.780655871133513,5868.9942581654905
6994,5915.128793430023,5921.450246923473,12.544668075384477,5926.8308874567865
7768,5920.474673038377,5926.510526643508,13.420595587720353,5931.524335230899
7895,6049.40142261257,6056.3780375825145,10.662602285336579,6062.2858412873065
7836,6113.485441443919,6119.378519132284,13.719807165997297,6124.316487466971
6966,6183.091787874565,6190.164089999701,10.389559897104412,6196.131623062702
7811,6196.917013056046,6204.252542073668,11.112646534151237,6210.387096905813
7794,6198.872833505013,6206.124697461461,11.260562959301879,6212.369684337744
7802,6200.801434224482,6208.00158755365,10.663819650798317,6214.205484843233
7072,6208.642064531182,6215.054928313256,12.966401207833274,6220.393307522685
7061,6325.47522519934,6331.373597926627,12.681966980697679,6336.336786749673
6986,6329.82091145474,6336.332709517208,11.33023257383774,6341.978709113791
7920,6379.485249082468,6385.154926768189,13.918176397335557,6390.016163369825
7776,6451.232657540853,6457.583457831631,12.366397283895036,6463.114001919771
7828,6453.070668202822,6459.391009021734,11.877235342296816,6464.8875940230455
6978,6512.400623330836,6519.268879074085,10.591111085758994,6525.234533264084
7890,6517.0342244685635,6523.108108679327,10.785955636583603,6528.865842663967
7786,6644.29255821697,6650.244353533623,13.797335953220921,6655.145551793695
7912,6709.056119964751,6715.185184541848,12.534739533074887,6720.737861682423
7011,6710.855839305197,6717.21393769722,11.79502169568733,6722.70535551466
7057,6788.447612824207,6795.296771685968,11.481319021128817,6801.13339228849
7778,6841.048552243877,6846.553698620625,13.807191984957754,6851.333102295192
7082,6860.773671428691,6865.668162326895,15.448097802964957,6869.880085183022
6963,6909.149392221806,6915.527657975496,11.819325686100585,6921.151232717908
7069,6977.8032984971205,6984.383423091742,12.32930777632634,6990.000231957012
7784,6979.752540484707,6986.113123648754,11.919176873068249,6991.772129229128
7765,7052.344315038311,7059.344212164006,10.74849908101414,7065.149349645936
6980,7103.060398937867,7109.223125216017,12.07521007790367,7114.447822472033
7916,7315.0500755969815,7321.310947049217,11.489748078147864,7326.947233799265
7763,7367.256321914686,7373.144086941702,13.059984975462276,7378.185780131231
