534,45.94352943804019,48.57544513232255,13.542126275416761,51.232637148125306
1006,249.82890303431412,252.25871214552123,14.531835720926392,254.75519167170913
538,388.73525971656255,392.07226169762407,10.550305289161994,395.4941606202992
459,413.86268300427184,416.3844799768246,14.152380084730451,418.9789096083542
765,415.7580280456025,418.5629978225171,12.937430157608205,421.4850981108911
735,418.1868618598012,421.3629925362117,11.68734408971317,424.4992365456589
747,684.5123892781744,686.6899097128752,16.183244943381382,688.930714122973
1030,1351.6547003241994,1356.178603547586,11.817324906984728,1359.160434722798
456,1648.8537168202204,1652.0400389845374,11.673040073765778,1655.1250213421831
3029,2161.352826151061,2166.0491133343426,11.780788466288504,2169.0939261368612
2532,2393.928136870433,2396.2020607476416,16.041704915808097,2398.454486718859
2737,2417.641601574138,2421.146574851327,9.975759724472525,2424.6147513524706
3827,2619.4704610626673,2622.1057176737822,13.29241568660599,2624.7890140475583
2750,2755.259691374854,2758.0561118371625,12.615382505047744,2760.8990521732644
2999,2881.135497130789,2885.1525496209806,12.3793694787756,2887.9980528675965
3014,3421.4564642274486,3426.0454249694244,10.5885057333331,3429.282754289479
2546,3489.732953788702,3492.577647045376,12.190697554374252,3495.4638818477288
3802,3609.8289931075215,3612.1463979952864,15.449436613996289,3614.474146614962
3000,3679.0668117385653,3681.6356307875185,14.257789362619905,3684.1824568565476
3019,3691.4879090208156,3696.0028854475318,12.350592986426625,3698.913805040468
4749,3924.388782315025,3927.1104428208696,13.06179099063498,3929.8472842664232
4746,4051.4167644796116,4056.0300773578583,12.762202737449641,4058.8736195175984
4759,4109.124099345902,4111.631126675241,13.964131999283872,4114.126447360348
4539,4140.942418971882,4144.23081661279,12.94598601735414,4146.973437419726
4544,4813.1212836498535,4816.211502321796,11.598230121700297,4819.358189471981
4771,4846.4727765715015,4849.081128629264,13.259108160336277,4851.754248618665
4752,5221.327260677988,5226.263330081614,9.418686143257519,5230.171909532415
4456,5230.413756534569,5233.260202631766,11.737333140115696,5236.209717302898
5012,5300.709560711457,5303.405849280003,13.510553025428942,5306.0515111446375
5834,5409.456890488416,5412.24524853544,12.410788990985868,5415.116736896303
5011,5581.176521081738,5585.30783055359,13.364059842572551,5587.991357338066
6531,5929.376325486594,5932.1307570148365,12.270798475781262,5934.935595089705
6738,6190.791693683334,6193.335058406407,13.901515991817437,6195.856227379253
6540,6444.6685340532085,6447.588260499303,12.72388421350187,6450.524200517116
6761,6481.5054750367235,6486.02760728078,12.707973214606914,6488.826472478595
7830,6850.295727672609,6853.288616346502,12.504486986328876,6856.231343251
6457,6939.37685183229,6942.2108604050845,12.591932715764216,6945.0551714636995
6770,6982.646604508321,6985.421186480862,13.31324369658831,6988.182828583048
7020,7116.6498619094455,7120.006902679233,12.511943193063342,7122.941063260542
