374,114.72156383144952,119.0362046160301,13.904623467612335,126.8181908094041
143,148.10679107152077,153.086038339383,12.672124671546925,160.52903753914336
97,152.00412286687026,157.3192834074028,12.1295712246453,164.8420406907958
330,180.42400100031452,185.48844095859897,13.438785626522717,193.40399678423412
390,204.98970783426302,209.4716118258727,13.604000507170998,228.0205774223941
382,223.15082516617213,228.3872529201671,13.703248256797627,235.0898423808126
162,225.42631013209234,230.37641810314886,14.267899872258601,236.92015754197035
263,289.52109047673827,294.50277968731683,13.024017459840584,302.8969507281216
93,330.12012295524954,335.10963031407397,13.353090986017525,342.35506118679217
388,487.02131945524593,492.26866134382817,15.993569506900355,498.897703041371
179,532.2014214517817,537.2793206334842,13.587105794449473,545.3050886513856
175,575.0416486039514,580.3021823212612,14.351156443667476,591.1270745963012
101,599.5090577907431,605.5317688805878,11.029597126460558,614.1714623004266
368,628.9746786512044,634.1617594031716,13.448248872558327,677.8996126113028
375,631.350682740135,636.4763412700827,12.027864550926045,680.3863136117772
164,655.3494761696927,660.1954890061257,12.598415211264607,685.1807090202196
18,689.4438174183632,694.5787436923881,13.458110390958526,701.9317561850842
134,691.2092810715012,696.4565991959116,13.24489736312647,703.8324425996902
165,707.7832648530062,713.2242567124139,12.224209290163705,722.4742372996672
404,709.8330050431945,715.1433817746874,12.021800975335351,768.4609313407329
184,711.7332763279115,717.0028584632024,12.110456819533095,770.9214068811461
244,717.6121767831833,723.3124944186876,12.58312230822259,772.9620645245402
11,777.9631137670592,783.2753180388264,12.66956796258934,790.6726316540418
171,827.6834786529738,832.5810678023463,12.946505688047576,840.7958185285457
185,837.7109239726927,843.0756864434701,11.329540133256577,860.3798176321516
5,957.7209462675581,963.0103104665743,11.991505221847564,970.7404810879714
258,981.8240396172986,987.2072675770769,12.630739366054684,1041.1286164846615
389,1019.4699615382366,1025.128404438704,10.680535203280307,1043.2732879469668
17,1052.660875244223,1059.4096166216384,9.679247425835642,1069.2156009660832
303,1062.26006692168,1067.1247253838542,13.519797088062909,1074.8098570775164
158,1095.91374124967,1100.05900657695,15.20972011594675,1128.3386063034918
130,1137.1494828272066,1141.584855432185,13.864391687870215,1147.9981876758704
160,1375.5967893254253,1380.609788086976,13.051345136768779,1389.437063254503
182,1567.1968111681106,1572.0630221808508,12.581007658606834,1580.8606864256826
373,1591.7646289057755,1597.171215097294,14.406184529842232,1603.771750363588
394,1684.9890170280967,1690.358033529508,12.235196135952346,1697.844784332673
395,1767.5976601991156,1773.1164528583674,12.20607546285347,1781.1078000769967
19,1806.9845358226712,1812.5968473258724,12.67032296502666,1820.9276256694102
3,1809.0962751761035,1814.3126305543583,12.465920830776342,1848.178272150024
2156,1983.1208486730209,1988.584212285057,13.077416837078335,1996.7671961257715
2108,1987.6965395860166,1993.339096877549,11.731668857902458,2030.772004344101
2373,2212.1535878690793,2217.47604871461,13.373420398348419,2224.6080778822
2103,2247.121530308809,2252.6035040512515,12.620056314847218,2261.330477636054
2384,2362.743180431948,2367.04881829286,13.805831336836224,2374.931269097986
2193,2365.53972978169,2370.1955219598112,12.936948898865326,2388.2857662096467
2405,2471.1079945508077,2476.35475515653,13.343764026380226,2483.4005940207126
2178,2542.0587149721277,2546.0453695352935,16.257836621030517,2573.0209902904153
2174,2598.886900410485,2604.380925573171,12.925611239149145,2612.646729544845
2023,2607.3978624393594,2612.3175731031142,12.999899198509226,2663.513295562643
2192,2643.693124282652,2649.0023356599945,12.672120915295228,2665.6270296193024
2265,2722.4716045443,2727.0614693926036,14.296302869353577,2748.3444310569444
2376,2735.191761283104,2742.2069440491487,9.706955978896362,2752.2009797897
2332,2818.219574056802,2823.257256998128,12.996557099725498,2843.363791102065
2014,2865.303305559667,2871.0870604326083,11.630057141646802,2880.673838765483
2165,2908.0711594184454,2913.2123533216336,12.222239712011028,2928.3624214813226
2150,2955.626800103836,2961.113607281253,12.023946386131431,3020.3470503075105
2269,3016.6861965180865,3021.1058782333,14.153721899780317,3027.6838828981054
2402,3039.0039693776253,3044.318240021328,14.120411491406378,3050.766761375193
2378,3089.3450790182374,3095.0226012497255,10.669886145459461,3113.353154657184
2381,3170.900422639291,3176.228860813756,12.770920838469692,3205.5687085936606
2352,3191.4224993994812,3196.421610464441,12.278525772643082,3211.8327543976434
2380,3260.3841341433613,3265.0636058987716,13.451394490762445,3288.3587537038616
2370,3268.912790952621,3273.5906459956086,13.370268634596307,3294.94783993329
2398,3303.2590283459435,3309.2276409015444,12.215565792711224,3316.8723241662974
2330,3463.2715423261293,3469.0593937854,11.903951948305064,3476.877944881346
2166,3479.082878389825,3484.510329016012,13.103408022792564,3491.883992535631
2102,3483.1890709253366,3488.017319375265,13.828339079196514,3495.0039490825266
2401,3528.7512969431805,3533.236549931027,14.165421197678487,3541.3417981760003
2363,3612.0715845453237,3618.2494630606257,9.35298590518559,3628.791362597225
4397,3978.676705182473,3983.3532683511658,12.987383885963123,3992.0518545018417
4189,3980.5275535525775,3985.215856419406,13.491130033161847,4008.0517788734473
4167,3988.482412001,3995.1148906677404,9.32891300896891,4010.4554729691613
4385,4166.736569308771,4174.025865921148,8.988314751076148,4185.153714885043
4362,4263.544392401183,4267.616701444196,15.132799614336177,4275.2125923159565
4132,4288.216297859186,4293.429205526912,11.661135827142298,4301.341838803927
4017,4289.992377541895,4295.264802960467,11.64217116102711,4303.073903676208
4376,4341.671564505153,4346.436398038633,13.158921055939324,4354.590457150498
4169,4347.328148765903,4353.32156663717,10.08239114242938,4368.410272320724
4387,4359.03994538175,4365.19719932648,11.638532883188255,4373.432566656279
4253,4361.358820908283,4367.187513925545,10.74906745302545,4375.473158653957
4185,4446.745829435975,4452.335500492436,14.262802172700491,4459.275634759747
4012,4471.5886507571695,4476.593230556434,12.364958920168387,4483.828388312856
4309,4492.217956521828,4497.468039000559,13.113991315097815,4505.75429755924
4361,4615.894046870073,4620.482409959417,13.019113795991437,4641.283992926476
4262,4791.831934277704,4798.173817140558,10.763708702779969,4818.224313806509
4001,4828.219223380224,4833.473229377649,12.499809826880416,4841.2582337136055
4392,4975.1959613404415,4980.236042706276,12.475684267030362,5002.727723698578
4182,5024.567062285408,5030.252612840589,11.653388209118578,5038.740206923503
4403,5034.7077768639465,5040.291385031916,12.190001100287642,5090.723907965313
4174,5108.242381486448,5113.375181046593,12.57224566541735,5120.797578436579
4172,5110.238182543207,5115.299771620521,13.093235808676116,5122.488940692003
4320,5196.128695979156,5201.136926826119,13.692386600562585,5207.791270985093
4247,5198.01183300355,5203.41340767566,11.615439111676693,5211.0042364295805
4317,5202.80933562207,5208.097653159022,12.868481871567596,5216.60815333879
4373,5250.532468419604,5255.229422836679,13.604703198331654,5271.025056329166
4179,5337.016308863171,5342.27838344014,11.66971775756357,5360.522080200092
4396,5425.510661399946,5430.004386910653,14.380848773981628,5448.63455420496
6314,5462.849780795576,5467.573577139789,13.639558268809909,5474.70230134147
4011,5502.884536755475,5508.424705827665,13.995242407755516,5515.909868834135
6023,5855.068509552355,5860.531791881528,13.31204146888147,5868.820485978473
6183,5875.964081858291,5881.000316136219,12.564303087441125,5898.317771968393
6028,5943.240031363046,5949.346506382833,11.718323508703062,5958.676496697902
6141,5945.577886532229,5951.187863931723,10.956844700867094,5988.451327874265
6174,5996.195589426135,6001.4839638540925,11.838203706669779,6008.988961056646
6146,6033.871811295651,6040.184018969506,9.829855707190985,6078.475869058393
6156,6118.947258587638,6124.2239651866,14.964784323338243,6131.689936565965
6019,6121.013945380301,6126.08829190296,13.105283848289659,6168.211960777169
6165,6151.755078550027,6157.065972487547,11.435921467350049,6172.759999531684
6405,6164.462249883341,6169.36081079357,13.908584665162145,6175.914109304099
6164,6251.861225882569,6257.032555493859,12.569991510868714,6264.329615697985
6108,6387.202821937323,6392.02051286111,13.80535360452486,6400.338307768516
6262,6428.575518805978,6433.548116272638,13.58902377923957,6441.20983899912
6147,6471.358161159824,6477.136655842369,11.200413054246557,6485.9863375536215
6149,6473.412646950464,6479.200930923332,11.32046997964431,6528.467978852722
6166,6507.219721616379,6512.164573458363,13.081632256617185,6533.004218632568
6411,6561.085104954817,6566.47783686567,11.741075443440746,6618.448499492595
6412,6563.293079511371,6568.378378119773,11.483468670976144,6620.822708533789
6162,6565.381220959225,6570.327926640819,12.02128482486073,6623.327889708296
6261,6596.129071524473,6601.42708768581,12.454433228037352,6627.591683764496
6408,6647.162066888443,6653.1290897961335,11.718224916156649,6661.693193766818
6369,6692.253615131544,6698.285710569696,10.873515856251512,6710.679435471856
6330,6783.906664073513,6789.378806813035,10.927666771721382,6798.518450954837
6265,6823.289217164805,6829.220580174416,11.112593834472891,6837.847401429385
6159,6825.461324615288,6831.05442477716,11.221364733197921,6888.500102108392
6382,6868.145790145535,6873.087606752353,13.573226545185772,6891.130597599259
6393,6871.992310414727,6877.467893010657,11.144294162093695,6895.515140551872
6345,6893.615289646681,6898.556175569205,13.389358851613444,6905.80184730232
6400,6962.501755164162,6967.503491283627,12.62177775380504,6981.063197735826
6350,6969.750759277039,6975.295956629305,11.288125222314484,6983.562085739783
6389,7003.330106821434,7009.183726982935,11.363338241806042,7068.591372856873
6154,7267.738067730289,7273.415260200415,12.260645412900777,7281.383098177397
6029,7271.55180382275,7277.2989395274235,12.157129349214195,7286.406923146527
6385,7351.300996994456,7357.424180091016,11.165524454504528,7365.802802871671
