945,364.52293269729256,365.2771585552131,10.856124699674469,365.9419825010783
100,366.6136582750666,367.2707677011506,12.222516354266135,367.8612689899562
97,368.90266619783887,369.48856066091344,12.603734054732048,370.0605810924597
957,370.82386083853686,371.46275236449316,11.275075306302359,372.0956259502787
521,393.7076645048136,394.309801400593,12.018239173258161,394.9103395955477
780,395.600565404825,396.21673885803926,11.730645039001196,396.83200013614004
1298,544.3736613184724,545.1167275675208,11.656539027345568,545.7359003462255
263,546.5710087118321,547.263037311597,11.828657837061462,547.8732005067001
93,548.4622252956914,549.0916935047277,12.30612913081267,549.6781826909635
1291,637.9599579582617,638.5510876256232,12.192009277505871,639.1470092103133
501,666.7758059439013,667.2544044516792,14.732832032309599,667.7442906896961
517,727.9541118344337,728.5122503546014,12.999543385159019,729.0678562379022
1186,746.2467244081638,746.6573757966421,17.413177670713612,747.071436110592
179,814.251137669757,815.0253816231292,11.493409781694975,815.6533424978156
787,1001.7620546521144,1002.387757567105,10.949161705428883,1003.0391962406262
168,1005.5992841293108,1006.1484593781139,12.763017706738463,1006.7139535132378
176,1091.5367503827717,1092.0766643055865,13.4926425418587,1092.6115789182916
258,1266.659751487653,1267.3737021792467,11.058158610469619,1268.0242004621045
4,1444.229509909366,1445.0162455237032,11.598290502628684,1445.6385278900577
159,1728.2314291965856,1729.1483279395504,8.110693966957577,1730.0345976401882
3,2074.2844593638292,2075.0279685928285,12.016733410184047,2075.628582038536
3174,2265.7449829761554,2266.232507868851,14.942683566524783,2266.715514259738
2514,2372.747776430102,2373.2948123885926,12.679381437454765,2373.864036659922
2257,2434.303467367066,2435.0649244536653,11.250412756509466,2435.7064486195645
2167,2436.423857669273,2437.0997132063835,10.765883304025268,2437.7701098153593
2021,2632.643713316634,2633.143818237595,14.408115766552887,2633.644745060823
2670,2705.830713767137,2706.510833410308,10.623214698996103,2707.1801666314364
2012,2710.8653764798023,2711.4894532256412,11.55640226298111,2712.114058724974
3284,2799.3815134401316,2800.0549653749645,10.590917352423002,2800.736437188923
2020,2978.435033066854,2979.063436206355,11.78215514441684,2979.6760076392707
2110,3063.698912154732,3064.4241992031407,10.52103364055717,3065.1027056958796
2018,3067.7755178126927,3068.3898874219967,12.224704733425902,3068.9802830034873
2515,3429.3418184264806,3430.018012932982,10.605898671290015,3430.6985221367117
2106,3604.2501879322713,3605.0491950765986,11.198410046869727,3605.69369832567
2111,3606.587833251238,3607.2493048757538,11.966801586754547,3607.8524243983193
2775,3787.8189151961355,3788.440690310659,11.590456739260306,3789.0697631949197
4508,4086.6043329033887,4087.1731610067136,12.431869433387392,4087.753718234918
4787,4090.6200275251354,4091.1721938752708,12.467465675295061,4091.751093536807
4022,4414.429209730198,4415.191204462718,10.793867461399268,4415.859863002898
5211,4416.334071548346,4417.014248631546,11.949610218753604,4417.618235835105
4518,4419.788361989518,4420.400322878969,11.671280715167905,4421.018690382002
4259,4596.391003051955,4597.063935379946,12.544503869250162,4597.639279908105
4185,4685.844567823196,4686.513244971713,11.059710639228275,4687.170500983991
4254,5134.291460196278,5135.070524907136,11.510590048121847,5135.69754851144
4496,5147.840249127352,5148.410779072385,12.428763409142283,5148.991481385403
4265,5317.738337679926,5318.369420591432,11.960660701200739,5318.972849769798
4247,5408.399501097232,5409.001691553231,11.731199634795237,5409.616923744679
4181,5586.433520706483,5587.099947017855,12.51551682945225,5587.676624094638
7289,5701.043963173798,5701.545307352297,14.263146746235908,5702.0485089372205
6257,5766.384316516688,5767.077514487073,11.352570380034814,5767.713265811931
6010,5800.883582600957,5801.368802490881,14.981992532407332,5801.850541594944
6780,5867.594319024148,5868.14678792744,13.255814131425646,5868.691259326033
7292,6126.429705191242,6127.088485406768,12.45601935119748,6127.667917041879
7211,6159.564262174014,6160.038657992854,14.963723972770083,6160.520985231232
6185,6216.403638252339,6217.071424474978,12.173199621422867,6217.664318034938
6018,6304.309567885228,6305.148249879328,9.256080480913095,6305.927998032397
6012,6306.34171223958,6307.112861758916,9.747261073971462,6307.853317114001
6180,6308.255099091562,6309.029648315656,10.533258469306597,6309.714850495084
6115,6393.721724897355,6394.428798718911,11.102184165004083,6395.0763287723685
6787,6398.457219611074,6399.0972775421615,11.68649137227958,6399.714863388052
6031,6753.753953972851,6754.469393490945,10.491227789667802,6755.139045150946
6935,6764.284840581196,6765.0166477983275,9.675411763602597,6765.762601752122
6024,6792.1297001919165,6792.622304940691,14.516192964165738,6793.119749130802
6509,7061.773546517804,7062.4789037110495,10.10125888141732,7063.1786360570395
6265,7114.315788299351,7115.104415936023,11.266507583695144,7115.745023649285
6269,7116.506205006943,7117.18087427076,12.483846282217508,7117.759014332442
7209,7228.626084605243,7229.035934868828,17.336560286027982,7229.4522464981565
6948,7236.853363739317,7237.385971121627,13.40721063273577,7237.924294256644
