71,47.885573591243954,52.35428013973189,13.356776834345528,58.80755132945248
150,138.2622832609177,143.24091575942012,12.993356982409344,149.8647063780482
136,140.44900566239787,145.2925775997531,11.749885781146554,183.17825734898682
112,228.2040312304147,233.00865048153386,13.459559654539243,238.8805565302008
62,318.3414213024981,323.40457887437617,12.930355243395056,329.8304903298729
28,322.70166564759216,327.54756711400483,11.220581487355904,363.06654950999075
61,335.66742542833026,339.2455629731503,14.287334289284026,365.6623915701358
120,498.3850307211363,503.4353707050246,11.394885613900863,510.667245441817
45,525.9829355807192,530.5254670083613,12.03165380855985,543.6758982085202
58,677.8990048444367,682.5540142927671,14.054734056582564,688.8352957081929
31,960.6921905753193,965.0076363272456,12.655755570211282,993.3280751818806
7,1396.6529170079925,1401.1218283957307,11.882637924135832,1407.8299488949958
36,1580.0814011760158,1585.0308658159552,11.306423278799297,1623.7200719398525
2097,2298.266727112895,2303.042159982099,13.369259130032441,2309.1472998877475
2025,2497.9993657998853,2502.5467879125454,11.701459508838802,2526.315986064049
2001,2781.1319726269157,2785.057532658288,14.067483772255075,2790.497795889615
2109,2838.110090025778,2843.417092254781,10.233798637373633,2850.7282914072616
2123,2840.31645801467,2845.3576069538203,10.657109071872183,2883.076846054249
2024,2842.6971909601966,2847.40051537155,11.875257389775939,2885.8977015011865
2125,2844.537519311006,2849.1765017392668,11.126343902764097,2888.013648171284
2022,3470.8953386511553,3475.417316226679,13.034418075704728,3513.4063151895607
2091,3472.9395674468933,3477.5425920306716,11.438978140386102,3516.271963251966
4063,3647.7312431930072,3652.30268358481,14.069874276832165,3658.2396657401855
4071,3920.57989688143,3925.055192382535,13.405402377061227,3963.3054404370046
4128,4107.269953524828,4111.233174134729,13.710133175121225,4117.553488584857
4077,4378.960556138667,4383.455009966498,12.40310590948029,4390.159697435823
4052,4457.44168178159,4462.177246573521,12.286895955420855,4469.124126368732
4155,4728.103599899034,4733.255150345799,11.008342924592972,4740.615863428051
4126,4733.372706118367,4737.498411389748,14.36580965069406,4775.665748235553
4087,4822.194878359478,4826.3108055077,11.821326360515542,4865.706734804617
4127,4907.897087142071,4913.193330919412,10.945941634790568,4920.698948516281
4019,5000.406819902298,5005.137833333098,11.8982954087973,5043.558473996656
4144,5002.678132709072,5007.083407166909,11.794926112407005,5046.138896627968
6113,5472.9709181952585,5476.598328291038,14.462718900902356,5496.018969593398
6058,5482.222244670096,5487.1014507517575,10.84130157755888,5498.359908974877
6125,5628.139305717693,5633.545840703274,11.366411842479602,5640.650102088138
6078,5630.326124560459,5635.372621229028,10.680962023973875,5673.282226727756
6074,5632.960064577885,5637.362168030905,12.646929230340069,5676.0308244161815
6073,5661.918920935846,5665.591184186555,14.671430344340845,5678.17001540943
6135,5718.024091809142,5723.279819964524,10.825358153373818,5731.0863207461525
6014,5731.896031186926,5736.372343413562,12.353385573398667,5763.10349857754
6082,5808.2381020050125,5813.434068391698,11.205533323690492,5820.614341283611
6083,5898.282327422886,5903.004750990814,13.693495402962753,5909.396685282174
6072,6258.279527908365,6263.196248665193,13.14225757833238,6270.047456695328
6102,6260.366690144517,6265.032341292366,12.40665675179014,6303.529442690356
6056,6348.017857856206,6353.023427935846,11.609493860189797,6359.976461759145
6138,6353.338837581842,6357.333564334571,13.77020572545419,6393.697850242234
6110,6528.518773414995,6533.558109216095,12.415635959330706,6540.355055684294
6054,6798.04620927905,6803.128121181522,11.728081707285973,6810.32533143978
6151,6803.836864126444,6808.167831703822,12.89112800107141,6843.4652716028
6132,6830.4358339977425,6835.213527478038,10.985015321005127,6846.247577486611
6112,6888.190705870859,6892.629742434213,15.274868541891209,6898.713863935837
6137,6892.959406734938,6897.419755484902,11.756390318759433,6933.389457014434
6157,6980.630361580741,6985.343675234622,12.56670247977836,7023.224596964678
