512,248.19965177769177,251.2571149960479,11.204674234619828,254.91900941844844
513,521.7008547342084,524.0552582611099,13.60342005105166,527.7625059167432
517,541.5024494746416,546.3752011119282,11.740198948465514,548.9202754319759
473,1720.8933850440685,1723.2487237401306,14.859369028695701,1725.5139714146803
492,1801.1895696370943,1805.3184805959363,11.961991891182493,1807.997973616547
2503,1839.2687028650162,1842.1143322474547,11.364787934285195,1845.6555986861044
2433,2299.0933769162807,2301.4679279720967,13.997309953330872,2304.759792031804
2474,2861.2830201021493,2864.11255094484,11.783451494848611,2867.751972297507
2507,2976.609795646745,2979.2219964932533,12.924671529897124,2981.8869412081453
4471,4115.256866453324,4118.34011868452,11.093727011434114,4122.143422175388
4441,4481.455099228387,4483.6455180355115,15.029725408202916,4487.332213375699
4513,4617.489360410908,4620.204343881039,12.484276579086176,4622.944080814286
4479,4664.570400134785,4667.447659306006,11.554682776625157,4670.941773382935
4496,4935.433429651607,4938.104299487673,12.866098865038675,4941.480225259102
4469,5135.903240448238,5138.079448010778,14.986547537765738,5140.1947720417975
6518,5784.716707702597,5787.412511899169,12.034650906817722,5790.1063886633
6479,6303.369822985629,6306.142699644109,12.950914497824488,6308.758553042386
6491,6544.638096623345,6547.409443738757,12.515422393638435,6550.889558813963
6523,6798.759775281689,6801.127177451591,13.37765552112359,6804.647348807888
6483,6999.628744149069,7002.364077026579,12.097383503195903,7023.250428886902
