780,320.76228126569833,331.504935065914,11.878469192747696,370.9911815786998
510,501.39666704669406,512.0756077726035,12.172875945043051,519.1306327950865
248,812.434340545651,823.4023243363735,11.433574627340455,830.4973283947285
519,1848.683543148599,1859.1854152679043,12.21690851589076,1866.515535108632
2500,2209.067728807245,2218.484090793653,13.623493009521052,2224.561710009001
2495,2478.790416719202,2491.302695825112,10.266252965513216,2499.289362341061
2507,3110.6985276413316,3121.1468934627233,12.751112734037392,3141.0258668889455
2516,3112.701119780105,3124.513365629584,10.870136353185222,3143.8299650814497
2502,3288.8537080613155,3301.170411097401,10.146330734635406,3309.669377782725
4518,4369.297446339148,4380.30884657972,12.547991908281281,4387.8879474670575
5048,4597.733703618397,4608.3239074058565,12.83862818931892,4615.976567522492
4501,4638.623619186243,4648.340439122969,14.28832855891468,4664.416705185147
4245,4706.888312559008,4715.622199855122,14.291178189141172,4724.856231002287
4504,4729.241661778768,4742.457854844705,9.326364970858869,4751.618186541336
4503,5088.8042885928935,5098.359279899115,14.588600781032271,5105.358811246384
4496,5091.1398383906,5101.293051348094,12.781731457052691,5121.336958371484
6505,6258.541766282929,6270.007630794546,10.869343523853294,6277.77814098528
6782,6891.11271858433,6902.040657254902,11.627480290756054,6909.277369006681
