1280,338.03143651362683,342.5174350915125,12.63828317812316,349.9559363738395
1260,356.2796971969805,360.5877731896308,12.89806307757821,366.7466172294219
79,481.538813879816,485.4316154262705,14.983484264819529,490.9969084948377
1852,844.8436497868475,849.2286868967686,12.526716417777713,855.6852872570323
1565,850.0435577376467,854.5378006897558,12.906850328397361,860.8845093909621
1268,970.6819516790864,974.6071932343906,14.23669850056689,980.0924040767795
1435,1795.3220821928132,1799.6151068219356,13.319333997406543,1805.8358204913147
3264,2200.5136698198644,2205.0968745249843,12.130180796360277,2223.2019916610257
3568,2314.27322211334,2318.5483696167803,13.721986469969304,2325.999491693372
3260,2408.315064391958,2412.594951004725,13.853441282183935,2418.6947814971104
3269,2612.5646119214402,2616.5708283838944,13.740285127164015,2623.7121056002425
2072,2835.902155133889,2842.3429337036328,9.138477746274418,2852.6858451580692
2071,3027.5853332220813,3032.421166967395,11.782336985042612,3063.2293370287075
3845,3368.6821668790467,3373.1239063651747,12.63895964282022,3379.511072235347
3414,3419.033225645519,3423.359979294009,12.92962934581595,3429.604766870866
2056,3745.2283929098176,3750.4187623354637,11.316501085745301,3783.2952542201992
5262,4020.4810959135807,4024.3146789365715,15.316579862365245,4029.7928427830907
5271,4037.966910145844,4042.501579797074,11.90628930402038,4050.5097340066654
4074,4283.772839526032,4288.507398668633,11.529381503439856,4296.669856664555
5425,4320.749478067845,4325.317064211254,12.952778839056268,4331.664692391572
5261,4769.486723014492,4773.472459717941,14.2933223175773,4780.658073604581
5595,4772.594749686831,4776.347539623219,15.512846386671201,4803.09687802996
5430,4948.572799459875,4953.177838020935,12.640303454144139,4960.914477671332
5275,4991.548757827785,4996.526640842296,11.779506037502886,5003.833033848754
5281,5054.504466482546,5058.604707223941,13.64109487168838,5064.459715256951
5424,5132.415897473607,5137.353940311102,11.389030258565535,5166.304505787591
5432,5398.764312748683,5403.373845304711,11.586838949013591,5410.075734432806
5592,5484.286669702423,5489.3428164608595,10.967271749229138,5497.710426589314
5264,5494.8231785499565,5500.190136667421,10.400499342303263,5523.722574046745
6075,5644.345296731109,5649.503685949607,11.376970896384904,5657.231896619975
7609,5748.888704259056,5754.210709385464,11.09139763610807,5761.707183021263
7251,6194.611340878322,6198.4418428686695,14.718834323634454,6203.926039481076
7560,6293.646189366007,6297.59835606583,14.77525728036039,6305.666810786452
7855,6462.036008482806,6467.260718826429,10.441214609495722,6485.936271051574
7249,6470.1735441208975,6475.107875807259,11.80103219516978,6488.225902287342
6061,6636.499970343529,6640.204363108401,15.079013800908168,6646.93028006113
7270,6785.546106957383,6790.370037367625,11.988287934438576,6797.485620413225
7278,6841.0142282481365,6845.116143567778,13.44299489206439,6850.988427434536
7425,7033.619553005546,7038.5279961878505,11.536789587231572,7046.808443100213
7612,7195.440805440057,7199.59128345124,14.105858566000094,7205.513895676186
7565,7259.280967084585,7263.253804183685,13.881624815686434,7269.053655546335
6070,7345.3425194170995,7350.385040007419,10.915653122088463,7358.510644037463
7417,7471.960917478369,7477.116080467797,11.480880615463262,7485.392996707736
7437,7486.325599432187,7491.273636331857,12.063564429626291,7503.514611321566
