1419,1710.0,1721.6329304309518,14.3029777365445,1731.934346819795
3267,2005.3951593616466,2017.2391718984672,13.616285713552674,2029.0610480214605
3593,2814.0,2829.027091067339,10.367556467020764,2844.861838577656
3608,3021.0,3033.009625519731,13.267422013852936,3043.6671654104816
3595,3099.0,3111.179510309324,13.820193913108492,3122.068804452107
3604,3167.0,3179.0693405505754,12.967230181946363,3189.978484921948
3614,3362.0,3373.407156937545,15.858745777615592,3382.630422060887
3591,3374.0854036460682,3385.5456388293774,12.694408691699126,3397.6195240476686
5611,3916.0,3928.000729754313,12.710673820731797,3939.850523079568
7608,6402.0,6414.276066709858,12.933439591448693,6427.672048596195
