670,166.05081032312836,169.15154362176025,12.102854807309066,173.05667298087354
167,226.28852859671235,229.3547505334987,13.037599962795445,234.3795247147174
684,337.0796605647082,340.16911225185555,12.532524312044513,344.8814302776816
943,451.51108540333956,456.4778471040217,12.193512365202595,460.4819579055144
441,497.4032222878555,500.55191486184947,11.920836575228941,505.6430921109662
407,521.5087346869541,524.340146746996,13.660455814742502,545.803575439059
924,541.5209413534419,546.2790232615986,11.194995847562248,550.6181532772353
663,544.1606375253615,548.1976886087305,11.748996167006515,552.3401709486104
426,631.4423662300426,636.1383043158011,11.372403708864464,640.1664916661271
667,741.194334543664,744.1222364597043,12.496095450337881,748.0650835021671
438,770.6579326130674,774.0876375067251,11.202209752304288,779.5037352541099
158,783.5911234379312,786.2466421758053,12.96761776526593,817.8180923975073
193,850.8602543584765,853.6087565753265,13.340493557719471,858.3727975192658
169,1045.0150566358702,1048.4159812982107,11.404089123488367,1083.5786270813198
935,1081.4181667372152,1086.0097295846535,11.653100351927867,1090.8250086120759
412,1147.542935477059,1150.4355161145381,13.245850007790565,1154.9401663619653
674,1171.406243485972,1176.4740348210144,11.768463259484935,1180.7278679035503
945,1174.220566392862,1178.3385980336516,11.284911130172574,1182.5686347731
669,1192.8371487791023,1196.0786993449592,12.028574906051421,1200.1822626215492
415,1237.3122749815413,1240.1345755947655,13.125102633158871,1244.8525626767102
948,1243.7610995187645,1246.3944422560414,14.103818060641196,1266.1436065086186
442,1495.1576245273982,1499.0546972962347,9.592720379013029,1504.9666124925081
947,1520.1630874106163,1523.292747945794,11.464527600902397,1535.7586563446887
664,1646.528815133645,1650.4830685282168,10.04832494349681,1655.521337180131
656,1648.5920139053471,1652.4080194115481,10.850684271246987,1657.487770874806
665,1711.1957557356022,1716.187935305809,12.712736351477966,1720.1956398006819
427,1757.0050154426747,1760.072048324097,11.947313538498697,1803.4984031611195
659,1804.249313851454,1808.505986707563,10.279488098996758,1813.0526530048187
679,1878.8821254634765,1882.1337684937212,11.417008561877285,1887.960885259094
186,1930.255101525874,1932.645815543293,15.474992450636122,1936.8420565906413
2660,1991.940998616651,1995.2736875554938,11.166335158154196,1999.5627792465546
2414,2055.190673896858,2058.3321905617236,11.963241363936204,2075.458155963044
2674,2163.923795157368,2168.0166310061027,6.885279687375287,2173.7628605323926
2426,2251.527132883172,2256.324635936137,10.274483492221522,2260.7962241209084
2933,2254.2839203800113,2258.293124097025,12.20505589646027,2262.7389512748423
2685,2272.216889347466,2275.557006412239,11.68116942941041,2279.73016651276
2692,2275.9000485263973,2279.2211060899185,11.384390274514455,2283.606359644294
2683,2328.7836697167545,2331.4743178269177,14.85320980323298,2343.6853270169277
2677,2386.420992575417,2389.2702388956113,13.495720202800786,2393.982220279743
2935,2414.6711541033446,2417.393037849122,14.115492521925983,2433.7278997344843
2673,2417.1113507263353,2419.6085617132553,15.146820672582493,2436.307498227846
2924,2453.9535695878426,2457.118151837975,12.826089533110492,2461.169393272699
2420,2498.8035462095104,2501.6080999584524,13.175236415155235,2525.47211792193
2425,2500.52127836809,2503.3007319105186,13.103875847682964,2527.807197389083
2666,2521.3493839891953,2526.164563295965,10.133775391053032,2532.0625624772415
2689,2524.094553045645,2528.2191749265057,8.40818465847872,2533.913074320971
2408,2593.2507563137924,2596.1389131149017,13.10837055402838,2616.262940724641
2679,2683.204148471565,2685.6302442359092,13.648325391745727,2709.9184550493505
2670,2835.762253868173,2838.5789386051656,13.970136872481442,2883.4870216559407
2662,2868.6893730949596,2872.2457882400277,11.023959530835873,2888.3606715023093
2955,2971.35694360902,2976.233119418164,12.715210500254862,2980.2127180541997
2684,2983.9446015499157,2987.307101748826,11.528288471710113,2991.623762620691
2661,2990.6012159118895,2993.3834837762734,13.669753078676106,2996.9203864326846
2191,3010.8100977658955,3013.5303006763306,13.613203303439281,3018.520366216408
2682,3074.5425800505445,3078.3841175618854,9.866610447091025,3083.3131266006376
2657,3076.4482488768176,3080.298022575865,10.686218182301623,3085.2912072292524
2951,3083.5501714771513,3086.5124099396935,12.204993671857828,3090.292670601962
3047,3132.0827620043983,3135.4092941438375,11.278784188167911,3140.8127370850816
2939,3154.297497240227,3158.5204684159944,10.841082246335692,3163.4869261753643
2418,3229.042268960718,3232.231918447058,11.534459366965173,3243.1297617702385
2427,3230.755904566606,3234.0205363706386,11.618250718315773,3245.635760557352
2160,3295.4877080262545,3298.093414181135,14.51106395007997,3302.7819726533894
2435,3389.9194508674937,3392.3983742455575,15.791788625956375,3396.8545730726382
2672,3407.389277364967,3410.051170727294,14.042166925924722,3423.1864580134925
2437,3586.1883904063243,3589.453031496762,11.662356972822192,3603.4028598430464
2667,3588.0102856747417,3591.344607798545,11.906513804496097,3606.1180285384326
2946,3604.2916524318616,3608.01613126143,12.564470798092826,3612.1403250991866
2429,3667.20186168089,3670.0454853709116,12.746937393351493,3674.863327747308
2416,3677.1063162055098,3680.1409459064084,11.828449296484854,3696.108184548483
2417,3748.8995009158766,3752.133290102356,11.969207624576036,3756.9479799442556
4416,3762.1607275827064,3765.403738289739,12.237559583085833,3783.1456403553816
4681,3854.2272795794925,3857.0170547289695,13.533846556587916,3861.7144854817807
4941,3859.6815631283425,3862.5448159074904,13.726150669706414,3873.733775720421
4679,3972.525320033251,3975.4978319492784,13.144619847891384,3979.252592384299
4690,4063.4478484760866,4066.513297059296,12.214417393361371,4070.3643152903014
4425,4101.156926318903,4104.288848025506,12.096618599220767,4108.989784794804
4413,4123.462349239472,4126.550238454293,12.519546112157174,4143.454836616277
4670,4127.320057785209,4130.3190084137095,13.017683931781352,4146.15404123902
4676,4163.137806744004,4166.331447902152,11.785203076085802,4170.625013628507
4668,4165.2456949215575,4168.46850963535,12.515106476148953,4172.62822745928
4691,4181.234162473212,4184.141254126147,12.88685501523571,4189.362189769253
4655,4275.861446418398,4279.282616170065,10.90259639692247,4284.701156400204
4685,4277.716354262185,4281.143412249297,10.278608783966163,4323.541511886131
4946,4304.336604632882,4307.137139077362,13.780340680559053,4326.199761895958
4420,4389.618661050214,4392.454623180874,13.5421587901195,4397.513669239003
4434,4472.981044993139,4475.5973757636575,14.641803734606208,4480.592760375996
4410,4556.361520425015,4560.22568706265,9.160199596251037,4566.15457912082
4427,4565.674590578591,4568.416396863692,14.594690356643264,4593.401731201469
4659,4591.327827539913,4596.143765130987,11.748788356197238,4600.878485539029
4415,4655.755971998009,4658.522062068454,13.392082779091366,4663.502626225234
4428,4662.144666203019,4665.125248161021,13.260219045868084,4683.411607782639
4682,4668.4668809928135,4671.361906373428,10.497829111438405,4690.362315254432
4669,4670.180837645252,4673.31585732529,7.904822012056078,4692.367062912231
4937,4694.484636117691,4698.194483080258,10.002659533812222,4702.831737462742
4684,4696.358386042663,4700.098179767245,10.624911291609003,4704.712598618072
4677,4698.369661174845,4702.089103138909,10.216390579442432,4706.670432542092
4158,4738.358638091127,4741.196168221672,13.58888322357235,4745.873764717848
4678,4793.008194683905,4796.28135575744,11.700623745822691,4800.564535710134
4441,4838.816970958255,4841.581145996301,14.150303918518329,4863.494249065645
4431,4939.032043809082,4942.316579250825,12.203791218036255,4948.066200436584
4160,5107.299391986046,5110.544584170828,11.316916637701354,5115.779873757239
4657,5143.207024291877,5146.2629045974345,11.848473760307957,5150.212141782308
4426,5207.103330961763,5210.494359205178,11.625447942925721,5215.641677267239
4658,5208.916211006806,5212.32811083157,11.912113783334808,5223.722133590999
4409,5210.799784239914,5214.164916162785,12.26154383210035,5226.197517231256
4687,5232.700898486059,5236.376822858009,10.466825125429855,5240.96111877973
4662,5325.211850857441,5328.400743483688,11.780494752933135,5332.50314589293
4680,5480.939315123313,5484.474899398864,10.662271150497448,5493.881714155885
6935,5496.359171689511,5500.118528649943,10.559495019535348,5505.195964143312
6432,5563.427686737503,5566.523212442382,11.925321583237233,5583.621377051512
6422,5631.50409364855,5634.203827348381,13.734518286032843,5638.912863612091
6429,5671.239994573587,5676.183284430954,10.003598000851468,5681.050589529826
6920,5761.202639818873,5766.062244699088,9.223429076113511,5771.00680951789
6681,5763.828033710974,5768.135092126911,9.319622895218993,5773.01509729775
6942,5783.437738090086,5787.041064388047,11.194370346355514,5791.509166509151
6420,5837.71285736352,5841.039092758318,11.46244615877177,5846.5381165870895
6658,5871.398162267772,5874.540525615242,11.651435911950879,5878.523295229275
6684,5960.469239389092,5963.442313355025,12.595029062988747,5967.318942716041
6408,6077.091702479629,6080.216595723793,11.927959249793794,6086.187861886599
6674,6121.471053523277,6126.228678854009,9.96905043091139,6131.211956288021
6927,6124.017448621428,6128.228171554274,9.638309640562703,6133.156412611278
6661,6126.531154050776,6130.355878467416,10.637007134153539,6135.119431701983
6675,6197.1046522256975,6200.030089136037,13.602681499510036,6213.306881919233
6670,6347.570948889499,6350.513043542429,12.79815361330376,6355.949493048394
6413,6371.434884918401,6374.439592373085,12.636641268297886,6396.10354773009
6425,6444.654046876361,6448.274014786635,10.34740393490254,6453.912108315597
6157,6546.030610901007,6549.209441669579,11.610677639485381,6554.684953049065
6956,6558.0512649779785,6561.015015772618,12.173133239657353,6575.687926254004
6952,6592.851558516486,6596.081015624378,11.833989261741761,6600.34071490994
6423,6616.154403530595,6619.249574344561,12.144740432179187,6624.568009048724
6421,6644.9117957357585,6648.122448391059,11.875053899777164,6665.634870391081
6949,6647.600902508577,6650.562670581531,12.856537169532995,6667.977316600969
6679,6682.933814797208,6686.369516174019,10.628664727450486,6690.814151449406
6663,6840.67671453785,6845.1389496888005,9.826617150768987,6850.468563694212
6928,6845.317733334329,6849.311948695291,9.128945086150548,6854.541522285332
6671,6884.951613684425,6887.6240449987245,14.36839625121075,6892.624401860788
6417,6907.78319047534,6910.517027044587,13.87664008173496,6937.385602908849
6950,6948.5134412175685,6951.091807068793,15.17836597739992,6954.406339875966
6443,7002.434363348646,7005.506537811884,11.854555939100711,7010.907307636905
6660,7036.806593013887,7040.181845001904,11.733190800640141,7044.407573259575
6412,7073.62836954927,7076.552588447851,13.025560046825023,7081.770662263111
6436,7093.163620332146,7096.33662162065,12.195140987231953,7113.378374580061
6683,7130.227713751276,7133.24720862873,13.086127703089192,7136.993528297068
6418,7170.683197773424,7174.155332282975,10.906870653143777,7179.880860635788
7045,7219.273087901746,7222.405580474476,12.16472929156781,7226.36186054288
