1426,93.96228929208412,99.21144554389403,14.301276694319387,103.7462574004899
1469,185.63733186362256,191.20060522817724,12.290130187065401,195.7596665211272
1724,194.46264094389795,200.5419221071386,11.685262976264521,228.26381152672477
1409,300.7014460622134,306.2872131957235,12.369888502722432,310.82124868935074
1373,462.55782652354844,467.5985459009028,13.617131523799408,471.98833674951834
1391,543.9318822761693,550.26438096717,11.19393787976862,555.276019071781
1389,633.5568945541727,639.1589992798616,15.326793751727076,643.6570189253731
1471,644.7219178523649,650.285191755337,12.495578808224016,678.4004254615223
1460,907.0779337234942,913.3509763770994,11.678847192026906,918.6771262484561
1473,1266.3702682689184,1274.1465479341218,9.560755472253847,1279.7659305491584
3469,2000.83647694082,2006.4156296802962,12.46543227444439,2028.3558000445487
3462,2526.8072591265213,2533.3108773470262,11.201204785678417,2538.5951511280414
3470,2613.663803496603,2620.3112692519076,10.646113915638566,2625.5271498808916
3367,2615.9497348289433,2622.193459638647,11.38338907420431,2658.4303148370977
3375,2703.4946975027683,2709.0653544876923,14.330411048399672,2713.838859362686
3404,2793.341674828605,2799.4476369092263,12.039419962223949,2804.6157122108634
3431,2883.897184454142,2890.000876951428,11.358628104639534,2895.063953122773
3372,2978.645123186338,2984.1792420963006,12.852892876778242,3018.547365036577
3403,2980.5531952861797,2987.335645997004,10.785903636658272,3021.1282462032095
3374,3248.7750787482964,3254.543733422215,12.770171018601603,3288.0030928100155
5741,3801.161288926677,3807.193096338979,11.909960807217445,3828.273796551932
5739,4052.898571409085,4059.5276788380174,10.742617339394219,4064.821800495841
5381,4059.4373316803453,4065.3713438939117,11.5900333561861,4098.58256537257
5451,4164.095142216485,4170.28781683991,11.106467961367082,4175.60702613065
5372,4447.497740565409,4453.016667701613,12.528895764705073,4458.449803451326
5467,4965.146762957006,4971.163908583093,12.357913617409853,4976.081819273109
5377,5076.644752400507,5081.636282651263,14.401654385983985,5088.720883820924
5398,5224.097270032233,5230.334064599054,11.61633983495788,5235.607330697029
5387,5226.2021227742425,5232.146358822877,11.484694569018247,5268.075993999746
7383,5586.425458861284,5592.234631378411,12.360819570750952,5596.803155452617
7368,5605.917745467945,5611.133261285606,14.13397520467743,5628.524428265695
7393,5609.667778288316,5616.297860034168,10.361983110749815,5631.01058060568
7419,5618.7475886311295,5624.005041019029,11.617435290439465,5633.081207880127
7472,5767.937122842005,5773.519364309372,12.320618655558505,5778.472385034272
7467,5769.7069239792545,5775.308232348362,13.038243386668679,5808.052855133333
7406,5854.036353740633,5860.335876072078,11.157930394275695,5865.9078614422415
7408,6218.259958280713,6224.177063572811,12.6965954935191,6258.42509104242
7386,6756.60968775488,6763.019342625038,11.984526214422456,6767.896572737945
7452,7050.599723549996,7055.649910253117,14.514028301102094,7060.946200997156
7400,7113.712694980004,7119.563529031167,12.602244567705544,7124.62799775426
7459,7115.704398526142,7121.319252898984,12.733954200801161,7158.184120394427
