362,126.09954092250523,128.34355752605043,12.530169645328272,129.52140579936764
178,186.05498241483846,188.43348338812243,12.725314348181147,189.62206077849987
257,189.86733907219042,192.01452826632854,13.796832020180538,193.07560303718554
263,633.8674740034878,636.5212816356567,11.402506182463815,637.7499287910482
405,736.283829403039,738.534927373038,12.329738063536208,739.6630177611295
157,813.8979943187727,816.5486234535292,12.308860757262504,817.6814364559881
350,844.5649071729532,847.1510168691955,10.712151698232423,848.4752052033916
377,1178.3432460639808,1180.5477120377982,14.715686174633,1181.571070457497
270,1273.7644178036255,1276.0118795713659,12.801889203631148,1277.1593194371633
259,1285.633853393197,1288.386730624051,10.220863924991248,1289.7814534825532
370,1363.2486169555136,1365.360959718487,13.876094411700937,1366.4310049822432
368,1365.2626617841458,1367.4348391282367,13.206135257987308,1368.5332190963402
262,1372.5246124554124,1375.0805317333025,11.35480501228389,1376.361403004723
346,1556.0625476255757,1558.4657182471456,12.774625914964725,1559.6058530714215
258,1803.443955863703,1806.0727739868687,12.243943434994286,1807.2687331858817
2301,2083.770370207017,2086.0107049259077,12.092968671626329,2087.2005332265558
2307,2088.4120643712877,2090.4196549071908,13.966915996353592,2091.4749610420567
2370,2163.922122969308,2166.517539287346,11.965641063344375,2167.748565195324
2351,2447.157967339081,2449.4273332145817,12.750955781536364,2450.5728883082975
2167,2524.2319257764966,2527.0681008654087,13.470442548315091,2528.144057259852
2378,2798.2467107509365,2800.4306507120746,14.327601336131497,2801.45705924581
2332,2821.9652824114696,2824.1700221814644,12.761026212273164,2825.312523052713
2189,2890.235703550774,2892.3926229745157,13.820131600712275,2893.4585913471974
2267,2892.0765958444463,2894.189655833599,13.099200191014294,2895.28220823166
2343,2897.044726178656,2899.127771955327,13.55187472642478,2900.1964864366605
2263,2976.0030787895626,2978.3399471096786,13.253264478808973,2979.4512375466966
2394,3063.5140179389027,3066.2013939696294,11.766186475716665,3067.4254268484765
2171,3263.25371919862,3266.136044594943,9.661920068095785,3267.666912325849
2387,3343.628196669831,3346.0139024769296,12.88359822861738,3347.1488522992286
2161,3355.18520060612,3357.448985024445,12.723019693184359,3358.5910666348655
2395,3360.427764273166,3362.360373570144,15.021641048002685,3363.3347913086136
2362,3433.9790676944235,3436.1596388154094,13.027505195941107,3437.28645376434
2344,3614.0581456470463,3616.50999166306,11.574028236993424,3617.755354932013
4399,3784.047513802873,3786.5440559551,13.86672501283754,3787.607025885191
4374,3801.5536478322265,3803.6031777791036,14.243893710850182,3804.6716520118025
4403,3876.124754916085,3878.513849426297,13.833124656614224,3879.572041596697
4168,3976.976534829653,3979.18223700012,12.728113301509799,3980.3125346410516
4342,4323.572860400074,4326.107314552862,14.837404229706797,4327.095823898092
4329,4341.538650799741,4343.547057781997,14.730155497310422,4344.561813846316
4182,4502.584541512664,4505.184622488128,11.325496182203205,4506.458637787519
4175,4797.376267485086,4799.42863984804,14.036063342105699,4800.477160437186
4336,4874.278568970215,4876.546603395489,12.890487590235596,4877.678985287578
4382,4895.803985823598,4898.108865526589,12.484845612961434,4899.274496523999
4188,4959.728674129562,4962.258776802758,10.90697403979926,4963.5954968430015
4346,4983.906341051606,4986.178129753477,12.721715044021474,4987.3275642924455
4371,5053.051481008503,5055.080198516096,13.994203701897291,5056.123770058355
4251,5066.2254547646935,5068.502631340073,12.500415597428141,5069.671243384255
4187,5167.504642096908,5169.614537044313,14.190489966332173,5170.6824270904335
6192,5494.418652118227,5497.073591923695,13.327458158295196,5498.174838826919
6171,5589.812081539405,5592.052198136024,13.927075918797948,5593.100400824543
6175,5776.575008647368,5778.597540343033,14.38197690256908,5779.645089638078
6319,6324.860619327693,6327.36955564547,11.249107998556676,6328.664284966789
6380,6430.212883761457,6432.120293280142,14.67622624921269,6433.111352683503
6374,6504.954408582959,6507.250342774442,12.402052958269426,6508.407829669538
6397,6506.698814817487,6509.053613358681,12.334161102822273,6510.241821713952
6191,6585.269190709098,6588.0196791458975,9.964121162425071,6589.475817629113
6314,6587.258514518086,6590.095985336562,10.716114817917767,6591.494816493492
6260,6599.045398391953,6601.424723312366,11.498681583143386,6602.65165706608
6270,6665.847462932627,6668.376464401444,11.689048997654695,6669.652321627933
6161,6674.048755552406,6676.2707337364245,12.541003270526618,6677.441402992847
6308,6694.710743499944,6697.160515413429,12.422726822094107,6698.3342625433
6393,6763.82658142868,6766.084099733413,12.431862066619063,6767.263903301956
6172,6847.990340870446,6850.511023013072,12.859055335859596,6851.634182561769
6323,6856.097616445558,6858.368133997441,13.044600159954795,6859.523266703234
6170,6946.716109607779,6949.331709787012,10.660509036580438,6950.642171565666
6185,6956.78006527721,6959.0298861135925,12.838961438944791,6960.17135929664
6404,7210.035900894655,7212.505165126146,12.202884347068892,7213.754546861816
6166,7224.436102079813,7226.543197932996,14.199027060332138,7227.653449780874
