1120,193.36319386950225,200.30413746986255,12.490537768170505,205.92973500007432
1147,298.57465662583223,306.00915053651755,12.165937959331858,313.57671581631246
369,604.8958360579439,613.2667992402615,10.753042490675327,633.2701723637732
832,640.4381809614817,648.1975431083486,11.308142491738005,654.9237616720073
364,691.1067383567365,698.1872820464469,12.582049112848303,704.8707505571832
871,760.2329733399649,766.0977289371687,14.257635908979596,770.9201773729822
846,814.1141400903845,821.5151696522721,12.502120501931719,827.2804772961157
1184,938.1233276026862,945.1889045345857,12.293495139482056,993.2978250761478
837,993.7230604707509,1001.0547146959466,12.12746884851045,1006.8370205207738
338,1050.8265096420484,1057.4343713574212,13.818737594080824,1063.8841899316142
384,1141.2874785354636,1148.4084769917024,11.82891907840803,1155.284888019364
904,1264.4641109509644,1272.4831068198393,11.924922520059786,1278.5691325822665
915,1467.500367748245,1474.0296046855385,13.186264698344383,1480.667373004152
401,1511.0699043933614,1518.124711324147,13.224876395124358,1535.9267704698802
1324,1535.353999039835,1542.223566350746,13.411698104974024,1547.5964758002222
394,1593.1590394748168,1600.0308660668327,12.694540647699284,1623.6974215613752
1175,1748.9577220851686,1755.3415506844992,14.118585772412446,1761.924700680948
1134,1804.2457513733027,1812.382814287456,11.457482795918736,1818.9726942032603
1138,1906.9400607970185,1913.3892306922648,13.997788206784008,1918.5420783128002
357,1951.2088383749206,1958.0539250731958,13.116317393957639,1964.8219521556457
382,1962.0512375249373,1968.2288709334512,14.721585739162649,1983.1201712701077
136,1968.1265116321676,1976.3525831669908,11.126027610966513,1985.3696586554868
2853,2075.8040470916753,2082.4063672032134,14.018179834031994,2087.9217457236527
2338,2132.604882554859,2139.1756097194925,13.272802395390787,2145.9173458084356
3142,2173.7254172208745,2182.236366143072,11.135306725769361,2188.8103371758843
2859,2254.388941402749,2261.4084226659056,13.861001380575955,2266.4905963534916
2151,2327.4749904373707,2334.381306923992,13.027958951204374,2343.0104313515394
2877,2348.109371272921,2356.147982400923,11.24276055357946,2362.7024175983524
3136,2379.6916070841503,2385.5908767990704,14.58375345975179,2392.0147602838847
3093,2454.9843365715847,2462.0772132770608,12.086671284349046,2469.0
3341,2613.215339368937,2621.1493634763524,12.852712769832559,2626.9127774115086
2139,2684.3451991221646,2692.375710943324,10.656207768420163,2700.0728263756955
2847,2885.7403677127663,2892.471634138319,14.995561968345113,2897.445028233134
3178,2973.9952813890536,2981.5743890544945,12.806947858898313,2987.5131724736993
2359,3019.5372955825574,3026.3156453101365,13.687680021875785,3032.7963164558496
2143,3124.4823899130215,3132.328956349165,10.78789831366947,3139.62793127056
2834,3177.2392315366824,3183.3488152293185,14.97085756990821,3189.178880348566
2875,3243.9864279033814,3251.128794936761,12.476595490640879,3256.750744630596
2397,3312.6845767954655,3319.4984203441445,12.69762658789515,3333.534532157063
3170,3366.9611615846047,3374.26355587377,11.786984979124531,3381.511689532272
2373,3401.1942041178595,3408.415917084039,12.382387164780274,3423.254525366321
3147,3513.8191836609153,3522.1275696351636,10.33134662418486,3528.8884953183783
2148,3761.645844293387,3769.093838072928,11.793295961260895,3775.976010628202
4823,3876.050492873349,3883.5275384896418,11.669805220263596,3889.6231636755733
4850,3909.3544541296305,3917.1220852618426,11.020133430146624,3923.294459431651
4399,3938.669638985558,3945.05334821996,14.249946519537787,3951.859303808523
4380,4112.3830983110865,4120.2720044682665,11.115973423111438,4127.7322508695515
4404,4123.669389134129,4130.33101782564,13.323335197306646,4145.892745423576
4379,4213.92256304004,4221.248510470095,12.141460462872171,4228.354753823688
4135,4395.840151606411,4403.175054411093,12.10509969926184,4410.026665262735
5173,4436.817969033788,4444.060060931549,12.732880402067941,4450.808193893812
4911,4525.126344752696,4532.0374558526,12.265071485685363,4537.674216450777
4360,4639.546861491603,4646.207216819222,14.562187311775961,4652.986879959521
5144,4715.04902548769,4723.019536174157,11.602435439720063,4773.631647498611
4366,4740.659917054324,4747.600292595322,12.942641858863205,4776.2240317341075
4133,4830.785667332347,4837.197089567294,13.59498001020981,4843.9092660343795
4343,5011.417122856762,5019.0166462467105,11.199640223257914,5027.150124144303
5163,5046.359594339685,5054.127339841263,11.955110033381459,5060.488594729819
5137,5134.097833402,5141.569805839275,11.831201157774267,5147.425992776958
5180,5141.408871192755,5147.635419108412,14.243219177876492,5152.871566669745
5321,5142.557905268607,5150.13175094386,12.28375586562196,5156.314119004284
4398,5207.043723122222,5216.16482774416,9.097325284774563,5225.867166439657
5107,5322.18115517301,5328.619714461479,14.985017546653381,5335.091536229719
4870,5420.941511483057,5427.492724206885,13.303016340616892,5432.869188963496
5142,5502.060616756273,5511.283571386448,10.083875653560302,5518.9967202626885
4887,5504.073734636085,5513.2057974456475,9.980440759190698,5520.886586924097
4130,5651.417635042914,5658.519491868436,12.052099919832942,5665.54229367533
7182,5674.14877779534,5682.503058405486,11.255780890334242,5689.156173808887
6363,5733.322122757908,5741.143012988241,11.92983426268329,5763.436102999309
6825,5768.371468538428,5777.0624090583215,10.209937435464937,5784.16769571153
6870,5772.004737174574,5779.121699415242,10.869649787516433,5786.055245966083
7141,5952.99790816024,5959.535091663349,13.171241332678646,5964.870142945703
6877,6213.612931990173,6221.470373392912,11.47039205182544,6227.761710189981
6878,6215.931313260774,6223.306008876003,12.613386656428439,6229.561245180029
6387,6439.37805582228,6445.547319146147,16.02766962778218,6451.872606948656
7117,6507.6407286178,6515.442130732488,11.444034018507422,6522.676275251713
6884,6510.974272036076,6519.366731875752,10.506221108762864,6528.749893648205
7131,6512.891169109017,6521.323647289348,10.268598364563026,6576.2400311381325
7143,6599.7573835473895,6606.476674686379,13.201084267960312,6612.826135463592
6397,6643.418417571672,6650.5431218364465,11.674980522507338,6668.014203795766
6392,6889.159236964658,6895.5147958093685,15.21631356344609,6901.755612704397
7110,6940.274213793743,6947.462856087817,11.943511417022066,6953.305937053071
7146,6942.0401107034195,6949.248753059567,12.302282578284819,6955.086074056468
6138,7002.854174907734,7010.494288100928,10.935009461290084,7017.778993949008
6381,7185.223104239415,7193.474264764496,11.744469831942563,7207.411651689501
7118,7216.355674529713,7223.31952845419,12.836552452051492,7229.109055690887
6880,7384.279252558475,7391.20698858292,13.417015950654905,7396.550230034655
