1682,769.1266604842444,782.0985340446593,10.851198013675798,791.277057825898
1102,1806.4342425736386,1818.3108459249786,12.21217020376452,1826.765447198716
3942,2748.9680687336336,2760.4947972594023,12.435868354608333,2768.6584780740313
3949,3021.546108473951,3031.5870872057603,14.7312505813407,3038.898654662853
3946,3065.860227066903,3080.4861176964555,10.114510005321215,3108.288948038606
3948,3831.401197899529,3844.3751028523347,11.979978290967072,3854.8665657577285
5100,4324.5967887927645,4334.3324495092,14.549724414058812,4342.826414603747
7925,5808.644088834415,5821.233865235911,11.169225497624506,5829.987226078238
7685,6448.487315891404,6460.445898956025,12.351516606959244,6470.487212581643
7684,6626.865863402011,6637.15137206828,13.749764967867415,6644.512292344193
7933,6628.523011461144,6639.039703929495,13.510658327983732,6646.667622266488
