1338,121.78067680535415,126.06685715934145,11.979150920099716,132.68109728601902
1349,318.11407101345236,322.5446302476131,13.845474184382194,328.9322453124829
1325,384.7462585008358,389.1097786438196,11.304376362969295,394.96024136119524
1340,464.0007047806147,468.2930694994764,11.347028503877507,474.0249126508814
393,559.7240692838621,564.3988180982855,10.832177488411832,570.6761426018744
1342,599.8018888467941,603.6276245174964,13.897991002946814,637.322718097661
1319,648.4172807711282,652.2461455540846,13.366702026712305,657.326056530075
1337,735.2671276528212,739.3280803608104,12.37374371174732,744.9976629705747
1320,737.1434228618936,741.1574194538308,12.932587381375992,746.7529637140523
1317,925.6247019874423,929.4579628571923,12.6117868941489,934.8025825055666
1366,1411.0646878920916,1415.3207146382754,12.21861624250684,1421.9638023274395
139,1555.7427352889679,1560.2739076718856,11.174656519653986,1566.3979850326007
1333,1723.0597370998444,1727.197294400457,12.22959300951891,1732.6444991005462
137,1824.5030954503861,1828.402743311993,12.888152642041966,1833.7992629420544
144,1912.9232769802645,1917.191729630729,10.212239066198203,1924.998008633763
3487,1938.2578605175775,1943.399495663947,10.926790279895565,1950.59113745697
3358,1941.0109778664214,1945.4685341719432,11.898261530398997,1983.2121911253432
3345,2028.013670691356,2032.4844165193483,14.026346409807033,2038.764371381586
3492,2030.2174629832762,2034.4857643485363,12.37613059767173,2073.3169826355456
3365,2140.974248451439,2145.2566798971625,11.42621527846033,2165.997558352597
2338,2228.6166151068205,2232.361184167418,13.615482947399324,2239.05726091563
2399,2353.8421493621913,2358.065676840579,12.224624063629875,2363.7968387940896
2147,2454.842415414954,2459.40203549215,11.075013458844778,2465.560704333056
3323,2543.9379692437724,2548.038039741845,11.882032883456743,2553.8553678397184
3364,3110.730022469868,3115.5420692199414,11.323253250294082,3154.511814671143
3332,3179.002678317911,3183.5239056272394,11.143207410752234,3189.593166411123
3329,3281.531013063696,3284.6606589775342,16.059303538461783,3333.5965913896507
3483,3287.116658007472,3291.506177035006,12.743507380650648,3336.285680620394
5344,3918.615306313327,3923.518528656518,13.312700159632108,3929.9668811652796
5325,3975.5730277661646,3980.4183991467285,10.194373347921594,3987.080148289135
5352,4097.758437746545,4102.167924847972,13.488490504599962,4108.756727870806
5327,4154.016513778401,4158.447862330519,11.443546989832187,4164.237661529974
4153,4361.69728520713,4365.355274739216,13.393279237186825,4371.770468245514
5341,4402.125598857568,4406.197659640278,11.787169529391848,4413.587095084623
5147,4574.919060979717,4579.4955579674825,10.978397204594923,4586.656358165452
5318,4795.006614021538,4799.09802660459,12.74549875609224,4804.677252765761
4877,4838.342135745645,4842.075162067658,14.082323599631064,4848.0886262863905
5332,5052.70700800948,5056.127744467509,14.459279744446611,5060.838315118699
4142,5062.96359441174,5067.12734258657,12.90712427034403,5072.619977998249
5127,5110.751082616464,5114.542114427618,13.697444225434559,5120.787035458103
5496,5268.052852044315,5272.575814787852,12.720335728001626,5278.949393492131
7361,5555.6956015730775,5559.498782456352,13.664656449874098,5565.836828639132
7349,5720.3947828117925,5725.131283623625,10.25159757285783,5763.423781163548
6870,5835.647270739996,5839.3835091621,13.91471792253959,5853.306634296721
7325,5964.3632802156435,5968.249396397252,12.950031493104,5973.441898733055
7482,5987.912811006777,5992.560629419702,12.090611128616164,5999.463373612408
7333,6060.684553794299,6065.444903730528,10.537511094086192,6072.793950767714
7353,6170.213331102235,6174.125839152829,15.036716618127777,6180.072384712128
6394,6223.425822527283,6227.3985292732505,12.610180716888676,6232.846688450209
7350,6273.003097175054,6278.37883052727,9.217488483066054,6304.962571372415
6136,6324.370691504476,6328.460997852961,12.658330420363962,6334.082275440237
7330,6402.9495320494925,6406.626619832271,13.541181671489435,6411.624151439898
6389,6418.087197194662,6423.287007613997,9.986048514373133,6431.4387069250115
7335,6422.151331760408,6427.235567903277,9.697130995315296,6486.423697578219
7492,6527.77874997922,6533.008646778567,10.79699253464485,6540.661813041513
6145,6862.395982688423,6866.217179727384,13.637980603629826,6871.3913212477255
7355,6900.70434141005,6905.004359770383,11.916681865848346,6911.9661858739755
7478,6977.967227842844,6982.5841708834205,14.79902090447067,6988.963838872643
7343,7070.423099458114,7074.505734238893,13.689223782102658,7113.01383064345
7116,7095.722597186289,7100.195792888478,11.530076394845247,7118.015167730965
7125,7182.627713147158,7187.113485436036,10.742231687887225,7194.7234057381
6338,7270.388088386833,7274.045672237493,13.685992222454672,7280.590468723917
6146,7491.7967850617115,7495.478846734715,13.439212357443553,7500.521256191135
