1093,160.89609499314543,167.25226932950295,14.000627823908532,174.81474709596148
1107,301.1167339925212,308.41043643053337,11.869179924109007,316.85115355257994
838,556.4221952797919,563.4244250690839,12.582492415020987,570.0008682956235
1110,1039.0244200531858,1045.2310893782055,14.833439784527467,1052.3088977711068
1086,1693.2953831531295,1699.0913812622757,14.992280214101774,1713.183348286179
1954,1954.091287958906,1960.2268407146648,14.110047417828552,1967.7899148997274
3116,1965.9663582159872,1973.33234770397,12.013136200717968,1983.5248826751795
1952,2029.9272211069024,2038.4739241523637,10.456742359836277,2048.0556011061553
2827,2369.207573591173,2375.5094454497676,13.849408519919916,2382.8126619810937
3101,2589.9870560436034,2596.1709697290253,13.62832582903633,2603.8973825428916
3109,2719.147509247214,2724.3387942708914,16.034924940366945,2729.599508026972
3107,2730.63880039002,2737.42189248441,12.646596954277195,2745.7509872143264
3941,2833.278899496809,2840.1144494411537,12.734437463022143,2847.7756149439488
3947,3003.1996492610933,3010.3442270865094,12.409779545654512,3018.6721369092893
5113,3887.6575423574045,3894.3331208337086,12.297262732079414,3900.896450737545
5116,3891.479584972513,3899.4714200879944,11.230349573794005,3907.380841329885
4835,4165.574554049891,4173.012949784492,12.319469417860372,4181.673926809503
5096,4301.892149244305,4308.53890554682,12.761151414555068,4316.677077450483
5103,4369.050228109466,4375.328645342981,13.546278047389842,4382.8359038751105
5109,4420.230724660154,4427.242965561475,13.355906578789785,4433.848995565962
5922,4648.310971499551,4656.372089156316,10.540851104965489,4665.670060113371
4819,4695.748360162809,4702.076183034538,14.701979906054795,4707.890537984388
4832,4994.290222142544,5002.045832106009,10.645751910839742,5010.808089164027
5090,5065.226604402088,5073.094117129889,10.328558757860204,5082.0603386047815
5105,5137.8434507231395,5145.036372691097,11.341626950725907,5152.287384244789
5094,5336.669506785095,5343.301772161603,13.471095299854612,5350.839799185522
5111,5407.285564019563,5414.1209338251465,12.46371062527414,5420.741605535173
5099,5475.6268840953735,5482.51506800607,12.654887295829969,5493.512027481074
7106,5755.243925812851,5763.420002340759,9.739869927801855,5771.752077571325
7103,5822.094478778257,5830.260140728812,10.764216091627047,5838.939994824373
7944,5973.336765573935,5980.073909561055,12.434926496855857,5987.974438142836
7113,6076.064027531269,6083.086289058421,12.28870413249098,6091.097865517804
7924,6104.383105931141,6113.4599834444825,10.127592132333561,6123.572720096391
7085,6282.965007313794,6290.007418084705,12.796585842695523,6297.860612703308
7104,6523.544682315392,6531.444463374726,11.344031129219259,6540.516792341474
7083,6923.534318623142,6930.306084385842,12.649481258382947,6937.104057902299
7102,6973.219107326875,6980.247427518351,13.253507769450982,6987.924090719903
7084,7216.792445220862,7223.40523571582,12.275477615694,7230.253640746348
7107,7249.199907548325,7257.455470182325,11.017452166060984,7266.83585309828
7105,7284.764164292159,7291.074970657766,13.258209649753931,7297.41134091505
