375,98.7306116500172,104.14113619419396,11.058334300622567,108.40233955708757
362,129.95253900224637,134.55606524324716,12.518621013596631,139.31535931693344
306,566.4011649256671,571.0024012693907,12.132983996781315,622.2567459962083
263,638.1833690912786,643.1014073242935,12.380493468095473,646.9958494357944
405,740.0607644990035,744.4353531800373,12.82090252175131,748.9575271960567
391,917.2097324829299,921.4657639326138,14.002642878914253,925.8455829097253
160,1091.9775837435163,1096.2865843443205,13.67038560390684,1100.8543883347602
344,1105.3834118506973,1110.4845258504918,11.405506451199306,1147.586144182796
318,1460.1090021811115,1464.269524027635,13.874031065243678,1502.3945124799334
188,1554.3699852100754,1558.342648846548,14.127204512822285,1562.904117020352
258,1807.705046304928,1812.3749578455004,12.052823540907587,1817.416914519976
2170,2078.9944352882526,2083.2900517481708,13.821748476757119,2087.9861476996525
2370,2168.1984062098627,2173.041309491866,11.807787457327633,2177.799765487121
2164,2259.631826946307,2264.0723676351595,13.429602159779776,2268.773668501389
2173,2349.980979555275,2354.1162461739273,13.774805389629412,2358.826422924436
2351,2450.9866511948885,2455.5934768512257,12.847338236683854,2460.6416675172513
2305,2627.4117557890713,2632.0091017815926,12.920787548542899,2636.8234087443025
2310,2633.5219093951973,2638.067302089453,12.609269586851967,2643.3466407781475
2250,2823.5856670834405,2828.2524210955307,11.738518896017577,2831.997666091095
2332,2825.7235094854136,2830.2422309335507,11.95958079756272,2833.8717763222485
2403,2994.512076426985,2999.057747761261,9.412348770419191,3003.8017100413167
2362,3437.6999346671923,3442.0220084957105,13.139841002976453,3445.43310971833
4321,3906.468497640321,3910.5227070901883,14.70420559894525,3914.8528012233387
4179,4434.314538396235,4439.486751535693,11.204765798806894,4444.395436773418
4397,4884.847530604836,4889.58590704998,12.408456089187425,4934.434365464504
4382,4899.691009227918,4904.249216815874,12.575954766336075,4939.558190495692
4370,4962.11563797313,4967.072676879508,11.13362948993801,5022.548253301906
4172,5256.2692319980615,5260.613497234493,13.714690649426633,5283.264311888872
6171,5593.478694027516,5597.508073037317,14.02686215335888,5601.986847404309
6378,5595.569589739722,5600.389706163469,12.303378239346435,5635.532246414904
6175,5780.031278311769,5784.278139375428,13.544578233097273,5788.744299740526
6183,5785.916890053998,5790.02928540101,14.73089358579825,5814.250235614136
6305,6051.211390587129,6055.417455406535,13.682373214607347,6059.901066386342
6187,6220.21455425248,6225.391796420865,11.218217842570278,6230.645029202794
6308,6698.756689320938,6703.443056159408,12.581576298922373,6707.3129359395625
6393,6767.6968352274425,6772.317947904487,12.02400784349424,6776.312872668352
6359,6963.8843752242465,6968.219070358209,13.070226018058793,6971.735797151328
6176,7235.553487882063,7240.513784618194,11.432401118437822,7244.4564822397115
