1057,196.34516976669673,200.44922642645204,10.771386805106674,224.513162814058
710,294.01145083599954,297.28570948928973,14.275582800500624,300.53678821135816
914,584.4979185499728,588.1205575295708,12.246233044472508,591.8879287746764
1064,732.2646035023209,736.4045418976788,12.01004926542146,795.273964420958
1068,734.0957612836434,738.1966173120636,11.959929716627183,797.9019605635962
718,834.4272719568927,838.2415073264782,12.183910128525584,874.0710938056624
964,1274.9777698387597,1279.517514298368,11.236956610177218,1301.7840046366255
986,1632.387005012804,1636.4217282262503,11.71233028537573,1659.5302927665305
1029,1811.6858792537462,1816.3950961417208,9.272673703629627,1821.9743508057093
1020,1813.627640264877,1818.3566733227167,9.96171246445984,1875.2295074314313
3013,1989.2819621439683,1992.5678142801096,14.52194504617004,1997.6061518838103
3065,1993.1684102020856,1996.5302930154287,13.619974662859269,2022.3652397817846
2799,2169.463777395991,2172.517186550461,15.718498337961423,2175.629954138851
2972,2350.7754299939743,2355.0479604078987,10.67772717351959,2360.9106858603545
4721,3629.3677465987907,3632.5316598837635,15.009199733197152,3680.0159666422587
4744,3811.2430261995783,3814.5736170290206,13.99778177715461,3818.078797217964
4920,3982.9070111096653,3986.364198622976,13.350548072588365,4039.94648073147
4980,4150.065305298105,4154.147116014434,11.912240936442615,4159.894069727136
4890,4261.088712904283,4265.205218368317,11.653840883828192,4270.369173092953
4791,4434.146608157812,4438.085820512154,12.553713047887292,4443.1609314721945
4976,4516.7734969457615,4521.1830009440355,10.06732372859847,4544.32373718385
4698,4703.7589272242185,4707.532656994563,12.105838279223807,4755.242217510124
4897,5139.098365912752,5142.457472734199,14.345970840716184,5146.837248133673
4694,5159.397624910082,5163.141763468041,8.883524803147967,5194.1808466265975
4718,5336.70875206788,5341.1549773735305,11.394914298469223,5345.4313427803345
6911,5589.491648271869,5592.420249338151,16.195064476510304,5596.768223116063
6702,5680.999141799714,5685.1565358470725,10.913381741691751,5689.357188884487
6984,5949.262735243299,5952.265724288799,16.070104031304854,5956.75140013797
6704,5973.816438157322,5977.22165117814,11.101527346178061,5990.189197131631
6801,6066.569114566137,6070.059074355127,13.230836564523706,6074.71291563057
6786,6310.788878978259,6315.024037391858,11.29374273773734,6320.290301270845
6974,6314.172051182157,6319.140403744691,9.98075836436209,6339.198295546299
7057,6493.547474475363,6498.276030510575,10.002291836670192,6555.516202932045
6961,6495.559632024377,6500.1450677847915,10.424321406400407,6559.264037768212
7026,6677.136232233421,6681.406160218215,11.743138217889387,6701.593230146537
6981,6853.137803720366,6857.504707650036,11.064451357320758,6862.731915343273
7051,7299.946574651163,7303.366569167905,13.204383518849037,7307.782852814242
