1251,48.786174235005475,51.13084096491495,11.883827391002184,53.35055718127669
1244,93.67028168820234,96.0871907642581,12.602554750185861,98.04703903413703
1292,183.85374036061933,186.2961266025136,12.671494956896865,188.10332315942804
1304,262.2040576985626,264.11042882627794,12.829003180870254,267.2016712296809
1239,305.6496977095115,307.4728223005757,14.063664054932595,309.29224494893
1222,320.59129746580527,323.18416836180353,10.549236212745303,325.5693460832783
1254,324.98471681282706,327.0315332723426,14.430445126408156,328.72102803207014
1232,421.02883271689484,423.1910890750472,10.306007011919252,425.75188026734355
1456,498.8241215493502,501.2635217761876,12.839390945890731,503.3214915654029
1390,501.0590741078432,503.3492873725768,12.680706274831866,505.2998970334003
1226,607.5348557504274,609.581682514197,12.063712130672824,611.6330113196816
1217,633.7683146010049,636.1743657461146,12.497006278690447,638.2411449704599
1225,679.083177450809,681.5047670057799,11.770206716414284,683.6095640843246
1220,681.2017343020656,683.480873686393,12.15686444728951,685.5161627249481
1223,700.3042391460209,702.193905564467,13.806891647055284,704.0232102199732
1208,750.0291479085563,752.1759790230764,12.469551397228866,754.211098431297
1303,771.1130175236298,773.2685726454533,14.674602670695972,775.0491005129257
1229,773.0577689703064,775.1315007059309,14.225319224789477,776.8770908785314
1458,774.8486495749839,777.0713872629472,12.115339167730571,779.1578606036975
1221,815.9660752455507,818.1605357960312,13.705630436414925,819.9933357223013
1386,858.6116792010245,861.0107651439986,13.492504928452684,862.9198582052247
1257,948.7149435294878,951.1255405682278,10.588384381787478,953.452405176341
1261,976.853157076426,979.1181772073622,10.740841556694194,981.4357053341477
1228,1083.1441636588816,1085.2343392042246,12.407490650025018,1087.2833905676953
1240,1130.8375863424942,1133.2515842326895,10.31542337934903,1135.588608954895
1287,1175.8630755203476,1178.503524839575,12.536890861297174,1180.5520731511149
1296,1177.9416293054508,1180.1971739520948,11.864915487330475,1182.3777863603552
1237,1218.6472700626334,1221.042431011054,13.888524103675431,1222.8364350652244
1245,1271.5905408415663,1274.162232809417,13.080569549191381,1276.1351337934277
1299,1506.624241719737,1508.4253888965684,14.07234570698888,1510.2249599848783
1214,1508.343506021345,1510.285044479687,13.113943899233988,1512.171352326296
1259,1580.8045634831637,1583.080281964733,11.48000482209712,1585.1804138298437
1253,1597.2249013875992,1599.0520733469637,13.258030988527914,1600.8860697203997
1271,1602.3432370812616,1604.044601978548,14.664839819022529,1605.735147069747
1233,1612.3364875010477,1614.1762864288758,13.016259868433853,1617.326396198781
1272,1623.8867418962489,1626.3450114621035,12.883574811003223,1628.2975878044288
1300,1670.3444332054637,1672.5338531886753,12.182908156943498,1674.5342529312782
1279,1720.9979252531698,1723.1572711580664,12.381325187199165,1725.235463210007
1381,1759.1965568148428,1761.5870405361443,12.27079276210089,1763.6667703478065
1377,1761.0793855403338,1763.2817422449577,12.112735434008266,1765.338822446524
3218,1840.0702212628685,1842.014069723715,12.906184375077334,1843.9310804439685
1242,1853.1653887317962,1855.3743421936651,10.529695082105404,1857.7345890120018
3256,1893.2466866763887,1895.0167963431034,14.851041927236409,1896.7550110763525
3302,2102.187831205903,2104.393443329606,11.551958838056722,2106.5387097128055
3253,2165.9110966421604,2168.0030040124543,14.665773259490487,2169.6986502849154
3247,2213.267569471033,2215.357506928391,12.422287582749842,2217.3573134001804
3282,2256.708716094238,2259.2693821774496,12.298098476098035,2261.2468462200486
3226,2259.0818227652007,2261.5756409052947,11.790579173661644,2263.790254198496
3217,2302.9930074505605,2305.055762523726,10.50488090396331,2307.3148986954175
3381,2333.6353744463004,2335.2979391844206,14.029218990364582,2338.2382678508147
3260,2664.024288670001,2666.4946395464317,12.173327077762952,2668.41476295949
3229,2670.0665465898037,2672.1010300251783,12.416397037078614,2674.1095985341585
3248,2673.5481225960652,2675.5731201012786,12.455495538030947,2677.6270083760055
3384,2838.6452913837697,2841.1577738351775,10.978261282370456,2843.568710891817
3252,2886.066159532166,2888.0929487123567,14.190685615512143,2889.8687291916863
3265,2935.2489875390297,2937.244729335149,11.766375441420578,2939.3070893081126
3377,3019.084449294617,3021.5904101146903,12.366192160249215,3023.3686832304975
3227,3021.5796610816687,3024.003730453054,10.628700738882507,3026.37558840541
3299,3229.975415924113,3232.1693368535402,12.030650479542379,3235.5500143381923
3369,3288.798515339583,3291.377498609581,10.624026934761092,3293.812997432195
3271,3426.5300101484727,3429.1104954663438,12.394608352194552,3430.972134672274
3389,3469.0002222916787,3471.4552426057576,10.775915442607765,3473.630312805978
3228,3471.0309468708297,3473.3236167652685,12.245259736005428,3475.37850974464
3264,3472.8567499607184,3475.0568355702803,11.913712357592528,3477.1697907131093
3224,3522.9644507271855,3525.2826987240214,11.17655156666696,3527.5206950505744
3212,3604.398752639077,3607.06016579205,10.674077250318824,3609.501923529704
3243,3648.8964434100053,3651.2956400709973,13.399063741722196,3653.136487414542
5253,3828.8164879871965,3831.2696136120244,13.393259571820177,3833.2157452375836
5217,3898.2442741137356,3900.458665060343,11.62207697927047,3902.608596593938
5263,4010.9614596846045,4013.100070384759,13.306374258466471,4014.978208159809
5252,4101.094362412476,4103.347394546422,12.688515884436406,4105.317921665062
5243,4103.17056190124,4105.299105819288,11.880035629103386,4107.373080323759
5279,4248.443503335151,4250.250945890865,14.306982558944508,4252.0314892651595
5455,4369.082919136158,4371.483145627418,12.816886588715548,4373.334603486811
5211,4414.665256919732,4417.418412266534,11.84912356705539,4419.514927845712
5223,4418.7785943058,4421.091052456209,12.043185973954994,4423.154038807423
5296,4458.780743453753,4461.251890387984,13.455620630279714,4463.132196953586
5208,4460.930930228573,4463.27789093996,10.671093396030784,4465.523810450157
5254,4471.34133152417,4473.034861444393,15.065106649718937,4474.731509335529
5219,4512.116964774116,4514.320347865433,14.287591534561312,4516.009978645204
5298,4548.676779760855,4551.091009525677,11.581113506298458,4553.207710467993
5248,4555.374518411498,4557.261788302499,14.39113887623546,4559.016038622855
5212,4559.00195417792,4561.336840888507,11.778757509554948,4563.549436777164
5453,4641.118346951118,4643.311345250444,13.958399141310737,4645.289541981379
5213,4728.663239196775,4731.274309262133,10.840029360539624,4733.681861866696
5451,4730.856288368513,4733.1071724131525,10.719203700086714,4735.622171287366
5272,4747.530743510079,4749.450865029307,13.11598388695697,4751.365691105872
5262,4781.18027921856,4783.177655986105,12.126595430465647,4785.24359550485
5218,4790.20024224452,4792.2970176175395,12.349611108661756,4794.345973584781
5242,4796.3170203831105,4798.163457773568,14.21135060159792,4799.953583194837
5299,4831.925674248508,4834.421908276202,10.209647695829565,4836.992051875924
5214,4914.029522832261,4916.032658614411,13.165097139455494,4917.97412508951
5276,5045.940793875537,5048.10421059931,12.696135744038965,5050.0564676572685
5266,5049.518177845963,5051.523938818814,12.587232938729583,5053.495036684874
5269,5134.081172256935,5136.547672983188,11.841472795079893,5138.65530791394
5295,5141.836426979036,5143.59759305697,14.953052191365156,5145.354982231348
5270,5278.09441262569,5280.308870612447,11.654073725507748,5282.579108512749
5294,5368.680860356622,5370.596865294455,13.320686489375293,5372.477941641293
5370,5450.664666149994,5453.15883791544,10.282787435802184,5455.667288441775
5379,5453.154964306012,5455.3184080732,11.514793291362347,5457.724228918486
5215,5454.937223278191,5457.1825528207655,11.25710812714632,5459.586885505611
5386,5538.928312370372,5541.15333437953,11.626646058622272,5543.3281646141995
7236,5646.036275312788,5648.459950179813,10.345252333368705,5650.774049016144
7206,5766.0958886629205,5768.287460538122,12.237957895086645,5770.3283359449815
7283,5782.205693195966,5784.159568912931,12.321799609913535,5786.197458640797
7265,5863.391816365382,5865.492163780074,13.730888344938071,5867.293662639395
7200,6038.897744752546,6041.5464714992995,11.566311720817673,6043.434117565552
7214,6078.767509670432,6081.135251055052,12.672241015619907,6083.212434167464
7272,6126.019166353592,6128.45447284861,11.194511944981832,6130.749981367757
7223,6149.4599682510025,6151.469845188835,12.292386177862877,6153.513301064263
7453,6173.175886343934,6175.1507294901085,15.615471087807544,6176.795374026745
7248,6177.0904826908845,6179.437057010659,11.244342617636164,6181.7372628380535
7375,6348.8482860688255,6351.191674703071,13.057609970742046,6353.015465714558
7270,6393.716071849434,6396.103478820792,14.519227086222227,6397.854818471334
7367,6471.392796720909,6473.213998966485,12.983627578374334,6476.516234181246
7238,6541.796993758251,6543.585995724374,14.266991324497527,6545.394262999431
7298,6665.700786749396,6668.125690230899,10.417395184845843,6670.496914100497
7240,6753.729306959428,6756.02221246204,14.814420937774386,6757.734020640384
7374,6800.802470764012,6803.027002269518,13.089481075475145,6805.072484221759
7228,6823.830779951754,6826.01793596043,11.989657970047835,6828.187734685327
7251,6892.7775872692255,6895.118668606701,11.444065855447795,6897.327936139269
7220,6985.222138037025,6987.089033583093,13.575390482009787,6988.965446787457
7252,7073.008238550156,7075.2321266173085,11.441432475769544,7077.437062456251
7218,7186.775603371868,7189.037421431624,10.524011766024495,7191.365159257168
