1072,129.90136812436847,135.49778520194627,12.406587562244159,143.7504482057904
1080,210.2893675663929,215.52048886941571,13.159717688768035,222.99849791735835
544,270.95328002566134,277.00018885287926,11.770287297569359,284.516366937931
1076,300.0515685195518,305.26010640695745,13.093730659763693,312.79357759262143
526,589.2768179447078,594.5239537797054,13.449944016687773,635.7416732005948
806,747.148815732518,753.0041283640123,11.689469211323683,761.1149012397514
545,990.5240360282568,996.0419588579863,12.783380426481672,1003.0721370097353
1053,1021.0626733616299,1026.4684243010402,13.118836737758418,1034.4994733975723
795,1104.1578688172722,1108.659743376959,15.815954431611367,1114.2651916117156
791,1510.7634301973328,1516.307401345848,12.928053946679466,1523.879652261748
1894,1561.9407040916021,1567.1768127155697,13.63630371377573,1623.4583286228326
804,1599.7058816916897,1605.2784250624536,13.119972964978698,1625.843262874683
1910,1655.549778606887,1661.3956691514882,11.869423001767899,1669.7724493128537
809,1699.056043442905,1705.0972151951116,11.564983162679793,1722.3514685779835
1081,1770.0732714785706,1775.5572137482234,12.559472530331043,1806.3055739737883
816,1793.3160085007664,1797.516236484815,16.188833252501002,1808.3093809953536
2544,1955.5834398195009,1961.194473714546,12.328568411864746,1969.5795476381265
2549,2245.1645459065508,2250.358598784034,13.631538186254467,2256.906533844477
2521,2308.9150467110494,2314.221520642297,12.301281766142457,2321.9928380283104
2548,2311.885858184224,2317.2957028976484,13.107586110404911,2342.987744593913
3906,2408.928304806901,2414.576090569959,12.460252827529766,2435.593122197896
2800,2787.7805365445333,2793.075321140891,12.932311126877194,2799.6672370458723
2790,2901.621041486296,2907.036529628424,12.04074570503478,2913.8281975984064
2817,2962.505894740259,2967.5527441899576,13.583665133664978,2973.7412361321963
2535,2971.338807892125,2978.3768092952705,9.805063631418294,2986.9859137375092
3892,3099.4153036595217,3104.5783056658374,12.810739232514862,3111.820472521534
3073,3101.419956630344,3106.539797001436,13.289409802932212,3153.6337408761824
2527,3104.9186735996213,3110.541512692441,12.803379098281328,3156.212940088241
3069,3449.738310882606,3454.604825678151,13.427028127368542,3461.8932779065185
3913,3560.905427134611,3566.1721087705437,12.478776999731048,3603.2710449448828
2810,3710.0281954485417,3716.042493464458,11.137571287214147,3723.7630243022973
4530,3745.368367321852,3750.155522858572,14.668177312270622,3757.3971271563237
4797,4044.1244731883057,4049.353489337437,13.135975179370497,4055.8571148224955
5897,4094.3449323301534,4100.232931485742,11.663292147808193,4143.376029485084
5077,4097.201192840174,4102.590757508857,12.612582811615404,4145.914542898222
5067,4178.013448697217,4183.24195168308,12.567200255763591,4190.915435715814
4814,4330.114907822111,4335.510882473226,13.264462416544678,4342.075832015896
4806,4363.790077400245,4370.463890337532,10.744813752916365,4413.630294466524
4805,4588.340960608362,4593.239109814428,14.532943843694126,4599.250178966646
5070,4629.783129272315,4635.003004071525,13.492145190207678,4642.98415299445
5049,4812.350032261414,4818.146322921248,11.649256777665634,4826.596298436317
5887,5004.069069192649,5010.239299155324,10.746901279493454,5019.297703901956
4807,5131.0359431301495,5138.0295527354265,9.424450396062896,5146.826998876007
5060,5168.364025614174,5173.597329142678,13.383802182984741,5225.790360213712
7049,5793.159143496233,5799.002629782908,11.171479457647248,5807.720128410237
7065,6077.416304915473,6084.021395215327,10.695085252223262,6123.284494305635
6521,6097.134943303993,6102.379148272865,13.050111489739558,6128.1076525702165
6538,6214.699090622162,6220.379114052089,12.159447229628645,6227.500966957121
6517,6390.578388307037,6397.276018680183,9.532811788355419,6405.888307769129
7897,6439.668095446604,6445.456687228953,11.645238461049525,6453.79149459992
6802,6463.233188205162,6469.180826190484,11.723532135635253,6485.664830687469
6800,6665.046065614358,6671.206386705501,11.170690079422647,6679.033602417785
7058,6694.879371532241,6701.197407322799,11.068896372156393,6709.8209736244935
7063,6697.877261601593,6703.3388816823,10.985872036994333,6753.447470152281
7079,6717.337943952509,6722.5049963146985,13.124294872475788,6755.885944900295
7059,6777.8043991644745,6782.38522904051,14.895365497230129,6788.163398344001
7077,6876.829688480826,6882.322824955318,11.982240500854846,6933.5761463841145
7892,6974.888583537417,6981.1152850858925,11.441603247220977,6989.789543086578
6792,7007.958911009205,7013.024335715746,13.543242394409154,7025.963417690254
6534,7107.440523015962,7113.548329087567,11.623217465977724,7121.117883819619
7052,7237.45848591714,7244.143746685451,10.709319252160935,7293.432040962788
7080,7319.433015609141,7324.16079879195,13.96694430827855,7331.075923953049
