451,399.4331290176708,402.13664350156307,11.103828309236587,404.85428940968603
542,661.3381914278813,663.4242086764015,13.865754377290166,665.4523050743155
536,908.3684587315165,910.27466593469,15.720936960237632,912.143137562948
523,933.8230909661467,936.008938326019,12.406577387487777,938.2857182661578
537,1351.307121612765,1355.1423729090832,12.077140955777555,1357.3506980652385
527,1385.7734549332938,1388.1766942061713,12.094661312724316,1390.6381241140823
531,1817.5651748646576,1820.0420785433914,12.164145448612812,1822.4554721989996
2526,2348.801416132252,2351.0921675290983,12.702541928942239,2353.3057839387197
2522,2637.180878821869,2639.1082593099663,14.213740559156186,2641.0348754829024
2541,2645.95139516551,2648.342052006662,12.205415204775871,2650.807048699375
2528,3097.970755519623,3100.15333712016,12.503985058137852,3102.4108118421345
4444,3908.7555562645593,3911.451436809251,10.170102398433478,3914.047940371023
4521,3995.0420136587827,3997.4590257488057,11.75934339514933,3999.856754322227
4445,4531.279839176266,4533.244088884631,14.361758583902702,4535.238018839381
4537,4606.72249314343,4609.080889279927,12.068223952183335,4611.391868468889
4450,4799.255823799913,4801.112842150105,14.606135308201505,4803.007154924723
4524,5436.609739242928,5439.180485663821,11.5204870550636,5441.722561040042
6546,5585.020938546931,5587.20186461024,13.14212442269296,5589.405146012828
6548,6062.342005936929,6064.481762703108,13.183024537690619,6066.603050150214
6448,6571.378093370446,6576.295197506824,8.16074196150105,6579.098810327584
6528,6689.401593556966,6691.403097539731,14.964035421496998,6693.3961076586365
6535,6841.464182200601,6846.0854491659875,6.885964454200556,6849.383552407398
6539,7037.247149116496,7039.348608885321,13.56855740645356,7041.428358594883
