1212,284.26290667019674,291.13716292904303,13.238465966403302,298.5164455478518
930,334.44075149230724,341.3805460713955,13.630890501111423,347.7170773451632
1356,427.9837373682994,434.43930653979766,14.15244147135494,440.3696127969169
13,473.57966295668365,480.5619566999514,13.8882713037542,515.4885917535271
935,591.2949811831761,599.2345199966772,12.464991178840087,606.0907607069145
938,684.5892240616203,693.2934955450751,10.217695451758749,701.1558821838905
7,736.3790339209788,743.526121370425,13.311764970272334,783.2510943166021
1,742.5383471568575,750.199863827156,12.869074185887214,785.948996491194
1196,816.4021042494969,825.3495992173622,10.760101764565361,833.2360442674761
958,972.0142857650509,979.5134611232461,13.025830057146097,986.9670257649672
163,1013.1509386241876,1021.4530658485438,11.645365090480382,1053.3523823205194
178,1278.7105351454325,1286.1804860027055,12.82495377339417,1293.558113965364
951,1687.1936950571542,1695.3451181327416,11.383109113319051,1702.8975600048313
0,1717.4051077197892,1724.1641325678954,14.750568469578464,1729.9173572805025
1364,1758.5158738525463,1766.2950528561616,12.294860411785923,1775.6763542218648
1190,1760.4618408864244,1768.1205843673297,12.55131847346539,1777.9224757100765
3203,2031.0609136854437,2037.5730134481166,16.82490594529721,2043.7057961299968
3358,2118.8047421637757,2127.4149096114115,10.814983925210752,2134.9327706363515
2941,2307.6128272752594,2315.150306722255,13.057769264878223,2321.7910758827106
2954,2327.4733200508826,2334.131800624644,13.521114008016593,2340.583998160959
2178,2453.957251257513,2462.120660214761,11.423291411743394,2470.508579500225
2951,2661.2998608589564,2669.441859288519,10.953058721762963,2677.9177045969536
2938,2670.220643284459,2677.4955905158217,13.461236858097791,2683.9527970221543
2001,2715.916587485734,2723.5620001336774,12.119317274021789,2731.3347373061642
2180,3531.8901529665554,3539.3249138344363,13.098017978518117,3547.2705693767102
3344,3581.5492554600555,3589.5060126641747,11.769561093725438,3597.4083874216035
2158,3618.324123283648,3627.028210326609,10.782260471186607,3635.4495001625046
2023,3709.2966029003933,3717.383993111424,11.663946094838508,3753.4387485067737
4930,3840.967167698168,3848.579173123522,12.126867316774904,3855.3821291631284
4929,4286.9711957836425,4294.035544609383,13.5931855068033,4300.380501040761
4178,4524.010234751664,4532.184830847836,10.79989683917665,4566.126214703833
4183,4609.3829921650795,4616.075782439247,14.04405967188666,4623.144922830537
5198,4792.209281278681,4799.303916265786,13.520763876949522,4832.854117835038
4167,4969.432254580272,4976.464701935812,14.047496865802094,4983.746609590573
4950,5002.730459646961,5010.521158942598,12.068704935801794,5018.54375820169
4947,5004.4727569730185,5012.302489637222,11.808921289409612,5020.505560209487
4015,5239.5140099868695,5247.510052493421,11.904398972631778,5283.531555461595
5358,5278.636883348007,5286.104107287361,12.40344237935596,5292.822807941917
4179,5331.44826926837,5337.652825863672,15.109222453238402,5344.292797554898
6922,5542.915089574245,5549.089415775184,16.41405535350467,5554.701194342664
5353,5631.084849204696,5638.475412687728,13.194326023404335,5644.8533739741315
6952,5910.766380124648,5921.059855151367,9.094396241370358,5930.758974837691
7206,6124.1627302753195,6131.390516872682,13.891675640712569,6137.4361754292695
6930,6273.349984287493,6281.277125194029,11.702990935815883,6288.567430236162
6951,6444.7205439792,6451.536299621689,13.99982326881312,6458.212278220146
6937,6540.059201993213,6548.336865088614,11.559819780108045,6555.694619336829
6954,6709.046234446666,6717.475552804439,10.745488405898547,6726.221441190057
6948,6725.035625286809,6732.467067909837,12.829560585446778,6739.234592317883
7204,6897.947724036855,6904.413501163411,13.826853510700236,6911.727223450457
6161,6954.761964579072,6963.196250519391,11.498505105124888,6997.857350610039
6156,7126.679142105321,7135.186552126661,10.472910997660671,7143.716406734396
