480,229.0857390722135,234.575485877356,13.452554648052125,240.18315158834892
785,231.017703658768,236.42062822518102,13.322701968408632,242.1877133956686
520,257.19105755081637,262.4839760230392,13.04860004645883,269.31954099522443
499,352.54411893025406,358.460047573115,11.506291997527434,365.8237876372922
472,354.44851691323805,360.2827602002599,11.59610587824908,408.1830789398419
87,633.3750416924755,640.0326185706155,11.904508528537908,647.3965706313261
218,722.9211319301688,728.4331739363948,14.473079233337625,734.8583406977704
781,770.1886492655498,775.2567982529656,12.459353068971943,781.102405857138
494,1052.3324391353744,1057.3411013888863,13.170325850069878,1062.9567269397783
235,1173.0231510356966,1178.5421180085757,13.153911701551628,1185.4537056033641
511,1493.29696868999,1499.1318822023811,11.93189197139599,1505.7246698256154
225,1713.337514045096,1719.5184335785445,12.234119336010147,1726.681598970341
496,1766.18771158001,1771.5805121018036,15.074034730710574,1777.748966205893
223,1802.7685128281848,1808.5043739124515,12.933202768391677,1814.9714343185963
2513,2042.333004253373,2047.2891272262716,13.68544107138839,2052.8487883174257
2520,2406.186522603861,2411.3791021636316,12.938131100734953,2417.309473440302
2239,2433.3783047017537,2441.0003649960777,9.607454972470789,2478.238088372248
2505,2495.3858863503024,2503.1247038910387,9.146007488461331,2511.6481700898303
2660,2842.073391672497,2847.3710596799265,15.443236819292576,2852.36434220955
2231,3604.937557582351,3610.325611507147,13.170467849809485,3617.053450768263
2675,3649.0254378080076,3654.4919584298627,13.734222986034675,3659.8792327651245
4502,4100.522177222906,4106.197011304529,11.999272535996495,4112.535511179695
4511,4562.408354292358,4568.498466314114,11.390599604858437,4575.533821277635
4240,4954.922787320835,4960.1965897630935,13.087703385309005,4966.674967488072
4783,5178.933576229832,5184.445417389177,13.314231528474348,5190.114242267163
4505,5376.796070627886,5383.283599228478,10.599584807967014,5390.595625222771
4516,5378.715253522623,5385.160901436811,10.033888821687851,5392.585207089062
6500,6359.565362649506,6364.345973817337,13.888607405855838,6369.797697033611
6675,6444.551853147286,6450.425155343214,10.386430374222146,6457.025987369497
6225,7027.339847494409,7033.259160789941,10.482734494855036,7068.439694143893
6482,7170.926283902417,7176.228501388612,12.599244562003593,7182.169947229362
6476,7186.846279375436,7192.139389723351,13.051193644082288,7198.782904701738
