1716,115.33394177929686,121.28693477997545,12.238592108841656,127.19660548240506
1732,231.34018547671258,237.08049698392108,13.489808708530273,243.80950485515547
376,317.88676011647857,324.0251448713453,13.319685005884129,330.8038650405145
1708,320.7864690221184,327.35168707207816,11.751011195151158,363.5339540045189
868,652.4504319120211,658.0023048557124,13.647217013641226,663.6263019658336
1731,660.5890145423022,667.4244415134979,10.430757012537677,723.6406714149227
647,770.4106013764449,777.0306987956499,11.18068965422271,784.6636973767601
1707,1100.8137194755498,1106.487574270656,13.253017959495736,1112.2944033444614
909,1173.7327090607646,1180.0298171313734,12.950790619299026,1185.4312027576134
395,1220.274233931741,1226.1279917107313,14.409046196290042,1263.5845720432067
646,1307.9405455351225,1314.3967602872174,12.138812992313122,1321.7104656485785
1686,1495.7610653338324,1501.2915166867829,13.702468150205723,1507.9001763460583
1696,1498.7099430351127,1505.1556684235668,11.41039022225203,1533.506112631713
644,1582.5962507537217,1588.5744701430006,12.910931560737666,1623.3520886669346
1693,1670.7458788956033,1676.2787727872421,14.445396947929838,1683.2744408240412
857,1911.3823176747062,1917.3214700924188,11.81236060563307,1923.3524094238785
3972,2075.8712231811796,2083.2756428901153,10.50875441536941,2090.6302679832374
3714,2099.5145527024165,2106.426331902787,10.68422701721958,2113.847014552904
906,2118.3968132696664,2125.46813055605,11.279642124189875,2163.348209489217
2626,2145.646345992602,2151.4229089184873,13.065592502964781,2165.807740522796
3965,2347.9952061874214,2354.3068444705114,11.535556770110494,2360.773982427804
3731,2391.134774641764,2398.1670701926955,9.750266513965498,2433.7262550578503
3699,2485.101935400437,2491.523751386382,13.351399864553768,2523.3560983699485
2855,2539.972605481295,2545.5520324256945,12.607428811442237,2551.1891227119518
2915,2658.1209519762033,2665.191363272548,10.708242027533556,2672.9054547078836
2385,2662.3238049190186,2668.1327906266993,13.402654365772285,2702.848603598929
3997,2716.2209192554974,2722.339846131675,13.433832605972944,2727.8628821658212
3705,2738.5553790946215,2744.1386418527486,12.320536681907935,2750.8230134751193
3740,2845.0038025773624,2850.3062376843395,13.782731209992553,2883.6380190049435
3998,2895.5479152655707,2902.4505476247527,11.548099185834127,2909.2527943474274
3691,2906.4618299901217,2914.180762836822,9.207091039356984,2922.9046006553476
3674,2910.5784998719782,2918.171221659994,10.020189697164227,2976.075267140291
3735,2914.7909185154363,2922.0430265570503,9.41848454237761,2980.596849615104
2651,2928.123631056381,2934.3458664411855,12.5573557701896,2982.384560666833
3967,3069.4069688196387,3076.0479335727514,11.06742079133075,3082.6049822797036
3733,3090.524827943857,3096.0764519706117,13.804953456948471,3102.9983908238382
3698,3132.8674889499825,3138.1165070617226,13.846713820494635,3153.3425875139
2631,3197.9755333078915,3204.28543386249,13.694498246620679,3211.186813175411
3696,3292.1449497510175,3299.215485707018,11.221750964451486,3333.196737826579
3743,3558.5309068864935,3564.280758798074,13.235300656912907,3570.7950087174095
3695,3624.633737974995,3631.004821615149,12.137363037320503,3637.4429660052456
3988,3696.363691213406,3703.278571018908,10.295614811067779,3710.1550573309473
3161,3700.2682697871564,3707.2214281832735,11.037877707754676,3714.1681538787034
2887,3810.6223578926765,3816.4785970132707,13.189503225196587,3873.525087606737
2638,3843.275066013598,3849.1410197852947,12.398559602808076,3880.6856900517414
4621,3920.072451681418,3925.2865594219443,15.392808668132632,3931.5335260650763
5727,3983.1863507668377,3988.558103469706,14.214081726986786,3993.9729057854406
5711,4102.4981467895395,4108.44690288301,13.151222375316806,4143.307362127747
4629,4105.827738688394,4112.2549883777165,13.178042254112729,4146.288870029618
5688,4282.42416162958,4288.119213030257,13.678461616637582,4294.860049051782
4650,4457.797930233486,4463.571326097705,16.589954605061525,4503.516898822335
5739,4756.501915374222,4762.513314139048,12.086828854115955,4773.493098783699
5677,4821.917221872537,4828.57265152284,13.24352673486457,4835.948696066667
4917,4889.395208280161,4895.553307047456,11.655146459911155,4902.7978828680425
5704,4953.5752034252255,4959.188107201285,15.796739605797907,4964.007653282899
4894,4998.3033308103695,5005.359508936538,11.188458241063609,5012.983210218498
5726,5006.0367724861135,5012.482497652926,12.74502974912444,5047.132426063904
5705,5223.401502389478,5229.137691185048,13.729822687784816,5234.489690876956
5675,5245.668478734153,5252.092690512141,11.76423977527666,5258.965357555554
4625,5358.18602542312,5365.072692685076,11.698286714406096,5403.464252431566
7689,5628.960297934661,5635.380562310721,12.901819252835757,5642.23356614608
7985,5676.351804509645,5682.241425905014,14.084078377935127,5687.678727856436
7679,5719.081570254423,5725.188696512169,14.811192961440923,5731.913163217556
6630,5744.241765368863,5749.392538113077,14.206574265103532,5770.351839533514
6642,5897.745310309647,5905.29652406945,9.405867379066011,5913.492088515136
7672,5900.400530323213,5907.433504448022,10.058757568735262,5945.728847441326
7131,6214.055802871814,6221.138601634671,11.136131899965937,6227.949923956825
7983,6216.100305540671,6223.022601445357,11.606351578467033,6229.744121849392
7177,6316.17627260362,6323.075935643934,12.291912907205718,6329.4089151871785
6910,6415.975042936212,6422.260376165478,11.451437019946395,6428.559915963901
7720,6439.653671749593,6446.2551300006535,11.960721119102725,6453.677534985864
7696,6501.28800773613,6507.22055950663,11.958415005377452,6513.109205320101
6890,6528.00073288852,6534.119630390344,14.321974013290088,6540.608047133381
7987,6573.613889461682,6580.152482539552,12.253476724384806,6586.371098595855
7998,6577.852195148602,6584.460491062599,11.456603513359463,6590.991607271779
7996,6663.454474626301,6669.54857910032,13.041599323635308,6675.269655160472
6365,6710.295581245969,6716.243863404234,12.857087529329492,6755.846845483246
7678,6722.585460911452,6728.570099066738,12.453747285219004,6758.000527229042
7143,6760.087994993345,6766.537569450543,11.24763584457646,6773.3379155440025
7961,6846.145854564776,6851.524981416548,15.30941050320856,6856.365399350654
7704,6869.272729788507,6876.439118121885,10.091362718194757,6884.66928365576
7686,6980.30649957801,6985.48345616426,14.982599237119196,6991.888950439088
7958,7025.618297635202,7032.030496628317,11.672853232142199,7038.280817887548
7699,7046.044560737177,7053.253162605257,10.368623247522892,7113.26468684623
7677,7078.5277845092605,7084.111976756218,12.89370933025224,7115.886983022261
6638,7448.892534703723,7454.434180223932,13.025515890167727,7473.371460080594
