515,390.4360505449168,401.1492649146186,11.84615537968284,435.11592419910045
500,500.92046554689654,512.4871310181494,11.142643941335235,519.8173982827725
510,678.8621213012965,691.229780316084,10.518229150947535,699.4367654357363
519,723.657496639469,734.2802229017344,12.532153734556797,741.8246503733154
498,948.7811476488138,958.219348192539,13.928280668206613,966.5480593007977
505,1309.1726406676862,1319.2652084843462,12.403319541286656,1326.686001334936
511,1581.0363715863134,1592.5175992083066,10.469571649245369,1623.2812739759268
497,1668.8551849519931,1678.5794777918409,13.829105605201708,1685.5086120058618
2250,2075.4823741454165,2084.608350954259,14.46225239890425,2090.5283051040174
2780,2119.1130519134326,2128.4133726232526,15.18808491949276,2135.1361311139685
2503,2121.459369852304,2130.1839564342017,15.945922243522258,2150.8366878270062
2513,2123.5042915608124,2133.08426899936,12.92167876425549,2154.9232545276623
2505,2570.972446421518,2585.4042445601935,9.08537618603862,2613.213062907631
2263,2979.9618163794803,2992.2567188606663,10.901580579356255,3000.548658153775
2500,3019.2344884540676,3031.048298121046,11.593578855174771,3039.536814513704
2499,3155.638685908484,3166.096793491419,12.710578173939531,3173.5648478123276
2516,3468.7129808669506,3479.069279024547,12.658577855823223,3485.6789046012505
4778,4549.063624706176,4559.327474457057,13.018574574219457,4566.510754951208
4507,5178.601858416999,5189.312363628952,11.889862898684942,5196.6322560997105
4501,5181.119629494681,5191.067421433117,11.869697447515344,5198.824531038931
4518,5270.835573693543,5280.527501391714,14.290047220258947,5319.170275534896
4516,5451.162378027283,5463.339925678312,10.446183363105062,5471.428686136718
4259,5673.192610006852,5683.382486782987,13.821708554229923,5690.698037900722
6256,6665.452799718277,6675.404755892419,12.961485125392546,6682.724823018296
