314,238.96385616124536,241.1264258277407,12.305314692343096,243.14311231027287
349,420.196018837298,422.1934721225945,11.715246444903686,424.1591347166539
328,777.4399471227755,779.1209033748238,15.10552898252181,780.7151152432901
130,1018.1388020662455,1020.2873207151366,11.625510932788355,1023.1738422903454
317,1049.1269817463563,1051.3894725880623,10.744274553139325,1053.5811167213226
325,1051.0237614278003,1053.2964619183974,11.533747365844972,1055.4700132618407
122,1106.1652178865127,1108.2390444548182,11.865692448836986,1111.0955191230073
321,1409.9020697168849,1412.343723817884,10.671748995772088,1414.7385650394835
343,1502.3065099898076,1504.3580803229756,12.111561077972116,1506.8753377971361
125,1556.7442339643333,1559.1093374104385,10.54200575264265,1561.9925930850106
332,1681.2479120220914,1683.4833219604827,10.91062088929864,1685.6506357685157
2132,2183.7804646818818,2185.548677687738,14.430197141657976,2188.7049614785956
2330,3658.7891156399355,3661.075493462943,11.950125328591339,3663.2046524094353
4128,4020.3277741059346,4022.249960023089,13.28910849651025,4024.151680971
4354,4113.049580164001,4115.266298433899,11.483021107053096,4117.388353810437
4129,4291.930373552134,4294.3273636002805,11.376105329456863,4296.5718238420395
4305,4293.805250643479,4296.14567212644,11.251263290956475,4298.729717153498
4131,4833.2206763861595,4835.501429343558,11.17750253977533,4837.711923988965
4340,5101.213005930919,5103.419886956408,11.436899016364537,5105.5248152618615
4341,5194.610291105088,5197.104352477934,9.712699020923145,5199.550908065571
4133,5331.59395050998,5333.344597383634,13.234547839626497,5336.151979008294
4320,5459.217140629762,5461.4322345752225,11.556937849377269,5463.647570724696
4316,5461.0487359966155,5463.282494020801,10.6018141421329,5465.529022318921
4307,5551.1225322889495,5553.278221699575,11.418995072851434,5555.326104651324
6120,6189.876349907592,6192.192256716612,11.313012704004771,6194.4216059386035
6347,6720.846726299395,6723.400323863257,10.338327388659229,6725.9360680724985
6302,7080.184133865785,7082.183785367351,12.860190751991981,7084.131803731139
6142,7316.775932549423,7319.085316506064,11.044369104651704,7321.890925381481
6118,7351.660109785573,7353.500773827681,13.918206177669742,7355.330037199555
