1289,505.3955448219772,512.3607629933048,14.239053454338553,518.8340503063773
1602,733.0684204430776,740.0525186258736,13.242295436874507,747.7050311697543
93,768.8056827949143,775.3947117168196,14.379779946298044,781.8703401952653
1596,1061.0416130937413,1067.37387950206,16.437259253333295,1073.7283505703817
1628,1126.6894966182904,1135.0674202204368,10.454928922718507,1143.2022403287865
1046,1162.6411127159454,1170.2791058374532,13.075735084498472,1177.4700742334908
1285,1238.571831295446,1246.230026272012,12.175255541024615,1253.4250284981097
1617,1258.850454210235,1266.2312029133373,12.381619885456221,1273.716555648725
1052,1498.8426417324076,1506.0321724540038,13.86286435205988,1512.5606716466439
1637,1803.3905905254069,1810.4578616057545,13.197209498779378,1817.1851222963826
2101,2218.915509902942,2227.1362005968663,11.06655263272694,2235.014159283073
3424,2316.435289381386,2325.4300423580153,10.730841243781631,2334.347650007942
3592,2446.6459261471086,2453.096387991056,15.049808298195188,2459.747601926918
3283,2552.015875650973,2559.302822724594,13.217486255385746,2566.3637431874577
3053,2680.683443585666,2688.535201945623,12.41043683782472,2696.1323475227787
3266,2710.968872870549,2721.09965434661,9.504075736389298,2730.792951404765
3422,2714.713289284376,2723.1043787481576,9.132602468174452,2733.439240360615
3612,2847.092274017486,2854.329212774559,12.748597020927749,2861.7764857456723
3452,2975.4389680482295,2982.2663664454,13.919458925712403,2988.8502669409804
3421,3106.4825630150253,3114.4016196901084,11.904934535596118,3122.247888691158
3633,3179.8638640733916,3186.526902588352,14.287307466322714,3193.206073722217
3608,3245.9845997683974,3252.487446796072,13.82895491811742,3259.283924013169
3606,3327.507215193943,3335.3730960756743,12.035907928287875,3343.381190431616
3280,3356.247773225343,3363.4147153795593,12.294132973358554,3370.428313464544
2104,3537.767333878994,3545.33096735956,11.794398618535455,3552.7053842417467
3638,3702.80868246415,3710.0242919747325,13.02173133732116,3716.919445824532
3635,3767.108904829545,3774.250765841696,14.122605930172421,3781.015060320193
5047,3802.169317502575,3809.171990720061,13.55596733543389,3816.073571274416
5599,3900.572811070709,3908.267532532953,11.845001178306251,3916.053995760818
5037,4081.0,4088.617416529232,13.399176631805672,4095.8608627073922
5265,4122.591273832105,4130.39901121182,12.134563780694785,4138.494913602773
5615,4231.572481610498,4239.572540854829,11.715313915198886,4247.464236530291
5429,4294.878193241382,4302.363775295797,12.109503838228942,4310.13110092975
5267,4427.024081145308,4434.166271761449,12.896626608879327,4441.555960128503
5423,4634.086314827569,4641.503992305414,12.260965442511722,4649.058055053843
4111,4660.987660578219,4668.535309621344,12.938410224985818,4675.922014771129
5291,5008.822873994238,5015.230168474393,14.958753753820682,5021.320478990499
5435,5680.6060602619245,5688.292802583683,11.572654272155928,5696.093039526494
6104,5719.745488761546,5727.39500414755,12.53961370156294,5734.810978303252
7627,5879.178135372874,5886.525063832009,12.44665337069738,5893.760647508444
7638,5943.710209313795,5951.044845596926,12.90978333439025,5958.17681716871
7285,6181.862229499474,6189.284078095407,13.154127370563758,6196.49955726472
6109,6190.732642775292,6197.50439206256,14.525441197830693,6203.940906583761
7591,6291.267680940674,6299.458846239114,11.64460375331361,6308.68536864656
7850,6328.073758449344,6334.139857382734,15.897907354416581,6340.774424472059
7447,6340.794225253337,6347.5977303109385,13.962002355004925,6354.130993813952
7274,6342.71257528274,6349.377632345464,14.544218178406982,6356.380989986102
7287,6709.1804491375315,6716.177843460861,13.316164211739022,6722.991806030876
7429,6737.156767291572,6745.239520822531,12.337987537278869,6753.437842200277
7849,6973.0,6983.03839313058,9.569693566569006,6992.205610690186
7613,7005.240221325046,7012.540925117768,13.504846418755095,7019.9402089949435
7602,7269.731107541739,7277.322313709432,11.759645340817643,7286.634368751431
7269,7273.252306388083,7280.202648027681,13.685211008582478,7288.957444244708
7281,7368.812668786222,7375.286983951565,15.22475896415865,7381.465140300247
