1377,228.8365001186139,235.42465170457666,11.498834543318667,243.2663095489573
1275,251.39196037624788,256.22899308961036,15.226609482777016,262.2019034514537
1710,275.8160931736512,281.07624170520677,14.394210714135223,288.8005875084796
1532,280.0744165534125,285.5231545142069,13.194359853304146,320.33362094606616
1553,364.02191788810615,370.1372509031221,13.486838346351204,377.92834750513856
1385,588.604540765767,595.3267783132288,11.177615058302592,603.3458604722742
1434,678.9669492452978,685.059371436606,12.927585020672222,692.0922819601644
1249,705.4440327749187,712.2050567155696,10.589400930439892,721.8519055349223
1667,723.8035181388834,730.2733311531545,12.246302731827143,768.2356483272376
1934,837.397175974734,842.6150147328643,14.0009904451123,850.724833579497
1435,858.8444262490361,865.3082563808231,11.362128913541738,872.7795462834272
1535,903.5522525029932,909.3691269309138,15.194703421758067,948.304480244352
1954,924.8966768278633,930.2372634543906,14.32399507629975,951.1401025232215
1397,950.710553202399,956.3584132022636,13.493653551751994,962.7845080593572
1928,1011.3968231174615,1017.1830398329696,12.064348336886082,1025.8453169230652
1946,1013.2748287605441,1019.1614236564333,12.870439856944394,1038.6339717547082
1286,1063.9974504960337,1070.2859842921682,11.690030355803335,1079.5816993119588
1287,1068.4243004921059,1075.3956334797613,10.154626121775978,1128.2472418182176
1956,1083.812470320624,1089.3160724978586,15.46086608756371,1130.8547018940733
1657,1175.6546007529637,1181.4287012984948,12.52269024341208,1218.4104281822983
1649,1177.5259400362056,1184.2757813521048,10.320758297596077,1220.901141103541
1687,1179.415544684664,1186.1579338268086,10.856985098616295,1223.3358474826473
1256,1240.5767115687222,1245.5807691650625,14.951964017423462,1251.7680724295933
1527,1355.6588921407667,1362.452464367943,10.64484462960071,1398.3661866491846
1386,1371.7940876619828,1377.577302380386,12.387056840816696,1400.9575212875488
1406,1489.1204158434089,1495.1594721797169,12.99135685182675,1502.2371021618405
1655,1535.75949395958,1542.1091559274344,12.369533117182996,1578.3353023925868
1955,1564.7411160056117,1569.6508309688536,14.741511692170866,1586.967306605676
1391,1578.7433965806076,1585.220204213516,11.943266025993669,1592.7995513257326
1684,1713.5630743773552,1719.4301125859336,14.435992973498653,1726.8451715938988
1378,1730.1491188046616,1735.4331367701852,13.897671660937204,1760.5429236977557
1537,1803.8607071861763,1810.0637502920083,12.235692046781585,1818.8024558952727
1646,1893.8809577250556,1899.4887666810014,14.707304696622403,1906.9410791905514
1671,1895.8053449921783,1902.1512834230525,11.512059603363792,1938.025230209144
1691,1897.9388649555021,1904.063633897378,11.477415286283016,1940.6783657840188
1944,1912.9526117475007,1918.4425753892378,13.600146730939707,1942.920087426275
3642,2074.085807829114,2080.273467406526,12.515067135338263,2118.532829491793
3532,2076.302948847829,2082.0687910524016,12.967232313356863,2121.2453526688996
3524,2078.142415598753,2084.3702911973824,12.14723965403286,2123.247353088521
3940,2093.447791952637,2099.38860269632,12.161869271485582,2125.501523472629
3951,2179.2537872082685,2184.288466977679,14.341646061694904,2215.4615971864137
3693,2183.893188649029,2189.2890830038996,12.866359138414694,2217.4552159444015
3260,2232.7415033526718,2238.3362591118307,12.89595814519736,2246.889320567574
3659,2253.640081932709,2260.3197797120033,11.865585368441902,2298.2670266565065
3954,2360.827833633431,2366.4487361913098,12.206446766707732,2374.7370449703176
3279,2413.5566036725686,2419.380272468521,12.354966478842165,2427.794059377693
3936,2433.734174636874,2439.294448649374,14.948956145816936,2478.633337091829
3374,2436.0807138303517,2442.3692322802126,11.984970698222085,2481.0362647975458
3407,2480.660529575883,2487.512509035122,10.88513929333715,2495.6783463378665
3396,2482.5231759431135,2489.360861786426,9.865171212376556,2497.5389099177833
3427,2485.006673648341,2491.2872606301694,10.240742806011395,2499.3323127978683
3689,2525.571329974345,2531.4400012268493,13.57259973150437,2568.423609652868
3696,2529.5299027719466,2536.1597240950846,11.181987622411766,2573.33743148973
3683,2613.7689946510905,2620.164049589998,11.869964146452402,2628.749101544732
3371,2658.3552054705424,2665.0565091148446,10.597254886804198,2673.241856245506
3240,2774.377159715863,2780.373831154687,12.079426302864665,2788.7156697789883
3546,2798.749696007821,2805.1138425540435,11.663832634277755,2838.5024991442965
3682,2825.6262212025076,2831.4102164447922,12.77460139237358,2843.785288124681
3387,2841.2868057127102,2847.419773499943,11.641426371719668,2855.119653974382
3277,2859.2825922583165,2864.3611943749443,13.67239127388732,2870.691878044079
3241,2862.8853338800172,2868.5042350891486,13.313315729404922,2877.338166256074
3695,2883.446231974476,2889.4997349424957,12.662052747638702,2928.1391575244634
3667,2975.7250948312303,2982.3674566300465,10.542105516101477,3018.411661318423
3421,3022.901214359513,3029.4427279778165,11.997852940112208,3037.618424272042
3515,3063.554172517972,3069.353852522729,15.07140535763771,3076.415599808617
3406,3110.8679852984965,3116.565857675643,11.981654101943965,3123.9115889336676
3952,3153.1978835203054,3159.404298351122,12.682458004325593,3167.7421519531013
3649,3155.286232390081,3161.1769200524623,11.338582189390735,3198.5450545005547
3688,3157.520453443377,3163.4191781408995,13.028770862449807,3201.107367982604
3398,3198.851331974313,3205.026772710928,12.182430678715592,3212.575612953302
3956,3244.259289267227,3251.0180135557125,10.75170164957223,3259.915433895227
3691,3252.800084126669,3259.4501532043173,10.243430090328006,3290.686936566542
3545,3254.794303260943,3261.4516919840753,9.185533275848194,3292.986807885268
3933,3263.643614814609,3270.289817549781,11.048195871846284,3294.9317550748474
3385,3333.5144492545473,3339.445041025573,12.982260282604035,3347.307234365925
3665,3335.4611867519034,3341.375812689499,12.496145770485445,3378.1738589461856
3405,3378.3699759448223,3385.181218689382,11.522251696471972,3393.207420344927
3439,3380.504709306824,3387.064592507545,10.88785615835507,3395.114170702235
3927,3442.2705769302465,3447.5928793456173,13.289704867010212,3455.4741771966465
3392,3468.612749770395,3474.6086802882833,13.143211152770249,3481.475290570872
3432,3472.5180135557525,3478.176535692601,12.818079804880785,3485.0016108936843
3694,3515.8943319322357,3522.0625026733387,12.187241657682856,3558.5146014854295
3399,3559.0879629695823,3565.4519399709634,11.520035514037419,3573.1011240579714
3700,3607.5663871403794,3613.5267711269607,12.242305224089314,3648.4095061156095
3519,3609.423089131385,3615.3349393689655,11.492349294802722,3650.9819112961145
3944,3632.0510543288856,3639.0584900974554,10.724918305684357,3655.26551387893
5680,3715.6332526182905,3721.490667217674,11.723330901504289,3747.353811517377
5422,3832.8165874103142,3839.3462732429534,10.561081159132835,3847.500974882243
5950,3873.712404567073,3879.381471503981,14.61805254115463,3886.974139907883
5541,3876.0365100329577,3881.3493141548006,14.628158633748166,3918.588310905902
5270,3941.0481659202474,3947.0793573241112,12.558590582919285,3954.42404034468
5660,3963.439836113229,3969.0729947378168,14.11470183334619,3976.7628164744956
5942,3983.3460382507474,3989.2068308053304,11.684999630919092,4008.6672573689066
5939,3986.135225383005,3992.408238998575,11.124171063931808,4011.267152058862
5410,4008.7173778271226,4014.466061498855,13.842402906681237,4020.7577740429283
5247,4303.053030434739,4309.155217198684,11.359124035549819,4317.957835542022
5250,4309.727001104812,4317.273561630638,9.369911510443963,4368.474080137707
5371,4368.764562707598,4374.410138741713,13.574943543216113,4380.903885311339
5515,4420.080232383032,4426.557978788406,11.619190028576948,4458.496884459297
5369,4431.646130362144,4437.387401345645,13.106310188223476,4463.1579234872115
5409,4459.049081796575,4466.2143620664565,10.028928435623353,4474.726731396922
5700,4503.658998186962,4509.467640393045,13.73224402978939,4548.273266892825
5701,4505.782367768431,4511.488207090613,13.581394307646656,4550.94548784516
5536,4507.828105663076,4514.432020773899,11.168879309890366,4553.164943165686
5402,4548.633381663196,4554.614596435146,13.028616479445668,4561.641644032981
5295,4570.222879150926,4575.593519418785,12.828034625696239,4582.3247076418065
5644,4593.953437532654,4600.217988942303,12.034836547856758,4638.527892191819
5674,4773.48427562675,4780.076148883847,11.85617849474021,4818.662293863113
5949,4802.5015299389415,4809.1948239563035,10.722838922237091,4823.346738991235
5956,4804.332970542054,4811.045858294081,11.16634334147296,4825.275230444378
5245,4841.576788999921,4847.183907672446,12.738749120011958,4854.227571067832
5678,4863.484342802147,4870.336756247551,10.05796388351827,4879.857473157577
5685,4865.527332440971,4872.21701662745,10.385058259030155,4908.326139926495
5677,4867.64633955947,4874.258244932548,10.853351081356026,4910.83069013639
5645,4869.476191572162,4876.051832566744,9.454184319187819,4912.953872377594
5378,4909.131142761928,4915.251669882221,12.521496762730546,4922.264354464044
5936,4972.8810426495,4978.545507225559,12.834685155893675,5000.821374498667
5288,5021.778075535085,5027.360952670261,12.318793984703666,5034.473111069028
5691,5136.167963526462,5142.25245822576,12.312300252571724,5178.061207834952
5417,5179.114342778907,5184.650856532924,14.671978899663554,5190.679780337698
5654,5313.6464501565115,5319.540773310166,13.285851112160536,5327.808622467114
5957,5424.799343554748,5430.420939558154,13.39667913610447,5448.177918197873
5269,5472.969461029131,5479.11317854904,11.8446984018596,5487.993219222773
5277,5474.997144755917,5481.430499136046,11.013626657453733,5538.837368572499
5705,5493.750835245125,5500.511173716732,11.381110907891337,5541.286532289039
5699,5495.732638843891,5502.343441477027,11.018565309841003,5543.574368857885
5952,5512.367253645668,5518.411834536417,12.21399009085637,5545.713570697303
5400,5538.529745730163,5544.242516820755,14.211423002520517,5550.500494000005
7544,5586.3375108954,5593.178401375456,11.164495405706523,5628.468036524603
7926,5606.947697898487,5612.381463082413,13.424513586876412,5631.160750383744
7943,5692.784344044882,5698.370474359262,12.728830538348674,5718.435248960243
7646,5763.628293843794,5769.490051629836,13.228974818776441,5777.617135910428
7951,5786.861105876231,5793.092714894927,11.602724962302856,5808.610147463174
7529,5853.8625659686995,5861.448164120591,9.218731156712435,5871.837743637195
7535,5855.880953867691,5863.341662376119,10.430401050974803,5898.23887840894
7658,5943.830337189546,5950.266101364132,12.11541129101911,5958.782373278211
7945,5966.5591904209095,5974.220699330533,10.113609330877104,5988.662888137589
7263,6013.8665768782785,6019.410629531091,13.075727559247687,6027.626013886282
7252,6193.203122791682,6199.426348085494,12.055637603787247,6207.913628326207
7447,6258.706859919182,6264.384315216348,13.986373098769432,6270.668456504056
7274,6277.810905171007,6282.354840331468,16.0874754518359,6288.049596427716
7950,6393.26367026724,6399.161728942771,12.943303195862478,6407.637263629013
7681,6395.59612528209,6402.082347165937,10.9399832809591,6438.437011190829
7428,6528.685601643479,6535.27493645145,10.721680520800023,6543.19117894966
7412,6530.902042485017,6537.1451565489,11.511333901907918,6545.023846951961
7923,6574.098485088948,6580.540412613474,11.751704225665426,6589.39919720132
7670,6576.152973093882,6582.33636508197,12.6230465837125,6618.262680756258
7429,6623.032991351054,6629.345831757188,11.492742360071553,6636.796751287889
7264,6643.370597186722,6649.577114382329,12.130154552189387,6658.206694362405
7385,6663.5456326075255,6670.459681357534,10.213791723283375,6708.423251693846
7431,6712.714725917296,6719.443618017776,10.485412971065392,6727.961319704332
7536,6755.509294710189,6761.327729484476,12.744961960925936,6798.276656947095
7696,6773.608068974677,6779.405905539234,11.420428053108687,6803.195373453617
7423,6798.641111906037,6804.3468368868225,14.151652875818918,6810.543586914398
7419,6889.082995072514,6896.013900807455,10.945289600900232,6904.508808967254
7948,6933.862591175586,6940.468871516709,10.90492331948373,6949.4197023212355
7686,6954.895979482699,6959.518979105319,15.641997105277293,6986.0687512272825
7674,7027.885235829577,7033.495713753929,13.706417390051744,7068.716119856474
7677,7113.8596472246745,7120.141371822565,11.930376928029405,7158.680510750965
7679,7115.834562136305,7122.400118487256,10.591201179441766,7161.297376404146
7691,7133.099669873062,7139.1627194373095,12.015301280672032,7163.611265113601
