1882,22.818478749295494,27.542110633560043,13.27007087264596,34.6842634392365
1837,64.49923090804502,69.23385527565988,13.538862260550472,76.1010402900686
1812,69.46733021520413,75.38884271355974,10.149920948652571,84.24517905307229
1821,109.77666304663167,115.27006217967825,11.933064664728596,123.00757564106988
1779,190.8531392771244,195.41541694236003,13.721132566009851,202.45197863249797
1818,221.72559248953854,226.20983836195012,15.118988323046475,233.02864113295354
1852,249.6183720124974,254.02040546868105,14.42258572256536,260.9302322427704
1871,310.65392876711513,315.3796877899603,14.732049082715793,322.3974361089699
1803,331.01821815120655,336.2574368971244,11.929180670558779,344.4859133225349
1909,372.50050980755066,377.4845367475699,13.867961546619295,384.7604898503811
1889,377.39949379586835,382.09895501765135,13.389710067790052,389.48150356103207
1843,429.4024168716968,434.10490979058056,13.186507329576788,441.46555478079273
1874,467.49326231531285,472.04980186998233,12.911601674266507,479.0870803572647
1516,485.9801268610697,490.1633394711469,14.492223156714294,497.0913631184586
1790,511.77625219612094,517.1612643361998,11.341902847758767,525.0384305070367
1870,535.0213131946699,539.3659483445928,14.91775755619433,546.000168139234
1773,589.0105551807533,594.3874565786401,11.161061292557882,602.4252441692229
1839,792.3047563100755,797.3863400533957,12.19555084619982,806.657116727411
1872,803.8520346150569,809.2117691689,11.284847143406791,817.5017116592514
1832,882.8130557507576,888.3782722113799,10.958050370580368,896.852939089261
1876,884.7232242605389,890.2221072934772,11.562677963641578,899.5070503647287
1815,888.5000379663229,894.3424569325065,14.63671695396911,902.1614721657178
1776,954.6857779639195,959.5310382901771,13.31913353756298,966.775345657692
1768,1423.4012211582346,1428.5081815264075,12.33096325402222,1436.3964923683216
1898,1539.4055833302427,1544.3498976490778,13.306922622657758,1551.6781457525103
1510,1574.0416123429015,1579.4349667870115,10.956737607759,1587.4417492535229
1789,1581.351352271098,1587.0940113074278,10.228267606702829,1595.7936517281134
1923,1719.3942721992532,1724.2303324395666,12.577477412258364,1731.5265341264926
1924,1794.651370919349,1799.1875298078348,14.3299807359557,1806.0002763477908
3805,1888.0039509472124,1893.0313670259115,11.516492219261826,1900.7252570460346
3821,1986.6585250237463,1992.003772359611,12.413498587193342,1999.692262451607
3870,2040.9288450617696,2046.4675388462722,11.208736368733366,2054.7978025765774
3827,2042.8222132340743,2048.223751637457,11.224805845189199,2057.112513151406
3823,2060.5486993403183,2064.6828319551455,17.164522434563388,2070.9932923588008
3785,2128.4000143451412,2133.527846000965,12.239239590883448,2141.0810421965853
3913,2131.5745137883478,2136.5783911611557,12.560010330721429,2144.0606659243335
3790,2141.1162696564716,2146.1256427916187,13.299217797050737,2153.5093438638637
3795,2184.7696516478804,2188.6077892629432,16.598423415205296,2195.2986902709663
3767,2269.5776004341556,2274.230186493971,14.285347678498775,2281.1572655835844
3892,2323.072690511898,2327.254338797548,14.43930294630523,2333.961379728128
3871,2358.521827869531,2363.517113496328,11.760019133644029,2371.431051901482
3919,2417.6646709416273,2422.408144377262,14.05633796806284,2429.152215478367
3819,2441.5434610462326,2445.644523462974,15.1629622425985,2452.108323991737
3803,2459.6374287807243,2464.238260934844,15.652499647793734,2472.1060265609194
3349,2470.24861183189,2475.421597472921,11.787399459352796,2483.047678853054
3824,2472.333016104972,2477.253070196546,10.951365214021443,2485.542973979532
3815,2475.7039964372575,2481.075122113722,15.411352847102336,2488.155407910189
3879,2501.3307862318006,2506.1672649346488,12.476785482582786,2513.527049578492
3872,2518.7788495376262,2525.1853139800464,9.68673642067836,2535.058066738376
3906,2541.5233120875437,2546.4407307734905,12.76687260017043,2553.9888695008804
3820,2605.995676484043,2611.5136776872723,11.046948100861403,2619.6692882473703
3837,2650.5429855719,2655.5020129975555,13.375470538609477,2662.675264508625
3842,2664.5111521288736,2668.599179271056,15.825918191874925,2675.105301378544
3884,2764.32173642262,2768.362633810679,14.693753066299085,2774.934651437281
3766,2778.1261771659606,2783.0805634977633,12.181894700222829,2790.911673301533
3829,2844.1588079087396,2848.5059160751757,13.749571310259071,2855.6466851374926
3791,2868.4915292163055,2873.3664277756156,13.372050784152302,2883.661304905141
3846,2874.7877278777232,2880.0639367431663,11.672617024836125,2887.9276553240293
3912,2963.7451485961615,2969.1627268834277,11.41962895147644,2976.971098786232
3858,3122.195104236785,3127.1362707139715,12.800195151100555,3134.7888059837164
3888,3161.4176904855562,3166.357018840163,12.632143778036703,3173.9937287699763
3356,3274.012767267879,3278.2028048691145,14.876419620721501,3285.0943470614006
3865,3319.795661763394,3326.2081046747667,9.245679527038117,3335.6164483141106
3883,3399.6220331411523,3404.4440427460922,12.938983822709696,3411.943206586312
3822,3401.774103132699,3406.2035304836436,13.445341837906938,3414.109958060733
3855,3462.642660554429,3467.417362961423,14.126421320121969,3474.3779623546743
3792,3531.363146537302,3536.3941755669357,12.643782277423204,3543.879395713455
3843,3534.8153201097425,3540.384764699588,11.83617629807582,3548.6332725200364
3841,3600.5673202731823,3605.1231569941274,15.24880000322309,3612.0014320476917
3505,3636.1360581044755,3640.509931817001,14.168158762726756,3647.563598112282
5793,3648.588062679614,3654.0118761000526,12.078451918414547,3661.7802593407037
5881,3669.4360688502493,3674.346764295582,12.187136485883904,3681.8123355395496
5845,3674.2617934732352,3680.0292123758704,11.176560152064496,3689.141910239355
5802,3801.829302915296,3807.5245440875988,10.869800828969716,3816.026812149249
5884,3849.6027303649907,3854.3892312801277,12.912889232789368,3861.950146059094
5822,3852.6148547057746,3857.3948080109885,13.966712226228159,3868.109362756975
5512,3915.4447745431294,3921.4122002289664,10.567912260465784,3930.143812899468
5882,3958.602541680513,3963.589274655829,12.298899929381612,3970.885519376343
5925,3978.5864644763674,3983.1924203579024,13.544183141435482,3990.093278825535
5850,3992.5076789982263,3998.3205224893613,10.211880830172277,4007.14981091204
5868,4030.294736886105,4035.334468850667,11.940485353948992,4043.0742985144825
5848,4059.5155487189954,4064.187775626547,13.07306963910518,4071.386238925563
5849,4132.32621734281,4137.117044219785,12.904154081517245,4144.939224852702
5821,4167.525283201129,4172.438932387113,13.501143252557451,4179.930837835868
5861,4188.442704809202,4193.518832689185,12.473858689818119,4201.382648830163
5842,4213.002335082528,4218.180448519094,11.882658313051705,4226.070484429539
5888,4256.93646493317,4263.176665895882,9.95762238017559,4272.365902819139
5798,4280.31372112928,4285.418962659066,11.873957479012407,4293.05434457633
5769,4296.1884179434655,4301.460097487917,11.758677277126399,4309.061713277506
5811,4334.711667715982,4340.089368051075,11.14057118550514,4348.084360242484
5364,4449.47479368981,4454.419299807869,12.569193069846307,4462.149316633517
5760,4582.450394920474,4587.026039512218,12.863332429485796,4595.604395349402
5889,4616.571817626488,4621.24776087117,13.410079949508138,4628.653499220649
5915,4636.6388509499975,4641.078089594174,15.190350190415371,4668.79784615623
5865,4753.956135604438,4758.133277346523,13.980978184657253,4765.061058889869
5860,4951.553148463916,4956.204950689461,14.767779786631074,4962.969277933641
5780,4979.563503487854,4984.398243882319,12.955091057170879,4991.939584807583
5757,5021.106598183925,5026.366232766049,12.303861981895505,5034.0862579969435
5837,5153.583431891864,5158.381524504772,13.192164828015402,5165.777934796523
5858,5199.149851704108,5204.071981664125,12.781675737332664,5211.508651936464
5781,5202.3709222064235,5206.627952746234,14.249313255342322,5219.643970007586
5767,5213.495736279425,5219.164181331912,11.457110376377031,5227.6347490652415
5872,5257.016388948453,5262.115091784155,13.534453779155335,5269.140919849597
5898,5265.543956643885,5271.128687218533,10.899441096385358,5279.657173106286
5866,5287.536150309687,5292.584756914474,13.18346580534747,5299.87258758583
5801,5330.35481955729,5335.458392599292,12.037315853834404,5343.0201882555
5782,5347.5081075308835,5352.234317094134,14.322926403020581,5360.161916963994
7854,5485.681849769861,5490.45969214861,14.114918539440374,5497.390714429588
7826,5505.700773141898,5510.403147197656,13.972411288445764,5517.055496139242
7876,5550.54575462069,5556.348250547952,10.370405081846643,5565.053623708893
7884,5553.646328115432,5559.193415691329,11.236032077080434,5567.775177176863
7898,5570.502969318638,5575.4844185398415,13.531673702409185,5582.57800547752
7855,5683.6529054564335,5689.067013970461,11.291104775949258,5697.140973546703
7509,5703.69775558626,5707.6301474337215,15.550792287319668,5714.135070531331
7888,5766.40802062824,5771.382126880175,12.182643270282458,5779.368009896393
7511,5885.1429469870445,5889.505640304247,13.741740413881024,5896.358396792375
7871,5922.707312497681,5928.485776146663,11.152445696272865,5936.976894544381
7757,5924.581489216481,5930.398961372916,10.756282909870142,5940.537801228246
7814,5949.972213714306,5956.2075183480065,9.886285584964785,5965.149123192014
7857,5961.526073543162,5967.225906209344,11.151845412989145,5975.656296732081
7869,6009.146836220758,6013.133210471721,15.292516947143248,6019.829319421538
7795,6046.488216036565,6051.138222719093,13.82492172542181,6058.101639439447
7781,6111.6126526435255,6116.281133703606,13.494299141630258,6123.4008095237705
7887,6125.883539379688,6131.445509044958,11.00054601004975,6139.585225054521
7810,6138.521066306455,6144.262094719843,10.631809447851651,6152.791629784675
7798,6409.523042341675,6414.4531443166,13.130629771147532,6421.953757036629
7829,6417.6546770792465,6422.4875249459765,13.708871452438924,6429.5653485076255
7779,6448.518049870579,6454.269613035977,10.961367457705453,6462.865234878782
7844,6503.492588268166,6508.1937330376395,14.178179821464242,6515.015794536295
7834,6575.448290909893,6579.56788488006,15.23724977956243,6586.136068581129
7886,6638.034956778873,6642.486776452341,13.449838621332649,6651.291779297062
7807,6740.6543346415765,6746.117790468281,11.749188067143804,6753.929228819097
7770,6818.352937793491,6823.225134440608,11.787658373558768,6830.967921405443
7765,6868.4941091430555,6873.531818958321,13.16977219699895,6896.857615660684
7503,6888.250711625541,6894.183813098573,10.924220588681756,6902.88057230749
7512,6891.28732071674,6896.192104238393,10.912152558729565,6905.127285712619
7345,6967.082314777947,6971.179915611184,15.276560946834767,6977.836703229116
7352,6971.593991609516,6976.370423018495,12.359681862989246,6984.006858251681
7777,7006.604128907094,7011.341812388413,13.757027235169915,7018.703317234498
7853,7022.451055436986,7027.489329604023,12.009478013794746,7034.919136123796
7822,7097.550712071648,7103.286873180795,11.11847106384614,7111.650844752691
7349,7157.255703273166,7162.235976766812,11.78556524128707,7170.015493301783
