1349,136.0,142.46452924034585,11.864789157904307,150.3422972567608
1419,272.0,278.3413151636215,12.70077216947802,284.9499352704803
1435,692.0,698.4259986462135,11.426888754408834,706.2760440888209
1452,706.0,712.1538157157547,12.606505683184805,723.395603110641
1485,746.0,751.3071991017349,15.3412027801888,756.7180101964741
1397,777.0,782.5629262819334,13.707641544338063,789.8570985971523
1487,1007.0,1013.3983184409695,11.429141487719527,1020.3505268137451
1450,1022.0,1028.2916551406636,12.89447856956182,1035.871866496451
1430,1320.0,1325.4284734801186,14.067912575053112,1353.8113527662736
1471,1436.0,1442.502530302721,11.983428707795522,1449.5538827786604
1498,1591.0,1597.3408056428627,12.175203335297317,1604.930616592608
1464,1740.0,1746.0880596599316,12.685238173091943,1753.8055769458604
3401,2068.0,2074.2928106800337,11.917830573387839,2081.2305942382036
3407,2305.0,2311.207836024155,12.069263054166777,2345.716925328172
3438,2374.0,2381.052651395344,10.577059830789192,2389.896614351144
3488,2594.0,2600.0071823337644,12.806319514911497,2607.544146466498
3410,2674.0,2680.4580328798515,11.722690688343931,2688.9407385351415
3394,2821.0,2826.5979792733583,14.095267219414087,2833.887252389373
3425,2933.0,2939.21969688262,12.764369775428994,2973.4884739600075
3491,2940.0,2945.5625971664213,13.833207514122345,2978.2600447796963
3398,3058.0,3064.3536831500332,11.722485411282568,3071.2253505912577
3388,3095.0,3100.511084748421,14.658047453816648,3107.8980746345765
3439,3228.0,3233.434873514781,14.73651527953886,3246.206291352101
3498,3249.0,3255.5044461530033,11.893997843182131,3262.479879395981
3468,3340.0,3346.0872740837062,12.48942890378824,3352.395442049107
3378,3509.0,3515.3561821818053,11.449115277759924,3522.211995906656
5427,3602.0,3607.3634503498847,14.759366877313717,3612.885287636297
5421,3622.0,3628.3533021407743,12.842525396884577,3634.8498710148697
5433,3679.0,3684.0360392475436,15.70217385706119,3695.7620733439767
5447,3728.0,3734.116661764717,12.021829751273364,3741.903237997464
5346,3832.0,3837.232452795834,15.092803506088133,3843.9432286003725
5345,3854.0,3861.000120666735,10.335081682349916,3878.358613073468
5410,3881.0,3886.535184456815,13.737868916093655,3892.2664960545453
5489,4126.0,4132.34400865005,11.922062127025717,4139.854223554874
5451,4162.0,4168.070315038364,13.014975211503335,4174.511746840102
5439,4214.0,4220.195600988542,12.435212944253433,4227.867923443136
5409,4320.0,4327.0828363967485,10.446852689497875,4334.90044371868
5386,4357.0,4363.401392267621,11.588840277182998,4371.001287565659
5497,4358.0,4365.4140667161755,10.329651635044202,4413.214851715241
5434,4656.0,4663.175634434564,11.102732700970648,4671.82511764815
5381,4712.0,4719.099557828928,11.187140608653918,4727.972649383366
5378,4750.0,4756.270095292932,12.349546286755364,4773.674532378158
5343,4990.0,4996.145148083975,12.244061839005953,5003.716011831098
5365,5045.0,5050.447703183182,14.388480609261467,5056.095808499248
5482,5298.0,5306.0448678110815,9.35702612683993,5314.9369204181685
5400,5346.0,5351.625886880319,13.73613356992797,5358.9120212524285
7367,5419.0,5424.519432232161,14.212779974754657,5430.230527488017
7422,5622.0,5627.45634522999,14.01367402702547,5634.304038589272
7447,6071.0,6076.543843113755,14.257899363637629,6083.808041829727
7499,6443.0,6449.267452992694,12.731849133926616,6456.848511494294
7405,6528.0,6535.235421984795,10.229836777777988,6543.754384943432
7431,6545.0,6551.447036530065,12.151561740499256,6573.111784698891
7351,6586.0,6591.492399476155,14.631119283880292,6597.2352157148725
7475,6591.0,6597.187509568996,12.409137790525351,6603.888041691798
7375,6735.0,6741.185947932536,12.188378371519207,6748.836389707584
7361,6744.0,6750.401097596085,12.216825539525725,6757.351853144518
7382,6791.0,6797.321291185934,11.683695919272667,6805.63774003612
7354,6802.0,6808.208832639106,11.976649556593626,6843.690262493379
7484,6814.0,6820.018948382924,13.392512553589667,6846.3782086521915
7493,6976.0,6982.472217162271,11.89134848830227,7023.439038623639
7471,7050.0,7056.486938273234,12.256777903530677,7064.836035987906
7406,7175.0,7180.616687140635,14.030580149489106,7205.848601261352
