1532,186.01538677387782,190.6044033683653,13.027780774258554,228.03243064864947
1456,251.60974954230608,256.52323472534,11.056917408041722,261.6164821287107
1679,300.4498152711195,305.5102954621,11.4818983704216,318.19668444376936
1519,363.47001836678976,368.46250315140674,12.563359315332901,374.55721609554627
1661,365.3776052331968,370.177076949854,12.82984527651702,408.30118028235603
1678,543.5092706644242,549.1643765553832,10.348807702273088,555.9042491711419
1441,615.1136139112906,620.0168364559042,12.052577433737344,625.913027529548
1667,633.3336844587499,638.4857866109927,11.585382832402034,680.6397929812227
1717,647.4048889713279,652.3857608924384,11.83930964671056,685.2970427725294
1689,742.345317593044,746.3214590410566,13.951294545417646,752.0548907816006
1705,1006.6317660061374,1011.4189309229607,11.59611999935563,1038.5248054905546
1657,1083.7021550628765,1088.6031540400031,13.45695830610234,1093.9743726214765
1649,1085.991569798938,1091.2849436482772,10.74392951096011,1128.6373817836488
1687,1098.4173164920517,1102.2522970841806,14.510072927011906,1131.0531529704615
1443,1239.8172597652617,1244.4254568596448,12.245695225504607,1249.0057122319106
1527,1263.7084458276186,1269.3737580414268,10.645830766565455,1275.8675416075157
1754,1277.3384041203483,1283.0911453218134,9.961288910945813,1308.4776710175581
1745,1279.1855700630801,1285.0268772116187,10.009955497948608,1310.9270966812746
1444,1329.490719340893,1334.1055026376366,12.928180477518959,1338.7126900136889
1725,1363.3716578846136,1367.346559936984,14.972431868224586,1398.8406893545703
1658,1448.0567791311669,1452.5376657236172,12.963607410054452,1491.5314242104262
1704,1637.8510574514587,1643.0438023114211,11.043645303585217,1672.3571823014527
1556,1671.168099723369,1676.179257827827,12.07657364106153,1681.0075639644251
1671,1806.3486503901768,1811.5587479523836,12.150893668812854,1848.2566596292638
1691,1818.0465501548445,1822.4720588667494,12.484762140229732,1850.8096242829106
1569,1849.0421561823166,1854.2121406709755,12.075671909679999,1858.9652797848487
3539,1895.5121564875847,1900.5719970373746,12.498588777479684,1938.371460230959
3579,1937.2646464556583,1942.4749106051017,11.429723222798172,1947.6262747342612
3642,1989.4687361157985,1994.525362389354,12.568148616195554,2000.8353123274833
3532,1991.603514081799,1996.3816477096398,13.052447980319627,2028.6838438421325
3524,2029.0837516742652,2034.372846433674,11.664261154435934,2039.4075289846105
3651,2076.329276809324,2083.2278986335987,9.287553322800566,2118.4380950869527
3443,2242.6015172289067,2248.0881556908225,10.233474055106935,2254.61271223677
3569,2300.833632949886,2305.167389819498,14.03282711832075,2309.2247180013687
3698,2361.020756580515,2366.3709653542005,10.34551808467094,2372.7064857775863
3689,2436.139226805966,2440.511546423976,14.001621236761485,2478.6660845551482
3657,2438.2025445157296,2443.13582169698,12.033461103074693,2480.9453868335486
3683,2533.253498784128,2538.140563006257,12.065200545646322,2544.0893153408097
3677,2718.8744841739854,2725.2202563227015,8.964705070281964,2750.8634449679184
3441,2866.242954707826,2871.516034394907,11.100010767020853,2877.9104156067833
3446,2957.977943460331,2963.1367127358153,10.845840224037826,2969.2743071482955
3515,2973.6549674142234,2978.117956218941,15.345127010807499,3018.6547881234956
3649,3063.7900916215776,3068.556949340932,13.065607649469861,3073.8708197027104
3545,3197.2556177365977,3202.0590961632274,12.845044057065929,3206.7046353262704
3665,3243.2691294416127,3248.0372771951797,12.921462042266294,3253.8115901407873
3694,3423.820671469195,3428.227540180739,15.278977061477422,3433.677840128428
3728,3435.8311490884576,3441.0361047149004,10.694715065349374,3468.540367789126
3570,3468.370630298039,3473.1683728916996,12.813466606070078,3477.643743029187
3519,3561.4085087814224,3566.3334158624775,12.266544696579814,3570.9375090629046
3686,3616.5217884813424,3620.207473938083,16.31695701859103,3648.1779315291797
5683,3715.977051263849,3720.354271691389,13.611255645489804,3738.159644423815
5693,3807.7636420573954,3812.3297514539595,12.664855907326569,3828.508993307651
5603,3828.888623287886,3834.08574599198,12.865830734955422,3838.773331717112
5659,3963.5449505088486,3968.1171737669792,15.958445172976448,3973.0785607599228
5682,3973.53334141031,3977.5670312042057,14.040207813073636,4008.285183650805
5748,3978.5937657580243,3983.500121001674,11.656225499280533,4010.753450823246
5695,3993.6528576627647,3999.38969204788,9.515134556434123,4013.2575388337145
5684,4160.985426103108,4166.2129588014095,10.390042237289837,4188.821820174093
5515,4326.076422072266,4331.3046699583665,11.35025072864746,4368.220359927041
5701,4413.492545321715,4418.4650546349785,12.625475616254008,4423.963710355104
5437,4481.98838769116,4486.364957341762,12.874409887501251,4490.838045929046
5644,4503.8578650373975,4509.140868265936,12.333910722532337,4514.894083280299
5604,4642.943529932026,4647.599363029009,13.140612891734056,4652.05809388535
5674,4684.073016435374,4689.355972814256,11.592008077273444,4695.785360367385
5677,4775.708242200489,4780.586100445036,12.780430168210481,4820.3292895199575
5521,4863.941772138193,4868.571310326967,13.606621584744886,4874.049104422523
5712,4881.929165456034,4886.125835515468,13.416054452248499,4908.173266651329
5675,5066.911903754546,5072.359079818521,10.78194693279275,5090.856176490866
5598,5192.593237222333,5197.518165659144,12.067638385715533,5202.517598935526
5654,5223.53183372338,5228.530340962649,12.934114842806114,5234.281937950637
5539,5226.007950110489,5231.0087165476425,11.85320988032925,5268.15671801605
5679,5236.673486928296,5241.316266909164,12.634422094372118,5273.026891269946
5726,5414.94005251113,5420.021849616829,11.361332133959424,5450.659196109862
5435,5470.372756792876,5475.124988829956,11.863550905748438,5479.89364595944
7544,5495.628066541468,5501.000214318029,11.239750745256893,5538.670904330139
7535,5766.221044736188,5772.273437559916,10.03080599583679,5808.448689616097
7733,5853.349014847958,5858.473161315854,11.004436433652701,5864.894158383116
7658,5855.4210363099855,5860.453945176125,11.76375870415699,5898.469988682115
7542,5943.591459023562,5950.233649884043,9.059215502730178,5957.639363910542
7530,5988.791279356233,5993.58479459896,13.013577898880225,5998.053236701112
7538,6035.720236972196,6040.547813424888,11.91324147955121,6046.712478050972
7612,6080.461670309742,6085.012355647903,13.582871247372612,6089.396793837459
7545,6213.882342239763,6219.459039033031,10.796606201302009,6225.957069986201
7552,6258.690693526821,6263.296217483607,15.371290978727467,6267.033806960498
7451,6367.352051931671,6371.4152770527435,14.146158092595972,6375.530279088759
7521,6393.455332067678,6398.449693473443,12.820470325175677,6404.2351361595975
7702,6496.608698900618,6502.190891005647,10.47766488354304,6534.606590876258
7436,6550.32054990513,6554.548505184881,13.349927360080315,6558.689503435842
7536,6664.076944184036,6669.016068902155,13.923230832491836,6674.35594188525
7684,6685.390289310649,6690.16822875581,12.498844349332956,6708.38959595138
7719,6863.169199315969,6868.288742688021,10.975030488690326,6888.626694195346
7526,6888.888713704214,6894.2243606792545,11.612433346741799,6899.179388074133
7674,6946.749219267136,6951.462594643046,12.153251099250344,6983.60479580903
7736,6948.549868523967,6953.221120555299,13.277944361835306,6986.1564077312105
7679,7036.148279885597,7041.26087311577,11.196081333920004,7068.289713257079
7440,7091.528019080726,7096.10279799747,12.87619331676288,7100.685286615618
