1017,257.7459194799482,262.4467814996808,10.71670572184508,268.0315175258843
1013,607.5203786731622,612.2711427325669,11.071289625511634,617.8294534627961
1009,866.2819307252365,870.2400212161801,12.914449802393639,875.087669012419
1012,879.6729330792729,884.3531607489666,12.14719777604691,889.1820217452047
1026,1157.559607090251,1162.3277200875311,11.101524354729417,1167.868835392624
1042,1313.3121892519441,1317.5027136620683,13.170310302293753,1322.2809589491887
1018,1336.923881899014,1341.2132340669414,12.119124472272237,1346.6875825506895
2752,2485.8452131753666,2490.0062637587494,12.241543573603215,2494.928280938818
3020,2504.6881577363924,2508.5103561658348,13.745672251265665,2513.1651531301995
3010,2595.585245929867,2600.5060358069727,10.35337109114761,2605.9160681274952
3022,2865.37984747346,2870.1177385747287,11.9332150554431,2875.147172109261
3011,2958.754648829194,2962.5834025395397,13.675261046305545,2967.196375385678
3017,3044.4746891680593,3048.252699550091,14.052001168231307,3052.8927116560944
2747,3132.257256905233,3138.0227551670328,8.881991595224877,3144.1655129173964
3042,3323.2888808351786,3327.572519686921,12.086126217105013,3332.199887646538
3013,3506.7636459604732,3511.0559913867937,13.263898987339065,3516.0478740831118
3002,3509.728021397237,3514.0235473090984,13.402080838239156,3519.0999865526223
3009,3564.57126534191,3569.1415795897806,13.30375681769383,3574.1363092590072
3027,3583.46715928045,3588.0823556744203,11.721258509308113,3593.8970058499626
5020,4116.502613411867,4121.047666351669,11.35199717817871,4126.2419966725365
5026,4125.877531385268,4129.538702562545,14.878682613406442,4134.247173931543
5013,4135.411472421782,4140.227956353578,11.621856790102267,4145.244730734235
4777,4200.625114250677,4205.1859515858505,11.24145215216527,4210.180026844566
5002,4735.979224413719,4739.593874065207,14.204587489957937,4744.082385055022
5025,4746.448692678226,4751.376391980568,10.660966539776542,4756.919660199591
5024,4748.338195845188,4753.211845358643,11.801997761971455,4760.908752729233
5034,5030.461801096007,5035.4197043079375,10.237739018886616,5041.095951567916
5001,5099.231522408327,5103.415099822024,12.599036523912174,5108.226000146201
5007,5105.952737077528,5110.164115719492,12.192060650057853,5115.194290105481
5009,5273.39581121072,5277.18468845564,15.568608846177355,5281.87453437122
5010,5391.425369020762,5395.180049741367,13.730650641996762,5399.95764178039
5031,5399.1844854801575,5404.000626870169,11.601349202418662,5409.223649699137
7006,5559.410352073603,5564.032785959682,11.010659741447405,5569.267435917252
7022,5636.787640415349,5641.0845436493,12.764193468235492,5646.051521397218
6764,5817.135237314883,5822.030811623229,11.638676068036364,5827.231220499195
6745,6094.091624722246,6099.020283594993,11.229506044273656,6104.83455225057
6760,6275.842484711357,6280.355829905919,11.82630608881068,6285.224069563039
7013,6379.935076004592,6384.173903142513,12.454119242474013,6389.097774013793
7007,6548.551097859516,6553.417759791382,11.558085401751118,6558.751891883508
7025,6727.4393157710165,6732.392669388522,11.080442242158892,6737.987059065946
7028,6930.844218098828,6935.111914965121,13.00013473784314,6940.084359458572
6999,6994.416725361202,6999.0476161615,12.051526118270203,7004.243258945969
7031,7006.596498953807,7011.228404717673,12.256129829732771,7016.255039394724
7027,7090.395169597804,7095.340200797696,10.377316638005539,7100.769999646182
7024,7098.858990674501,7103.419914592243,11.808440833173444,7108.653126144846
7019,7359.555718137227,7364.079994018278,14.21040481712618,7368.8956451701
