1650,421.88545216814197,423.3890824259294,12.780549814976371,424.85996147708533
1664,690.6966006572377,692.1186563444786,12.946967969860058,693.5800870534108
1529,960.8554266397039,962.3291432768132,13.028005029237638,963.7513340517303
1544,962.7677593526579,964.1644360998001,13.119982974215842,965.5735531751052
1521,965.8059479381499,967.3645264216891,11.204650501610772,968.9451429351026
1647,1053.654719506924,1055.2804414385796,10.965789339924472,1056.9536380350276
1669,1771.6327823081165,1773.1769520489033,12.587886634025132,1774.6561470466152
3669,2492.2033054279805,2493.599024406429,13.474095494468878,2494.9473712347367
3644,2580.130338229909,2581.4609718846446,14.288118517381674,2582.748584923108
3373,2581.917303344908,2583.1775936418267,14.487205298027794,2584.4693043069606
3213,2673.007426306315,2674.4754932648384,12.42098115718712,2675.975455020838
3542,2940.71908142546,2942.134985316979,11.934761277787146,2943.9891434849815
3369,2943.712274270298,2945.2770899137895,12.218110864003974,2946.8523748958232
3645,3029.728211477863,3031.001136325353,13.476769511894117,3032.338256051945
3516,3575.3318457252158,3577.116115784879,10.721842380531164,3578.8974288629515
3378,3751.5865007897632,3753.1066134897846,12.433672475633406,3754.6260397679166
5652,3840.8605523947053,3842.3679667440815,12.088425065370126,3843.861820759971
5380,3930.9205719078977,3932.350012426528,12.331043098051238,3933.786133887921
5646,4110.215469579383,4111.615650155809,13.400893561049013,4112.9456649206
5542,4472.683159992185,4474.328544397537,10.44592604308181,4475.991521789092
5655,4562.550523760574,4564.174873134006,11.523448575573136,4565.743387095017
5517,5100.895751300026,5102.269777451506,12.42890598165596,5103.721999013669
5643,5462.575505195001,5464.171734286612,11.423061747461286,5465.7416609630745
7381,5909.339028166753,5910.533152028995,15.122418777299018,5911.72445708519
7642,6629.696971164127,6631.0061068383475,14.035777864199517,6632.318535789683
7661,6811.766430697488,6813.361435135282,11.408439728354264,6814.950427519164
7665,6814.490920606023,6816.129008201957,11.71646224404046,6817.6931693782
7375,6901.075029495003,6902.576290542242,12.175621614996475,6904.057667326997
7376,6996.42600725629,6998.031650409216,11.951130144039448,6999.58755623178
