65,567.6558903446011,574.0011393115706,10.084713704619398,581.5348705390562
1563,814.6071773614673,820.0969414731047,11.653377303519466,825.73160300997
1246,1183.8466106814103,1189.048663112947,12.108454482844653,1194.6396075946932
1572,1630.8349725536978,1635.7154236913473,10.393591029793523,1640.997778215771
1612,1661.4968471681132,1667.3576637214076,11.82544307803151,1674.4952622131239
1414,2075.5822864455445,2082.32780508706,9.9152232761093,2089.1481381804256
2069,2183.500274671494,2189.0650730597727,12.182279757865684,2194.5996368975866
3610,2201.852917035992,2208.4744487134944,10.213189282624084,2253.3757769597355
3242,2548.696402803593,2554.0812471727736,12.41608600682398,2559.480210840002
2058,3425.3509215219183,3430.236767917903,13.888274382924997,3434.9538687825566
4058,3954.0,3960.3025583350345,12.590379176582873,3965.72903830476
5568,3984.502299164589,3990.136379262239,11.307245334466948,3995.945692600289
5416,4354.130465603601,4359.477057368066,12.627871602455864,4365.8347822871565
5614,4597.36545254678,4604.236237586597,9.985133830391156,4610.973200294348
5581,5405.465718987216,5411.168045968184,12.484658376752533,5416.721674208487
5553,5604.5310073695255,5610.178263206825,11.959797978376042,5615.638767083588
5412,5617.421766926283,5623.537306827214,11.025955409635172,5630.790575873512
5555,5767.007167248601,5773.270362059719,10.510265458864188,5779.828851950378
7586,5960.430066389915,5965.356652637907,13.372728142681082,5970.241354174216
6078,6215.167811955538,6220.4349707581905,13.16005291733622,6225.621503369293
7611,6338.014070779837,6344.030201625551,10.692895625749696,6393.824531368742
6067,6575.278966965428,6580.555065792738,12.908222590009256,6585.726445796025
7407,6845.586746224019,6850.394917055849,14.081696192699889,6854.9808788330765
7417,7409.161399231477,7414.31800010864,13.392304159735062,7419.575332631406
