1821,201.95434402861991,206.0222714589421,11.824179745013971,209.14227554874458
1835,207.84381284837508,211.25485356732713,14.863574879786013,213.86030283346034
1818,288.7782265758482,292.13676752265434,14.696685200298475,294.7161180674232
1805,293.9540345776439,298.3334706945191,10.6899563544495,301.80210277322095
1860,295.79787473407725,300.13900792924215,10.711356291388928,303.6161125635847
1843,481.43325664607255,485.163513419276,12.822422600678358,488.0871767808146
1848,742.3093455985942,746.2411642586101,11.960124604876258,749.3599686604832
1855,792.0164801149408,796.1851519865437,11.244784516625828,799.430555586337
1866,843.1174242555522,847.0839762898204,12.506641928767092,850.1996463089642
1844,1566.3030419522888,1571.1103450918904,9.766190522872694,1574.974284250891
3828,2001.8383646830555,2006.165360332582,11.528573137113078,2009.5004541818223
3812,2092.5147006279553,2096.2760141852477,12.312919104647355,2099.382697774461
3853,2276.598830545292,2281.1074069268166,10.582016146827865,2284.6293175335827
3833,2580.8734900570507,2585.025928534089,12.132335316274922,2588.2132773815374
3820,2703.9648036385397,2708.3951768043203,11.929977858138574,2711.730018830749
3861,2735.091566735736,2739.195069636518,11.513225204145606,2742.482460187828
3814,2793.7878669664165,2799.021571857644,9.890709461511229,2803.0573341783393
3809,3153.9458448019946,3158.2798841473373,12.041298384044737,3161.355654655064
3848,3334.1432538931017,3339.1388045464937,9.567051358886966,3342.936227385896
3841,3693.8942410595305,3698.046057486,15.4142195890545,3700.5665032132993
5863,3717.147334972601,3721.3883529893683,12.005285947775983,3724.6690029447777
5857,4413.909733232884,4418.34475653631,11.610701827716818,4421.588719840606
5864,4703.420281755435,4707.571548970398,12.02469247428834,4710.813117056236
5815,4744.041146318869,4748.459033387768,11.467121479914592,4751.900972012919
5831,4953.611638950737,4958.143965218075,11.079116065301909,4961.492500241378
7857,6054.716156664262,6059.250960803047,10.957435953880626,6062.6202821515435
7845,6056.723816748833,6061.220307601619,11.57006949654716,6064.644104894581
7843,6058.509283121406,6063.041242747206,10.757125580513991,6066.533845034468
7842,6146.535975369657,6150.472434145983,12.968863888796461,6153.461324884816
7803,6594.0963425381415,6597.527434324245,14.376637404498632,6600.343920230932
7840,7234.178882813299,7237.613178539904,14.273992226128149,7240.2619913240715
