211,96.69792616261942,100.25436603147713,12.157294669631423,106.00919344143855
202,98.63521504729523,102.46953117699991,11.420807200602074,108.97029357580811
37,137.42840668464476,140.49096788617118,14.40419452659658,146.97661915342388
241,184.68047103064768,188.29419413863255,12.546833077372613,194.28686150409982
240,282.7302302870879,285.5804239968203,15.278857335443233,290.29822360616424
221,738.2346475736109,742.2075531485613,11.086114814858275,748.7265634695262
217,819.8407634108873,823.0716459574389,13.23855861607148,828.4062807452251
229,1206.1093671535684,1210.0638236282632,10.612330000553172,1217.8180251192707
2224,2079.028026270327,2083.046925741117,10.948048113001578,2089.836939910691
2239,3172.540589402579,3176.1696400186565,11.838061129332651,3182.3418506326493
2201,3372.53174669238,3376.2543639461624,12.451274611116173,3383.4533192784097
4215,5047.394282927293,5051.106514563995,11.722260813779194,5057.373732400193
6207,6430.2338594154,6434.238618624226,10.446305569384718,6441.830463880865
6242,6576.988344241446,6580.402261181187,12.773304487099134,6586.052098874269
