1386,20.11854654980458,25.37025181634835,13.382739113850882,29.968025437814305
1742,102.9754430030793,108.36798180446822,12.76310306611637,113.12313893104762
1397,205.4111914060348,210.33017923249315,14.626785382784666,214.75373586626003
1710,295.3289497244245,301.04611162768737,11.949759878529832,318.0745934115599
1718,558.4520195754488,564.2950546653585,12.363723806036731,590.8303525710483
1743,560.3518577784912,566.0511547214294,10.88574316581661,592.926772828202
1405,903.6800362521196,909.019365941558,14.667663370182893,914.2342287792686
1368,911.7508933391848,917.4530205130276,12.379494510880004,950.6576160960775
1469,1022.2616932349595,1027.139806129516,14.02877421922415,1038.4369104761956
1399,1369.25425079654,1374.0630384713302,13.909994436416474,1378.7492469437152
1717,1724.8128129674863,1730.0719737355616,11.023916785740573,1763.3168171200573
1389,1808.2022151645197,1814.3738363602085,11.15113299871512,1848.7059658316925
1382,1810.3984311671359,1816.2310274918168,11.511624175849564,1851.0758454823335
3403,1918.899396858076,1923.4629156585975,15.47931960409001,1927.7558377343971
3378,2178.055776640504,2182.445721389458,16.46518708024876,2208.5453567845134
3453,2352.3432642270136,2358.478993876937,12.351241260928665,2388.271823337429
3458,2359.1854764526965,2365.1893637221915,13.200757355724086,2390.6470455885888
3432,2365.3975102428562,2371.2139313815987,12.354642282459377,2392.6103315781843
3380,2434.058151933824,2440.032120673482,12.470766876861317,2444.7558444369165
3737,2446.004486778604,2451.43184645818,12.777221157368022,2478.257415868074
3367,2526.7118105222958,2533.5033756051207,11.263394759638608,2538.8604785262664
3413,2531.1709506324964,2536.5430372360915,15.10282345697378,2568.2706662137753
3373,2613.4146927887527,2619.256264197231,12.716469449002814,2623.9433283783023
3732,2702.9606114982057,2708.469604065316,16.808358632233816,2712.999382484369
3464,2708.574028759772,2715.081012787321,11.644739629813795,2748.6071246264287
3402,2973.892487616058,2980.158750183873,12.215163883700429,2984.7747772280077
3721,3078.333017144598,3084.5287897887692,11.374355965002534,3089.524695712574
3396,3179.0175618073413,3185.2255992817927,11.040075685700943,3190.116154485503
3730,3243.1446937704422,3249.23309552703,12.569053370839294,3253.8301996330024
3371,3247.6117138579807,3253.0464198522254,13.288213565097575,3290.7806487095268
3387,3254.0891839541855,3260.2919786522575,10.978364465679476,3293.589770168532
3398,3350.1852221920594,3355.4868665155436,13.382356120086234,3360.041808906857
3750,3438.084118702862,3444.242814291549,11.590555101805107,3449.626502184068
5456,3719.6536804683196,3725.220811801253,12.881299530813878,3740.5687390725143
5470,3783.577539270442,3789.2323874184626,13.002424504600759,3794.372917642724
5400,4053.7124111253165,4059.6221292600967,14.115328522834576,4063.951513553451
5403,4327.506190340973,4333.625174243696,13.342110351815304,4338.44643403092
5475,4345.991821696928,4351.512105090613,12.88191185978959,4368.1842193550365
5727,4963.602719737649,4969.492626781009,11.49380376855831,4975.206738837158
5376,5136.452348162983,5143.341397339144,10.143291903348006,5148.501248998908
5404,5239.221117352476,5244.151670376013,12.636429938399864,5272.612423716077
5410,5258.767803926039,5264.320145626633,10.512981269793013,5274.566642448336
5390,5313.449529443868,5319.177553822857,13.22238216642116,5323.703715087004
5453,5325.929585217648,5332.034518404201,12.040411612191825,5361.069659312735
7741,5507.895703225381,5514.04595651558,11.933927424581746,5518.834875971258
7384,5524.5555726151,5530.459353110954,11.706080770561988,5540.67119933506
7370,5583.800387427801,5590.255298937719,10.50764752623804,5595.663180390112
7735,5601.7635386638485,5607.399788590745,13.075909601722946,5627.993989405275
7388,5608.546797420223,5613.19880236763,14.601142593389845,5630.573201631047
7407,5694.838437592393,5700.407012121303,11.99467002511403,5721.316280836577
7457,5767.321564836303,5773.118939322675,12.280377773430262,5777.802141335716
7410,6307.552942431188,6314.005459246599,11.181593586152848,6319.652273591729
7368,6483.46224755058,6489.125629087414,13.40172949724995,6494.006398641478
7411,6576.154180863664,6583.057928326289,10.866732658017382,6588.532185801622
7373,6578.236741497422,6585.027438313552,10.904532807345412,6618.181731644259
7747,6596.715128541377,6602.182083624833,12.949313190416508,6620.945612830512
7473,6695.288532918759,6700.191805076092,13.942123424201997,6704.834322023433
7429,7113.7084070051005,7120.17609490004,10.844591716313674,7125.121624237683
7374,7203.754421264572,7210.230839949444,11.647277435961021,7215.733295117654
