726,109.81566417743065,112.05295965138666,12.638058802212866,114.19830055827623
712,209.2908971604297,211.36932644098613,12.726583168382065,213.49777639632094
280,273.4381063847275,276.0472307513675,13.26355437631977,278.1711652543136
344,318.16830919647737,321.2288032729535,12.778197387018391,324.30412408142473
1529,366.7272705710755,369.47289980457236,12.501129220762039,371.6850753132409
965,368.998534439677,371.5322977516584,11.286313731551479,373.8932191109256
1759,373.204469812485,375.2134785596605,14.451770875968396,377.1732715699776
1081,395.83243915523536,398.06579396769786,12.732981429132902,401.178217038229
320,587.8038916945114,590.5414713655493,12.536803527667074,593.7438355780021
1774,637.633003609356,640.112780853588,11.734519445127146,642.5514210527527
1785,640.1680922191467,642.4038522220906,12.111909183288558,644.666243468953
969,730.820316657776,732.5441205395861,15.512390808475267,734.4320073717009
318,770.5939221970674,773.2790791570806,12.555984583916556,776.4291953562578
1793,813.8353263689825,816.3999098501046,13.823139712079959,818.3954299967323
1784,834.7224472671462,837.0222708854866,12.654926137809111,839.2445575803141
292,863.9026838343693,866.1726372810119,11.71708091331363,903.4414874779984
1903,903.6692680710279,906.2306074095795,13.412538928819139,908.2451757738799
697,920.2554883991277,922.5546079863254,12.101293779067026,924.8208460271239
290,971.0666979465312,973.1820103924258,12.337965901695418,993.2772102951492
354,1037.8936571845277,1041.0207920774958,11.779562652837951,1044.016576642508
977,1108.806113067382,1111.0769414202234,12.536115528366052,1113.243845032573
963,1111.8907805942097,1114.0611932147478,13.557038763084233,1116.135175416939
1773,1177.6107313718412,1180.471683567476,12.265860262947939,1182.6619863923574
1050,1298.7542075663812,1301.3147776429003,10.644199986110138,1304.5352662339433
277,1326.1484965563932,1328.2548819924114,11.912999989098251,1353.1553259275202
341,1333.933639685217,1336.364315448293,9.710432992076685,1355.6411065387495
973,1359.4761416129932,1362.440707555737,10.969905309052082,1364.866684965096
1762,1366.263031083635,1368.1629934201487,16.589198797926795,1369.829947309294
1543,1371.5899061834723,1374.052289013106,11.375620644342433,1376.470450580039
976,1384.6356555033371,1387.357894411822,9.895031585678307,1443.2881493703305
1545,1477.5768608230387,1480.0699188688131,10.870476442576804,1483.4898058248048
363,1492.8931910933245,1495.2578982230652,12.430262835312059,1533.135177306945
1072,1646.8545184995821,1650.080510385298,8.0676408875327,1653.4245817685778
358,1667.736638833795,1670.5220350120342,11.330565573785963,1716.0968359093683
340,1696.1061080699155,1719.0340628135525,6.354743516512669,1722.305231591052
1533,1803.4325409688336,1806.3471870848384,10.690832110788318,1809.0741417456181
705,1811.3712690988134,1814.2121495239319,13.427254177773143,1816.3581220396954
1790,1813.501072803978,1816.237301856096,10.442823922133819,1818.9161262580883
353,1847.9722928921362,1851.0110994167585,11.187903837167584,1854.2493439936488
278,1893.857271959662,1896.5510359019213,11.962886195285721,1898.7411358174836
724,1913.866513795544,1916.1721107387734,12.770161607562692,1918.3293367770948
983,1917.155848190193,1919.4401040233884,12.712569176999176,1921.6143406368315
2379,1961.6162465544014,1964.2768669512461,10.70176720463489,1967.5849653389462
2794,2073.4481122477446,2076.0136932240653,11.7156647026625,2078.3112697283655
957,2082.2278637020518,2084.498887380414,12.05807613712329,2086.779514023186
1771,2084.10251313067,2086.4450152837494,11.334375294130913,2088.7879927256618
2402,2152.486655774672,2155.019688456209,11.156340451120142,2163.5771674153166
2979,2170.4942543666257,2173.4583316623234,11.539113473578837,2175.7960897603048
2728,2172.65895276905,2175.2812456386678,11.161891736766627,2177.663923702648
2790,2195.1935496162255,2197.262714108493,13.301815498209551,2200.39741325871
2962,2376.467582244792,2378.5335935830867,13.311526780088213,2433.4265178673313
3917,2433.5054421312066,2436.3200865005233,11.05554021400788,2438.8014452700563
2796,2450.0589176127387,2452.2897645565968,13.01388228084997,2454.5263722668415
2992,2463.7327806930543,2466.035569394242,12.805360806332393,2468.665664693247
2200,2478.1165930770317,2481.36023199425,8.978297235847089,2523.7066243521517
3515,2523.7996864771444,2526.3181633478493,13.77717976410932,2528.394151223964
2270,2525.895995558827,2528.2388175453443,13.422394409091934,2530.275603764931
3900,2616.0105398722467,2618.4882951836958,12.697888364447547,2620.6779699527997
2993,2703.775032392733,2706.2989811140933,12.200731342224099,2708.609135610898
3795,2705.9921413932934,2708.241670025817,12.862446609184893,2710.461936021263
2696,2901.6447447562605,2904.1515930954206,11.594834179963144,2906.564307945734
3771,2917.1398560504927,2920.3824228077688,8.985588764757741,2924.277901169165
2307,2938.047532950351,2940.135251284325,11.268643403791351,2973.27546562371
2286,3063.6874211504614,3066.1924159967334,12.989748296134167,3068.3426263654237
3074,3089.9341045517294,3092.28088301168,12.573047322305616,3094.5024177525306
2990,3098.3082834527017,3100.4250129283605,13.084329059899328,3103.4252031239516
3778,3153.487099017098,3156.2612368668324,13.070346104772133,3158.456083999659
2297,3197.781428204706,3200.569849746079,12.925377253126838,3242.7614745324026
2290,3251.6721354253787,3254.0659140467683,12.130757826752816,3256.4550735609573
3770,3257.623909046191,3260.414027151841,9.975462835714943,3263.1336941206882
3786,3333.7003031433856,3336.5040010724565,10.4927579849794,3338.993327224196
3913,3343.514757126164,3345.527674059422,14.01862143558108,3347.58533482689
3901,3360.1392961327642,3362.5116772728998,11.543520797530977,3364.8628849617444
2963,3361.9580927004713,3364.3196003216744,12.545759334661447,3366.6116175234033
3894,3433.0221361535223,3435.5340612958335,11.040319959236843,3437.978791527943
3920,3434.7991448279713,3437.312796001333,11.009924912794547,3439.8366923217104
2453,3439.238703705993,3441.407455159292,12.551814584847715,3443.598141932505
2271,3467.8648185045167,3470.5426394219417,12.583665649471289,3473.567509345701
2365,3470.607396925096,3473.258525706663,10.73942865327249,3513.2928992400925
3921,3612.507910235162,3615.016936808257,11.963064529572943,3617.367741689132
2798,3708.3138768764056,3710.5678874299874,12.733452792396474,3712.665555508438
3514,3717.8731563216325,3720.1716188045007,12.286664449761522,3722.3818548342856
2792,3728.841678141821,3731.4669189067617,11.322054000895958,3783.589472386029
3059,3803.500851486752,3805.3614431790515,15.406105740696841,3807.2169820969843
2981,3812.272675870912,3814.3784046258993,12.973014924187055,3816.498891107356
2995,3816.1368955980975,3818.229585793075,13.81114154859501,3820.9960455297946
4976,3963.7158288024407,3966.3863061788325,12.951021686906476,3968.631651590417
3785,3971.940188857498,3974.081776014983,12.75556872321809,3976.2087059357523
4447,3993.1933844323994,3995.3457108421494,12.62074523581118,3997.5166013343182
4725,4068.1334824381383,4070.0985864010167,13.649041836110985,4072.122074719707
4714,4076.966978753764,4079.289364922473,11.788281404903634,4081.5412047371847
4294,4143.770968841322,4146.505884289361,10.5725582221364,4149.209146386848
4707,4160.1227407594815,4162.348771364274,12.472474692694776,4164.5748275299065
5052,4176.966449073074,4179.4788555977,11.193188817070201,4182.565278295073
4790,4178.801867424566,4181.338969709232,11.495179046003386,4233.128414570557
5072,4233.68757632239,4236.2654545882915,12.376861757066168,4238.592533157671
5784,4247.26330121299,4249.388880698689,12.515530314309906,4251.631693495574
5658,4252.7851934584105,4255.200005983437,10.93810824980817,4257.707127807818
5776,4332.716893306852,4335.091296622404,11.950723270079486,4337.4761798072195
4720,4340.9882873243505,4343.3616976356725,12.054220310583634,4345.7799350456535
5516,4345.896829631095,4348.0380971377235,12.774829548267954,4350.1990372350165
4334,4370.236055881732,4373.087503223148,8.779730691531581,4416.82906956588
5538,4436.181023681249,4438.246919155578,12.736459565586381,4440.4207628926715
4328,4552.078715037893,4554.549541781948,11.746324547429579,4595.237889321755
4702,4596.888385221556,4599.524457497548,11.365050666732483,4601.830673605795
4713,4603.261490812219,4605.540948928948,13.201492777663255,4607.659694104984
5779,4605.009053397517,4607.322991727619,13.517009528396203,4609.456646086532
4983,4622.890587643924,4625.094397171309,12.475950377316071,4627.229742015608
4717,4624.936227447681,4627.12057541577,13.21260102254091,4630.396347854376
5798,4777.060975502242,4780.01434465638,12.156655518193606,4782.180311536806
5785,4782.251018311536,4784.334568981425,13.798785334090699,4786.348153172446
4726,4788.3270530102,4790.23244718553,14.33869129450828,4792.125450060012
4701,4892.37813609851,4895.318848332568,8.6590214340306,4898.75119386375
4967,4896.394898491535,4899.4317305746345,9.231850365366764,4955.725233119573
5547,4965.941136979974,4968.151862097004,12.65524956067252,4970.472283386933
4991,4984.7636407668215,4987.320868221528,10.972602653648094,4990.601415902816
4990,4986.5514352654145,4989.089815864309,10.539954425609793,5043.227609978079
5077,5049.829966797891,5052.530293572572,13.167721417717173,5054.567839941076
5763,5077.517258216137,5080.073692798237,11.924740449538698,5083.612809139339
5529,5133.905140065702,5136.460216118448,13.256188339134575,5138.698245490702
5911,5149.630869617525,5152.34875981344,9.83259726614848,5155.049889359473
4456,5153.466702311076,5156.262995507397,10.803864235518873,5158.958115295985
4794,5155.4751199041375,5158.1471397044315,9.917786725072423,5160.834407617387
4708,5249.886350483161,5252.218347669179,10.617107927216617,5254.670204655304
5073,5257.484917926724,5260.37968382171,9.153177241620448,5263.794795173608
4731,5344.05076893935,5346.3677863591665,12.605079933904285,5349.1851976976095
4408,5360.366105882954,5362.612951266277,13.585122221760097,5403.281097170772
5764,5594.174254291261,5596.376466244519,12.830197871436452,5598.435303900637
6369,5643.98538219592,5646.404940310021,11.912358143704083,5649.632051631938
5778,5681.456705076021,5683.423285667952,14.380661798019974,5685.3886426713925
7081,5708.4795472072865,5710.626105850801,13.488051919242364,5713.782138277993
7893,5776.3132569221425,5778.400316456756,12.694020380357294,5780.538138388878
6322,5826.366363647325,5828.3035129488335,12.015813560838502,5853.018859887671
6450,5864.839871597606,5867.4478841245,10.791966423505347,5869.94184696792
7898,5883.105435902183,5885.051320655679,13.857903070734274,5887.091809886316
6332,5916.015816024913,5918.317614961856,12.299491320154026,5943.029989399125
6979,5946.685099136215,5949.3934263361425,13.25431269487311,5951.510885393708
6700,6033.577922972191,6038.027544505123,5.2306221000161885,6042.086947804361
7796,6038.455901744,6043.115664517161,7.518526508266697,6045.974533755422
7922,6043.7336339685935,6047.165490013245,11.617809597416219,6049.82340052048
7790,6046.999605799619,6049.296353683208,11.28986400913042,6051.70652187279
6275,6085.9569007626005,6088.289647354251,11.997375844664157,6091.361948114166
6722,6123.812760882211,6126.347559119817,11.744711803576868,6128.671575789393
6298,6128.192247708262,6130.365535866793,12.236885862748535,6132.569133344717
6708,6138.912800334822,6141.024176036842,13.601990099249816,6143.126513248402
6984,6152.2608363095305,6154.444313880801,12.969717032965276,6156.548035170352
6316,6167.692468892195,6170.529331202601,12.460370152661397,6173.612732082346
7777,6222.254059612322,6224.346300269977,13.71276422618422,6226.464991647958
6994,6240.034370580003,6242.266767382398,13.443929887956969,6244.389456719994
6713,6331.3086195416145,6333.342805385559,12.902726687804453,6335.450427618413
6318,6377.60261031618,6380.436121472402,10.151275733537776,6393.022889725934
6966,6393.713179741018,6396.423097858868,11.36569307400733,6398.788319482768
7526,6426.6007046054965,6429.175815478427,10.535760947154664,6432.664808510451
6285,6456.402795368059,6458.513114776265,12.649404851835524,6483.124014196195
7534,6483.557240091856,6486.298883144115,11.864323943731256,6488.654659328566
7780,6491.983192621674,6494.152759478972,13.277163663241092,6496.222017188472
7918,6495.6016950674175,6498.271931133297,10.530384090028543,6500.866862951099
7765,6497.578985540808,6500.152735712492,11.076603502712173,6502.705905286263
6978,6517.019908395795,6519.440811043462,11.335728552240543,6522.420841828564
6786,6595.571534974136,6598.1896637021355,11.089748898179339,6600.790267013976
6707,6597.52059784099,6600.023261722506,10.292772217761419,6602.728950069231
6321,6620.394870165662,6622.466040271613,13.391902056367758,6625.436405919737
7917,6672.897585131974,6675.3154836916865,11.880383364996852,6677.705595585876
6727,6698.775405914935,6701.086230495803,11.494042259563166,6753.0062752747035
6725,6753.88078600074,6756.49349027805,11.706751926631457,6759.032296344098
6272,6755.890191045593,6758.320822343589,10.972283883889235,6760.853746222313
7784,6843.648272104593,6846.321364792454,10.441596919830978,6848.890150259195
7785,6858.463949964468,6861.158756546788,12.341273145988243,6863.486819100401
7530,6862.508875872879,6864.62273544081,14.221029614788126,6866.623740122507
6714,6874.377351971231,6876.3882258555395,13.34533922688044,6878.954806795741
6370,6890.9375614897035,6893.543184902954,12.307363845241081,6932.87932801676
6960,6942.128570708491,6944.33903070463,12.854153245654262,6946.552061740466
7532,7039.867185070249,7042.260611632226,11.453536115057764,7044.614326017716
6724,7041.67578623748,7044.10863121146,12.034683510741376,7046.444229798628
6963,7051.58927575282,7054.307203348658,10.159383087918597,7057.059306953846
6977,7053.628998214579,7056.26508404671,9.632814846112678,7059.846641117824
6957,7144.529993000964,7146.389875350968,15.570065415009962,7149.0
6289,7206.11955964684,7208.587794704086,12.31592624017184,7210.77073994282
6277,7208.061751187599,7210.376274165805,12.052518463224072,7212.643233168787
6988,7324.684656766318,7326.605516619466,14.69252554872991,7329.200345075606
6990,7405.289203146912,7407.401756698005,13.270532178477245,7409.512219901974
