727,723.1009650580255,724.058308854159,6.236769696793307,725.0974711149602
1858,1038.4654392451341,1039.2893016142027,7.2797089696633135,1040.1621454914127
1037,1071.3595339192775,1072.0050467211997,6.4942548342087605,1073.0262227500107
1415,1186.515843618596,1187.2435687508437,6.734739564694399,1188.196023110291
1595,1263.3306311094402,1264.0706704758247,5.632622264805636,1265.2066620252149
1841,1849.1787630799856,1850.0125185344696,5.887155144437541,1851.1126055537034
3272,2265.458207373818,2266.1077095137894,6.547116442923338,2267.0977787693046
3271,2288.4422346924707,2289.0971228279695,6.38351627957522,2290.104748568974
2772,3518.32529897206,3519.1700359922434,7.0598225997793875,3520.088187316662
5007,3762.500587947859,3763.251766089555,6.704047809598486,3764.1841172817026
3418,3804.5877575945174,3805.302315472268,7.188914471232032,3806.187395752131
3429,3888.424514307113,3889.1574246804257,6.793338706499696,3890.110660963053
4738,4143.195867120543,4144.038049061539,6.654466738532012,4145.034369987096
5033,4420.862983591597,4422.166135613437,6.45243216953852,4423.15851530129
5010,5380.314527453988,5381.023544347796,5.918295407010194,5382.120157596865
7008,5766.180927779639,5767.263949729091,6.928001198406304,5768.1755692231545
7857,6221.222776290223,6222.061469727123,6.5151427910873565,6223.073260516216
