1065,216.23172365366082,221.30018733659512,13.342750678552726,228.9388777577832
817,265.78973236295997,271.02210387335685,13.069889111066747,277.6563153659932
1901,312.99263355831636,320.03603851910026,10.173814447378605,329.4405800268788
807,495.2913798661167,500.40089893600344,13.059428724286407,507.99361707869576
1067,669.1038526950438,674.5573506701054,12.576076006852826,682.6948379149001
1075,941.7307795248036,948.3212916995544,10.682620855187054,993.5535072124878
1076,943.611389200006,950.199039925523,11.307125362415528,996.0955132479792
551,1165.9206061940986,1171.5522902764283,12.955639973924,1178.4352668921385
544,1169.513297208285,1175.2569436815756,11.326672485219818,1182.3956754595868
1080,1481.6031955056253,1487.0910496725749,13.064526757479081,1535.4525969481535
1059,1674.3157492276555,1681.0093271143487,10.059148244556063,1690.0169906101476
3053,2021.1055743134002,2026.1311138114986,14.208304794908058,2073.52987722241
3051,2198.7737471268183,2205.2821739398405,11.080563882155982,2213.9453147519944
2543,2217.818582525913,2223.1997976989323,13.525271883374497,2252.9164555582597
2552,2381.448222911324,2386.5083161302837,14.074681547176784,2394.379969220062
2546,2491.123693102075,2497.255774336604,11.684747944585162,2505.846442256886
2541,2928.992108729265,2935.472197156013,11.027957696667551,2944.4267881986766
3074,3005.87020306348,3011.472249093482,11.770846876884852,3063.3533483886504
3062,3544.299308462028,3550.1524342981575,11.643056344462902,3558.800840757513
3889,3658.1998629348855,3665.0081277662957,10.397123582031915,3693.2198662136166
3898,3663.395202272329,3669.0063762138193,10.998419025608515,3697.6637127981085
5055,3916.9626978316082,3923.1322931424806,10.592587586358034,3931.8305940592118
4787,4045.80320749693,4051.017509489048,13.43651203886155,4057.485609980908
4808,4163.908934103759,4168.518661006869,14.996426116133959,4174.215133326812
4805,4216.712764798537,4222.247755071183,12.81409286760574,4235.725078352698
4800,4332.125957361663,4337.573690872517,12.31704887096974,4344.529343933342
5068,4534.420929983837,4540.181440054818,12.268365384742,4548.608755323332
4809,4679.189040418629,4684.29242444386,13.513587201824471,4690.6238732998745
4811,4765.82175416327,4771.341291909131,12.204420519555525,4778.221374949688
5070,4804.525331279361,4810.013002720248,12.373031126885547,4817.890832806375
5059,5067.18446483697,5071.59208245144,16.395132097720765,5076.961560609578
5060,5250.7737118272535,5256.280047267767,12.142935424824218,5264.454924219955
5074,5255.386383077613,5260.506730823207,13.298212777749434,5313.589015523502
5920,5259.621872511305,5265.332160639027,11.78867065901561,5316.115712017796
5072,5266.718972766418,5272.122640892064,12.461026663006752,5318.572870053327
5077,5353.921824314615,5359.324002289082,12.642922874585917,5367.22327589489
5891,5433.457392036641,5439.504943565214,10.79047623336584,5447.897066534937
6804,5604.916960034885,5610.018970226163,14.18173387184803,5616.168336249739
6524,6275.937147616575,6281.340030313124,12.221441832824656,6303.287799783892
7075,6520.892290695145,6526.253575345713,12.934999046254996,6534.32858522362
7066,6522.5399897803245,6528.030433914528,12.648055065184598,6572.963686816194
6809,6531.925334380034,6537.547518507137,12.102453610374601,6575.716667348044
7060,6690.645902356316,6696.133859021934,12.78412849318863,6704.186861000433
7916,6700.146512896359,6704.517788378362,15.928216405635219,6753.414658963494
6795,6836.814860684929,6842.3194317987445,13.021041859871014,6849.280096944163
7078,6878.284557910188,6883.340107206216,14.108056921471707,6933.612745254489
6790,7045.197330904763,7050.350022948572,13.794527085238323,7056.727255518573
7065,7062.847154634362,7068.437025788012,12.787303853870373,7076.6601564104385
6787,7173.476654028081,7178.600734043888,13.287330893655922,7185.953006392228
