1715,183.90613440401015,192.1303162968646,11.74521957354141,205.1799632638175
644,643.5010233615513,651.069611407493,11.56345548284964,663.8455042238166
918,815.8374810165669,823.5959760873277,12.5024878245329,836.0419792603343
653,1396.600033260366,1403.0036144264432,14.850471943776018,1412.8726994576944
3725,1910.105484738109,1917.4278189019626,12.425686994310484,1929.7355197954214
650,2081.7614409657267,2088.5624428745805,14.079312665278419,2100.658275882312
3136,2626.6957282392605,2634.350088819116,11.401034005066673,2660.1995131530252
2897,2707.5735886099455,2715.4431905103693,11.874604345767422,2728.488757236076
2634,2714.8969365917856,2722.3672621199225,11.876407355603424,2748.325466185021
3179,2799.168333997876,2807.452967644431,10.745817229859346,2821.347962677288
2919,3065.2980681514687,3072.3593927454854,13.84985110628719,3083.5164463326028
3129,3531.087050467936,3538.284162548654,12.84451112488668,3565.364994860174
3166,3695.2031752329203,3704.136314998941,10.61915767323139,3718.5663338172308
5174,3788.5936674868576,3796.445954002996,13.267287557559571,3828.024724868053
5707,4252.911803110711,4260.166039970484,12.714441653438188,4272.703454447859
4393,4665.301587122328,4672.388554114798,13.119861137640475,4684.521362216264
4633,4695.786221290067,4704.191373212055,11.556186772274971,4732.137912139707
4914,4865.3478383925485,4872.1407302688785,14.350612783318567,4883.040387638192
5169,5046.9233116976975,5055.19490645803,11.75261664026807,5068.508917109713
4622,5145.476529633173,5152.188063422405,13.987522616738893,5180.7336384557475
4623,5331.424915754625,5339.0522026164535,11.903639670561708,5351.687448051098
5170,5407.4663143729895,5416.105877009456,11.352870097503244,5430.39300055314
4636,5506.923372831271,5514.018874871847,12.567918510985736,5538.31291873531
4893,5693.2062653301555,5701.18258851855,12.051967361069414,5723.0694887212885
6636,5955.818921486043,5962.561365105491,13.585859510863106,5974.211757716494
7164,6016.445833785828,6024.474404002631,11.25001866895019,6037.883276969231
7125,6047.40265487159,6055.110824620035,12.291455812829351,6079.389358339431
6375,6125.6168641407885,6133.045158989717,12.820636515396652,6144.750248257228
7705,6244.645273600331,6252.346281676128,11.995123650725589,6264.141208491439
6380,6441.068972109907,6449.489075844617,11.273280677418153,6462.750019186134
6634,6493.9165476958,6500.192204415509,15.301053679408046,6510.998694377753
6642,6676.819822226634,6685.432203701833,11.103083568413075,6699.58656283858
6896,6779.41833926951,6786.056293150455,14.49312051449032,6805.544352722461
7725,6860.579281548197,6867.585612036535,13.406408649534985,6888.169198370384
7731,6944.404919431617,6951.0858025559955,13.632557400375873,6962.423240171467
6655,7045.058270230886,7052.175595864158,13.741820718416681,7063.893571923055
7728,7213.980140777433,7221.328025113386,12.354672770709188,7233.801797300665
6637,7316.906577415427,7324.380294093456,12.033538885650332,7335.957304289574
6654,7322.435090360043,7330.197166259682,12.14218856175371,7342.431841519466
7175,7358.307209959172,7365.064020088671,13.84091183632102,7375.684420378531
6635,7395.668124949587,7402.185387313857,14.452500830210884,7428.115557539398
