119,139.00041960226343,141.57281973661156,13.48136497936178,144.75274161380563
117,249.3416916181891,252.0657136679236,10.208399741512638,254.84301263514303
320,787.134832675517,789.5736918323342,11.79709539461768,807.4257319573978
570,822.0358644419271,824.4221649987595,11.935479022807264,876.1908316924495
818,1083.4935415948248,1086.1450383181784,12.309381610871366,1088.4287262160692
327,1232.6347354117952,1234.5821461387422,14.321156299245922,1236.5480680805554
319,1368.540361335608,1371.0472037172858,12.10579180370494,1373.474050647512
360,1417.2411867931048,1419.251936197173,14.560547381984794,1422.796630027455
558,1443.715645887401,1446.4020507630678,13.836720710533495,1449.7528288876165
118,1505.2727778855424,1507.415928388383,13.089134285067068,1509.6472505735956
120,1508.7248573391187,1511.177148738759,11.226807407220862,1514.6436787890718
820,1713.7261743177592,1716.5108396976448,12.509808656248904,1718.6338000441356
121,1758.5149733067308,1761.152747588944,11.287416587233471,1773.2802045367978
845,1809.5646506029582,1812.395484271811,9.573631156548235,1842.0080018175245
318,1958.4601178004377,1961.3503796524867,9.11149174048882,1964.9165941760268
2327,2073.763540777215,2076.363136912778,14.035613447963522,2079.879455834709
2314,2406.0111383971507,2408.1948559401735,13.146657075231841,2411.653622377838
2300,2493.4632606117375,2495.627365012716,13.460272144440115,2498.9408201959213
2113,2591.000373265293,2594.1642024368293,8.951023763646763,2601.2393827715528
2304,2857.0032030472826,2859.44053595831,9.279194906822813,2879.878164256248
2312,3213.386761200176,3215.5447272035112,12.787336869194478,3218.8579572797653
2299,3215.7757266296344,3218.077970009928,10.88235279015664,3221.689128824725
3198,3519.845493247595,3522.522895161678,11.079713949035911,3525.9746785177085
2575,3603.9804621884496,3606.4751856846106,12.82257913437897,3609.8842171425863
2335,3663.057624350785,3665.153233382223,14.158660223053214,3668.6297052257323
4318,3887.9155361454377,3890.2383135068926,12.392214735737477,3893.705676181465
4841,4143.342827776394,4146.066788684759,10.634572319453401,4150.032029250785
4345,4297.86268601524,4300.492282244785,11.642936763599273,4326.440291650519
4553,4780.063745610346,4782.383764363466,11.848374410345142,4809.457870720925
4117,4838.629392073146,4841.252720520491,10.349521262450013,4878.124018832816
4307,4954.027092232978,4956.502692846674,13.962287406269562,4958.521699598418
5303,5059.2212677780935,5061.4860404148985,12.121840896881412,5064.8824514076
4309,5201.966421346634,5205.154140399339,9.559254389775255,5223.110662676551
4319,5282.258788725427,5284.339205204535,10.111750784892633,5295.9459947397945
5325,5313.062000910751,5316.058618940625,14.03400359889029,5319.74935396772
4817,5316.2640193941725,5319.086589879535,10.22123279968302,5361.193113444937
6352,5733.435621939685,5735.51007047624,10.886292988805554,5777.570278095467
6132,5809.326766104032,5812.113804505763,10.857429539571113,5815.725213290671
6333,5854.026432363431,5857.1081686033995,9.599457383550323,5860.860448257764
7344,5947.744235984322,5950.052704031901,10.493332229094106,5981.974172970023
7192,6123.252166809184,6126.283129075192,13.114782933839138,6128.35634344937
6844,6483.890621888863,6486.551904318649,12.55827602041093,6489.948525912656
6365,6725.80635368487,6728.2710007106625,11.578478652423588,6731.997220696896
6338,6727.679694556842,6730.103112822972,11.263112995517492,6741.386329127827
6129,7086.468875594855,7089.033928529979,10.642692828550318,7091.712356263789
6119,7248.483172787775,7251.052889614653,13.086826314369427,7254.415464554966
6309,7293.628612655612,7296.265052975406,14.456419785110917,7298.240088406155
6335,7383.398506009289,7386.048223210576,13.356445031348821,7389.634287869801
