1230,511.87042272661375,518.0974490145145,14.48036991886648,522.0463192801909
1253,605.7902361331,613.0385312777884,13.189925987897958,617.3856900599237
1550,680.4500962012559,688.0086702457612,12.79809401572191,692.5174927527795
1251,696.5586070870519,704.4759070254038,11.80486732031872,709.3529745128235
34,698.2806669655938,706.3120215624729,10.797363721517504,711.1718879731724
1240,700.1486769072421,708.1444418239402,11.05905262455809,714.0
1535,769.2713952050341,777.043602658297,12.263082793852295,781.6981757866563
1547,771.2373049851111,779.4642302960655,11.216130484777455,784.3684991021627
1213,1049.559382793601,1056.0368043520782,13.99239130592243,1060.1090182104506
1247,1144.4690843934773,1152.2663823732505,11.219924112483854,1157.1511941668882
1242,1146.211323390886,1154.1382032584356,12.49486742007441,1158.8439607234443
60,1234.4452967075742,1242.0908226810016,11.153335380665922,1246.9852094753207
1569,1325.7795697233269,1334.4467185407464,11.00837281914869,1339.755015328389
1371,1327.6729770688046,1336.3599088421124,11.572373514984513,1341.6655733200323
1581,1398.7737356051396,1407.041892318325,11.438565791305345,1412.0335362614603
1582,1488.8438351013965,1496.1308674759443,13.636565774923138,1500.373279358527
1367,1504.6737715283741,1513.0572913378198,10.600067503743045,1518.1325509596252
52,1510.4577188444514,1518.5469770347474,11.61637243951889,1523.7474914020186
1258,1512.2511369236506,1520.4280551605998,12.481033205252743,1577.8642221065322
1552,1580.6656581220536,1588.4679099690698,12.566865147110132,1593.2162649773154
1407,1595.8735123540673,1604.3961669072596,11.308209783010382,1609.861412807065
1412,1597.8258908036278,1606.3483785198123,10.29869749354376,1611.718947672449
1580,1599.7656695657172,1608.2403507323152,11.322917253780021,1614.0029637824657
1244,1601.5825697750984,1610.044026598425,10.223766767189948,1668.0263392859913
1406,1702.4059312133097,1709.0530208391535,13.703607587151497,1713.9642211813875
1238,1771.16836528073,1777.3261450405707,14.52367505996366,1781.1247488942145
1231,1773.142312509692,1779.3227534666291,15.392924007786608,1783.0535226776394
1374,1880.0827327867437,1887.4840108538624,12.05006060240966,1938.1410529456557
1515,1939.1197579617658,1946.5169855868012,13.936750731814715,1950.6394997961347
1395,1953.159361328832,1960.4718763585045,12.647050515722153,1965.0132499091362
1537,2028.604524109244,2036.1304005200423,13.0757485654139,2040.4601644597785
3210,2045.5850475507464,2054.2107225262466,10.567290455415598,2059.480073176138
3214,2047.4440445939777,2056.065252953105,10.765222243589191,2061.356868833909
1405,2136.249608723043,2144.5001282823214,10.429896416501535,2149.5187172441124
3370,2138.032433135654,2146.4304590457004,11.424582675716975,2151.228776420959
3406,2148.373314478186,2156.4242034369445,11.877007600867532,2161.9625416106887
3240,2227.7029833696793,2236.4032032244645,10.52935526931367,2241.8340820809212
3239,2400.809376197347,2407.539159424625,13.803843226560407,2411.732850857443
3390,2478.7608439733485,2486.4875442636417,12.242596752197851,2491.013307388742
3235,2584.221328798726,2592.3450864020315,10.981045155286369,2597.432906637144
3573,2694.211783485644,2701.1407677235547,12.89760377957986,2706.3798025259966
3576,2765.3460386968172,2773.3949375516518,10.889309497384913,2778.3733681029807
3395,2838.4051602261866,2846.4123652384437,11.902882431675586,2851.2986752135616
3236,2951.489580109342,2960.5187446984783,11.019012091414893,3018.029630785079
3513,3021.06612086554,3029.171660102527,12.451945743368844,3033.9088295435
3560,3124.7493669514392,3133.115301372481,10.737154057661531,3138.297202731151
3368,3200.560577927879,3209.138119900383,10.29119462648731,3214.3889855777325
3230,3223.6686885735176,3231.4661515751327,12.049268789651359,3288.486198259802
3410,3290.8927814893095,3298.5103372075723,12.691070431180034,3303.14606504964
3247,3308.4987699828803,3316.4236286222376,10.815570628343949,3321.326400893587
3515,3395.9632888722494,3403.434399094769,11.904286917946713,3408.159061840756
3574,3397.8186064921306,3405.222978454597,11.915269875683535,3409.914312964481
3525,3558.4374577869607,3566.2932330793724,12.697249323347789,3571.0015209342505
3568,3560.514434627774,3568.140959797107,12.167608932201437,3572.831070370221
3405,3575.145971072278,3583.3343030681212,11.106989902689529,3588.4171959715113
3243,3662.633044404641,3669.419074940782,13.079311440132198,3673.699343957553
3584,3675.3525003718923,3682.2626242168913,13.422115877392114,3687.5323989112503
5369,3918.8643093985825,3926.3610638188243,13.425894606464958,3930.7349322724835
3544,3920.7655464897375,3928.119655701182,13.240328999076858,3932.470102620596
5580,3923.011128607778,3930.2126701679626,12.314978459896182,3934.6873253861336
5587,3925.0511654661386,3932.1813669220064,12.581351756473532,3936.539681837723
5376,4008.5751600362955,4016.5173536678694,12.41493140901126,4021.1962379780352
5549,4010.4257515570903,4018.2424953444047,12.527605027524315,4022.990301257534
5220,4026.6236856562023,4033.5462342788796,12.400922638925584,4037.8776121347773
5551,4190.375070846718,4198.391460812617,11.93500808590639,4203.1894130949695
5240,4203.38682879528,4209.587085859013,14.03177810670703,4213.529154921182
5245,4206.399587297039,4213.076363146117,13.01229415340212,4217.365823460043
5530,4458.609758040107,4467.392178848814,10.602354982042293,4472.729061054589
5526,4460.5753664514505,4469.1798148169655,10.515435935812993,4474.546910226683
5256,4475.348332274699,4484.126225215023,10.452229632940526,4489.596556158024
5400,4552.804757456314,4560.585447316983,12.309200227837716,4565.277123241362
5234,4565.949266061823,4573.216371719132,11.982510268359778,4577.8698825298015
5585,4728.641573972974,4737.080110337727,11.12577558480917,4742.251973935355
5518,4908.714884716545,4916.331811003808,13.157795802383253,4920.754328131045
5399,4925.779128269975,4933.4220358560315,12.182177554650329,4938.25652690082
5378,4999.319248729856,5007.3030828691,11.500911128229705,5011.919518379965
5388,5011.656816995795,5018.075061072157,14.645034648362873,5021.969490626241
5233,5099.881175129432,5106.043015178432,14.40199637376502,5109.871953089824
5562,5119.2182885990305,5126.035542195769,13.547274571941244,5177.933912154274
5532,5195.922969806151,5202.370040478052,14.691444694847467,5206.342983384048
5384,5201.649275439823,5209.058624309591,12.58203079711487,5214.291220475911
5538,5212.104064102034,5218.053225937488,14.89585662480683,5273.078106691738
5533,5377.674697298709,5386.1148961888,10.933527697782596,5391.33889408475
5385,5448.911251079023,5456.165752466429,13.858902129545209,5460.390049114075
5577,5463.143142937856,5470.262006644546,12.611812192766807,5474.702771878712
5411,5573.2728025958695,5580.076031067872,13.90953442826694,5585.337801840711
5564,5628.88693847694,5636.1604123314655,13.062839090198475,5640.304546743411
5557,5630.967968495914,5640.1413341648795,10.76468530049588,5645.751807864
7215,5743.973211740037,5752.505418639446,10.86698123085031,5808.303380132916
7231,5745.849757832778,5754.400939293858,10.838807768585912,5810.920329257071
7541,5898.952729244341,5906.250802194783,12.805667410438824,5910.619186432356
7559,5901.21367606734,5908.198813156748,13.694625007316008,5912.414736789864
7407,5988.737726139785,5995.641746067489,14.126831281083238,5999.612035726322
7519,6078.501772784342,6088.204397652495,9.131939081491641,6094.22080321362
7404,6093.13634794015,6100.391763690421,12.919295117276361,6104.762803089462
7378,6168.694435956953,6177.13645285139,11.187852527797888,6182.0611036884375
7554,6203.7447732161945,6210.296528626912,13.422082487158711,6258.062313872147
7418,6383.871602012165,6390.294576446083,14.100405867331645,6395.355272616594
7396,6438.403759528584,6446.450136915113,11.77409841877171,6451.460893147374
6036,6452.998898114009,6460.44851389271,12.513302098898121,6464.943481186341
7406,6531.0800087426815,6539.152056037754,11.950238355345466,6544.059198605723
7523,6618.985790230124,6626.602570712692,13.099730085600829,6631.011051383085
7402,6621.0301248072155,6628.452661274373,12.773087615715644,6632.804877109877
7547,6632.398509697864,6639.193677543869,13.968648797504946,6643.276548772708
7400,6636.453605305692,6644.290792582973,11.226063430324738,6649.179007649069
7528,6653.970369945894,6661.436531435512,11.731035047354741,6666.958861949806
7227,6723.085726213584,6729.411794651634,13.789891888268874,6733.453697324829
7550,6801.632155416986,6809.1952790978985,12.425826854952366,6813.660150400866
7249,6812.318525725914,6818.655057945889,14.822362503944355,6822.586860380375
7371,6905.790133330825,6913.2373868146515,11.857694657435875,6917.883512810277
7242,7086.500689338673,7093.425931893248,12.565882996655331,7097.695022538845
7578,7102.939562067493,7109.623768955728,13.54974999585183,7114.81557533132
7392,7158.359089532298,7166.168002738702,12.614694274784409,7170.685992360573
7549,7185.45477934571,7192.469521455792,13.450443743159024,7197.860566099992
7529,7187.232058989777,7194.200025974214,12.123726530505786,7248.202115922956
7246,7264.284855694079,7272.101489170046,12.224597585568441,7276.9314004843945
