1946,290.8049544107264,302.31567315981454,12.418815785141199,312.59829982342876
1137,468.3470986248957,480.28383213018725,11.775019539906806,498.15492624183474
828,544.9889156687395,555.6037283677239,14.356266248336714,564.8265393941674
1924,570.0455621488303,582.5057619880363,12.279950534103644,597.1124256777
1932,739.5880823637424,750.0153660443053,13.71738408626041,759.3117692444074
843,741.5458937740267,753.300000071981,13.167378455577623,768.6789092234588
821,917.4230712506616,928.2890716416482,13.921002061235681,937.7415253603313
1115,995.2682192292156,1006.5236861378089,13.077767518683107,1015.9824772611266
1931,1289.4201897696673,1305.3619070551877,9.053910829592962,1318.5257515888038
1948,1293.4200065346818,1307.389742985584,9.538806294957654,1320.6626136501689
834,1374.5092415240335,1388.1139446061502,10.829003217816949,1398.5769253850142
1096,1383.9808607576908,1396.4670170039255,12.225367181881214,1406.0748396683366
855,1462.1330464773444,1473.1275669576332,13.277153260389165,1488.028883267383
1113,1643.3034403368467,1654.2722774881966,14.596055357005907,1663.7207916091984
835,1818.2599559390615,1829.4863143541681,12.841297340870435,1839.2473831261443
1109,1850.1763027382335,1862.4366218698972,11.415986126010585,1872.050013617835
1126,1909.1396618332653,1921.1810094324715,12.234463791398063,1931.8708782625856
1922,1913.7379429524985,1927.001712704804,11.039534644055491,1938.233195722217
1104,1925.2325949240008,1937.3399671925476,11.478148253212229,1946.694062283497
1099,1927.0336431112964,1939.1859369260446,11.529156389621603,1948.4647341889067
3105,1997.748319101083,2008.397931611049,13.440842374775428,2017.776075497378
3946,2000.831961855078,2012.0058251466678,13.167211740528549,2028.5990439600544
1921,2094.4245252893443,2108.20751855003,10.87709282214418,2118.9539235705506
2875,2197.610602639302,2210.137730566054,11.7365102410966,2219.8722451818107
2869,2364.6202282968634,2376.230391171511,13.143099850534304,2388.349098755132
3953,2462.5276561686273,2475.308504866019,11.850505524141191,2485.2058912939156
2857,2843.278996382701,2855.044013862405,11.80270227822523,2864.16946006877
2860,2989.667220563011,3000.4834658230866,13.717226099690567,3018.6630298812584
2835,3002.422022902105,3013.4166572582985,13.800508698225693,3022.350809643756
2826,3022.9565394607903,3035.1486994048514,12.319397220770169,3044.4843888942273
3952,3169.7735694105204,3180.5545533752183,13.770958174720375,3190.5591859658066
3110,3172.2131220622073,3185.484960327425,11.188976623160062,3198.687061012636
3939,3176.31264198456,3188.3840960678913,12.070842091382483,3201.110557483004
2872,3257.396445530817,3268.3072044522455,13.444988889085634,3277.7860204190843
3094,3275.3983826818317,3287.2304119231617,12.721494303245745,3296.4129532222532
3923,3442.556102169694,3456.2582919284678,10.656134483468437,3467.2859700603535
3922,3876.337170925305,3887.0137938585713,14.813606317495124,3895.9784163085546
5947,4069.716369869311,4081.1552418737706,13.55000440058112,4099.576558073363
4847,4157.19274614316,4168.241767837117,13.24635066776477,4177.876560313452
5087,4253.028987809526,4264.1179122159465,13.035785791092291,4274.23460586125
4841,4264.365862043758,4278.371658899219,10.997567693842075,4289.422072193189
5929,4344.8856293256695,4356.213404518064,12.175814869896168,4367.496093374811
5933,4414.19055344792,4426.308644383352,12.134186327917762,4437.126746598626
4861,4458.233242322369,4471.266754939505,11.36399721921886,4480.915831700654
5133,4519.478427428042,4530.058523347186,13.934048901915435,4549.740326264444
5932,4626.162901259671,4635.653940729083,15.868873331500346,4643.03791007398
4842,5066.838690169245,5080.426619142742,10.450781329215413,5090.922846505616
5109,5327.441964455779,5338.192497163128,13.314405640239567,5347.959743382866
5941,5333.484804451504,5345.360032118699,12.518484053426965,5358.179629644154
5935,5439.023629424824,5450.063604921529,13.383002384840964,5458.580246041235
5930,5497.010162044854,5507.670459193921,15.545561393804126,5516.406390333065
7102,5782.649639835011,5795.100662149596,11.253419117524684,5807.977281401022
7945,5853.638019210401,5865.589973528138,12.66369395894714,5875.992590480711
6870,6136.726774599874,6146.631729761129,14.49883800058049,6155.766093775656
7934,6147.648862045144,6163.000485837751,9.620304473659633,6174.937905096764
6861,6227.208562598832,6238.20734123098,13.160850390630033,6247.8540866831845
7097,6233.575756190989,6247.0741079947575,10.238872723979236,6259.629220644492
6873,6411.02945099571,6423.066582281515,11.854745363270244,6433.169546457127
7947,6425.668783331632,6440.22362964286,9.48666284660367,6451.297770923569
7119,6890.637590999682,6902.213367454603,13.095043372959452,6910.991055516077
7952,6955.5864342359855,6965.455745399013,14.726874575430099,6974.575041814952
7926,6966.897340384628,6979.156838884593,13.158955282616867,6988.799437577252
7112,7207.082638158998,7217.075933148773,14.887545315337947,7226.216078380737
7955,7309.96834582268,7320.386581982376,14.26528484093431,7329.894812474508
