1243,48.079096032617215,53.12985015177342,12.172786659195967,58.69021764165534
96,111.41722011129738,116.27647848763691,11.105894871769852,121.15205867848832
1255,164.0658097094616,168.07182279825906,14.127307364043537,173.27119298998474
1240,602.1835077545373,606.2132404275873,13.393960569236025,611.6749578904573
19,826.9342901359388,831.5192836554762,11.702416837513079,835.9752453280977
75,830.0,835.1899939661076,13.481425102098644,839.3621067916088
89,921.1354388568783,925.068050811256,13.483352638396651,929.1022999720096
1241,1130.9775162625772,1135.3454571106488,12.757378371862927,1140.7315697769588
138,1401.160914207585,1405.4948606784367,12.480419637624259,1411.1855706207944
1273,1506.8313787178504,1511.264705423195,12.647672032247325,1516.8754477872117
1231,1668.2905582027083,1673.0303831091765,14.85590127632563,1678.3653760848836
3255,2298.1356744502314,2303.203306710234,13.20579332341331,2308.9132337831425
2141,2354.6646149589055,2358.352085338009,14.70834028801661,2362.059298211341
3276,3018.4079863530355,3023.35426356321,14.57952182073154,3028.7071470832825
3241,3110.5484473797383,3115.4705480600096,11.483603759106504,3120.8873346576033
3271,3468.274106896193,3473.0998468162743,13.853471587998905,3478.3864860736653
5255,3952.7950203119567,3956.621683743353,13.592254634479259,3963.296379033627
4067,3979.399852200536,3985.293100769553,9.302253935094363,3991.152040447886
4055,4160.779592129241,4165.152001709286,11.621962471247828,4169.652649133638
5254,4205.387456751224,4209.178180012629,14.19616261062232,4213.971557573217
5287,4547.71725256317,4552.410161386991,15.989899320594265,4557.396008501686
4051,4605.808788651439,4610.026503139549,13.094983866203922,4614.293216680493
5237,4653.319794695109,4657.331894748231,13.915983202016843,4662.507041169125
5253,4729.856319399832,4734.344233666858,14.269398786290443,4739.738819062764
5258,4817.749100067318,4822.543561223574,13.11580929328379,4828.263789401982
4134,5146.063566782061,5150.427622739845,12.534629416407293,5154.741339386406
5252,5177.849187839942,5183.039964463481,11.85694374328285,5188.840864414034
7231,5640.891127033718,5644.417904842069,15.248520614327765,5649.728656828348
7277,5831.200149554913,5835.216278736668,13.19514877901326,5840.781507564797
7255,6013.585176440732,6019.267470883141,9.46354867188156,6033.862359568425
7248,6257.9208310320455,6262.618192627244,14.230691408672541,6267.727990223079
6020,6321.3492673606925,6325.5979384788325,12.650459361889736,6329.834247981016
7240,6528.2143082399825,6533.079796269975,11.76141754546605,6538.939956600935
7261,6708.072103256323,6713.203326340239,11.85133546980676,6718.990639867285
7269,7181.866055271318,7187.0301938883495,11.179149778049783,7203.369951268706
