459,5.0,12.407678485337236,13.34915689545071,22.760710665569754
449,9.0,17.265130377802155,11.324740382352443,48.35497202107222
557,20.0,27.548735987164655,12.220604978206314,51.12462948546683
578,91.0,98.23354696771933,13.093738223209984,107.98793233238385
650,113.0,122.38345120527543,9.874639296570473,138.0053920700631
497,129.0,136.38656682049753,12.92595578458833,145.44441563953643
593,151.0,158.2237081322134,13.961546916677987,166.9579835537987
419,284.0,291.05269016527603,13.958072279472137,300.7482431012788
444,353.0,362.48130528464236,9.973949030637531,376.17921292122975
589,363.0,370.0784766686742,14.39437081104098,408.3180211447895
490,444.0,451.1507579251614,13.009752573783643,460.965953036976
510,535.0,543.3031129006464,10.918047378884816,554.8602213005097
519,596.0,603.3703226403792,13.221250672674106,612.2814020631967
585,665.0,672.3106934245799,13.591392306341227,681.4121779930315
588,784.0,793.1249978667719,9.923206046578235,804.5823540250982
458,975.0,983.3346388539273,10.869873063086361,995.235898331108
427,1029.0,1037.2941569455584,12.050557237284366,1047.6985009845678
447,1085.0,1092.4597878391412,13.438575794243057,1102.787294759801
443,1143.0,1150.3020530697736,12.769571062632457,1159.337232472714
462,1167.0,1176.4258424622624,10.477920035788875,1223.1437192256856
553,1273.0,1280.317995013065,13.753163134406435,1291.064556780227
518,1338.0,1345.2749060278913,13.635984085098352,1355.5235552372537
651,1343.0,1350.3655283481494,13.176125446577831,1398.066630370444
563,1519.0,1526.3064337457356,13.24861756563483,1536.9498990583263
622,1661.0,1667.2941145329937,15.633438815548404,1674.8671722972229
644,1739.0,1747.2648483982598,11.840777764611307,1758.7973544122524
2429,1819.0,1828.0196690506552,10.841427492301635,1848.5249068857593
2469,1870.0,1880.3027908278625,10.262371697682301,1938.0865092224926
2566,1933.0,1940.1225853916806,12.969356546274852,1949.0026557252597
2550,2184.0,2192.4275801888034,11.322660183626821,2203.838516424666
2408,2309.0,2316.013032155812,14.57913775044377,2324.6975435744857
2454,2418.0,2425.3667281800035,13.151072450478269,2435.772702534127
2464,2565.0,2574.148385977615,10.504646290136895,2585.74099300669
2590,2696.0,2704.307424018653,11.829593190994041,2715.7254861086653
2573,2894.0,2903.495844084731,10.365274194143911,2930.7722686611105
2515,2968.0,2976.129494064641,11.606354428745645,2987.718651810168
2622,2987.0,2994.0989515690953,13.679635532009021,3018.06262421036
2565,3054.0,3061.5533380657057,13.447258010156666,3072.549657532107
2496,3093.0,3101.006386093306,11.556894069464574,3111.0520561562857
2409,3111.0,3118.097597376764,13.982127514473634,3126.8485561077878
2503,3355.0,3362.4209047126733,12.348291440020512,3373.0464799066735
2643,3427.0,3434.3454273045463,13.933561513671567,3444.6716854127008
2591,3430.0,3437.5113134125213,12.793485098865432,3468.5058486996486
2559,3454.0,3462.1234908088304,11.939633393713134,3472.1294564928735
2520,3561.0,3568.4893673396286,12.608992149244626,3577.815161023978
4544,3631.0,3638.2398169691223,13.043366482733804,3647.1603545958496
4608,3704.0,3712.207465234896,11.648119822664315,3738.2758687356004
4570,3720.0,3727.116325415169,13.081045888563933,3740.668322543081
4575,3729.0,3736.1208618146093,13.01127674800807,3744.9579053930306
4446,3830.0,3838.213960520887,12.406861383773247,3848.3403113082295
4450,4071.0,4079.111949962196,11.828195263165812,4100.97476121237
4652,4085.0,4093.203979867775,11.067072161107117,4103.612488496415
4487,4195.0,4203.22952063603,11.229731764573396,4213.578463649199
4532,4197.0,4205.139795817468,11.011529414000458,4215.316113149041
4577,4229.0,4238.192431996996,10.7400196418916,4278.265327643416
4556,4460.0,4467.484885384329,12.831211246728012,4476.7558308486605
4508,4510.0,4518.315538282505,12.09541994886821,4548.359192936663
4517,4729.0,4737.238730939845,11.108403939678945,4747.6051864391475
4584,4779.0,4787.462376162059,12.719703445578775,4820.986044462594
4611,4830.0,4838.396127625236,11.218597170904726,4849.094997519394
4510,4845.0,4852.605772429314,12.927113860709376,4862.945718015837
4407,4883.0,4891.371678566523,11.425000129431101,4908.394868425388
4540,4922.0,4929.32604086322,13.6933665121165,4938.23120959284
4432,5074.0,5080.58720219072,14.830154825916845,5094.081581637958
4582,5096.0,5103.038219965237,14.026352026894944,5111.628746212438
4554,5161.0,5169.000295136595,12.330243179861753,5178.913109441769
4625,5208.0,5216.382152059369,11.31185468960795,5227.981744870337
6540,5549.0,5557.23805215969,12.331217147940608,5567.52783256216
6538,5887.0,5894.51972161831,12.844189498199011,5903.718644471975
6615,6001.0,6009.499557887947,11.290167589158386,6020.034184574036
6606,6025.0,6032.31177989924,13.66102187071156,6043.302858826882
6428,6080.0,6088.119988959055,11.158620005103131,6098.477442696474
6490,6198.0,6207.028947141065,10.912006521757142,6219.500818245492
6416,6215.0,6222.442912612555,12.878373591984287,6258.764073373437
6438,6234.0,6241.237123313627,12.648727457030635,6261.315800244523
6430,6242.0,6249.428072372518,13.133381664683478,6263.62884498148
6413,6282.0,6290.2436339564265,11.799781823636533,6301.6569004915455
6418,6633.0,6640.388426611294,13.118686889097447,6649.612451314581
6604,6831.0,6839.27238824606,12.075883951485176,6850.796044814335
6521,6895.0,6903.4071540770165,11.691628875758678,6914.108006621311
6620,6926.0,6934.050353842863,12.103047938199392,6945.015800565097
6419,6938.0,6945.079061843456,13.596081586543086,6978.484095820909
6457,7015.0,7023.056144773611,11.433238592509008,7034.897571043132
6498,7073.0,7082.3239406821785,9.598589045514455,7094.367401261822
6597,7080.0,7087.201129632103,13.908353504107899,7096.575936408341
6618,7127.0,7135.269647604359,11.146010928660024,7158.586249305007
6448,7142.0,7152.104759400025,9.166093839989585,7165.295532694033
6638,7178.0,7185.038039220797,13.89542312827187,7193.691106697386
6564,7179.0,7187.395941094047,11.662502656020841,7198.801757688974
6611,7184.0,7192.017851252186,11.694321566354038,7248.385021895236
6455,7189.0,7197.215463817114,10.537721744377356,7253.543624660094
