176,63.80098629779196,65.02930084969397,9.022056651812353,93.66382858754011
259,99.60581900370349,101.02302619180837,10.736633897245508,103.05978232470756
372,101.65722374632115,103.19788600699117,11.062665007190404,105.27423271465383
349,103.54678248432069,105.00446855423019,10.38569059856059,107.22902646525343
386,188.24339037973849,189.31914888997545,14.087516002453691,190.91224105641828
526,214.33067403967848,215.38389445201247,15.036157188422164,216.90613395088377
382,293.05505344912143,294.20989004720553,13.717239082325165,295.89478808223805
552,311.7319353693307,313.1496536675136,10.893676520964148,316.60884517473875
186,369.0428539313586,370.1591385826488,14.177907985480426,371.7365346256048
402,375.87108464915656,377.1147460718039,12.435444528400131,378.9789318171585
181,460.721245549525,462.3621005863759,9.371535083205774,464.818114719463
179,532.571522164033,534.1186798248168,9.771384188917787,537.5888051921555
366,566.7666394474879,568.2158764214379,11.456549596095131,570.1867923453375
322,577.8281022004802,579.0471422967744,12.51050501401583,581.7642986093957
539,652.7277174050369,654.0930527957371,11.319273823897092,656.1042277603141
158,742.8729734713633,744.2126417325687,12.254950333602832,746.0438597731674
376,937.1164139955888,939.0225710408511,8.839861853691696,942.552033921993
295,1027.2721383887197,1028.4725878822142,12.595849779373461,1031.9101583587476
239,1226.029616491358,1227.291446634051,9.62502329464608,1263.621472374054
381,1232.6222758303609,1234.0220180697333,6.579516979715657,1267.9318273914791
272,1557.3698965236745,1558.601015319888,12.813137537218065,1560.4341281885067
271,1629.247492350953,1630.4913624906544,12.294483969496198,1632.306302577128
367,1703.9597246445276,1705.423780776988,9.16290760897062,1713.0414057830255
331,1729.832420329069,1731.2101593040238,11.628883241905665,1733.1525613259842
537,1751.8303031380697,1753.1821824459967,10.943056128406424,1756.3995367234775
2234,1889.2459601225457,1890.557850884607,11.564133146853594,1893.2716028083034
547,1911.1262514576808,1912.4051290707423,12.704290810802577,1914.1587615573874
2236,1945.9809088642735,1947.2403574906357,10.259734549035587,1983.3194673860066
2165,2133.12419015318,2134.4484411713556,12.097367058297086,2137.498761602581
2403,2138.833503097501,2140.1053945623203,8.98583596141024,2163.400511325142
2270,2348.8396954480577,2350.200196789225,11.901428617681852,2352.0567016569466
2542,2467.0938867543873,2468.242340836977,13.378987656916353,2470.821790382428
2393,2549.108972205846,2550.433688903748,11.772331635710156,2552.3643525469033
2223,2844.947581640219,2846.4640518382116,9.89244941713991,2883.1792820186015
2398,2853.5928761398345,2855.1740166963154,6.182697879280437,2885.6059221509863
2187,2913.682835639357,2915.28781360126,9.933444150205856,2917.3031541008377
2245,2983.738369603146,2985.1180379077105,11.858969718707078,2987.077745412972
2547,3010.7638405189723,3012.07215097724,11.355892235951838,3015.219827198963
2228,3023.7916441787734,3025.135000670869,9.342239966321985,3063.534949058305
2259,3025.548316462712,3027.1418266783994,6.304867419546565,3066.0058912813306
2160,3150.161730080861,3151.4735915585393,11.106614384079117,3153.847837163941
2266,3158.8735763717877,3160.013191595847,13.751192745114851,3161.6452455701965
2157,3168.993925050388,3170.1783206458726,13.097815615330662,3171.921839140875
2252,3185.436720421586,3186.549349307205,14.567041863076271,3188.166253991826
2173,3368.0198938951285,3369.289934623318,12.494989266978013,3372.4569727743988
2198,3392.8028804274823,3394.0528553493214,9.137471763953137,3423.19344184591
2534,3453.945684380016,3455.0315494529013,14.839769527240467,3456.5534911721506
2369,3564.706264996089,3566.225416833597,10.6456716489394,3569.662602769594
2264,3576.7693519420677,3578.1340209604614,9.031684801271854,3603.2624598263574
2232,3656.468505079326,3658.0398066909465,6.221854054647707,3695.902177272288
4544,3726.4236448746683,3727.582632283872,13.971799905692981,3729.2776084981374
4523,4089.009297117005,4090.2959369818504,13.14811343346211,4092.979519335672
4369,4103.235724330183,4104.45504790063,11.008650889466384,4143.3429973901475
4518,4179.742406705054,4181.018397656231,12.384305517294068,4183.732961654357
4241,4283.402247754691,4284.578309595261,13.53493719844681,4287.898985969542
4165,4347.696995659266,4349.155551021027,10.96890055484535,4351.2024907390405
4270,4518.66888707898,4519.652070071054,16.466758080746903,4521.100710999417
4254,4534.0314705405835,4535.31875201301,11.567318215336808,4537.25572035451
4389,4597.821995359127,4599.267069760782,11.087093293595036,4601.246504427418
4537,4624.834437937398,4626.082836648509,12.034246861499431,4627.969455274719
4158,4688.863848243164,4690.1662889796025,12.397736411665996,4691.964629783477
4178,4762.168823804671,4763.402879312355,13.331582666922742,4766.9708783765245
4368,4939.246436308272,4940.452658481055,12.906864309910967,4943.675098460284
4540,5049.242120288966,5050.395343731721,13.45833385333219,5052.099214595675
4547,5150.180184938292,5151.419753410905,12.648979730537572,5153.136713344873
4251,5184.03772495742,5185.38164120463,12.010974375911005,5188.91220037583
4187,5303.601644292563,5305.072881631687,6.119913148722094,5316.24929799773
4266,5454.183497225292,5455.355130189489,12.4750595441478,5458.552703890283
6165,5499.1520203009595,5500.336735732047,13.21534103228369,5502.052563437414
6358,5512.839067859605,5514.029883428367,13.951349249494506,5515.643592957185
6278,5519.926167395809,5521.039267171229,14.598351372090798,5522.605847435562
6230,5721.40610817394,5722.559494923836,13.38436435090589,5726.076166446881
6524,5798.170316197009,5799.446839776019,12.375519271927114,5802.36444956753
6221,5813.881714827124,5815.2802705066,9.80404912242142,5853.587597478838
6538,5977.914576819255,5979.173430181403,12.148275209868286,5981.947907859104
6541,6156.475847518266,6157.615244745972,13.604049407181913,6159.319088698742
6255,6173.495858892469,6174.616896345361,14.281467950718516,6177.738627606304
6190,6184.20710149114,6185.538826726081,11.889201568142843,6213.036473136362
6238,6275.989794475166,6277.274990840457,9.850548462204605,6303.646459456296
6223,6326.118114340019,6327.285851069689,12.793554269135345,6329.0304882156315
6301,6427.062143967465,6428.329358187095,12.337150845959258,6431.481224310147
6547,6518.901302222027,6520.143471389004,12.532817700855805,6522.986759474912
6233,6579.862662629304,6581.32448920772,10.940830117974311,6583.477666738191
6530,6608.8268751214255,6610.042386429158,11.595670983683421,6613.404775283076
6251,6677.791574778595,6679.040851693383,13.075484302337014,6680.76773919716
6195,6893.685241241782,6895.060973066746,12.256807218650627,6897.7815673440955
6231,6983.447757633383,6984.526974562334,13.642671312082417,6987.617971859539
6248,7084.399263227487,7085.575959917881,13.313895291460433,7088.955844857136
