743,208.8257743069427,209.19243046678574,13.60984269417752,209.7562089385717
469,243.21781646692375,243.60695230359033,13.028275321517457,244.1971912330834
749,302.001304765068,302.45549164213645,11.162297004891213,303.1345371242869
1259,322.6856799197145,323.11156649103333,12.48924959594179,323.72592976854077
55,505.611754871452,506.0266193742138,12.222752966989919,506.65437781260266
217,571.9055907742407,572.3097052884675,12.585812242929888,572.9193549612314
1580,683.9892294924971,684.4633654054721,10.697505130725995,685.1864481809026
70,764.1593968810208,764.5011690908759,14.833765506303168,765.0183047558033
211,963.0606599745604,963.5312993870698,10.772087255780589,964.2531602345568
1832,1137.0860806523751,1137.4713123898368,13.160309301004968,1138.0591239789871
1013,1294.036290102735,1294.4605570771096,11.949477861272621,1295.1000809198358
764,1295.7640174888406,1296.1851189150957,11.671734959713058,1296.8425135819427
1556,1574.9919897946738,1575.3672473790932,13.5268377808685,1575.934485372161
750,1655.1357002212776,1655.511514883328,13.490077236219296,1656.08271228238
1581,1744.8921542983444,1745.2649623845275,13.49604651498004,1745.8334945325794
1007,1748.1403810346203,1748.478088050032,15.012328989913616,1748.9891970405508
1398,1761.883421554748,1762.3154292533738,11.825231703253124,1762.9642906463614
1403,2024.0891048877638,2024.4709301863534,13.277718465197855,2025.047037427006
3581,2406.0079487845023,2406.4013271105528,12.8877685470556,2406.9966928860445
3560,2474.1726866036897,2474.562182437003,13.01623376669966,2475.1411943309777
3401,2563.844888741418,2564.236937062126,12.613303670471463,2564.8452579680384
3243,2819.148222096672,2819.5029146475276,14.29341779332044,2820.0412887331086
2065,3014.8732978933654,3015.248433164473,13.491903921035272,3015.8171398763116
3249,3112.6823651077116,3113.1211369150983,11.816198282852325,3113.770494359151
2734,3357.0613195046126,3357.393776416007,15.24940118195001,3357.8969395385334
3239,3383.8112151949,3384.2023570422352,13.215507839874343,3384.7829579853346
3002,3461.625778825272,3462.1489205951193,9.110661044381597,3462.9911137442214
3012,3539.6375403500183,3540.0333191555774,12.785817663217673,3540.6334322275356
3007,3542.8671122935084,3543.206214618054,15.516644414588082,3543.700711759985
3033,3722.834446100702,3723.233774643478,12.426257883908223,3723.851252277296
4737,3810.7807429894306,3811.1907541539367,12.704292684494106,3811.7947182238718
5834,3900.645156460379,3901.0561940105786,12.484258010123622,3901.6708029291976
4999,4087.9546122074526,4088.423877309981,10.710247448422475,4089.1476953018478
5570,4095.0808403360534,4095.4459549252115,13.885418353881528,4095.998544420164
5248,4640.775300760919,4641.171886593969,12.38302140701095,4641.791520208672
4738,4672.586950881092,4673.088646274132,6.400393200771074,4674.788192316627
4213,4798.898626518955,4799.235175742403,15.191147209230383,4799.740268360471
4064,4823.609517412614,4824.01014843207,12.267273546303267,4824.635628599804
4074,4924.08278168074,4924.508143905259,11.918709573462952,4925.1430225710765
5405,5000.945934908424,5001.403018909233,11.111901822947205,5002.094598305197
4762,5108.64977178115,5109.010287868691,13.76699375242572,5109.567630775455
5820,5160.725445562256,5161.152161153579,11.793361033063285,5161.802776045623
5805,5458.830588013515,5459.1832525278905,14.503275400075248,5459.712301043051
5804,5520.658732543163,5521.063789239753,13.173395079464607,5521.646246250196
7238,5723.60134929945,5724.001173307232,13.385563817785789,5724.574398045452
6054,6080.721303497529,6081.168540744652,11.675197581335997,6081.825740441866
7019,6239.14296118142,6239.521927995121,13.377870130784338,6240.089627458153
7828,6356.8506211054455,6357.240438054617,13.074292643336111,6357.82731005792
7585,6366.13373530069,6366.496110348244,13.99039158958261,6367.0435100281375
6995,6511.9457843258515,6512.385775535872,11.4851232148985,6513.050163883344
7392,6524.893668213088,6525.284444711105,12.865633467112561,6525.880834802194
6065,6616.999508345987,6617.405780677303,12.478057236066716,6618.021078833952
6460,6631.871558019637,6632.31850525741,11.29828929304949,6632.997628982812
6750,6706.803037203964,6707.345447265534,8.972255215413487,6708.1863182503685
7240,6720.698905877745,6721.070606126777,14.56618960576037,6721.597369578513
7822,6781.599329195094,6782.06670170259,12.197184642940083,6782.695776078356
7018,6869.720563407681,6870.1200460003465,12.715013101010914,6870.723500849698
7572,6971.9416869359375,6972.310069169254,13.765210368039094,6972.867484283896
7820,7173.10018321192,7173.526778266892,11.884265320142493,7174.166487968166
7021,7414.8396657415715,7415.217781157998,13.208499093377815,7415.798690181887
