591,259.30634174992133,262.1861645437327,10.638968094208742,265.16153022496104
830,415.0043052679543,417.5143412389201,13.048166565926797,421.09589884693014
140,514.6356495071493,517.4995919200287,11.252055466586846,521.0596504967494
324,623.5897218310971,627.0857562921705,9.381648926533169,631.4322083311055
881,896.3417119858739,899.0077059999878,12.18472136722452,945.3516520405177
575,1168.263156795018,1171.1059491044618,11.767500511393399,1221.8178808918199
339,1448.3818550873536,1450.5638643622376,14.060488623470423,1453.9611011489285
598,1704.015118221881,1707.1650246992406,10.780027851253342,1710.066642514835
577,1790.3956502164797,1793.0912580611819,12.429949396653349,1796.6842874431222
555,1792.6093694779377,1795.2563541899106,11.816788126145203,1842.3571276087205
580,1959.1828031147545,1961.2538864792086,14.773088880757896,1964.9111936482825
2359,2083.8019055067707,2086.568619120089,12.375750012059816,2121.0791249415756
2866,2144.538469885826,2146.671940395466,15.280043944740415,2150.49906694912
2586,2249.514591630385,2252.0112047495186,6.906880950333721,2261.272118150047
2309,2324.7673622795833,2327.254691961499,12.778806393839732,2329.7109839618734
2323,2349.628352849285,2352.412063981264,11.241447566533049,2355.838161255269
2828,2419.982143698903,2423.0610028727056,10.905880555095518,2463.3994687705062
2826,2670.4079715166126,2673.03745384699,12.39711620366571,2675.625542055674
2836,2760.335466069479,2763.0341023009264,12.245302810258988,2766.826119345476
2554,2772.795221905355,2775.056741769301,9.79741270146243,2811.5279354595023
2153,2889.27373871824,2891.5007435561242,13.845679107406227,2894.837176584149
2316,2891.6481106860138,2894.333816947162,12.385331182888109,2946.1159244357605
2830,2956.7534361991634,2959.239638893777,12.277985111045771,2961.720183057476
2875,2960.4060406893805,2963.131659384488,11.459018237883603,2967.175508972587
2829,2964.5646924070306,2967.4035803118372,10.536985004757316,3015.6447053599286
2351,3069.159813057408,3072.1510238974574,6.935042640750697,3089.1898653254502
2842,3134.984897119047,3137.4993376810194,12.749441596945843,3141.4314233590376
2337,3222.9242204787947,3225.445614257456,12.904732684961857,3227.8757570444445
2338,3228.4209983531423,3231.008435731443,12.369288926357589,3233.625253548944
2347,3249.6900791928792,3252.21120844422,13.275547195937744,3255.9724835078696
2844,3474.6119614707804,3477.0578281313497,13.31072163034813,3480.761289606698
2571,3589.3877906647876,3592.4158843350315,10.197535479733721,3636.928854411848
2843,3681.723468933744,3684.268568016177,12.699798742627102,3687.789849238562
4337,4304.599300145661,4307.211385068339,12.673258725813394,4310.799034098427
4573,4487.662575155491,4490.432510632523,12.114991980868426,4533.574943145972
4824,4554.654890967631,4557.163803595294,12.768606654838244,4560.856396738847
4845,4576.633661637985,4579.360891931231,10.683253696356493,4605.032207730888
4581,5029.796031306581,5032.543011689468,11.873053956468132,5084.911433609112
4826,5114.74431486494,5117.33870964453,12.124339589210361,5154.308835449352
4318,5274.83098899435,5277.091908587712,14.536832889409828,5280.726313739005
4612,5294.74610877887,5297.388513130796,11.697837849871057,5300.0224563887805
4405,5319.118658421525,5321.598606002152,12.642120741999863,5361.596768995321
4348,5321.4644029234105,5324.340125830014,9.787936130067441,5364.394289398613
4328,5478.2978715130885,5480.615528156223,14.048908960373216,5484.097360794504
4152,5509.596414396235,5512.219812708127,12.163195316965714,5515.499668370727
6138,5640.450009538856,5643.216732589781,11.979781658165992,5645.92420839099
6827,5659.2311728429595,5661.588844638763,13.44077263373323,5706.507009861201
6843,5814.721199690178,5817.317804830132,13.16146536282813,5820.954468079599
6819,6023.9065314669815,6027.090403861741,10.512983742683124,6031.017070040586
6579,6027.8388248824085,6031.105362400014,8.268738650455663,6053.914702990975
6342,6107.370811249149,6110.072286418674,11.509442443618843,6120.796454598062
6321,6197.871758958645,6200.4697841887755,12.684780293077145,6203.146023697758
6310,6199.762932320141,6202.394198084653,12.337134579248596,6206.197677778378
6577,6472.557024891481,6476.037758980592,10.053454213705427,6479.26787410881
6567,6556.002037867482,6558.396683243766,14.092358012568877,6561.977708241402
6847,6743.0316991424315,6745.583535419132,13.02805549835189,6748.1603915699725
6595,6744.802567614276,6747.365274668161,13.136019101421478,6749.931100284152
6553,6917.367909486802,6920.140312541145,11.895824365295972,6948.684324783443
6850,6925.288545948032,6928.169904827119,7.276490512402263,6953.197947002007
6338,7298.444646517109,7300.59817678827,15.100258436791673,7302.64238611929
6841,7375.26919046405,7377.391160712561,15.781531437504142,7380.794983114261
