1704,54.10861921908413,59.43474013376252,13.528399423467295,65.93038201182969
1743,115.0091769962098,121.48552408591166,12.270115206677016,127.9701649671218
1676,171.26538128567427,176.5652948490731,13.542388790892538,181.99369741913307
1989,275.6069546526344,282.10265581727,11.99589176420539,288.3234855403811
624,408.13921804057793,415.04795026186605,11.578149261727603,422.6819742959257
1674,413.7062172239316,420.0764063140588,13.323511529728703,456.0567229058703
898,473.1959107575476,479.43565354721693,12.20924537698069,485.77352498758097
1734,477.5434036554632,483.21657719734543,12.298824212460532,491.15015770154423
856,930.1708310971267,937.1533275210395,10.563817011063751,944.85773617394
657,950.8393131915167,957.1503583410368,12.36697986325946,993.1646628202024
1167,995.6177584137996,1001.1803044392236,14.093401891112993,1006.4578765581066
1138,1268.1729810475567,1274.2556142806116,12.591959823602465,1283.4268164430352
1741,1315.370899095732,1322.2854565715081,12.04481288580978,1329.4009790985092
1738,1317.857877800684,1324.1111334738098,12.77069645290482,1355.6128495693154
393,1334.198499138111,1341.229877212433,11.100731012745197,1360.5699327439088
887,1550.29217606699,1556.1330388508884,12.689830149018192,1561.8630890881793
1677,1758.748007675668,1765.0302081540672,13.346321396294885,1803.2339907975709
638,1762.0213934012986,1769.2024985316352,11.501626356726355,1805.6174607950368
377,1770.6182168596954,1777.0445973889261,11.578091273851092,1809.963713719609
404,2027.7649183993067,2034.2467210314169,13.534871532528468,2041.127276569359
3734,2030.1269234856643,2037.237944428883,10.132941576975302,2075.334750354106
2902,2183.4016986735337,2189.489521529851,12.236463553787898,2195.6572536611075
2904,2185.195927551246,2191.194587101507,11.512686596134309,2197.493199724175
3736,2188.172495084176,2194.5439894636784,11.573024141667835,2201.94681745054
3722,2257.483042826348,2264.030566088273,12.184961295388886,2270.0670496557354
3186,2259.771005603005,2266.0208517816222,12.140392153053416,2271.892944219676
3674,2302.8420358525527,2308.516883413418,12.7758057146403,2343.1727463532625
3745,2323.8425620559865,2329.0510317610815,13.928723759129669,2348.2945245365904
3711,2403.6713201361054,2409.294775365521,13.34193669269122,2433.333425703109
3708,2450.726202707015,2456.4070697038983,12.634933144373814,2461.9711139505907
2399,2752.4417194591847,2758.558600922422,12.857016188760108,2796.4353826953834
2897,2754.7228207855123,2760.403987787377,12.905513830475432,2798.8543051450592
3740,2793.625824736589,2800.3507848831346,11.107409203815196,2806.8172825468237
3707,2842.7947908582432,2849.0180204018225,11.993997757109694,2856.403635691443
3747,2931.0419179396413,2937.3124838919603,12.421785533608498,2944.844895349573
3699,3086.039669055425,3093.2373284099394,10.23733897847797,3101.498148567927
2638,3232.868776862951,3238.2464526459657,13.255939754598833,3244.312468878394
3995,3243.5237212571114,3249.516774933805,14.338475685718361,3254.927298400176
2402,3292.22523073116,3299.3996142713086,10.178591497437393,3337.9095089970415
2627,3558.25724713283,3565.1124140594484,12.194795404610304,3572.005963878546
3962,3698.637057189648,3705.157652826603,11.983467475357598,3711.6296920356776
5991,3702.291581123097,3707.517688899441,13.776855008949182,3713.3674204498693
5723,3740.3552263113256,3746.314453093927,12.650857190058366,3754.102586925999
5750,3832.0479402933656,3838.1570003145976,14.50081158443587,3844.5697407347334
5688,3918.4692831450247,3924.2561477768586,14.280010988702577,3963.262026134276
5699,3920.4445035898666,3926.0494579823708,14.206125155023571,3965.645931005347
4641,4278.047905334983,4285.296315694981,9.94096164784336,4293.612552619812
4651,4280.377041469017,4287.227864336061,9.92586624370831,4325.241512048153
5709,4282.676954885764,4289.303855310693,8.940540260377979,4327.726377930498
4645,4390.569926613646,4396.087165332403,13.330237502767424,4402.972632837109
4394,4458.263481146659,4466.032188847136,9.391684474919554,4506.085154795671
5984,4601.60875785488,4608.34373584154,11.569509567753963,4614.98720512477
4913,4737.743701980613,4744.168684933569,12.084669483194878,4773.546136240515
5712,4797.822944394699,4805.379169703733,9.245556820736683,4814.23182831013
5963,4863.475461892631,4869.396799401448,14.547343794119229,4874.538677520895
5994,4869.490768249052,4875.51283066995,12.00432532670449,4881.441008682
4620,5000.574482674028,5007.0082210703395,12.430872768040585,5048.731088110586
4881,5064.762675279452,5071.303622288292,11.025632624345146,5078.265887961479
4855,5066.539767171781,5073.08665683154,11.014807013349124,5133.639369805669
5976,5236.942881534589,5244.37177500402,11.600170638242906,5251.541128555556
5967,5238.95410205189,5246.2257195291195,11.124890252099481,5253.401682728024
4897,5282.764861042551,5288.354614101703,13.140671338592737,5295.0081074696545
4893,5336.096553917643,5341.475231081077,14.198813996182867,5346.713013039167
4627,5357.761392311206,5364.391501327178,11.963197802055925,5371.597547382655
4652,5360.270581624002,5367.208893519292,10.94049709519818,5405.677440405455
7697,5476.883006528225,5482.471590999478,13.515747241559325,5488.999441413291
7723,5510.621208097843,5516.173112922977,12.872655148048851,5521.899823957287
4891,5696.267813461214,5702.25243734311,12.057916441535426,5708.293161554699
4903,5702.916618822188,5709.4021157190755,11.438061816349949,5763.391848851974
7742,5898.721512049965,5905.285744388692,11.836171808559028,5912.846927648095
6638,5901.67547399896,5908.5912767247755,12.651247533753583,5943.223176525213
7726,5916.195454884137,5923.172413802172,10.47460630151773,5945.824572272243
7737,5977.75898949108,5984.3589939115,11.397923238750572,5991.889652054739
6648,6078.116212735661,6085.223536318892,11.123338442256701,6092.9537934305745
7710,6261.752234574877,6268.555524672052,11.740708995168847,6276.207341081663
6891,6528.253149020848,6534.578619562412,12.816239777753953,6541.643815592033
7717,6533.313660378078,6539.480022563175,12.251332764672522,6575.738418454158
7969,6576.311127765298,6582.394730362132,12.453404313622867,6588.255539958737
7986,6578.256947213396,6584.217748043698,12.09516133304183,6590.026208083015
7720,6596.464053428486,6602.22149344312,12.685262363510772,6609.0
7677,6598.666848951755,6604.568692588864,13.275385766576841,6663.489695237281
7682,6621.432850705802,6628.079622572729,11.724480641210958,6666.120614417789
6619,6626.500585683032,6633.0926902946185,12.468695560544614,6668.696826373908
6864,6783.213562330441,6788.544042131713,13.98769419855369,6794.839908835124
7740,6902.722839035987,6910.345427886023,9.958171858541174,6918.70272505387
6916,6917.242070321663,6922.174186973106,15.12108552280854,6933.324257005252
7709,6922.7867671358445,6928.0511036160415,14.314306989310769,6937.643925916921
7734,6996.086461866348,7002.344730814519,11.283954936746635,7023.710631851892
6892,7055.431375002017,7061.222966008153,12.505744094504115,7067.991498298462
6631,7338.294123518811,7344.2809541004435,15.218057715011355,7350.759529129474
6647,7432.329446611153,7438.03853644427,14.08605221157176,7444.757633831156
6618,7519.8023503922,7525.59185143013,13.269402398429175,7532.326089872006
