411,59.33974072204504,60.082128996120176,13.322007381677256,60.40872176202962
412,290.5447216890358,291.2484404669754,14.422792980728488,291.5501068116329
444,524.6941965380237,525.5592529446247,11.43317651916246,525.9398008379383
516,1364.4784992084203,1365.2259663266027,13.270620023548892,1365.5538237462656
471,1429.262932076993,1430.04974764803,12.939751825826594,1430.3859883500784
416,1496.4193194207637,1497.2218813128964,12.471497727830009,1497.57074648797
435,1597.4691312853313,1598.2744504460654,12.74086203077566,1598.6159399958099
413,1645.393784205421,1646.0951299065805,13.853250643395883,1646.4091985212506
480,1705.3294494382296,1706.3284755501563,10.308859871565478,1706.7505271923799
441,1771.6828242277193,1772.431841883712,13.363058879979754,1772.7574313522105
2517,1933.2682673979036,1934.049210279903,12.031460115462908,1934.4108348206066
2492,2024.3803171873537,2025.3642835354785,10.104701837834392,2025.794862419257
2437,2337.7305634680924,2338.4637687422396,13.684074148443774,2338.781720193763
2421,2405.773524614712,2406.5865350049157,12.212811777162674,2406.9427896756365
2426,2539.567739093238,2540.470108702648,10.610160707046802,2540.8801751812225
2439,2693.361163015501,2694.03568584153,14.564769557767406,2694.334411559159
2423,3093.3505474550457,3094.257460740546,10.538069087854899,3094.670332510694
4471,3913.975784234397,3914.601092488391,15.914063082589555,3914.8744903765146
4485,3947.571513177206,3948.4025547616016,11.680237795052768,3948.775053277008
4418,4005.662312453554,4006.406539169232,13.243029836786455,4006.7350796385863
4443,4375.295261099105,4376.161617368709,11.957069174715237,4376.525491757548
6436,5918.7547086683235,5919.492009205799,13.274871273147067,5919.819761629813
6408,6236.696337702044,6237.372175257148,14.685369827227701,6237.6684477575645
6428,6741.664559309569,6742.398510234373,13.161397982377425,6742.729088433139
6517,7011.266734824871,7012.089297068363,11.96594025149703,7012.452901695061
