533,709.1403557021117,709.1322813555857,12.431433980474429,709.1242674535384
564,983.0623936929801,983.0534719694857,11.250707986570275,983.0446170339255
476,1271.1899000844053,1271.1813014340323,11.67342564458808,1271.1727671530714
440,1494.2218969246844,1494.2136444123366,12.163048238098296,1494.205453678215
509,1496.2479098023296,1496.2399732441647,12.647258885624222,1496.2320960989962
576,1606.2122893217868,1606.2045123408925,12.906770266964982,1606.1967935784007
2617,1934.4642493234162,1934.4536832054675,9.499771463984754,1934.443196185374
2552,2298.0258874588844,2298.0183902757103,13.388455829296456,2298.010949216375
2440,2812.024058073029,2812.016998476862,14.218335355035562,2812.009991728763
2622,2998.102090649803,2998.0937743400304,12.069741089804705,2998.0855202860716
2432,3312.1966150145995,3312.1888689945245,12.958358589113086,3312.1811809610795
4586,4185.345463156412,4185.336214342801,10.852819615612564,4185.327034765719
4644,5321.056234568907,5321.0481198368925,12.369565081637637,5321.040065851682
6581,5630.3684088213495,5630.359337143423,11.064734284287786,5630.350333375987
6593,5832.3482713890635,5832.339253454607,11.130675906535478,5832.3303030283205
6552,5845.165638117726,5845.156824019449,11.38808561264994,5845.148075903426
6595,6526.140024564283,6526.1313979270335,11.635554257697086,6526.122835868706
6455,6716.519060961183,6716.511510176393,13.293413674139126,6716.504015916705
6540,6819.4129492002085,6819.404753183167,12.246888368418583,6819.3966185214285
