1967,112.14579053308883,129.20432345916973,11.963925884825883,147.0400319636828
1174,233.6192140939448,248.5161983865766,12.976336566737398,265.18753145379634
1117,321.5873735667297,337.6081620831964,12.821609212535842,354.1276417502774
1151,413.71109253163604,430.25838220880064,12.18614917271665,447.6195780434173
412,440.3899065682098,455.3237585720842,12.919619771336428,472.85904776872906
1161,567.3786534480556,586.130216074305,10.849795792927177,605.3814449273244
1139,589.6463497016015,603.018001139662,16.34891158073674,621.4000367020363
685,775.2137035546539,792.4111305855304,12.302724151910903,810.1866231491556
1981,936.117056540619,951.396944233215,13.24573505148753,967.3942134799369
666,1460.5516479248836,1476.053592947178,12.345175049606576,1492.1915563501366
1120,1495.5783345026782,1514.2649394985158,11.89872629980018,1533.7943108887682
1136,1505.2561965396847,1521.4663266640566,11.93127267386519,1541.765613447726
1147,1590.1308826716104,1607.5259048860585,11.06715563524905,1625.8209443200824
3132,1939.0882693160374,1953.4026276844547,13.713451305261845,1968.5232384723834
3164,2031.5275637804511,2046.5459829140555,13.340679675006259,2062.6874442725925
3135,2043.6878534367747,2060.0375646040147,12.379752536071253,2077.162216308
2434,2123.7230284072643,2140.4261765419337,11.59220381344078,2158.064312513591
3149,2129.6951293954853,2145.4836228000268,13.003769612052452,2162.551547705372
2942,2265.1944501419975,2282.549867476678,11.61483903051884,2300.1772447995586
3157,2393.230968997743,2411.161982284321,11.138804563415531,2429.865095054041
3156,2411.7437066450234,2428.481295315124,11.646484842055926,2445.9260472928186
2421,2573.030504617161,2589.3971694718207,12.60729390596329,2606.083612977819
2921,2665.6126533966303,2683.5059026924923,10.927691502585445,2701.8370019030754
2946,2847.6017372256756,2868.071493793356,10.171739922024061,2889.8269553290356
3151,3021.163842878925,3036.267334397042,13.971504884848242,3052.081436006599
3159,3023.0605150362785,3038.091819518936,13.494545268145492,3054.8107173570843
3119,3294.6530738043657,3311.0138775725386,11.225879617123134,3329.185882520905
3147,3379.2128160240677,3394.539933524724,13.625557004902214,3410.1863834067212
3130,3479.7489996577974,3493.613971235734,14.193858257761816,3508.2309854385217
3162,3565.585032063246,3580.231625531259,13.574441857672985,3598.7989803417863
3152,3649.030057960625,3664.4054531977386,13.544825779010568,3680.15542178697
2684,3652.828727949954,3674.0649247003435,9.76401104482705,3695.8503527872376
5176,3837.218677805775,3853.1037631638733,13.242731911352973,3870.165543042421
5107,4103.402677733919,4121.016377309376,10.173938141510263,4141.672934194782
5177,4243.792013593327,4259.252695019179,12.283306632710827,4275.584345945999
4683,4294.663063418996,4307.369723777269,16.036124535633864,4320.9308764652915
5169,4429.084566675254,4445.4695229066,11.875011058769257,4462.708237425504
5129,4554.787961669776,4570.122695072684,11.935954997936738,4589.785271423058
5184,4570.673003870348,4588.34743331178,11.452149869008384,4606.786826610493
5174,4735.385782668116,4751.240262199832,13.063223515479855,4767.697503383155
4423,4909.159685760403,4926.456883800906,11.247250781086139,4944.198658299623
4675,4917.669856706516,4932.07207298382,14.438674514256936,4947.467245276084
5146,5006.2698834776465,5020.362139190478,14.298961015844414,5035.274716139177
5170,5244.021510295932,5257.641891387413,14.523871534501327,5272.074766003787
5943,5333.351068053183,5350.1669761660405,11.699474468099373,5367.860400669734
5096,5381.794816012897,5398.5161611693875,11.732427691880293,5415.908764730209
5960,5418.854846900201,5432.554019988499,14.926394476481539,5447.2609987308
7153,5449.092850869757,5463.00538749206,14.494678719919463,5477.517773542787
6409,5721.513206181568,5737.414178029089,13.077084274300354,5753.614141980494
6930,5734.950733230928,5751.437921898233,12.403846756390472,5768.717118750553
6941,5899.587009588689,5915.358519243236,13.325688096714023,5931.639352288222
6929,5959.628496939215,5977.241319639167,11.627791424295507,5995.176923882801
6423,6261.30949386507,6279.293943817248,11.791031075895281,6298.724291462332
7124,6365.926945105629,6382.544985518513,12.044083432217908,6400.612815925007
7171,6371.582041431821,6389.139971746755,11.86885643878192,6407.694519554142
7122,6979.299572150483,6994.469321049957,13.74615905295424,7010.104774437587
7131,7073.89203561976,7092.2791414717785,11.002859634588365,7111.20599916157
7128,7084.688263428986,7099.513265236103,13.162504172574145,7115.2277637698535
7173,7161.325835884903,7176.559020408491,13.25085672705784,7192.619468572306
6686,7258.506500054723,7273.3016313107055,13.24095059252716,7289.063384336759
