1398,48.0,53.25065670648536,10.96058390079879,61.39379744749255
1471,121.0,125.35326085442973,14.388019658451416,132.01209280838958
1477,597.0,601.2913512771219,14.027338362452706,633.1210699367853
1474,780.0,785.0290873153474,11.992813637736,792.595476039882
1352,786.0,790.4907167494408,13.629882605861587,813.2894711085033
1485,856.0,860.5386468359623,13.59572799437358,867.5483902097266
1416,891.0,897.168896611915,8.385910987829103,906.4923055850902
1441,892.0,899.1607567737739,8.468827008466294,908.4279968592434
1363,1020.0,1025.2406792471247,10.691119737538076,1033.6403524146326
1469,1027.0,1032.0347191396556,11.367993711764003,1082.7421952503164
1421,1137.0,1142.2307338536111,10.34199949848341,1150.561656628165
1388,1308.0,1312.4957020946456,13.773179246202135,1319.7329019663068
1428,1447.0,1452.126102312805,11.217428782282168,1459.097245308989
1447,1475.0,1479.296542710452,14.30409765301527,1485.9164424652918
1417,1559.0,1564.0870078217679,10.884762118172672,1571.8360277926618
1420,1623.0,1627.483266992505,13.736684354858543,1633.6494767895215
3370,1911.0,1915.3199182687006,14.671568428884717,1921.0510912370016
3374,1949.0,1953.3837149970186,13.744176240271376,1960.410180352138
3382,1951.0,1955.3021227646293,14.32406370793195,1983.0364944430453
3444,1957.0,1961.5073716077823,13.614415561453423,1988.3600217580133
3500,2070.0,2075.279409396674,11.14005344137788,2082.8225309016675
3409,2195.0,2199.259994741509,14.239503109729752,2205.8692202755315
3432,2489.0,2493.243004481685,14.379382739061159,2523.0655229907284
3489,2666.0,2670.091567759715,15.428781446123653,2676.5856236146583
3466,2839.0,2844.0200213495887,11.474847090417867,2851.773252523315
3462,2972.0,2978.29734962354,9.008122501892709,2987.784030382092
3497,2973.0,2980.3500089931076,9.03381761699874,2989.808259801348
3375,3040.0,3044.409523227703,13.112135142159453,3051.592082092982
3490,3104.0,3109.3199308933517,10.862957583637927,3117.681197691688
3449,3229.0,3233.54062834045,13.751260831199808,3240.318104466075
3455,3277.0,3281.2618182227125,13.933817138294096,3287.8781292883286
3413,3489.0,3493.3694107301803,14.496916371762381,3513.351536900601
5481,3629.0,3633.26308251628,14.088674232710842,3639.919720151197
5439,3650.0,3654.5299351242707,13.149427427578273,3693.12991356398
5485,3728.0,3733.32127322264,10.836940758240113,3741.6069928767965
5475,3788.0,3792.54990273879,13.33513205170119,3798.8472083832844
5412,3802.0,3806.0240611954177,15.025956485887356,3811.2422824606765
5474,3835.0,3839.4925964851136,13.668436370504711,3846.6412363263944
5390,3980.0,3985.4890488011783,10.347259538414676,3993.295369162629
5415,3997.0,4001.351952668139,14.217399837585267,4007.9822868294987
5374,4000.0,4004.448510995683,13.81169724639047,4053.0659608243727
5440,4011.0,4015.2403294800806,14.708337855938423,4055.693253404389
5382,4087.0,4091.320972506878,14.019400617798988,4097.982067108403
5490,4595.0,4599.597944265026,13.059413383954272,4605.907170100136
5433,5240.0,5244.263470089323,13.983216899394462,5249.840021421498
5441,5295.0,5300.360815504389,10.106556473884032,5308.788803075209
7452,5436.0,5441.268807086583,10.487925311084764,5449.6576267311775
7362,5697.0,5702.003491772219,11.242659330007799,5710.117825378196
7349,5714.0,5719.444452210118,10.572235368001547,5763.221266353941
7360,5953.0,5957.590727667101,13.34259434659269,5963.772343108768
7390,6036.0,6040.492989445896,13.744446887422837,6046.5673430131355
7487,6125.0,6131.05984658599,8.894570508835441,6139.874942690391
7347,6297.0,6301.278909534704,13.931815491799554,6306.905583708586
7484,6421.0,6426.108758931604,11.193826204900212,6433.953627104991
7341,6469.0,6474.154914358379,10.706500567723428,6485.399660192209
7483,6488.0,6493.183306347175,11.821682518710485,6500.260458493078
7392,6579.0,6583.487892430098,13.533343645398107,6589.388265783864
7352,6612.0,6616.076682878281,15.177330635391325,6622.6400939596015
7405,6661.0,6665.4458277419435,13.592239826135952,6671.349073228053
7422,6721.0,6725.422376326067,14.186583513573241,6732.40362315881
7342,6825.0,6829.423777397575,13.892000515720886,6848.3279961678545
7473,6880.0,6886.082606788969,9.931374611851707,6933.1213321881905
7465,6964.0,6968.390230631438,13.66663008583151,6974.969380503461
7344,6970.0,6975.025482921437,11.630974127813431,7022.869816666391
7469,7102.0,7106.430943376028,13.711210157512083,7112.235848715388
7437,7171.0,7175.585832295368,13.38404514669561,7182.788326584755
