1478,135.0,141.57750328144826,11.919447077982065,147.76175887224537
1384,145.0,151.35298411077167,12.910987049400685,157.33747607337784
1490,146.0,153.15044518518846,12.340245028034047,159.52965059178476
1476,304.0,310.33629227580496,13.283470804543716,316.03088755412125
1423,413.0,419.1627380378899,12.793845465416364,424.8813916347536
1383,464.0,470.2535497897624,12.149259653836104,498.60812223759086
1368,551.0,557.2106175430939,12.822125887580757,588.4076254597793
1387,626.0,632.3257250242871,12.399952270907228,678.0205458764958
1349,716.0,722.0585067774689,13.483725324665663,768.3348812237456
1481,767.0,773.2769472231403,12.612476149473395,779.0354890349564
1358,771.0,777.14816449081,13.002033048561529,782.7378257964094
1399,846.0,853.4648051492117,10.88698748211734,865.7007248602882
1374,916.0,922.0812400485557,13.293276983760691,948.2706218669715
1395,1159.0,1165.1507970618673,13.301166727890829,1171.8586105303923
1373,1227.0,1233.5191994737413,11.760091174733656,1239.6544151157834
1377,1375.0,1382.0156322634837,11.636810552615097,1398.375129087057
1402,1533.0,1539.559200490723,11.789013073582689,1546.791502781582
1446,1575.0,1581.4574124525811,11.801470140254407,1587.5090584736622
1462,1660.0,1667.2552349597768,11.320293891885811,1673.9312163677296
1464,1688.0,1694.260947450493,13.168695347213161,1699.9032492141816
1429,1757.0,1764.0065471978307,11.587270851022478,1770.7038082447561
3451,1914.0,1920.4543717123588,12.114624210366872,1927.761272329873
3353,1930.0,1936.3777427462019,12.885107412826873,1942.2587751766075
3376,2070.0,2076.0982094955693,13.309846575066702,2082.8475544477556
3427,2228.0,2234.263391213087,12.182206219612294,2239.9839146953786
3355,2489.0,2494.2905207827976,14.990630762324892,2499.095678371035
3458,2586.0,2593.114806139241,10.986201423267381,2599.905964087943
3418,2673.0,2679.075582768076,13.272027106558413,2684.6671273131014
3372,2737.0,2743.5690988665765,12.545649809161784,2749.4611032478747
3378,2876.0,2882.3003817021113,12.350807886651628,2889.6789053657267
3397,3281.0,3287.091626289391,13.306706543127037,3292.670319581067
3411,3336.0,3342.1827442188123,13.333570562827642,3348.9931309454805
3399,3373.0,3380.0291226217755,10.903431235274384,3386.751241547446
3359,3571.0,3577.3993732843073,12.600829171484763,3583.5983844895836
5470,3788.0,3795.064063228539,10.840782968103362,3802.7038026463915
5397,3849.0,3854.4705024642244,14.81632948556385,3859.5023678713637
5438,3985.0,3991.0621321470176,13.715565766456237,3997.911644655047
5452,3989.0,3996.211831022628,10.340196713065279,4008.6876149939544
5349,4074.0,4080.459519010024,12.442135312383927,4098.056500105257
5457,4135.0,4141.473195650248,12.109159524314093,4148.860666901982
5417,4223.0,4229.539177758305,12.544776383911609,4236.835700900391
5446,4230.0,4236.06535595319,13.520353671776219,4280.529476557553
5354,4236.0,4242.297593386815,13.335207127807573,4282.9288292385
5424,4239.0,4245.140398225096,13.514891893832324,4284.896700427153
5472,4285.0,4291.0332198848555,13.59886738910318,4296.560857399674
5455,4778.0,4784.186980684721,13.073495655984996,4818.315495311166
5351,4873.0,4879.533475725802,12.48112675633772,4908.421711991131
5381,4922.0,4928.018396674614,13.848821184330737,4933.603033277935
5458,4928.0,4934.495511157472,12.547190379329477,4940.680146325944
5495,5220.0,5225.630945377402,14.561254861351708,5232.870799596444
5478,5299.0,5305.48724811672,13.036179139941854,5358.295504262041
5430,5364.0,5370.579028349263,12.68611058810832,5376.651119961294
7391,5815.0,5821.258510722088,12.171829189753426,5827.07675146694
7401,5851.0,5859.3231465374165,8.724995180554993,5868.919947363004
7380,5890.0,5897.173970712107,11.083145893365643,5904.193266525845
7348,6113.0,6119.505906601279,12.315779696321917,6126.735592291039
7455,6152.0,6159.483208213232,10.660451692601175,6168.200651942499
7456,6386.0,6392.452399374809,12.613765707038981,6400.1433753364545
7470,6410.0,6417.275629028679,10.859626447762672,6438.3540088226855
7479,6518.0,6524.287300433563,12.687970366999002,6530.049401214491
7494,6813.0,6819.251360085758,12.531479028928207,6825.126625064548
7489,7058.0,7065.237423572687,10.503993932709966,7072.064779408891
7385,7125.0,7131.175685970075,12.222838426356624,7158.519986139695
7493,7134.0,7140.105858945119,13.123053033273289,7160.94614043733
