1074,273.7481987058687,280.48075704991635,12.114763266555935,288.42133154780834
1896,277.9574014106001,284.4456156290206,12.096086598742104,292.6479812107638
1648,349.3345092635685,357.0249661042099,10.45984491206857,366.8250045088027
1897,409.15607242759506,416.4562028853372,10.963582285678724,453.40307682676035
1900,436.2132979675854,443.2722303918068,10.708154869442136,457.99973673370863
1052,454.0977114115878,460.42270873953413,12.913759031653104,467.7878811454699
1066,543.5944411671769,549.5586513728762,14.084285798345764,556.2114283566925
802,547.6433317318308,553.3264626923784,14.941234811742351,559.8768093001386
1056,634.0858184483682,640.4008709796682,13.099884101459452,647.9164637072131
1061,636.6914158366752,643.3625643849598,11.86995458507599,651.4660963327649
812,723.7602114471549,730.0067142808749,13.625858483796657,737.059134561481
1921,881.099566728537,887.3286169130142,12.60052917969481,895.9230851062558
1922,884.6964509977037,891.2294131789538,11.443659593284734,903.3431542866357
1652,886.4222623854129,893.0937855062243,11.092753385408546,905.7032334843327
1548,967.486056913165,974.3258899731027,10.977866242900125,993.0818500133322
1672,972.1262778508644,978.3573950270093,11.918687062059341,995.5850052192463
1664,1155.4646254654367,1162.1501081234987,11.39245724677091,1170.7322629685689
1913,1219.1357188821041,1225.155644922053,13.864412406469498,1234.1236051933283
1916,1265.9046244568829,1273.4098391124498,10.329802373436575,1282.9709530116104
536,1371.8936790010944,1380.415546646914,9.131408923715927,1391.7000349549653
1920,1579.3852345954056,1585.2850541863136,13.865346968535004,1593.7411190776893
1650,1581.2234457335976,1587.2323945148792,12.65622012760032,1623.7250863155732
1673,1583.2270390306273,1589.0129598357096,13.501526155361313,1626.5465012590498
1907,1786.1466538011175,1792.5326304340654,11.711964941601616,1802.397498318862
2809,2003.1180830169624,2009.5718871696247,12.447691228575342,2017.7004779615288
3086,2074.091425877804,2080.433087594843,13.323336092134818,2087.734196690622
3088,2076.118908686686,2082.163405127371,13.605469106828748,2089.4904719358824
3900,2211.373838939935,2219.1148605639023,10.477019418806432,2253.1798734261833
3549,2215.5485702720994,2222.4066150330164,11.080383449450673,2255.6829142930223
3910,2234.4262978963006,2240.130295550166,13.10178405923258,2258.1182205984287
2525,2267.828580669543,2275.0495587916007,10.895959504947388,2284.0329873638157
3655,2330.881155982064,2339.1559344719167,8.970847112567975,2349.414276958791
3904,2499.612158203844,2505.2272903700623,13.848346811445321,2523.5152677527135
2531,2523.854890763046,2530.256267121859,13.112964060971867,2537.8294904553168
3913,2592.5643448006754,2599.0028521620106,11.689499422564142,2607.9350095459895
3660,2753.3246154667904,2759.1537945320247,14.943163292910967,2793.574367389816
3915,2764.661526782296,2771.138495332148,12.541376506131249,2796.2300683964963
2798,2901.9948303844644,2909.2950872934443,10.897736399215633,2918.4926035939275
3548,3033.4712501382255,3040.299793404636,11.216596298161647,3049.701133941109
3675,3040.49444547894,3046.360723219536,13.28688790758528,3063.039416657014
3073,3244.19157789217,3250.571810531259,13.382697133305607,3257.795412313096
3918,3316.4508689426275,3323.2238682673087,11.416842852072971,3331.5105149918677
3650,3318.5918528111456,3325.103354115595,11.827263979985425,3333.2669100709786
2553,3339.357667889594,3345.385803006183,12.416991947015442,3352.9794224639654
3909,3381.407363183427,3388.2185863231794,10.968544810018342,3397.7743613793455
3649,3383.389249222502,3390.118339533847,11.961449471646707,3423.168954598278
3903,3414.6881811758963,3421.0735693970005,12.598830534294386,3428.8668591280452
3062,3424.0670170214266,3430.3277040566295,12.845465348584199,3437.4698675850354
2551,3604.125584405907,3610.5287104515714,13.29040906940436,3617.674291552
3895,3679.865966895881,3685.5062226108425,13.054711976518245,3693.862587999705
4545,3785.614119411272,3792.3925911277647,11.41864415715242,3800.869190937574
5542,3950.026857865955,3955.3589163901424,14.399664875962767,3962.1718386747543
5080,3966.216476780301,3973.3212754065275,11.178405616934835,3982.301795128888
4793,4064.3969991066783,4071.307807521409,11.201012805418522,4079.8740780044677
4801,4068.5015466091195,4075.2407537610643,10.951075321971285,4083.7750526914565
5902,4119.537160711378,4125.031079048892,14.243857756156052,4133.176118063299
5540,4202.359361284861,4208.1005380129445,13.165444858306152,4216.585984426422
5915,4312.415045331992,4318.200484316804,13.708333155707775,4325.421188946844
4544,4440.100983963685,4448.185511614995,9.528294747515291,4458.933241335724
5519,4553.965936141855,4561.097915376477,11.693513243863425,4593.371759565252
5083,4593.71649748344,4600.101196874684,13.463152312243052,4607.4934100039245
5901,4666.591959572247,4673.496802431607,10.143996606483018,4682.753259788222
5897,4756.306590979239,4763.272193345694,10.507048023081728,4775.712958908579
5648,4854.196674065653,4861.229557894721,11.234286485421894,4870.385864398293
5071,4953.805730804556,4960.04033444317,13.23095325341075,4967.271229199715
5667,5025.580665027857,5032.2922102408265,11.549395696228375,5040.701286288422
5917,5103.842033110783,5109.561558343979,13.10822015064349,5135.696768342286
5910,5105.6140977233,5111.306494379146,14.307894130882893,5137.958008021275
5660,5122.997751697917,5130.172417154925,11.01758883287918,5141.771626580875
5924,5204.252717108423,5209.296350481729,15.2223059106366,5223.505616075927
5663,5207.253975088931,5213.56886591181,11.637683082013035,5226.118923629242
5662,5298.841120953015,5307.012504734851,9.823378132895852,5317.212850394026
5661,5389.919390802463,5397.15782518033,10.457547813773498,5406.283714481353
5060,5403.743770081849,5410.114156849597,12.989607885666508,5417.867732517531
4543,5406.227602309432,5412.224214153234,13.68126423219985,5419.754716042111
4527,5409.9857378894,5416.416095761553,11.283318296783133,5424.601869558395
5673,5466.4279135965635,5472.058058971574,13.726886143498488,5480.348915654293
5545,5468.269847621626,5474.111994787306,13.219088933803189,5493.1609525158065
5894,5471.688930116897,5478.048245825341,12.684327693667244,5495.601613345577
4532,5496.032645833131,5502.318230739031,12.250138557813003,5510.076180740347
4553,5511.66410510929,5517.42690185669,13.101480072336221,5524.605560360357
5523,5562.897907109399,5568.196149175395,14.408585707457974,5576.814572472073
7644,5719.603379546327,5725.544219725749,14.771329896908265,5733.93381623913
6537,5765.682283817438,5772.138748487188,10.702542030252305,5780.506630929947
6539,5944.011888529009,5950.066293502797,15.015281909584868,5956.250749798641
6812,5958.110183944745,5965.187922775255,10.712247131611614,5974.09478244919
7653,5989.151037883001,5995.139259808153,13.274385049520168,6003.647335166727
7891,6022.2178389475275,6028.195002844668,13.023488906355366,6036.553447770885
7073,6123.942142074148,6131.054717986759,10.880428167813761,6139.585077757145
6529,6307.619939683125,6314.473194555424,11.064638871313509,6323.18284225545
7919,6382.5451589086215,6388.301977303224,13.505702460105736,6396.350593679995
7640,6458.6291557074655,6464.021400603976,14.385692249471129,6471.9111455912525
7663,6473.157530832656,6480.162799521642,10.045243974028851,6489.168717983184
7656,6552.179309147871,6557.256063917233,14.739317929266878,6573.379319874996
7915,6558.7455548822745,6565.261567418231,11.339715512859515,6575.849329115272
7666,6820.416150052161,6826.245536865455,13.368947601172644,6834.764900708834
6798,6968.888328909852,6974.319995603021,13.665783301550077,6982.605380622251
7055,7023.689702865134,7031.073584807512,11.037950476049957,7040.12785590321
7546,7088.119704021314,7093.271282297595,14.616650591559518,7101.645974843502
7914,7098.776986953008,7105.005940231926,11.796621797134735,7113.68305265989
7907,7253.755700754007,7259.342350195009,14.907536012994694,7267.4144193851125
7529,7255.568301225608,7261.522911953637,12.424611917873772,7293.646708313665
7668,7270.493814758094,7276.439714254375,13.269606175611914,7296.242501007174
7920,7365.144631920982,7371.02446333569,13.192572303584987,7379.66634966216
