1326,214.20142498469806,218.48910770794794,12.961576207485876,223.96057132395032
142,284.27898864029805,288.20634400296365,14.977651810166652,292.40098710008743
1333,293.8103407736812,298.11902257482757,12.839810264483376,302.83401788868065
1476,408.26967882379387,413.35504616816354,12.24428587346087,419.5088641554409
606,436.9263159369113,441.1031644331125,13.681446761524564,457.9767907412936
593,609.5129263400997,614.1859487426009,12.501833115172854,636.8156177219688
602,706.9264734248795,713.1380747417959,8.856517835301808,720.291372661455
1329,755.1010886807564,759.517613847062,13.387418354100621,765.5251465153889
1481,858.0682982705682,863.3960029387837,12.599388299669156,906.1839580430288
1323,1016.2813698919828,1021.2065180710912,11.35824326022571,1026.462506589392
1331,1201.3705574624746,1206.4011254815714,11.394822498921014,1212.8774037157914
882,1236.8077666014933,1240.6280638960197,14.655620546169667,1266.2324495607634
151,1294.9186466942622,1299.5712885722069,12.685862274841167,1306.1945909133208
861,1342.860031468398,1347.4330265712103,12.324229580429414,1359.0368891512576
1495,1487.916865440227,1493.214085104248,11.87306208389928,1536.2468200783185
867,1600.8476786931897,1605.3183613866242,13.11890322690382,1623.132434647243
613,1602.6399228283167,1607.0108631113103,13.41044352898913,1625.4641819598983
611,1695.329098175938,1700.3740466795248,11.481224140742071,1716.5798470410678
148,1836.826639431128,1841.5053809888846,11.624109244824796,1847.7806406234608
1120,1970.1977699624676,1974.3433434857795,13.21380991839516,1983.7336914411565
3346,2193.8883623556508,2199.1253454931393,10.329362815378486,2206.2019081943517
3324,2279.0679259259314,2283.516913293479,12.974409170748249,2288.313010851245
3481,2441.3406667323143,2446.544340141447,12.056858112897459,2451.8594584823136
2142,2466.6045466466476,2471.1130587070347,13.24317595664461,2523.4275216980163
2857,2501.0724941098056,2505.5508635719802,12.888574707092847,2528.403315981206
2606,2502.779011602653,2507.256584464868,12.64225726146683,2530.3588662375996
3331,2634.625353878204,2639.1504321725033,11.777498977063033,2644.1853152722233
2596,2691.348227750857,2696.0325318744576,12.499604579926991,2705.364738893578
2378,2739.9427912644114,2745.318785878467,10.959769772321039,2751.9178076679104
3338,2741.75567247286,2747.184460658666,11.60068254810013,2796.430349686265
2349,2770.031556261656,2774.23406983245,13.805755796492463,2801.748996824128
3494,2976.0430722898004,2981.332475197529,11.077858398312378,2986.914090862073
2605,3045.1184054119585,3050.0431270586832,11.23435491918303,3063.84124570698
3505,3108.014156183622,3113.3992840986607,11.564431757118674,3119.6799634520708
2599,3131.424152785719,3136.3583972839847,11.169298955008935,3153.3025720555443
2873,3135.1450689259173,3140.1126481414217,12.174202520285034,3158.0821742979238
3328,3173.8067599487727,3178.227341971188,12.816763423653795,3182.9583413316477
2145,3267.409925919478,3272.3695026242676,10.914411191815852,3277.7977760784156
3335,3360.329343519842,3366.1619677009,9.411604365505214,3373.4376804195235
3499,3378.1313307061273,3383.5435382454216,11.752649821817112,3423.906123275452
2608,3401.3885840662497,3406.445321702189,11.149428424747695,3429.386679040285
2592,3403.1379587337165,3408.2316362842867,11.011172607704228,3432.0165517694027
2141,3543.7942810345826,3548.11626015283,13.579281759475359,3553.796734689421
3493,3655.3517610309923,3660.4413767717383,12.025244079223173,3699.568727881541
5331,3812.951493686015,3817.568961929472,12.627410045636784,3876.364496901969
5324,3814.752963290102,3819.3299750179826,11.021235424338435,3879.1691512647426
2604,3944.4654598725974,3949.268114990924,12.434803428765115,3955.406814426851
5330,4082.79158062835,4088.313635259523,10.606340881461398,4094.7819856073593
5334,4085.1358392905026,4090.2685250976165,11.300933682321595,4143.5043614710685
4886,4098.979534424535,4104.284538676584,10.749150658402746,4145.835594805516
4869,4118.395423576803,4122.573169030295,14.079400883162869,4148.012126692253
4601,4120.208506142884,4124.412304628864,13.91040910577709,4149.888426435763
5333,4174.4500300143845,4178.517947721841,14.103860515269723,4183.986193467801
4863,4213.723438653699,4218.396017217209,12.122960993632287,4238.000855276781
5337,4348.119720090007,4353.03983791994,11.544133127973675,4358.239039975916
4621,4577.128030756509,4582.525307435688,10.752057661457728,4600.551297614662
4372,4630.361816872484,4635.39157314724,11.164169852402674,4686.02859395075
5500,4638.15959077159,4643.481283138654,12.558764564118663,4688.393941490165
5501,4818.0605115748185,4824.033907591905,10.163224406766656,4866.40661130978
4376,4984.07953570725,4988.497749870969,12.365907207047531,4994.508922300861
4147,5335.427555654961,5340.27369912543,11.556157817764712,5345.3893618566135
4872,5558.694210072302,5563.042946599657,13.149221700433179,5568.989072806683
4606,5563.605778332223,5568.015345251873,12.885629708029489,5583.057306414089
7488,5583.560733685395,5588.0041606047225,14.75678192047419,5592.209907388204
4614,5651.379757174427,5656.031026197889,12.842308070147832,5678.35120419235
7336,5708.533790928942,5713.47566224336,11.116319386803458,5719.784718978615
7492,5764.192726424247,5770.24998442414,9.906780201047793,5776.740086670332
7495,5808.163311434631,5813.102105652958,13.207312744373365,5853.42195893335
6596,5920.159713529425,5924.416486157223,14.216029924871307,5943.090463827613
6857,6196.217776454657,6202.1693204506855,9.345986683998543,6216.390554686217
6854,6285.5120059162855,6290.420375078303,11.358600778467842,6312.3002641480225
6588,6371.006256453018,6375.462822170576,12.232008714608689,6393.600373223964
6615,6550.317771529699,6555.055290812944,11.654384073858877,6573.141730259962
7337,6604.6720221639425,6610.311388897135,9.77035525667231,6617.379812440958
6616,6732.984126640885,6737.535836903913,12.69924603085132,6760.05127533876
7474,6798.147048759247,6803.552181704175,11.978287128284373,6810.250374905557
7338,6861.70694567631,6865.525656104833,15.162733352749887,6869.564891336309
7494,6888.239592436111,6893.400348713168,12.608961987367652,6899.618851869862
6603,7270.400663843342,7275.339715790064,12.14602678759612,7293.683003278627
6597,7362.169207144919,7367.307311905429,11.737994400724551,7374.09858383606
6610,7449.58179505094,7454.156553354188,12.356809099578584,7459.871605302839
6601,7540.770866962459,7545.520207244104,11.662827034873963,7551.862950897102
6586,7544.40446971071,7549.171030007268,11.488261895325703,7565.723085330535
6874,7546.56177520528,7551.504890644883,11.749072589217214,7567.947390856498
6871,7548.343922401133,7553.351235600066,11.351342306958399,7569.981938938614
