1941,14.0,19.324869492159067,14.129734705246666,24.888608020639687
1915,29.0,35.29998853388709,11.538306261647117,41.68452517459029
1896,39.0,44.44577774177132,13.357330421991081,50.09010253149247
2001,147.0,153.137323325154,11.778852269023186,159.4181475760261
1884,443.0,448.2867355837928,14.66753698664222,453.9424066256445
1904,877.0,882.3960702354117,13.681806881290358,887.9551340357958
1985,976.0,981.5971581161544,13.632432624887764,987.1430417768031
1795,1011.0,1017.470120388843,11.718904167750255,1034.10155250496
1903,1331.0,1336.592012253779,12.947174563814409,1342.4480542659353
1820,1365.0,1370.520739399043,14.38790765014049,1376.0837757695172
1758,1412.0,1418.472026949112,12.175578433503524,1424.9815795207883
1901,1415.0,1421.224939495218,12.538755706370347,1427.6911413753
1834,1586.0,1593.4174925483615,9.488048850243224,1600.665705807821
1992,1600.0,1605.4254996754287,14.41314982979937,1611.2291090541112
3840,1830.0,1836.142204074089,12.104229211679426,1844.83413897715
3822,1957.0,1963.2587484373387,12.18916656765711,1969.6682198133622
3941,2006.0,2012.2472433591518,12.131735119997165,2018.72954471936
3907,2076.0,2082.2551551007873,12.520044032165861,2088.406184461836
3855,2161.0,2166.610767551524,13.662668021597685,2172.118766642001
3880,2333.0,2339.3068416053375,11.223863622902284,2347.1805574685486
3807,2833.0,2840.092263513584,9.73338296627756,2847.155973015945
3795,2864.0,2870.306607949896,11.761719484991627,2876.810443615674
3919,2912.0,2917.4558311813885,13.84300928751781,2923.085282596858
3958,3374.0,3379.624915788284,13.457606583234083,3385.6735759835155
5850,3824.0,3830.1231460461277,12.798288443739366,3836.0980189888037
5862,4033.0,4039.499781792289,11.236841748552433,4046.0528223841675
5812,4085.0,4091.0117031281725,12.643924080241383,4097.125397355665
5879,4509.0,4516.444644129453,10.122822548188426,4524.029471112755
5802,4618.0,4624.188964786976,11.12662024387212,4630.774050223224
5838,4960.0,4965.328113880198,14.01085157815879,4970.883803668273
5933,5215.0,5221.081532461199,12.615881025770001,5227.091935268751
7760,5541.0,5546.246693421008,15.245682391984971,5551.711687205891
7945,6058.0,6064.2433523139025,11.925536171071254,6070.741458839516
7908,6598.0,6604.27676017792,11.895250101872275,6610.7767374659
7877,6670.0,6675.082588227958,15.356709973054544,6680.663929089977
7861,6742.0,6747.313535168464,14.18374892951809,6752.951011931002
7949,6875.0,6880.283370940073,14.10889296990054,6885.903513112818
7987,6901.0,6907.371019456059,11.253409073214403,6913.755732100988
7943,6983.0,6989.00112732194,13.020300987923173,6995.006185327825
7858,7061.0,7066.544385599405,13.490706863113331,7072.056680629141
7780,7117.0,7122.321380422957,13.900270993282083,7127.964043173226
