1201,95.64935911380131,98.24507919188319,12.18581522516922,102.33383762497712
127,138.82886447993386,141.41779432711053,13.522963109262502,145.12528514061387
130,154.8505713632962,157.19668890085285,12.315859412881778,186.4034537170696
317,338.49208716331395,341.07213256675846,10.967379998451822,344.68039118498507
310,514.06840699181,516.3579424612565,12.39539275278046,519.7315262146872
833,633.5587784784809,636.1414986414991,14.065577825854719,640.0828211022111
370,783.2727172040672,785.4391639540479,12.97464316364969,788.9328233307263
580,813.7964976601899,816.4668048297756,13.382214390224076,818.570211675557
351,1508.6464226044175,1511.3676833244695,10.162190667408966,1514.945646093144
356,1512.084723082183,1514.1257050040253,11.201607302749194,1566.4543277863963
340,1781.1170635380959,1784.006925780848,9.879753453329108,1786.884512744764
124,1869.1880601558896,1871.3267026022875,12.985022357243219,1874.8651652094688
3323,1983.2084738424146,1986.328725367397,12.296437398949937,1988.4158124934747
559,1988.8686250860408,1991.2714486260886,11.2911388906648,1993.861097049069
353,2047.4495244031011,2050.2592297846213,10.36615484171669,2053.0755208504756
2127,2208.77033820408,2211.297983791009,12.032951729034597,2214.8707974868416
2585,2253.764830859769,2256.454749700198,12.028166152806538,2258.8808302150446
2837,2343.730482418107,2346.3927746183276,10.993421656883573,2349.8932898094404
2128,2478.8099832231833,2481.5177373570214,12.868912558085611,2484.7742124601696
2132,2586.6419128826424,2589.2702703362493,10.604326991949511,2592.9505288412133
2319,3123.018161629382,3125.1566495562147,13.586498168805472,3128.521074873806
2358,3302.2831022496975,3304.268857429603,14.17111455922516,3306.2615568281158
2558,3423.605024430288,3426.1380142601133,11.627780685545806,3429.7828335887543
3314,3513.2092354814663,3516.417444407128,10.19279782406473,3519.884150627918
4120,3759.2011565248445,3761.117387429527,11.031481445788534,3774.2342361216683
4308,3848.7020377587396,3851.373473666934,10.246418095086135,3854.168028931219
4839,4143.555077387099,4146.365502694055,13.055447703746783,4149.8964649949785
4336,4415.405402734195,4418.254623317901,12.681442593975802,4464.013821210001
4121,4566.803340351305,4569.244275535811,11.29484175063769,4602.116316979667
4315,4746.689031451158,4749.384190166487,10.513457773023548,4752.059363392211
4581,4775.775098460068,4778.430425043517,11.173233809356121,4809.5332182631255
4129,4818.775191131388,4821.506840543283,11.27358778145975,4823.9620165929155
4330,4955.545244595862,4958.41816497528,10.46611327115323,4961.073270576796
4122,5015.15250770272,5017.351146999825,12.368793221614391,5020.325687841211
4127,5192.974410748067,5195.046090849022,14.156565753336626,5198.17948874614
4564,5405.240006471182,5407.271557726309,13.946129488048388,5410.569144457022
7201,5422.3434894981065,5424.609115724545,12.849873886034112,5430.338101037972
4310,5464.852446121992,5467.27057427783,11.914440277615933,5470.850913144343
4846,5588.128164275751,5590.439286296538,12.73515291188515,5637.470252919875
6583,5852.660036908114,5855.401862933252,10.068601355521665,5858.199545905786
6325,5912.56677701555,5914.440843547623,15.284914006677491,5916.343435550168
7192,5943.172357905924,5946.083689148648,13.26893270172959,5949.758431184896
6555,5945.687306005453,5948.1088904253975,11.458927302241651,5982.011525415873
7321,5970.042260847234,5972.236804380762,9.135538162563632,5984.385289107161
6314,6184.915229940745,6187.199921499748,12.21414383326553,6189.549753311876
6342,6361.302576385109,6363.1461175999575,13.49069148134263,6366.414540714453
6133,6368.917584715717,6371.354626961469,11.229743228800341,6396.179502039037
7313,6416.387452399972,6418.363251083496,14.280947803651161,6421.617659227361
7317,6482.641558519019,6485.53144090212,12.188266136314358,6488.793368767742
6322,6485.287221292594,6488.200983883343,11.291538865931306,6534.607784231539
6360,6547.818304928687,6550.443536752909,10.741337084351741,6603.51139842682
6563,7116.082618253881,7118.532331018038,12.671196901831285,7155.131895388701
