234,183.49249757865968,186.06546096146172,13.761575567755209,188.07088665515738
85,273.37750532733736,276.06465499663125,14.6237550242557,277.9688134925593
1214,590.5637799708236,593.4617722632669,9.651552751234775,633.2750239276222
1216,798.6595585920973,801.0579331547823,11.953473441898872,804.5270332880866
255,813.9303402943717,816.6069508842788,13.212441357660817,818.8416413846423
229,1019.7869576809348,1022.2364504551524,11.451447713676552,1024.6821947966519
1225,1040.4109755297206,1043.2405154505343,8.137441307227629,1086.2290565750902
58,1086.173622173987,1089.4135204834151,9.443149007759201,1092.1485456640257
31,1173.4903762115334,1176.1117276836972,13.965785667722841,1178.1763277565983
1550,1218.0099069132345,1221.196006784257,9.775517914416834,1224.7267858632724
80,1267.018638529895,1270.265719621778,8.75045369007141,1273.20399318132
1221,1515.83027170941,1518.0146365018265,12.75866854674832,1521.1153555820079
235,1649.1541365733883,1651.4892250566197,12.873806613085815,1653.8083549438063
1547,1974.3424645580326,1977.1296246732393,9.954114436479509,1983.5907117802944
1219,2030.0968347156127,2033.3190771751483,9.004652136106612,2076.268058140736
2051,2596.3280548546873,2598.2342867058437,14.670532058199585,2601.4871532699954
2061,2613.888885481818,2616.3912731741575,13.936489273141039,2618.2834209426564
2240,2883.828644142874,2886.4481931908363,12.217173098854166,2888.6594786972228
2247,2910.3443350746443,2912.5884594287872,12.759146757101325,2914.7599355223883
2038,3153.576650823046,3156.3662606640914,10.59487243833321,3158.917905004924
2039,3198.0999176159535,3201.030222560596,13.557453063075604,3204.179791618651
2073,3333.564209613975,3336.402132262853,10.928364634006767,3339.0189742276416
2251,3603.6153994168044,3606.210901512268,13.51084205256691,3608.322691134658
2087,3693.5984618109283,3696.29662481891,13.81429035789079,3698.2155822833993
5375,4131.351966570741,4134.0083452800845,10.707683170432203,4137.686303722742
4071,4233.564968375307,4236.056897285056,14.868915141274273,4237.956005331105
5223,4310.693860424907,4313.127447094684,9.71989660208239,4323.801087241811
4261,4323.615938434066,4326.435665478487,13.033273033810389,4329.584975517112
4208,4348.5319441253105,4351.050141206859,11.112196406968543,4353.521580112124
4080,4773.820387644772,4776.578532802595,12.394668722619066,4778.848428886199
4087,4953.3656791402445,4956.077892988484,12.415442857415167,4958.367026987976
5376,5027.241371689799,5029.542103112015,13.178918319065453,5033.071850984957
5228,5117.138307891759,5119.498978639623,12.121979688938676,5122.886830466354
4091,5403.618028124022,5406.332157726403,12.86215050739442,5408.654962102947
5395,5552.10291570549,5554.372973870005,12.555582237188586,5557.805077388604
5549,5566.014523421859,5568.159297144076,11.456939211885098,5583.63832443109
6054,5763.533821615341,5766.238258995576,12.026410074785348,5768.439580038866
6230,5784.935621971508,5787.1294839312795,13.790363436716843,5789.130356544537
6265,5853.98301087557,5856.601640916376,12.616639856326545,5858.889795120061
6030,6033.727018453584,6036.578644923931,12.337816668911598,6038.965004676906
6038,6213.563151350928,6216.3632315232235,11.527535191917154,6218.742167605913
7540,6451.888908695637,6454.078216102319,12.367022353443907,6457.91387996013
7374,6561.762729119174,6564.155618708152,11.913597091214788,6573.009903574463
7524,6632.201378256264,6634.4175962784675,12.186280558553461,6637.659472724872
6040,6798.087303772055,6801.080351100256,10.95035925989727,6804.960916869129
6048,6832.349585499303,6835.086613110832,10.046616216213273,6843.23848511565
7214,6888.074973277886,6891.37550908007,9.585182078027303,6894.9267822279335
6237,6933.604363630475,6936.4353324263875,9.924319068338907,6939.147854309041
6082,6935.52331869619,6938.273451729663,9.890445569603777,6941.071537485744
6259,7231.494335634931,7233.536449057287,14.396134892439804,7235.496830606544
6223,7293.957551918248,7296.555855092697,12.360022946584126,7298.783624966445
