1022,56.31375263188216,57.0036297909153,5.978792060720865,58.778924235658934
1778,117.44741406866494,118.02929100049298,12.224881175320778,118.61411948715104
1899,211.6473782405964,212.2393386456816,11.700832602588966,212.850360014858
1027,279.08665172921394,280.07541483635526,8.787416636983583,280.88901672331343
1795,302.6941969328453,303.22065934237247,13.63619340968066,303.7449595295686
1048,332.5103516963318,333.2607765996887,6.842878949430446,334.8137464285193
1941,478.7106283351778,479.2959767597918,12.267050048926183,479.8787948561412
1913,491.338298975131,492.0360194141066,6.069896178099295,493.60389492465345
1003,635.949092723801,637.2231304076028,6.8730425761720895,638.1962815831128
1780,662.4199634729489,663.0795888838154,10.337525278660147,663.7711914254891
1889,666.5096169753301,667.0821980912049,12.383218580098676,667.6595486976803
1760,749.8501221348996,750.381872878185,13.81688737819162,750.8993163921723
1080,815.7879396781599,817.1815498651001,6.835062996885125,818.1888646293569
1791,846.5421197737163,847.043669459311,13.794346240149608,847.5619585201241
1019,910.267000506776,911.0091222171044,10.268696970639073,911.7053603842038
1875,937.2110410797828,938.0169203021725,8.337057389238524,938.8744721245416
1763,941.408262142113,942.2023601833732,6.972994223473369,943.6298315186302
1870,1032.4801393928344,1033.2568343455403,7.167088144554684,1034.6835638370414
966,1085.8354595276871,1087.0570930666856,8.166497296517376,1087.9325551525405
990,1090.677688218545,1091.389919954317,11.286541613553634,1092.0221490081751
1040,1092.558987979432,1093.2159382547397,11.688303461159531,1093.827614601191
1832,1112.721584687903,1113.4172759776172,10.155548678145278,1114.1165423288717
1907,1114.5465530102354,1115.2338165735048,10.796042287381756,1115.8960461727436
1762,1116.4726681248458,1117.1171951125,10.053633679049309,1117.8283269266853
1905,1118.376215483851,1119.0582752626854,10.918555698062812,1119.7130742081729
987,1180.2599300124907,1181.0755495697956,10.707836531440451,1181.743234282421
1892,1197.8585326559976,1198.4249281055215,12.94745139626812,1198.9771185357863
1769,1199.7852354920606,1200.3259092248193,13.574386567914496,1200.8525966534974
1893,1288.529624538662,1289.0687290576477,13.895476814829843,1289.5832460369936
1904,1376.0936031132026,1376.617616806133,13.764421302609714,1377.1375601654768
1759,1381.918493762599,1382.474536937603,12.891756912306427,1383.029008907873
1016,1414.0062930001413,1445.0190774071793,5.468169370098121,1446.2403037545141
1869,1453.555577170161,1454.2010865567042,11.549513873066799,1454.8201133690802
1774,1472.5652762254174,1473.1405236389044,13.29156981961358,1473.6784178721941
1037,1625.9454849854621,1627.035338538395,8.278646286795363,1627.898940932997
1844,1678.3071284321184,1679.0218344674315,6.183558059708386,1680.61341337481
1011,1722.7194047805942,1723.384538537482,11.406141382496214,1724.0114071460766
1057,1724.7660888246999,1725.394017133963,12.184138616363372,1725.9808012294536
3070,1954.5881263993156,1985.093398123645,5.57976881676069,1986.276239511128
3918,2007.6392610293572,2008.1293766716628,14.851353841736097,2008.6107778175465
3112,2037.4864668102464,2038.2480891734874,6.851632051563668,2039.8494706632173
3903,2096.00557995159,2096.5128182683666,14.219637987263877,2097.0157572219346
3907,2101.844380619964,2102.4135761240623,12.53710975299698,2102.983839837007
3028,2128.361029617126,2129.052653170968,6.2712995976007555,2130.68219005485
3785,2187.630918425817,2188.183059839825,12.65263413762592,2188.7481167820847
3794,2197.6487210755836,2198.26614490432,11.340427759611183,2198.8965848585162
3066,2255.734431964053,2257.000370816815,8.421297929122217,2257.8493443144293
3773,2373.6258444880978,2374.2351385958273,12.021408735943437,2374.829865795807
3873,2462.7432831904084,2463.4525518757277,10.167046734135832,2464.147353283693
3791,2472.4325284472984,2473.293552388337,7.13712376147536,2474.7125544244896
3799,2546.036347461039,2546.5274884164855,14.68569289090527,2547.015332286144
3800,2550.8873758036084,2551.4526859633597,12.805613051214454,2552.010503435865
3956,2552.6927869659607,2553.231209377802,13.774827818043699,2553.7502328350656
3775,2640.5778005421507,2641.148765115876,12.30780829264027,2641.72965316575
3029,2667.3408232935985,2668.012318411358,6.3238733189788086,2669.495366373245
3786,2713.4402481424895,2714.092559129919,11.275243792722655,2714.7266437571584
3909,2727.7584184034636,2728.3182755691982,12.751187798055463,2728.878965198319
3009,2796.0401801389603,2797.2928936754834,7.230099330298729,2798.2337800047867
3796,2824.8413971717764,2825.497395963994,10.988442861340369,2826.1486156147294
3833,2826.8935104882735,2827.4951910919685,12.136503691654942,2828.091391835562
3766,2828.7333787159373,2829.345905557955,11.002182111764318,2829.9957274464414
3904,2911.9799378536604,2912.5539993697316,12.569156744578862,2913.116241998728
3783,2996.9138343116347,2997.404684733349,14.7159774807916,2997.890514421976
3765,3002.367747889195,3003.0015276278946,10.792915723992552,3003.6639490661946
3033,3026.3349336860774,3027.0346560468042,6.030887480560013,3028.647549362877
2961,3044.285423692249,3065.0027808939567,6.096423323236751,3066.1520166058517
3779,3094.366534369467,3095.019810634976,11.765899083210297,3095.627453001001
2968,3156.027570793446,3157.2934752453057,7.365714718132611,3158.2280405270594
3041,3248.45109833097,3249.310258727214,9.311688804115937,3250.0665523283915
2994,3252.7768256539707,3253.418286011219,11.752328043171524,3254.027133923847
3957,3270.6463212044605,3271.2202903146713,12.436275208659685,3271.79517778197
3931,3272.640167777963,3273.238651878827,12.415670494876604,3273.814493413949
3061,3339.1936198282333,3340.130977852772,9.0430235622094,3340.921582754789
3010,3343.3476194778564,3344.022350367564,11.144647463506201,3344.6638653890795
3916,3369.864203422002,3370.436055999005,13.176045972434462,3370.9786663369086
3002,3425.8021462938004,3427.140054059655,7.774667591487028,3428.048948454735
2962,3432.356815278738,3433.015594138204,10.484958122836614,3433.6974718027195
3784,3460.5982833354497,3461.1668626765677,12.926761519437822,3461.719936913033
3072,3515.83226435289,3517.0718176313926,8.249401666592492,3517.938481547915
3044,3518.1727585827393,3519.1487677987247,8.521424108287771,3519.9877659129465
3813,3538.922162649867,3539.4949701065875,12.639879927972009,3540.0593086478157
3780,3628.5904481036387,3629.1765642816426,12.301262345749544,3629.757761443071
3876,3648.385038276225,3695.023205881377,6.4537391477835095,3696.1004783118206
5057,3702.8856681267416,3703.532622081545,11.45380948538518,3704.1560743494088
5078,3706.9221826837097,3707.5593876547855,11.381429234744996,3708.185507959085
5795,3719.432069206567,3720.029844526096,11.541033390741946,3720.6493262063996
4993,3793.1959257546696,3794.06246435927,9.633960148180067,3794.8045744206956
5899,3815.5185221230367,3816.2840478470125,9.35452856156205,3817.047129524712
5798,3828.3946462181043,3829.112480734077,6.253047352031186,3830.7991740456036
5111,3876.0741228856896,3877.2912768812594,7.496151274610008,3878.190074824013
5103,3965.925551351857,3967.159237286473,8.10466891759302,3968.039092659872
4965,3970.4471926230544,3971.2320698977414,10.37728663657263,3971.9210225120155
5869,4006.472969418689,4007.227887143926,7.062749439960364,4008.645177000498
5005,4056.013778205817,4057.137084626385,7.266491756234829,4058.1055250767863
4984,4150.317381420587,4151.100155484982,10.443672046313377,4151.784728758216
5915,4169.771859953733,4170.3993829687815,11.591171595657881,4171.016814527751
5785,4175.908741923288,4176.492631343728,12.484275486013933,4177.073916464334
5947,4177.705271052888,4178.306666171554,11.62526469830706,4178.921659373246
5887,4262.934486254746,4263.551695514145,11.780858658976916,4264.17692345281
5810,4264.700600769336,4265.349282321156,10.121286100538807,4266.053147844128
5029,4288.396178636095,4289.088008540373,6.498055479318451,4290.578165395938
5002,4326.051923081032,4327.283019450228,7.019360906149735,4328.221861572236
5864,4348.544124689673,4349.115257489127,12.199274198351437,4349.7013135643565
5780,4440.618015215052,4441.209700803977,11.9538140597961,4441.807790980181
5902,4446.490632113402,4447.108477218524,11.576179579219781,4447.726078103895
5914,4525.536497983899,4526.026135114761,14.963809874762935,4526.503918434462
5917,4538.474660380268,4539.078966188894,11.441122832538685,4539.703857544574
5773,4621.647859262411,4622.192124600334,13.613169631571783,4622.71731152967
5908,4708.97253672193,4709.574644453955,11.991189901435652,4710.161479670817
5952,4795.115984042,4795.618632112758,14.349493527264167,4796.110716938049
5783,4812.4932991237665,4813.240625086744,6.777419053505181,4814.879441466163
5894,4990.806735582539,4991.3400652532855,13.410933289863841,4991.87317198067
5770,5072.598968713217,5073.176894721129,12.776285303348422,5073.7364829416165
5830,5078.462135451164,5079.025914361727,12.086757638778394,5079.617426078186
4981,5096.365406635015,5097.11239683768,5.9472049713503266,5098.6665363526345
5006,5136.002829256289,5137.188225182766,7.901693125613623,5138.07735894762
5877,5160.896271946613,5161.432322680925,13.338807024870006,5161.968312049689
5892,5255.032012876082,5255.600105347681,12.69642813171644,5256.157562108215
5793,5435.387107606854,5436.072659226426,9.771054015981486,5436.804357029513
7866,5515.6696103463955,5516.16008227773,14.966049330515002,5516.637794103973
7000,5585.7616865086575,5587.056551475716,7.991412265967941,5587.951194189594
6972,5588.170575572335,5589.041334376889,8.914721663804018,5589.843317773226
7790,5607.705342939415,5608.208391556249,14.84436532709167,5608.690019338898
7917,5684.760447938377,5685.345070911387,12.24729473332451,5685.92882911375
7953,5697.594205178017,5698.139677924118,13.086698402639268,5698.685992856836
7876,5702.912218861088,5703.455777100182,13.332781547188201,5703.992008698369
7778,5711.4890305265135,5712.197091111175,6.939212143106851,5713.646890698151
7862,5766.050577846929,5767.183146229988,7.471540426294324,5768.106762965901
6955,5768.464520663159,5769.327768582135,9.40492085804216,5770.077581965498
7050,5770.571262394794,5771.33345236918,10.621575941983822,5772.006876116464
7881,5786.598102609022,5787.120959252595,13.00042865954563,5787.670899484919
7788,5862.470939747433,5863.043213723052,12.680546562489564,5863.607026861713
7872,5877.828237378541,5878.336971800379,14.114199851993831,5878.843515482083
7803,6056.071571987635,6056.567777404777,14.535805109508997,6057.061813597484
7049,6126.079865007601,6127.189255547919,8.35094438583436,6128.036383362312
7827,6239.647025878848,6240.146206219712,14.955448787486343,6240.624256651962
7784,6416.049936936525,6416.53187490715,14.966127753882331,6417.009870038342
6994,6671.137500070883,6672.034280989361,10.474930504961181,6672.71681141321
7062,6673.276769417073,6674.073577304531,10.870564521352879,6674.7312670448655
7025,6677.045351724875,6677.582477054201,13.428421346053272,6678.133572399272
7016,6755.935634101931,6757.159368448258,8.123404949515816,6758.033693439936
7795,6957.707910133036,6958.181910357766,15.79862022129239,6958.634447266509
7040,7031.373876134787,7032.164809986239,11.171056747234324,7032.804808414239
7041,7033.627253855984,7034.350766383268,11.146298377875231,7034.992186387915
7785,7145.79829370259,7146.321492178801,13.76820671423386,7146.840765233435
7793,7147.583992885769,7148.115246794504,13.255413150350126,7148.654608236976
6963,7168.3194789783465,7169.087965206564,6.475436509256313,7170.629549647578
7879,7235.479411942103,7236.067666974941,12.51165029168712,7236.639091094914
7874,7316.842248009295,7317.344471951234,14.444582271977866,7317.839429757747
