246,290.12042411915854,299.0593135570218,10.683899547377358,304.46792043680176
165,400.69176736815734,409.2550781952203,11.923339189986264,435.2956846110511
249,468.87957513066686,477.055110660313,12.03273858340312,483.5772344806463
234,475.079643034823,483.1594044783875,12.321624047356895,507.5145104439037
76,577.6346547036562,586.4278668195316,12.10365744431744,591.6103302300554
509,579.4741008063779,588.1980449790794,11.705416561135314,593.478614074603
408,581.5316624665824,590.0738891288543,11.266283823172193,596.7037686009853
485,588.212525958945,595.3422015197598,14.475667158773177,651.6895458167929
99,702.8343578902613,711.2385699317431,11.955562486521968,725.3869944130751
84,704.6405219597219,713.0361439126193,11.730310537441863,727.7800427182374
266,834.2878684900544,843.0482465757094,10.949969414803627,867.8388855239785
231,1015.211121714393,1026.121509500829,9.112107964239167,1033.8054568371863
233,1115.6007532013803,1123.5336449193962,13.163252118374526,1129.655376750848
245,1117.3548096993554,1125.324991728918,12.267610035755716,1155.2391088337995
242,1237.5321149315096,1245.4785449402214,12.21727610550271,1299.7671966928576
251,1475.0072890512424,1482.5750141047477,13.403772569017045,1488.9383101422789
262,1479.3039371009343,1488.0705393151338,11.101935867502487,1517.6758565297462
499,1594.8656631010463,1602.0339023815322,14.105673220276065,1607.7921618450903
264,1775.5844504493825,1782.2796244824335,14.910856719252417,1787.565561641813
2236,2086.105730986592,2093.3391839376277,13.854070748301776,2097.656007571626
2071,2137.6897578951757,2146.0405948255166,12.133774578488216,2165.504896338018
2264,2195.3881877859117,2203.2468043355534,13.410109250993644,2209.6295516036885
2258,2197.2769164164574,2205.0661477057074,13.31233531329307,2235.3381294591713
2469,2201.5997499698597,2210.2675720030466,11.680089330921396,2241.8209608938855
2222,2450.8445877015924,2459.3615052238547,12.079571426637138,2464.5127959599936
2084,2496.904878149408,2505.196664296713,12.068256211949194,2523.769569308466
2242,2734.870299132434,2742.532898401962,12.984572376633677,2747.168356125521
2261,2812.7595240101036,2820.2709430047726,13.7975661668454,2824.8343368987476
2216,2855.3932593899785,2864.0597612830024,12.152977772621881,2870.2951576924247
2227,2917.677140820349,2926.3133341838166,12.122025130633215,2955.7138613447714
2268,3094.6248323714485,3103.199768700055,11.350681141239162,3108.5839333330587
2247,3096.942811122444,3105.0541695943934,11.491568736136543,3110.4146700764322
2235,3176.669080594782,3184.3195720262224,13.186695985559616,3189.8956158856154
2266,3215.1397060118748,3223.377400461165,12.559070576184203,3243.2753611208136
2229,3217.4497909085785,3225.3598241857276,13.267665771148986,3245.7225944421084
2256,3275.503019234841,3284.4897396239267,11.333903927986547,3290.8589370437226
2475,3277.315327110517,3287.1010460890275,10.761066475211248,3317.2506257192326
2097,3397.6981492749865,3405.4594509985586,13.527119767427836,3459.4186608269747
2187,3530.8842273502105,3539.5297831022863,11.067605631459447,3544.7427263314544
2250,3713.806590362995,3722.034080069123,11.693523982394808,3748.155211215868
4265,3754.845813569234,3763.096990935018,12.427625963725673,3768.9638717702987
4097,3877.4829765540794,3885.047843085913,13.571745775417426,3889.5609648325126
4251,3888.1591159559375,3895.44273015937,13.981911333212567,3899.941896007172
4221,4072.7864451850896,4080.409179596251,12.832991305437456,4107.419411326358
4110,4121.652248363969,4130.07172925688,11.528740013069847,4179.092899037439
4231,4246.067934146162,4253.5797274914985,13.880081982740116,4258.08755734152
4258,4295.435869404864,4303.299376063315,12.866948707558644,4309.5816449617305
4248,4537.5650537758165,4545.417878855718,12.884963673001366,4550.150928335468
4246,4609.043006271148,4617.294391057355,11.55719753693564,4622.370174558404
4269,4714.971108864177,4722.591743929658,13.498676856853042,4728.262651778797
4267,4897.368046673879,4906.230375661705,11.910288096839725,4911.554843607118
4227,4899.278754818167,4908.018510154146,11.218272212206383,4913.40267521748
4259,4967.7888792195745,4974.35586039809,15.148902889403992,4978.388223341748
4242,5328.9894184352725,5338.229528723674,10.0832556727883,5343.92172061618
6266,5555.500646484185,5564.049468559881,11.260113463399936,5570.982646726389
6261,5619.683065392496,5628.159869910349,11.325513186536943,5633.400525053845
4264,5690.985275480193,5699.454992713991,12.241026410367276,5704.718843411421
6257,5735.0025711049475,5742.436238755901,13.620427176997499,5763.263619571139
6230,5794.866873797769,5802.235666067458,12.889812456036735,5807.973764472243
6253,5797.415166130341,5805.0030106392505,12.706030790393479,5836.920809831142
6188,5915.135359087486,5924.1873881261845,10.43746216632023,5930.643032697583
6224,5917.187488294549,5926.132593799921,10.346900826994732,5979.41594253642
6246,6050.162896593026,6058.061938358498,13.143891699754674,6062.818348519311
6501,6457.308222095123,6465.107683291257,13.355722954824124,6483.664399146941
6269,6515.481076454392,6523.224576918741,12.875087771424294,6528.765614243619
6100,6575.354463871434,6583.050420136849,13.028683696188555,6588.720456423977
6509,6635.45563555108,6644.4847763438265,11.212300196173715,6650.881444833286
6229,6875.748869617863,6884.12604134625,11.470916944326088,6890.562401289194
6440,7055.604131560801,7063.021432049598,13.3828232336876,7067.435471445364
6091,7129.294660913333,7137.501808445718,12.060215139352906,7142.495152245342
6495,7235.537081920733,7243.3016518872555,12.97847502288948,7248.952164254008
6254,7415.055379877847,7422.226952701565,14.658747953296166,7426.281043162111
