1022,113.46133826144339,119.57065274890924,13.521927533101612,130.10556107127897
1015,242.88383776122734,250.00013104330202,11.515297651484211,260.65181937720354
1607,288.9832200148605,296.39160162751756,10.584958940988924,308.5615079902938
1593,427.4197687432177,435.0203461598264,10.93876499010566,447.8215708230367
1594,598.994645468552,605.3213678495098,14.199470126030139,614.4367174929052
1003,702.3330254085399,708.218514250003,14.05664767330279,718.3080408821618
1032,839.582130686539,847.3523605403518,10.13838832160967,859.3176749119195
1039,847.6761242053191,855.0119628963766,11.458089853052943,866.2594606643082
1034,969.2435312497729,975.4930111280133,13.033154057993984,985.9093556714269
1019,978.9253845453288,985.092868509381,14.088357750627594,1037.773302020873
1040,1163.1379175888455,1169.5619334295573,13.826888822944396,1180.0668215386959
1601,1198.4889424966593,1206.070695811545,10.373668968003631,1220.577706125754
1016,1502.2999426410486,1508.4355307818248,14.660239096566636,1517.1933963619701
1001,1560.0262698394088,1567.2875284431668,11.776186146765983,1578.2858854246435
3028,2218.957472091979,2225.440161120145,13.455211390148474,2235.2218969343194
3591,2253.180238390434,2262.0420857190265,9.711896624886718,2300.614299611005
3602,2255.076654470179,2264.0887426906393,9.689735277757315,2302.8032672960103
3029,2746.8171789487683,2754.184407885014,11.769487323252932,2765.3155539650884
3009,2822.1881252563185,2828.5526419208522,12.951787526848614,2839.0588955640965
3610,2912.7588847707616,2920.2502495055573,10.37506879020894,2931.928301050666
3588,2974.3241897360194,2980.518891668001,13.323472245857056,2990.417105857021
2997,3210.6404208859917,3217.5681438934935,11.7844899129664,3228.2979021430133
3421,3324.0084839979722,3330.3598361710124,12.444275808174872,3340.841283710134
3611,3702.84533730093,3709.2413383866688,12.731974438064606,3719.7951978738874
5842,3937.183788354267,3944.0873674466798,12.150501058869654,3955.5578290483572
5599,4032.8613826034243,4040.086944035757,11.615314515796506,4051.622943281124
5022,4266.693942174289,4273.136283039232,13.18141195695746,4282.837556419755
5420,4369.758240791572,4376.0694477163315,15.016752520440466,4384.555592988831
5002,4397.025062526515,4403.137115433859,14.68857562419051,4413.041726577174
5014,4463.071874662229,4470.193401778703,12.370304603591928,4480.845843624554
5024,4663.000709951631,4669.2788994950515,13.927385733597724,4679.6300214373605
5430,4709.093991187823,4715.57799566095,12.505256075864168,4730.990642886916
5045,4936.003072797846,4944.203963241373,10.435979053957595,4998.169942422223
5602,4975.0043472560355,4982.066197414805,11.983631880702077,5000.7697669163335
5006,5198.371087332805,5206.124854475336,10.278618795646597,5218.765061191734
5587,5218.9591951828115,5225.0106590793375,13.90922807068324,5268.013067141049
7613,5680.485959051905,5687.243005478569,11.766359987528897,5717.942051860121
6993,5732.101273927091,5737.484785081568,15.80347529828495,5745.7181370026265
7022,5734.307394963081,5741.464398524437,11.977009255404587,5752.354684228329
7610,6016.189860278647,6024.107992938815,10.099367604064383,6036.8391214387975
7609,6152.915177780169,6159.50770223087,12.463813535495747,6170.518279257738
7847,6187.010778241913,6193.146825919711,13.48318572803386,6202.575073374437
7611,6297.56742287464,6305.223526866498,10.558327070920685,6350.765185671794
7594,6351.419555964352,6357.513234062178,13.095106634723258,6366.966709674536
7008,6445.203607230794,6451.524437878229,13.295045399356155,6460.981831124242
7006,6451.1434363652315,6459.102977851499,11.068900545766013,6471.1566653388645
7019,6453.210483530882,6461.000843241017,10.458461561105358,6473.071881847649
7037,6508.625935406621,6515.017675173749,13.344085222609738,6527.9291479027115
7032,6715.807324614225,6723.399650634777,11.105514406824597,6735.138385774474
6994,6717.632170775176,6725.269794285106,10.915193578473025,6737.007835682648
6996,6720.89666756825,6727.330591297875,11.08689354429204,6738.8500422620655
7025,6722.619013536512,6729.210926144381,11.602786416042688,6740.764776437151
7016,6782.5819280433625,6788.317629748634,16.098144397268065,6799.777230547948
7607,6868.494298956693,6876.395497756225,10.263121980843145,6888.442880383619
7003,6907.321186732829,6914.15097205862,12.185241305373722,6925.404658184443
7014,6909.381016894758,6916.075651600805,12.59564900445187,6977.934511548428
7027,6911.137621239854,6918.030291964148,12.314136206643315,6980.799588096599
7020,6970.769504822162,6977.3906103920835,12.609859284761395,6987.452017271585
7036,7174.488183898077,7181.000537349663,13.506836770355623,7190.823047545796
7031,7237.170337581695,7243.246634317698,13.949069543884537,7252.109821928141
