1007,533.5972663150835,534.275825115789,7.1889589685426865,535.1611744110488
737,545.4327057165699,546.2049403901991,6.502060273095698,547.1894536035417
1604,819.3148830453114,820.0255564314458,6.526753063165334,821.037109698581
1260,1905.4537910420818,1906.1543573446486,6.041530447581173,1907.2003527884178
3007,2320.4515126008932,2321.1186930203085,6.874276117308796,2322.069695611986
3037,2388.364273259786,2389.0784168760965,6.8035148293299015,2390.045409024135
2759,2892.1984484364407,2893.0547751289946,5.866260122493604,2894.1577430061934
3600,2973.3871070026403,2974.196397394311,6.3966744455856395,2975.191945148117
3035,3214.3793477532563,3215.0032579887784,6.509307121206076,3216.0234714304625
3274,3526.338213302572,3527.086855031945,5.8082695323173965,3528.1787122196783
3002,3603.491551053363,3604.31447336511,7.557322331785256,3605.1563769243453
3839,3648.5560441818284,3649.3673988433543,7.929666442788922,3650.1775522853454
5026,3675.3189762278107,3676.0172357145298,5.971094596770635,3677.0970554803243
4744,3801.5209579657158,3802.1634898174225,7.057617131059348,3803.093239406214
3429,4067.4113025905904,4068.0968032450364,6.093693147926892,4069.1506426574706
5270,4803.593395449784,4804.299673110636,7.411175192580249,4805.1674809273445
5031,4834.445826968435,4835.109003652665,6.328108957824053,4836.126188070755
5587,5318.844080422283,5320.15000641916,6.359434665612343,5321.147274265233
5263,5602.380563153612,5603.00469780282,6.282676633797875,5604.051912100031
6750,5673.197580228802,5674.143492370206,6.327179848070664,5675.152919714542
6995,5808.459648782086,5809.228821970149,7.047991594593444,5810.133962484394
7005,6016.5878292860525,6017.248233822752,7.428684277338283,6018.112646908828
6752,6326.409183457308,6327.052851330398,6.616446112309618,6328.05074668574
6747,7068.509602796521,7069.3247435456315,7.608231976478696,7070.164975206221
7849,7162.602037459952,7163.31054211004,7.44552275110514,7164.171884303833
7036,7293.346824772202,7294.1223497210685,6.333955529211143,7295.130851676631
