89,104.65740930042027,109.47989777205767,13.187507728086558,114.29110273993787
56,194.94660220524068,199.5594930363334,13.516412739946801,204.1096048943363
75,219.1398596658672,224.49400841142918,11.494127152369892,230.81131787252437
67,278.28479010730916,283.3848312098547,12.013824374217274,288.3671631841711
105,1634.734255070638,1639.3555718444427,13.568328188675098,1644.0546938139355
1995,1996.8821234190307,2002.3907496691302,11.257569368684516,2007.9440475629744
2088,2080.299412319599,2085.0988562610105,12.911880158781027,2090.042844816911
2073,2178.3945262427897,2182.550617519593,15.358482804682072,2186.8130900343226
2014,3698.1305448847875,3704.3068339869064,10.587882167836723,3710.632228547006
4055,3876.123479135108,3882.4820375501045,10.113911292649888,3888.743353615693
4100,4143.348964066913,4148.496363624283,12.899272034214865,4153.469202811961
4079,4324.155354769582,4329.107144662264,14.75181581007959,4333.377220566488
4013,4597.795728996489,4602.445724337218,13.80252825981654,4606.9262061646805
4081,5074.6610186651205,5080.225559225757,11.995050524104675,5086.519045990508
4148,5148.6149554983,5153.252327966843,13.307459055958168,5157.847826979595
4024,5405.926154185526,5411.320963499987,11.596079607600142,5416.659148826004
6066,5768.059368297387,5773.341306941092,11.998616095490373,5778.538724514227
6051,5771.968552233042,5777.144838365069,11.517643959630783,5782.250927517471
6064,5853.600025882439,5858.521239847077,13.595360261476182,5862.839556049811
6005,6665.434338364094,6671.450525671744,10.632428851083207,6677.358827393687
6107,7223.018904535763,7229.072131480691,10.201277516089073,7235.257033547707
