312,418.3114204297678,420.3717877209026,11.964141931059611,422.4063085867316
346,420.05384089178136,422.21488464896424,11.647292809854962,424.1729427954391
119,475.11323159891555,477.0142675604252,12.598072805733699,479.8376362477266
309,1948.9622399231446,1951.154747794711,12.156473362065665,1953.2936539159914
2115,2128.0802543340806,2130.2043297469345,11.918057246473644,2132.255519120592
2114,2311.3844159456876,2313.561981652786,11.664901189880228,2315.641523473546
2324,2584.491925636428,2587.1601105188765,10.181432270439569,2589.6011071608436
2119,3033.2908928875904,3035.539555811538,12.077311335667149,3037.705627194923
2302,3123.124963748211,3125.258845315453,12.365626116202359,3127.3282178208497
4119,3932.1386778553806,3934.269968910799,11.909632531726231,3936.31439024281
4133,4708.903115538959,4711.204859887087,11.227998666854202,4713.956440014643
4310,4922.13627817946,4924.473492507644,10.596909349400027,4926.70050569945
4368,4925.905765664373,4928.24498597744,11.720929441342175,4930.411495809637
4320,4930.018178235234,4932.337170278911,10.771467320799175,4934.715282988007
4125,4931.8188147039355,4934.259994479955,10.69441354076387,4936.607647571743
4309,5370.93675190133,5373.095475716286,11.122374376413918,5375.222197109706
6119,6360.995266351198,6363.115064768701,12.582849781267655,6365.099222359791
6124,7171.055268356341,7173.154403814911,12.117216116374552,7175.207410411782
6130,7261.844074430777,7264.071400467865,11.547708890127668,7266.303819311011
