556,56.0,57.03249084203307,11.137423284673279,57.010104317546734
472,143.24269114783903,143.33343467655976,12.063533190582179,143.31276675157144
635,171.06985686413128,171.17635529548735,10.278907929574986,171.15209900281644
443,546.0014876635046,546.0986488072806,11.26672173680159,546.0765191936359
546,726.1384645103656,726.2454006642043,10.236833206135865,726.2210446749979
647,730.0462165020649,730.1331642399203,12.590178854029121,730.1133608517423
488,761.0091825887395,761.1023145051757,11.754161327739029,761.081102596293
514,764.147390265129,764.2519238632515,10.472112222432614,764.2281150848713
629,820.1835821505472,820.273190519356,12.216354176554656,820.2527811406271
552,860.4353727516982,860.5134566898898,14.019369359500338,860.4956721381968
479,941.9844706849443,942.1569775546805,6.0567708368982185,942.1158123520022
420,1594.0198294337208,1594.1069368815254,12.567094986082713,1594.0870971174945
2621,1854.9131449450847,1855.0427436379002,9.965322234156607,1855.0177240556711
2566,2405.0,2406.071310469398,10.075360538312207,2406.046564139167
2471,2886.004582031402,2886.1176132935625,9.684821257681675,2886.0918690704693
2496,3065.0,3066.0181040581174,11.383528728156671,3065.0
4486,4034.0,4035.0384639867034,11.103640393056631,4035.0160093510835
4559,4237.997008601444,4238.091655545703,11.578475537702502,4238.0701217783035
4618,4851.043818884997,4851.143702497337,10.959631364031939,4851.120952808885
4475,4865.0,4866.093503927972,11.47584635093406,4866.07177758279
4545,4869.9792214798,4870.0714462435035,11.767009233599582,4870.050257495018
4573,5407.46078139333,5407.536617039822,14.435000177165783,5407.519344563479
6575,6088.490348751922,6088.570954797402,13.580713010316304,6088.552595805581
6441,6645.595967539896,6645.663702000687,16.1614569270842,6645.64827466637
6564,6651.149377978161,6651.253314449929,10.532275648089191,6651.229641674225
6561,6803.075385014833,6803.19314050607,9.296276199577536,6803.16632028325
6512,6914.041766458273,6914.1542059237445,9.735794864912249,6914.128596489431
