1835,36.0,41.16555401409691,14.29009022401794,45.82592866999005
1972,73.0,79.12873523093212,11.400329030299819,84.5811796824857
1961,140.0,146.41329506417875,11.56058349113415,152.1417308276989
1952,143.0,148.47662792628847,13.412926825322534,153.95246745954972
1875,423.0,428.1551740155969,15.051123455477343,432.5253921582256
1867,535.0,541.443107091402,11.407161437599077,547.918150145648
1787,608.0,613.2560440337347,13.72905520778739,617.7193797632629
1940,633.0,638.394700113595,13.763926017633406,644.7111771404243
1864,747.0,753.5464463231492,11.335382874564818,768.1737615251548
1791,757.0,763.5719794317532,11.850956841763562,770.575703114983
1994,788.0,793.5351870233177,13.381035972498648,798.8044761545497
1806,935.0,940.6219066380803,13.506280753538995,945.8128889896387
1840,1196.0,1202.241359580262,11.353544092591871,1209.0530042158202
1937,1212.0,1218.5314957732564,10.960115238462622,1224.2487889689335
1753,1260.0,1265.472257285713,14.234137899660542,1271.3076011899504
1842,1263.0,1269.4360112642823,10.68132818077581,1308.2838772872003
1970,1491.0,1497.224988674948,11.687956695230474,1502.9320606237193
1955,1545.0,1550.1855254089114,14.865458206724645,1555.8520128545806
1901,1616.0,1622.0670140656052,12.582003911847165,1628.899162547373
1956,1685.0,1690.5244967722656,13.80132806360561,1695.7460543599914
1934,1692.0,1698.1059791981365,12.220345228112118,1703.3486581188097
1911,1721.0,1726.5964873705127,14.051171032122214,1732.9714910975108
3960,1812.0,1818.1712758236004,12.204150231706535,1824.8481669080563
3849,1980.0,1986.3502220210057,11.518728750652562,1992.8858804238243
3976,2120.0,2125.513943375001,13.602941517899245,2130.3165881699747
3918,2122.0,2128.006440061035,11.914325661907982,2133.2174317616323
3755,2230.0,2236.117460655296,12.449828672041338,2241.5416470562445
3759,2297.0,2303.112125853673,12.60535414807355,2308.3778907975407
3775,2302.0,2308.002269823651,12.65713750576793,2313.1349950650724
3757,2493.0,2498.3046550518425,14.28088085767577,2502.845308610998
3942,2658.0,2664.3605689208225,11.634883969262086,2670.0956487321214
3965,2720.0,2725.617059121803,13.260928608019846,2731.775688519679
3926,2723.0,2728.4252656977083,14.010116117680983,2748.951748398968
3754,2767.0,2772.409186534538,13.888421596947865,2777.016778890236
3774,2791.0,2796.301316661026,13.794643581546323,2801.9830327002096
3998,2877.0,2882.337737149689,14.089829299956886,2888.197054883166
3772,2928.0,2933.4880631299043,13.76837778835658,2939.646103984584
3770,3115.0,3121.359430861556,11.234488691417262,3126.9635621218667
3878,3268.0,3274.01300324639,12.124905720465305,3280.60342558417
3801,3285.0,3291.486924779026,11.37706386289406,3297.3319683009354
3929,3416.0,3421.6122425805593,12.914915795549442,3427.780318975608
3808,3507.0,3513.1259537477345,12.397315870104954,3519.7157602193133
3987,3537.0,3542.103264527733,15.23403408985793,3558.55352103104
3813,3544.0,3549.3280472662354,14.231027581156884,3561.434440623425
3758,3586.0,3592.5287030546974,11.134224724966662,3599.427287495172
5963,3671.0,3677.3234751713885,11.4443283862915,3682.8787686401147
5937,3755.0,3762.2015478393882,9.917199672371018,3768.9203520901615
5804,3894.0,3899.6114401841382,13.25089649186277,3920.6593843737924
5814,4059.0,4065.0722055556857,12.65505559580179,4098.18775878241
5943,4062.0,4067.2471245608285,14.676444442523074,4100.763063456285
5766,4088.0,4094.2136732868244,11.402696033712385,4105.200747954154
5898,4179.0,4186.487860059331,10.2535713309996,4192.463818608776
5946,4186.0,4193.600955296038,12.65172951247172,4199.571183924711
5820,4259.0,4265.3603760744745,11.862793063805345,4278.559414529565
5967,4464.0,4469.5757080133735,13.999125156564498,4474.280831090327
5924,4555.0,4561.367453471862,11.373390852909191,4566.483623824338
5941,4561.0,4567.108787342807,12.55983080000248,4572.507324472519
5922,4587.0,4593.036794327412,11.599949885915644,4599.684608099477
5822,4722.0,4728.095874053564,12.881819829749464,4733.23273342761
5877,4826.0,4832.114127793613,11.65884965039089,4837.601051861722
5841,4929.0,4935.552337856246,11.50095641536334,4941.416745593524
5775,4980.0,4987.121630487429,10.668077587923468,4994.3243358227055
5800,5038.0,5044.264172720739,11.818308245960905,5050.916489510617
5839,5204.0,5210.378919127687,12.600487659556087,5215.443959988219
5795,5308.0,5314.275518662025,11.159022234550807,5320.798286032136
5980,5312.0,5317.463003998313,13.424075301525194,5358.5738252551755
5780,5331.0,5336.427542120177,13.540096549491926,5369.3269229784355
5998,5340.0,5346.011451407066,12.97073379773819,5371.556329345389
7834,5487.0,5492.573404328487,13.340796777878918,5498.6517721780465
7976,5571.0,5577.451159077544,11.70651823508643,5584.388632037719
7842,5586.0,5592.483076194761,11.323568576638147,5631.145673963998
7931,5654.0,5660.33535639726,11.522905134340752,5665.995977357178
7920,5870.0,5877.388326003332,9.383554379301625,5884.78364309611
7893,5872.0,5879.313538378862,9.523022016667122,5898.658662095048
7758,5906.0,5911.417830117669,14.640877934515187,5915.928154720188
7955,5959.0,5964.630924326491,13.68257740828394,5970.7474262461
7756,6058.0,6064.226360711902,11.605535538843771,6070.985931404214
7879,6230.0,6236.363320840209,10.994675568437907,6258.451191102583
7984,6286.0,6291.0127228730635,15.219902789968526,6295.849269630692
7867,6311.0,6316.214466240705,14.610233918833679,6322.420054026967
7798,6331.0,6337.291088082232,11.758801651073705,6348.393114997386
7846,6487.0,6492.326653731065,14.468638297359805,6528.286942526142
7793,6493.0,6499.120681865184,11.914820351831551,6530.869090618175
7940,6529.0,6535.398908024831,10.991623924105152,6541.194535050666
7937,6599.0,6604.447836089857,13.50985084354379,6611.137008121254
7775,6726.0,6732.331273450546,11.076539468265924,6737.9788076224295
7860,6797.0,6804.0483539870065,9.800948801255082,6810.590748379183
7859,6899.0,6905.0665932072025,12.712670996512026,6910.3661410157165
7957,6902.0,6908.25013208389,12.473448950418508,6913.887399578632
7839,7103.0,7109.532930999424,10.856644642401672,7116.056926552864
7898,7130.0,7136.179973080533,12.037244645216745,7161.11681738806
7753,7132.0,7138.1910428475485,12.42138388345222,7163.242410412785
7856,7169.0,7175.404948621758,11.145024481435719,7181.143304755942
7896,7188.0,7194.375453836211,11.796483016612333,7200.793844029419
