1620,68.94083715536772,77.19808204606446,13.060620884956057,85.83387517711651
1603,184.00218135441915,193.44895803110964,11.197092795491436,202.8988433667625
1596,273.62757542217815,282.01402462010566,12.315895823718966,290.82319135911723
1360,286.4932887469397,294.2131841238496,13.871868073964556,323.2899287880473
1599,363.5555249882256,371.4312055095701,14.761676667651022,379.8557841104471
1477,545.8621488100556,554.3935198274759,11.699512920581471,588.4071820577525
1630,548.2165925168323,556.2795207428375,13.243883951843634,590.9174298306906
1443,566.8842480494679,575.5042149002973,12.473146409282188,595.1541891433378
1569,597.6221505109735,605.4581351701239,13.45168694475966,612.5553368882198
1612,691.4460188147887,700.0705746521866,11.864666980848295,707.7921289301693
1601,698.0127234002256,705.5402134524929,14.177582784633552,712.5313735244981
1353,723.4218179780282,732.1535486642042,11.394965431993404,740.8513581707161
1614,785.9179542208309,794.1909208843499,12.712850734861192,801.8002552169991
1635,830.5870555010126,838.6090279881942,12.877435049232757,847.11589865986
1615,862.6430401289931,869.0728393168234,15.886878643603163,875.0127439035076
1557,867.809778733573,875.1735098529157,13.955752066922969,881.9624426505218
1618,1026.4039137231346,1034.3995983898305,13.231149068507708,1041.667225016792
1508,1087.1588851268252,1095.4541564734714,14.122207660226366,1128.2635492364495
1588,1182.5788130089172,1192.048349971443,11.674500267899713,1218.1459384303312
1623,1278.879174355422,1288.1833835048021,11.14143551523649,1313.5779992247728
1555,1357.81979444168,1366.4892190530798,11.887482550008585,1400.9079392459014
1604,1402.1991728502558,1411.3873605933054,10.5377094344145,1419.7208155977917
1738,1533.4971314863285,1542.3215889611417,12.360229257586184,1550.8238049977917
1334,1535.4840761955795,1544.1563702261394,12.288782931686846,1578.4381562736196
1586,1587.0509392268973,1594.5952930922226,13.419542202843218,1601.4223673179931
1636,1602.4308741105003,1611.1415616289537,12.200974039960382,1620.4415321892013
1605,1718.4928967194246,1727.1836954478706,12.057773405624394,1763.704876859344
1570,1725.377600968362,1735.2183566924423,10.304816030606888,1774.0307820865157
1342,1806.0609827300252,1816.4360269801828,10.009537852256553,1848.3601650201804
1503,1837.6301275264377,1845.4206381797626,13.322720894578362,1854.8908666193267
3580,1854.485086139449,1862.3905770649171,13.947228581007337,1869.346743264112
3606,1895.5882006315805,1904.4265620145097,11.442966311805067,1938.5710053239284
3512,2040.9362373766016,2049.041355002593,12.383911879570311,2056.6085146628634
3575,2075.8932167883972,2084.5433181936514,12.952675535259734,2120.9139204160415
3437,2180.074870364015,2189.1139207600218,11.492915443286098,2210.761372650544
3364,2185.6833190518328,2193.5565878375883,12.597318316211105,2215.8912529230147
3506,2195.194930860931,2202.4152023048646,14.839069098142321,2223.5958914687276
3599,2253.5686477551885,2263.320213999784,10.621797450713249,2273.2684685107815
3634,2346.2258378325128,2353.4890047997046,14.513455926885936,2392.7455599176196
3571,2348.13216996806,2357.3237450397946,11.529837319384786,2394.67446975368
3427,2360.244734017607,2367.6354914610883,14.43291290948062,2400.328817063492
3623,2434.06168217015,2442.3503096096047,12.85282932524972,2450.607546535713
3325,2436.1225338174695,2444.1685040299967,14.076319238253312,2480.5828542790987
3479,2525.44659547555,2533.21866904642,14.596517451697641,2540.908349080791
3492,2527.369206726766,2536.186652257611,11.319779275965145,2568.354066706834
3609,2557.5872631195857,2566.0473440955234,12.743693548218888,2573.6528260625073
3554,2616.266469241893,2624.167542977249,13.258303814926771,2631.9926313933165
3610,2628.4614216424457,2637.177590604945,12.299929182188146,2670.596797695318
3513,2664.8675895267256,2676.1282873838018,8.946723535212742,2686.429844217294
3605,2703.2984470930855,2711.5830474884137,12.978414846711715,2719.786560741532
3638,2720.612703963016,2729.2534551342856,11.612676036722817,2748.785990511311
3502,2733.430809869546,2740.532846647183,14.369185876239829,2751.543370862531
3349,2808.6183407385074,2816.570122862282,13.155991615644899,2838.2224453164185
3602,2885.9474135272917,2893.5966005914443,14.390051439782246,2901.68795390894
3635,3157.1940828356383,3166.2990500444703,12.308068757696828,3175.515498907943
3500,3165.196923882069,3173.4916898267106,12.992054530254723,3203.7477905797473
3618,3167.918322386575,3175.5238227860323,13.657885393896965,3206.830224628464
3438,3169.9412039262215,3178.2382776063414,12.475411927832141,3209.0218213096373
3453,3174.672422210284,3183.408298219214,11.275064230153053,3211.085967539466
3362,3336.5076215450786,3345.454733241431,10.610902515716818,3378.4782401395614
3423,3436.674368091329,3444.453899905426,12.923347452048825,3452.9447663647
3485,3513.732032145499,3522.039900346729,13.474240293280866,3530.294931834531
3617,3515.972948101384,3524.364881258289,12.1940565306499,3558.368822207862
5587,3653.2014820718796,3661.042848853867,13.952805706461936,3667.6906788615174
3597,3709.595061176306,3718.148027658737,12.178881322120345,3726.87475425017
5595,3716.475738633362,3727.06463421404,10.169264590694096,3741.2558805921535
5567,3767.850827850772,3774.4304645461953,15.724554406299342,3781.798879066259
5439,3796.1737248538625,3803.215147145655,14.292026295804876,3841.8309364165775
5450,3803.791508653091,3812.584828133238,12.470857254233884,3844.7626961020273
5628,3813.246206946928,3820.369752622696,14.177388988249168,3847.0119150817336
5608,3827.862367843344,3837.309696360708,11.259194169287747,3849.229305541088
5512,3874.0175467982654,3882.4952489791517,12.366922090832785,3890.787641775964
5368,3895.903099157327,3904.2541017664007,11.763259573717132,3929.4549960497334
5516,3924.005262400561,3933.1776771760647,11.376301311991664,3941.065565076783
5745,3964.2592070777405,3974.145879256889,10.077180781066902,3983.834182049775
5504,3966.3697216496917,3976.1749401371508,10.42805189071766,4008.7314674594923
5633,3973.0408355613854,3980.374165954349,16.044650412897894,4014.063225552658
5615,4055.6300277163577,4064.4571334889492,11.710090878245824,4098.191027894923
5508,4057.987012884228,4066.3299611525927,11.784807523847542,4100.6997675084485
5630,4143.607475516243,4152.311907747732,12.950940330577998,4160.87860344369
5625,4145.701611768633,4154.5446419509435,11.51708272306444,4188.505649290931
5754,4190.181069819674,4199.098939584346,11.517487151677466,4207.0736124713085
5350,4233.445930037166,4242.056630176322,12.788806493155505,4250.668458887245
5619,4248.907565479705,4258.07467906214,11.119211120976345,4278.2876858825275
5627,4277.857013747463,4287.230268935258,11.112801641778427,4295.404920751712
5563,4288.278607627594,4295.320408011344,14.933603893081562,4301.670256405272
5448,4606.869117244926,4614.340776020427,13.154297735043595,4640.16093955047
5554,4655.55590335006,4665.131445936085,10.267759119310941,4675.117641620322
5513,4667.028457783286,4675.155222109039,12.953580155380783,4730.595031432845
5493,4685.912853668825,4695.293281097033,10.341727430748383,4736.071491751297
5621,4688.668769172846,4697.280156218565,9.750898069354893,4738.289470539852
5349,4697.824126873867,4706.2995597928,12.541801015682685,4740.18162212538
5571,4755.689553222833,4764.512135277321,11.719849193446697,4773.893766251152
5592,4773.708520732949,4785.342994882606,8.422874634784751,4821.356775761108
5634,4869.392870183752,4877.532145672539,12.655511003276901,4908.17174972244
5612,4910.465372553947,4920.319605766106,10.823697507932614,4929.169372697408
5620,4953.812347240111,4961.555167204174,14.381085783244838,4968.982648274001
5591,4962.096998945633,4969.4947871194145,13.581648154349546,5001.069665009203
5486,4978.428197289255,4986.583750768881,12.133493865931742,5009.077517396924
5357,5236.145940136808,5243.4284472363215,13.679214589664094,5267.924492098921
5623,5293.358482278384,5302.032353275578,11.641075434396857,5310.712913602632
5639,5357.982197973292,5366.334523195242,13.654973323492044,5373.041032581475
5346,5406.995129604187,5416.206892461465,11.237849456612098,5425.402349630122
5614,5412.059732960416,5422.33328901335,10.132144994929615,5450.577293313489
5509,5415.861573850021,5426.322272577944,10.17318785775536,5454.926909734199
5624,5493.916698867955,5505.024421158375,9.116997439087207,5515.9097316102525
5497,5515.640077011151,5524.45901550934,12.056372011108913,5545.640352393189
7363,5517.502308416653,5526.330713326956,11.384119543245504,5547.765643845051
7616,5542.4653851910525,5552.1444721819025,10.933056068375585,5560.86755340283
7511,5599.752790439585,5609.324051314097,10.229798457075916,5628.031210112467
7453,5601.587777376698,5611.200029919896,9.740524233691874,5630.793192108474
7505,5628.0101738867215,5636.359511615305,14.214865598203861,5643.030816299993
7608,5630.0559746267545,5638.081529692194,13.830721284606732,5644.756605149158
7636,5657.755906747855,5665.273837903534,14.017426436809355,5673.589698380562
7360,5673.462966368234,5681.219067866436,13.949153484830518,5718.48836951567
7634,5675.4635748937335,5684.197884529437,11.171883785197997,5721.254458928988
7556,5718.106267894506,5726.443603394315,14.163341825296342,5733.049741789811
7745,5765.759416857126,5774.5329229085555,12.309430789049268,5808.340844061041
7577,5813.841943405132,5821.17059574761,14.296260069785049,5827.910419625646
7444,5869.517903324736,5877.603249525165,13.639933500804252,5898.41957780738
7584,5908.493442196526,5916.58287736132,13.171609683449999,5923.790165721031
7365,5960.976126353925,5970.459933422498,10.385920897670436,5993.636622627934
7436,5966.064491320568,5974.2850261903195,12.298667736534082,5996.274149718249
7357,6033.802977997115,6042.2952631509415,12.59229703119555,6080.663801823191
7614,6068.650341750336,6075.13165787663,16.14903493371886,6090.404458132268
7491,6123.3445326167885,6132.538147714279,11.892147655083354,6141.78919296771
7486,6213.979059222895,6222.08802794305,12.870904062651014,6230.048168607194
7596,6216.768050559677,6225.570786508818,12.057345827221342,6258.330940439441
7502,6226.8131497184995,6234.513647091562,13.065477871805454,6260.860994038902
7361,6337.996344871078,6345.429726060225,13.916051254124412,6352.065729873405
7622,6350.188147418868,6358.13925749164,14.268648415399342,6364.842360694501
7580,6393.82923175347,6403.2487764780835,10.882396810566583,6412.694426410927
7609,6517.272374842512,6525.521882294728,11.861405026992601,6534.291779529755
7579,6573.539882073878,6581.610561994729,13.360734161833825,6589.850313374634
7510,6663.667891742471,6672.512103046339,11.463486061759122,6681.800440044545
7582,6672.13190666968,6680.303174425517,12.659303639769167,6712.738570324491
7324,6753.399099523664,6762.300508677788,12.148215842423317,6798.167469680747
7628,6766.996233475415,6775.072895824324,12.741748415320352,6802.850913273841
7348,6861.983980284011,6869.619726192843,13.343390724400846,6888.095158408515
7604,6912.340432037394,6919.257443594211,14.75099800718279,6926.884088391445
7631,7023.450285267263,7032.194314857716,12.880714464846053,7041.2326032607825
7500,7025.69846267556,7034.5318959367705,12.12653636096307,7070.677204301644
7507,7113.645784751236,7121.423592435342,14.601738782483755,7128.885677963096
7625,7218.528871622452,7227.455498707217,12.23874168019021,7248.142639460836
7506,7252.443013748389,7262.015860267787,10.712131085965948,7270.730507301934
