682,1.0,5.299313461295533,13.859721598530744,7.248512734044327
804,48.0,52.53615524778271,12.96981966254307,55.79854546193637
728,72.0,76.47343560620688,12.89255908757767,93.33198915536404
679,102.0,106.23857162018538,14.466894531818962,108.17719385865877
848,108.0,112.24931807371303,14.619930103441009,114.1688770437512
758,148.0,152.33925443820232,13.57727155887771,155.86394462739997
886,150.0,154.28960400925962,11.426555230972621,183.15289342499605
688,189.0,193.36024581439293,13.677588916323455,195.345169466135
879,190.0,195.01778310700533,10.698185397954548,197.46719638393546
910,205.0,210.07934954986953,11.552707123938523,212.5141245762408
823,237.0,241.4447745941612,12.77274796071051,244.64520357384444
853,242.0,247.37714044008976,8.899966490884161,275.8016195735921
894,290.0,294.01686430654655,15.004725846604515,295.8175126871491
895,322.0,326.20135672690407,13.436727904064586,329.24349573872075
831,504.0,509.4450945695176,10.865691662298541,512.8332794479641
773,540.0,544.1930067818722,11.385098593295004,546.5958109162833
766,614.0,618.2034524185965,13.6606193172635,621.4215872752935
774,651.0,655.1047230456124,14.111782643271066,656.9616243211899
889,829.0,833.1873421705344,13.59446832079406,835.3351438069875
660,893.0,897.2500320455177,13.650195243321747,900.2276543419384
818,967.0,971.5311986525518,13.241808217859969,974.8023434410178
662,1030.0,1035.1676181966693,10.815927733152774,1039.009423792555
872,1077.0,1082.1478605855361,9.55296647449346,1085.9664816265063
898,1398.0,1402.2243105218881,13.57409346385203,1405.516572847537
854,1578.0,1583.4372635623558,10.327159556252875,1587.1136336602897
695,1588.0,1593.1410652602717,10.55843348679807,1623.5299410764962
906,1655.0,1660.0818007733817,11.377177753875184,1663.72951282673
708,1701.0,1706.0026962758154,11.089909588599392,1713.3810948283815
780,1709.0,1714.1138229621943,11.026647256123331,1716.5039650712486
746,1757.0,1761.430909935322,13.789441430750948,1764.9950533179012
805,1774.0,1778.4216383797675,11.87533304197687,1803.3058017292703
2678,1839.0,1843.4694161798486,12.641547862857063,1846.8865755623724
2862,1870.0,1874.452334505211,12.992649196892408,1895.7109327701407
2698,2148.0,2152.4313110491225,12.104979245370357,2163.2752845423515
2774,2152.0,2156.457447159347,10.27995851483243,2165.6192866253473
2885,2209.0,2213.167987683945,13.930031144338459,2216.9100274552634
2692,2344.0,2349.067844529753,10.85712102746795,2351.4775683434405
2735,2471.0,2476.0011351110134,11.338653472610693,2479.3290424544643
2760,2702.0,2707.022177543256,10.873709189479985,2709.392269896697
2902,2728.0,2733.1419327637273,10.698996556081118,2735.5963897171405
2826,2979.0,2984.4683215594214,9.810341267095083,2987.0580180589945
2870,3108.0,3112.2733646434285,14.180196104216225,3115.5948001161955
2694,3235.0,3239.3319181857514,9.227773567307139,3245.6506040614913
2894,3252.0,3256.475703561893,13.309985980734918,3258.550288827787
2753,3340.0,3344.5130038221587,12.498375026047672,3346.625871198589
2914,3366.0,3371.1646946872875,10.95254991377837,3374.8268374978807
2828,3597.0,3602.047084079697,8.896036810235433,3605.613488510726
4803,3612.0,3617.4883136409812,11.06923756750907,3619.863916018826
4914,3694.0,3699.19995945485,12.018821409279537,3701.406795909425
4660,3695.0,3701.1296727624754,11.526804069503639,3703.5417127948776
4918,4101.0,4105.469912885323,12.423013544916406,4143.272179853176
4821,4106.0,4111.194107819248,9.366269856234991,4145.880842895415
4480,4448.910795328029,4453.180058710204,10.748369306610456,4456.865711175265
4750,4499.0,4504.058031729392,11.642506409293075,4506.389569519499
4729,4545.0,4549.344823866622,12.988879687417505,4552.698680799635
4653,4600.0,4604.50080203898,13.33986527252771,4606.570343670813
4784,4607.0,4612.005302523734,11.95787530250439,4614.324408355547
4907,4659.0,4664.010363847463,10.782570218716268,4668.020974955424
4791,4678.0,4682.079325748347,12.85451054261773,4684.442254617392
4725,4687.0,4692.493296990054,10.39240587084178,4695.15844838302
4911,4903.0,4907.298257365569,14.276840478745191,4910.567249866575
4861,4924.0,4929.141103685483,8.66799795823382,4956.174080628976
4904,4975.0,4979.299559629325,13.879913096187039,4981.292620590023
4807,5056.0,5060.227878511157,13.463387046801477,5062.199618041205
4749,5076.0,5080.510739424491,12.756131212755063,5083.864718652808
4678,5152.0,5157.033990876309,11.07633993086384,5159.436218106496
4773,5181.0,5186.408446994614,10.84560144118763,5189.90753394566
4770,5269.0,5273.365960572114,12.401979843317184,5312.869332156447
4801,5283.0,5287.316881279372,8.981629695294469,5315.797883392012
4659,5372.0,5376.426560321026,13.612471384773874,5379.766055472932
6890,5463.0,5468.351970929528,10.383198828720136,5493.125279592092
6781,5530.0,5534.538237711812,13.29792270261727,5537.6814188489625
6480,5627.912439908488,5632.424556567329,11.526018663017407,5673.464070852075
6740,5671.0,5675.0898014785525,13.850618869778272,5676.949047541169
6684,5729.0,5733.192417028412,13.237965324252562,5736.502435933077
6911,5838.0,5842.372087673024,13.071902002832744,5845.576250351924
6860,5874.0,5879.1472183676,10.81941400611296,5881.575426939383
6897,5953.0,5958.2093656188745,10.825524163147266,5960.66092075933
6746,6212.0,6216.321430838392,13.904740129123834,6218.271325745389
6842,6452.0,6456.446147061635,10.067106556991916,6486.027093802772
6924,6553.0,6557.5310585022435,13.496777040337301,6560.688112384423
6802,6711.0,6715.074797072326,13.051517315133829,6718.473817707078
6784,6748.0,6753.083120584244,10.914022537776386,6755.529032316706
6719,6773.0,6777.583889656064,12.527954202074023,6779.714084601839
6907,7186.0,7190.262424402463,13.732294032306495,7193.5457246928945
