1361,185.3695903684586,193.40504134472113,11.385824296983586,205.92390811188264
1352,274.2270567003088,281.32939185904314,14.950978596530872,291.11031745409224
1397,277.20277201116227,285.41175893366744,13.025038657891642,297.29551467311217
1355,279.4863538322247,287.26584250196817,12.218211099321653,299.1303408949235
1403,282.6589559107527,291.247895850859,11.59006094922718,304.5472169046036
1494,455.22170517072925,462.019687563798,14.075794576516243,472.345761339964
1402,458.061657888492,465.4641590874165,14.548444191870898,475.2215008082663
1365,544.0682929983994,551.2523060979003,13.762910248978129,562.3459073600126
1406,547.3336317250379,555.3139233888987,13.029214804731335,566.5335157431451
1419,636.7118430294198,645.0087209563821,12.758491947174358,656.7862626813901
1414,815.5203928020277,823.5134911435451,12.35647023935031,836.3250783159986
1411,817.5598129964791,825.3320187967714,10.617729561989169,838.0629083421042
1322,844.8917167167303,852.1610724681135,12.272938311404147,865.2981667301008
1409,1173.285712478596,1181.2430330487186,13.272095412370698,1192.247715963284
1393,1263.3580924415958,1271.4983581198703,13.067269803717892,1283.2003042167682
1334,1388.945476759573,1395.1067549793274,14.930977612064076,1406.588905620467
1484,1713.8025670516324,1721.0716943357572,13.339991497523835,1732.2500812229607
3333,2003.3295661931802,2010.134660069212,13.807672156430222,2022.8134091069794
3342,2106.416653245519,2114.3755286691367,11.645584835090778,2128.7229152932014
3325,2272.1906174545215,2278.4784519308832,15.241112380848623,2288.5679624771974
3354,2437.2505172312794,2445.1624541209144,11.408357199030753,2458.224254668743
3396,2439.8489736032293,2448.125734538509,13.203740773528287,2460.0096518134137
3346,2613.761036018832,2623.0297167326653,9.78507925382094,2637.9191288948787
3403,2882.9614801068374,2890.317242253606,14.584189339868852,2900.687818639082
3415,2974.9344309989224,2984.3347950075076,9.965053883093145,2999.9259193127305
3337,3274.138380300782,3281.5228329006823,12.365145469473536,3294.775601132607
3344,3336.345652875067,3343.559530661768,14.100469850796786,3354.090973899117
3323,3533.4103742019593,3540.16155388211,13.957625155269334,3552.3252482448074
3411,3695.292081170806,3704.068843698036,10.495553416641764,3717.7756739039523
5353,3878.40542410277,3886.4634414296947,11.115775195343522,3900.9045413847934
5373,3962.93984449604,3971.297688173748,11.894250084247357,3983.835440810765
5377,4055.607435387155,4063.044027407985,13.073046695414474,4074.5420340329715
5328,4170.488901369389,4177.5456940574195,13.47483315090282,4233.632624556786
5412,4603.340889056183,4613.072172909619,9.346239672366018,4628.765986392421
5418,4958.7292524423365,4967.146394065611,11.639060905908357,4979.40677690812
5390,5132.636571821293,5141.454207687441,10.536449604007041,5154.955965552185
5423,5227.242647888412,5234.5895918216365,14.15227951618029,5245.076547232547
5360,5318.8239258340545,5325.479195926874,13.982652734469951,5335.747752702329
5340,5336.33948946236,5343.610877797295,13.06120692351647,5356.79197946262
5370,5495.963496190503,5503.549811570463,12.617625937672,5514.825472905496
7486,6123.779870514545,6131.102863844397,13.25233985236021,6142.030650178873
7321,6213.919432066799,6222.0323288245845,12.053715250659778,6234.289944122407
7409,6224.730795648226,6233.062781031371,12.369029950021812,6245.632141044521
7410,6483.249663347193,6491.275642621342,13.99704720673949,6502.176730191983
7419,7115.601211622837,7123.364453482822,12.913008235950674,7134.957625680082
7398,7203.510972140461,7212.29939902009,11.694198130198773,7225.501431788057
7418,7293.158977126741,7300.595247843894,14.630269023559148,7310.962801821419
