49,365.0015583780716,368.32541999831295,11.416601370651565,372.2781647167642
36,457.41501734691167,460.1300692543214,13.250360322879837,462.7577293277683
112,1002.1182612157077,1006.0091363042116,9.487351952111302,1038.0793611704823
40,1715.2921258048273,1718.178924637176,12.431211501563265,1720.979806494945
2077,2441.0772684536073,2444.0726171629813,12.38188602348039,2446.9320626868057
2048,2539.568766203331,2542.1774265670556,13.646506133334482,2545.7199176924546
2112,2620.3000890373582,2624.1885095979314,9.301720072264096,2628.0371266162397
2076,2705.18189896682,2708.2393526588135,13.172569295322642,2710.979116956084
2035,2885.5465295541444,2888.58548725255,12.434274648842635,2891.4126077688943
2043,2890.907040292084,2894.017307846625,11.833785816736171,2897.9979048032937
4070,3785.3063043538027,3788.27349918822,12.851196491757381,3792.4788422193465
4074,4775.294003659088,4778.479331428789,11.243479165290061,4782.382277949413
4052,4782.346160518068,4785.382174497984,11.913252209724641,4820.434148412701
4048,5406.83860681917,5409.56488025651,14.066049575660164,5413.033346470609
6048,5881.731156802782,5884.538588774555,13.306488670930403,5888.436897606105
6095,7025.502013211807,7028.5925308055885,12.325194745326357,7031.626565774658
6082,7049.579379725607,7052.169092749357,13.975489722505323,7055.901550634518
