99,125.62463947009269,128.43580802566171,12.53366550757628,136.12481995682143
72,241.5711003071032,244.15727239570558,13.82398176299572,280.0666230423194
125,501.14430783198577,504.1808989781344,12.541811944372565,511.11183980221733
51,508.3600394394557,511.3846309661702,12.368865734937364,548.1645195736884
94,510.19826164135185,513.2066053480031,10.849235187157134,550.3084051959398
50,512.2684122411903,515.48039137806,11.752557791863504,552.1829369128465
153,514.1435706296032,517.2999851998084,11.831247252084065,554.1761623201539
101,689.9157757912963,693.087069625744,11.55103445872384,700.6700243991646
108,834.7945731400662,838.0655877265241,11.390985651125433,844.8798966515902
0,978.7796112485506,982.298276428869,9.926746588439551,993.1093730526954
139,1001.1363186190657,1004.0049797023077,13.733571754802801,1009.6390669461219
338,1046.1925014484154,1049.1237077061116,11.843653126086556,1085.6990911774262
79,1138.6442734047425,1142.1648581754512,9.953786593474744,1176.059981075508
62,1140.6488639793963,1144.1288469328824,10.306417729289898,1178.1202476804701
20,1228.8075936354398,1232.1478039965207,10.94912829577658,1239.88036927881
28,1232.874285867868,1236.146753202419,11.347713412405229,1266.4633335526719
124,1316.8980635050682,1319.5435140872855,13.478966959377148,1353.1582196132792
66,1407.6114704937077,1410.4418991545124,13.489055599457485,1443.3743121668322
102,1535.4012239122806,1538.2881137871736,12.52388215282006,1544.003835099489
143,1603.3989816440142,1606.1774041294104,13.401824326565277,1612.891345383227
341,1760.26259924207,1763.2848566669804,11.991343603062832,1770.9095141058476
302,1944.18718792077,1947.31367821229,11.860472406276077,1954.9455047895394
2094,1988.415103432398,1991.2225773937664,14.083516700957505,1996.694239610905
2067,2037.1850970842643,2040.1267578447225,12.257110343680143,2073.2288246168014
2347,2122.567182822856,2125.569203988582,12.687576743717573,2132.724510213211
2310,2212.3034539703067,2216.1218244119477,8.923945623909463,2224.926373565811
2066,2219.670605032845,2222.5258967028694,12.433836906005316,2255.2128176596516
2138,2310.0879050018016,2313.105727308634,12.52615988531775,2348.3700023169695
2103,2345.3617498105536,2348.2985835347804,12.29383758167754,2354.1989594797865
2051,2410.770535500568,2413.2188551213508,15.324572363589285,2433.250606589008
2107,2437.359513756648,2440.447460718589,12.047666938589636,2447.124225452313
2004,2439.4946630233044,2442.4874602732325,12.294657144238112,2448.9053177923834
2026,2480.7054742659375,2484.04084173051,10.729398324521885,2491.9389020142276
2351,2482.9090109833683,2486.0063878602446,12.102609219456275,2523.3614206140733
2110,2577.9575353125624,2581.291666057638,10.812803246002318,2613.1000662942065
2090,2803.016006737512,2806.368222458285,11.264655020991674,2813.2100582413877
2116,2948.4817048243885,2951.0196961434185,14.40203047003578,2978.0687751921737
2130,3110.3131310461276,3113.2829427107586,12.150730747709654,3120.8648793515376
2121,3114.489509271308,3118.0947983147244,9.826631993018145,3153.2023990664525
2127,3290.464365604261,3293.150173746447,15.075229448701817,3299.585807798253
2350,3384.4342405365105,3387.4229109040816,13.18956223215106,3423.3843976227095
2352,3562.444544409626,3565.276267469482,13.242883882142644,3572.054705175144
2104,3611.350984339262,3614.1538466882616,13.425161718472648,3619.7368597796067
4049,3656.8927238429956,3659.5180046235696,14.062340735322568,3693.3339325765887
4053,3929.4689183763962,3933.1601144938263,9.248096224107847,3963.7300642999
4001,3931.4193239367505,3935.097787838557,9.695027502112255,3966.616412387978
4320,4190.913507561683,4194.116355895239,11.625522669082335,4201.710218760157
4025,4223.972972520082,4227.128793040736,11.923937128053508,4236.239522409342
4008,4264.749379327861,4268.228558127467,10.207137658636434,4276.988818832596
4357,4372.481852156503,4376.1168589851895,10.334700584970983,4413.421819221789
4031,4377.262132020063,4380.235111637265,11.90735251166802,4418.255289150677
4091,4440.256486098459,4443.4524714367,11.807855223962747,4449.835960335357
4089,4483.0339880590955,4486.283732612227,10.966152595997604,4503.348229397028
4027,4575.071719214336,4578.059747061066,12.443319941436513,4596.176068276288
4354,4640.183096101612,4643.078014907305,13.488458413193305,4649.865242236472
4109,4730.73878508103,4734.344139980932,10.197957552067665,4742.438279829585
4124,4742.192682536509,4745.505857148802,12.449321819711303,4779.738249693823
4040,4744.092233390811,4747.280928252086,11.51623000885336,4781.930720172381
4000,4764.62148655136,4767.443180115808,12.574219088473578,4783.80446811333
4005,4832.321538573453,4835.524435466983,11.8794444659005,4865.975904613012
4102,4910.647531089409,4913.413696233214,13.395334255419076,4920.263805821333
4011,5009.189915014263,5013.022547159985,8.893419920720541,5048.524390411851
4122,5047.136260594793,5050.074755693862,11.625969632548314,5056.107043420531
4078,5137.55477332829,5140.299821950979,13.700724090924231,5145.778603086787
4021,5277.490543127876,5280.474030064582,12.242053190117828,5313.579805531178
4340,5360.558833621983,5363.304746199291,14.013752421180628,5369.9971981622875
4117,5371.498343150548,5374.4847742735965,12.401871277591443,5408.209983696802
6070,5439.173944022866,5442.104607552781,12.747908112907101,5448.978011986757
6030,5546.48828277521,5549.04373450131,14.49849835734032,5555.576458947284
6014,5907.951030842187,5911.190498578911,10.8629233845209,5918.805056978822
6020,6135.951170053469,6139.419378657797,10.26869113097574,6146.320141587004
6335,6172.0977838444405,6175.16920393101,12.344743803043924,6182.637968551393
6130,6267.305764530883,6270.223508065721,13.178117067733977,6303.399637672268
6135,6350.201473533363,6353.461883120254,11.176412135282218,6361.38248207199
6160,6359.867464055125,6363.088776130815,11.379855131012498,6396.077067719453
6017,6381.653839364252,6384.060992343282,14.527582868623911,6398.171502224733
6154,6419.320175769453,6422.047709037935,13.135163846733512,6427.640656220982
6041,6539.389164588866,6542.4376805861975,11.991308847344609,6575.646069995702
6330,6802.391582008858,6805.568898408687,11.999332661723576,6843.439522182874
6358,6804.169596069894,6807.384042373967,10.74421544518231,6845.92487611096
6078,6902.021374647801,6905.070391307813,12.111686012463327,6938.204774526561
6362,6980.71341938049,6984.392181738774,9.367115662858623,6992.720788398219
6053,7095.751014434462,7099.235716004311,10.389441567266273,7122.128257553007
6331,7160.563170344663,7163.455120543303,12.779682779702098,7170.786875369793
6344,7252.403973431034,7255.033540547352,14.069071248653788,7261.558369092694
