866,29.0,33.50980210674824,12.424495611580083,37.879529776603356
896,99.0,103.29060980518015,12.95626576321974,107.29705749327273
1846,141.1904749675262,144.35119461673054,14.910177190645902,149.0239707354149
700,218.0,223.0422473489966,11.3100339396019,228.8891438692268
729,286.0,290.56572571474516,12.351869139274799,294.7364501645549
713,296.0,300.49238403418684,12.24205046605342,304.6068041267741
792,642.0,646.4502518043047,12.097233313422603,650.7569348394289
676,680.0,685.0690899390751,10.621438560573695,690.8376273079251
785,711.0,715.1778598866915,13.51123177214596,723.5399198320196
749,879.0,884.111186510364,11.702427384622187,889.9048595166507
908,893.0,897.2873898226007,12.39266508003735,903.1527024760245
1841,954.282938050522,957.4383078642218,15.6201877496603,962.562178543495
720,1205.0,1210.1878440335718,9.903764560063108,1215.9880567892621
860,1274.0,1279.008514571758,10.689704414593136,1284.0125865712293
847,1407.0,1411.2015282941582,14.306969690185232,1416.486710697452
706,1419.0,1424.0461091743973,10.687721542222862,1443.4463476706085
782,1570.0,1574.547500311182,13.289910388801745,1579.9320973063832
858,1572.0,1576.3468266444877,13.320882935329832,1623.5747852808743
754,1682.0,1687.4580328498623,9.952017128545076,1693.7940052500953
873,1690.0,1693.6368162152412,15.947338659483908,1712.90102314444
798,1766.0,1770.0651536158382,14.07037029337362,1775.1889151192383
719,1798.0,1803.0433332948096,11.446594106379509,1807.825528942828
2704,1824.0,1828.4531090006506,12.582960225012025,1832.6046828622655
2805,1936.0,1940.2971570436448,13.911061026494803,1945.6865041273127
2784,1980.0,1984.443729674706,13.196005900459383,1988.6111292810465
2794,1982.0,1986.212568720801,12.805118295461808,1990.331332729693
2809,2023.0,2027.0876019243221,14.551291307793866,2076.431764002515
2714,2066.0,2070.053787773798,11.792409959259718,2080.859648505156
2768,2096.0,2101.1748164886963,11.180735389819656,2106.051861674691
2854,2121.0,2125.21143404019,14.347317342088473,2166.020179191946
3855,2140.7752207412154,2144.4180096018813,12.66339825202532,2168.528758731326
2886,2152.0,2156.557395395099,12.475864403035821,2170.667155587257
2838,2220.0,2224.0109217008303,14.834505071043102,2228.833996543516
3864,2479.4351987259397,2482.6221570484054,15.233693591991704,2487.8933121550317
2855,2499.0,2504.3777787903073,10.69258657380558,2526.1513800687644
2723,2504.0,2509.0231954410915,10.308300801280591,2528.189115907976
2731,2586.0,2591.2707537292245,10.17987972637424,2613.0992941142067
2706,2622.0,2627.199884985691,10.836391896146347,2632.1663569429384
2825,2690.0,2694.052665057485,13.875031390843645,2708.2870594942683
2699,2724.0,2728.3549327919422,13.119848471859232,2732.4818874648763
2687,2729.0,2733.419682199637,12.225258511858115,2737.5922315126677
2697,2778.0,2782.5067580866703,12.282922897424347,2793.4533425073437
2875,2987.0,2991.1290688281715,13.870086197537267,2994.9041718802177
2918,3031.0,3035.2722437774096,13.859992359392294,3040.6481865251876
2767,3053.0,3057.22875409104,13.661644322914642,3063.5395260492924
2881,3075.0,3079.167763746105,13.378788548942095,3083.1243402230507
2889,3119.0,3123.473562252667,12.41372699866514,3129.0035704542265
2754,3272.0,3276.1137361860206,14.018406426628896,3281.9601632067397
2851,3391.0,3395.5289367973437,12.357319973793572,3400.823224898678
3850,3398.2260810302173,3402.0451834344676,11.77570066830337,3423.569304770391
4868,3647.0,3651.022146662824,14.455621329604224,3655.9173677476474
4689,3675.0,3680.35202348772,9.7205193563559,3693.5131722061265
4691,3676.0,3682.1914671715185,9.345099762326305,3696.179522652126
4782,3725.0,3729.48117082625,12.026545907696953,3734.7604343332105
4817,3741.0,3745.299955950812,12.623217713059837,3783.48386651527
4758,3909.0,3913.4279468590407,12.551172943381717,3918.7362470596354
4790,3933.0,3937.432419506973,13.141153998779485,3963.479151606152
4672,3952.0,3956.0678715763306,14.062835969428006,3968.3814369086303
4730,4234.0,4238.329920377732,13.556575529732081,4242.307619834431
4893,4402.0,4406.509344448418,12.985488419959061,4413.191836106497
4742,4442.0,4446.432068402306,13.047089803155737,4451.758214205528
4774,4584.0,4588.114842860972,14.577084933207411,4595.730675208208
4684,4675.0,4679.375640986085,13.270461330827882,4683.860041358611
4810,4859.0,4863.260302026432,13.861220496920973,4867.175390784231
4666,4930.0,4935.335783694665,9.89977387779985,4941.590633039599
4667,5075.0,5079.577993600557,12.351199367391184,5084.794668330645
4664,5077.0,5082.354126204836,10.242944323859053,5133.544276825439
4772,5226.0,5230.297853399985,12.848819492597134,5234.383420265629
5848,5363.941240495736,5367.575086858899,13.258181308858763,5372.778736191535
6772,5656.0,5660.442066689702,12.596360337587836,5673.470032794367
7838,5819.98877398948,5824.136780777878,11.464990355210729,5853.129654480371
7841,6155.8969680263435,6159.170366687087,14.091526242278846,6164.832416555757
6708,6238.0,6242.524332146826,12.100466169854341,6246.903968989687
6810,6331.0,6335.037633805924,14.076213180272799,6339.751149461906
6905,6392.0,6396.0661654136375,14.214902745707326,6399.860564166435
6877,6495.0,6499.382453435432,12.721554740280586,6503.4115500151065
6762,6526.0,6531.124908076588,10.949082767579348,6536.90149770982
6829,6538.0,6542.37309054703,12.10266117480138,6573.462494904138
7857,6550.663091097902,6554.3331644923655,13.394073591789352,6575.957993450768
6735,6559.0,6563.3914559937175,13.479085618560381,6578.455700179959
6717,6581.0,6586.3712478633215,12.074510113002624,6591.0056519564505
6808,6660.0,6664.559132558599,12.195724205505451,6668.762139630559
6804,6726.0,6730.431625080526,13.001399548423038,6735.723256270154
6806,6809.0,6813.277394275555,13.93177461120039,6843.608692441661
6895,6835.0,6839.467738803953,12.89362263713136,6846.015421630292
6743,6868.0,6872.383847316313,12.87405948202436,6876.628729790068
