836,342.80322991569545,349.3869297178188,11.12470011630374,359.85801671177046
902,487.03519296280206,493.16676777619415,11.206898903407675,502.27861590509224
867,1206.4471646896404,1213.4118654132478,9.11300518811266,1224.1072657098266
822,1496.2848538804446,1502.3476165218772,12.081165412661301,1511.1306828682636
898,1564.9036623684578,1570.256881875283,13.570448505617776,1578.9070684724213
893,1591.0881702456427,1597.5348581422095,11.280276494727765,1606.5839459000824
891,1854.519110254708,1861.0143953434676,10.72340287486632,1870.4170653401695
2874,2216.1094442775,2222.2595953286404,12.002898680135713,2231.448706855372
2907,2220.643362573275,2227.4752172652497,9.65034172025771,2238.0731530746534
2860,2284.626412625594,2290.4359685069717,12.734657812989306,2298.465057071309
2836,2286.8183223028336,2292.254499675315,13.505642300737005,2300.161678150623
2834,2500.4214337385242,2506.4059394780256,12.218569046594691,2516.299344156083
2897,2574.390995336436,2579.526237006561,14.209577280417893,2587.1294247855276
2832,2645.0921024695685,2651.1447795647846,12.33547564339316,2659.9006235217057
2895,2650.6638482417056,2656.006675029461,13.53162071007986,2663.8425229525647
2906,3036.27642873529,3042.3495361290106,11.630843049976239,3051.544871251369
2873,3076.2394242615783,3082.4637724177937,10.887038387774904,3092.6092274140465
2892,3220.8128971201095,3227.150295633702,12.139244391281922,3236.864321699822
2821,3292.42994727833,3298.4644646333745,11.496305423763879,3307.2964571167026
2890,3364.177225920043,3370.395339656606,10.90673130957148,3379.3910687273637
2894,3366.5293886805157,3372.2993688770557,11.90795932776476,3381.295189701036
2859,3439.0052628172043,3445.054692695307,11.926013042025142,3454.788867331486
2904,3449.3755732849395,3455.2855115357884,12.108920256291542,3468.457019706989
2919,3581.22458844439,3586.443540489971,15.424417579018423,3593.4105509602778
4914,3796.423771113967,3802.189876208095,11.697453193320365,3811.9694219857192
4873,4090.3704104842122,4095.274416279486,14.354690773976145,4102.40682533802
4869,4156.102498730035,4162.029438812253,12.576757653799595,4171.734567052544
4908,4164.482125511741,4169.240761877546,15.123474070688067,4190.898782074757
4864,4232.544956071053,4238.269181281705,12.06929555353471,4278.498056113234
4918,4300.594561234341,4306.128208474246,12.502721633465102,4314.741872254384
4906,4532.181355163626,4537.371011977951,12.988393671198546,4545.597126011648
4818,4811.107976591611,4817.462334749941,10.881491777873672,4827.488526221075
4838,5164.891701966094,5170.258857770966,13.403585173076237,5177.760335258435
4849,5308.445879929383,5314.413019158651,12.561777112255308,5323.829255643254
4895,5382.697429388875,5388.524122988592,12.266087171839951,5397.760057972918
6901,5890.980945064757,5896.573098517258,12.448888241608275,5904.512273220159
6859,6103.105197051249,6110.0971491526825,8.983289028873985,6168.364846590233
6844,6176.615583256939,6183.196339949108,11.214475585286873,6193.0135557108015
6903,6244.444649066903,6251.044722043018,10.45587699100141,6260.639819333135
6839,6248.317611891851,6253.507057320846,12.911450940776499,6262.517130651759
6838,6388.443735457227,6394.512908544355,11.725468582939762,6404.492921366483
6926,6427.546230506374,6433.266893910382,12.967184186189451,6441.507951270679
6854,6463.198369082664,6470.113255951231,9.839957532651384,6528.498821137638
6874,6539.072792638936,6545.194971461856,10.963940266270566,6554.560889215427
6921,6542.499543482101,6548.049467702356,12.814392209826924,6556.527913677738
6917,7035.964893333758,7041.412927022656,13.316473686534328,7050.697478057503
6843,7053.118504145188,7060.054415073869,10.347947533859069,7070.012832644578
6916,7108.875798503883,7115.420383629898,11.202165225173305,7125.855828413979
6864,7182.724796007456,7188.405115465642,12.138634640828034,7248.586791984354
