988,149.00549760011626,154.33702145157872,11.765107451979773,163.0260421366927
723,569.976330183881,575.4073924078974,11.330746825999203,584.183586005058
1026,580.2647040806405,585.4735937737108,12.028926738997999,594.2419053292589
984,798.402272173381,803.4657692094568,11.24733653459695,812.411129400864
736,940.5959802050377,945.153529572506,14.197960346726845,952.1047454164428
749,942.6211035393515,948.048481674215,11.525351367021418,958.0978356526488
692,1062.3854855933719,1067.0315407228024,13.169462551450644,1074.3866534650713
991,1098.5023139888895,1103.158649561616,13.186241695818351,1110.8780326795345
1080,1232.874771273192,1239.211785061571,10.449495450436407,1249.1975704411539
714,1290.8533381852315,1296.0205522037782,11.323008607421631,1304.5930806441781
987,1370.939171652545,1375.4824853868784,14.070802334221582,1384.3707365065486
795,1420.112791163628,1425.0873020707472,13.319567402761594,1432.9767846919656
706,1518.8371006869381,1524.3955237838948,11.408735166518893,1533.947902849322
1064,1595.417655643647,1600.1064808693586,13.64775639738247,1607.5875719792186
976,1663.0744721084438,1668.5235571569958,11.731899487508167,1677.9868143527206
985,1664.9736085096358,1670.3770349000033,10.397976890778265,1713.6779437089735
711,1782.1666811334426,1787.057255303301,12.980703086741569,1796.112430777646
989,1819.6060735345432,1824.4120986711262,12.415482049689219,1836.0409170376963
719,1878.689457685357,1884.3150169917137,11.250036161019624,1893.8477961222977
2758,1880.6112399432513,1886.2687847692653,11.050491520451102,1896.1874968107627
3057,2020.630654107316,2025.2637570951206,12.905890574354697,2032.7768161654951
2805,2022.5600565782167,2027.128165767991,14.087688057300056,2034.5584714707986
2818,2107.4764404553966,2113.057546326359,11.1724105860107,2133.092469419118
2714,2168.975820599193,2173.0264828555523,15.129133367931244,2180.903942770861
2812,2213.912811870796,2219.0833885699612,11.465135261237679,2228.6768187879916
2965,2236.4200657269785,2241.129367793674,13.231166641261927,2253.7151410749602
2970,2668.358130136363,2673.267000459468,12.474026690337785,2681.1272587412022
2731,2670.1909540560373,2676.0602652479706,10.467823877071417,2685.690163935688
3033,2742.702245204234,2748.5277469058015,10.705347169449224,2793.3233347610794
2707,2755.6921800108153,2760.5663323801873,13.967864916669386,2798.333835745489
2981,2812.6799633308497,2817.262618338046,13.368261161679396,2853.2510530900313
2697,2824.793740103389,2829.4902299066125,13.06367821327681,2855.5968106297764
2967,3258.540801543815,3263.1423091131996,13.117990872254055,3279.122369540319
2719,3316.342718451211,3321.033087351947,14.093974352231974,3329.029083100346
2696,3435.715628225079,3440.2931014873125,13.375026480606742,3448.8009375521374
2701,3654.7853016370523,3659.561506162787,13.188606758575588,3668.383212089624
2993,3680.548848861101,3685.5228744391006,12.693548625173102,3700.9483062199156
4960,3754.4107075113748,3759.496484567816,10.936624563815437,3768.075452827275
4691,3756.1864001420754,3761.368865077999,12.08030439764009,3769.94590106856
5070,3820.549106395603,3825.110880482409,13.774335229790632,3832.4932058992654
4988,4036.3857176786455,4042.350820508345,9.501344006028091,4052.2304990424477
5077,4038.3725872577256,4044.284147712358,9.539412540774386,4054.1539361436216
4974,4261.387189655997,4266.459310130621,11.447168161089156,4302.7562716110215
4783,4263.207857608978,4268.209123581586,12.684185508562818,4304.55110381449
4989,4542.674063994888,4547.456257870301,13.187189621882347,4556.665774546319
4742,4544.491512329029,4549.380868762966,12.622754365063502,4592.943538377571
4992,4756.54062486701,4762.043102720422,11.270261196488686,4773.393927781377
4808,4838.3365935017055,4843.553667880305,12.09582176732475,4852.0027292239565
5055,4900.355906595869,4905.511161186509,11.877620614691025,4913.639539256833
5084,4902.291203452422,4907.313505915256,12.208680701645198,4916.64933204889
5056,5188.6055793292935,5193.410073244834,13.881388276010657,5200.93433817842
4697,5236.096641375334,5241.5053455276975,11.621771755916372,5250.469829631882
5081,5331.939342805413,5337.377310409875,11.052705337018818,5347.782764706541
4997,5476.251386166317,5481.3962162624775,12.109345251406518,5490.478559150478
6715,5812.002959771021,5816.543177243225,13.795023100109344,5825.1061388489525
6796,5912.891119297081,5919.269184267317,9.457787928485113,5929.754971000798
6767,5968.658017675143,5973.297691246621,13.157439455135645,5981.011425728286
6973,6139.293235459905,6144.0803049807955,12.409771658679356,6151.948183658405
6974,6342.7751003936455,6347.564671312387,12.673064049494565,6356.854492576144
6723,6540.501485956103,6545.282542291606,13.076797731751494,6554.3735990615105
6971,6628.553029605305,6633.372625361572,12.834124839673725,6641.22524158217
6762,6630.783037449226,6636.426320564099,10.75152269194646,6645.588972512576
6735,6632.628904196582,6638.34925640038,11.304752044066774,6647.455710513243
7069,6704.501668274689,6709.522990844412,11.585388127923054,6755.651317363756
6704,6708.512606146733,6714.038291153031,11.106604729154645,6759.9335683368045
7025,7060.6110130412535,7065.364936506466,14.183765337973135,7072.736055581361
6800,7064.445644758548,7069.367909501993,12.608925091390425,7113.258012960129
6816,7066.261653502144,7071.442139577084,11.259880621889165,7115.732742933062
7080,7280.741280297647,7285.416206027838,12.023358977306597,7300.455944920368
