368,512.1893526905966,517.0771001828904,12.469517534268217,521.8961814777292
1318,517.0721823059464,522.3962844970459,10.581432175807686,528.5880743080846
151,959.0662495141424,963.2320166941017,13.656394113376312,968.656387199662
131,1051.3213883876708,1055.545876978922,13.982697051535043,1061.0682513739155
388,1229.3136999566277,1233.5841225217364,14.311329998394086,1239.2452552027696
1153,1321.8378347134017,1326.4747333412784,12.732022786707441,1353.437921819518
378,1409.8001194514081,1414.2675419546945,13.727608123156232,1419.9378950507414
1164,1596.5709627207561,1601.5325598913457,12.402857018030906,1625.6570263514955
1489,1649.8737050852744,1655.3943676408999,10.282215127324163,1661.9559015683753
133,1679.8561698306073,1684.3116875846829,12.590794537473956,1713.5875641721157
145,1769.8484807570767,1774.2131477128971,12.954526630023635,1779.7550301400768
1120,1823.0155506860012,1827.309145013753,12.847497325390014,1831.7578988870398
3334,1953.2608944389158,1958.2719333385323,11.504128016967643,1964.0639802456722
906,2072.137940378991,2077.213584464424,10.79199861923078,2082.3537411594284
2396,2129.821003884525,2134.098271205372,13.83295300189063,2140.3139533657545
3153,2310.431225009355,2315.086018757858,12.518767982054252,2343.453283627745
3184,3038.6588862780554,3044.4676090502103,10.480311338322075,3066.2967003413005
3500,3082.9990352422587,3087.3677322851554,12.407607648087303,3092.489110657666
2902,3093.062093906947,3098.2792394366174,10.602578526992758,3104.587352779786
3340,3153.131188553598,3158.133632963998,13.48438183713554,3162.382662142257
2404,3571.629522009507,3576.051113156948,13.302002565736412,3581.9079516354113
4648,4168.310265304188,4174.037369604905,9.963770836564452,4180.486041241108
4900,4238.040817996996,4243.333250489603,10.88106148863125,4248.586783242862
4389,4559.778542516838,4564.180655476942,12.770236596308555,4568.760661930617
5163,4564.58856304956,4569.111401003722,13.438212184745689,4573.669855895694
4916,4567.990279532905,4573.307984577263,10.36199154241633,4579.9082728302365
4374,4653.847970588894,4659.514870474107,10.377172767400065,4683.614887595372
4149,4655.762080889626,4661.393627466693,11.90400173570924,4686.052120365156
5162,4657.782026384235,4663.2452426555055,10.843561406005545,4688.213849606603
5123,4694.84333101766,4699.406490321559,13.251311220920947,4704.017080598519
4884,4741.22104708146,4746.2745094818465,11.061769601278856,4752.858324365206
5171,4926.570490778502,4931.2948788223375,12.588986691301544,4935.822617130748
4619,4953.9786443269395,4959.213222880868,12.300557784507735,4964.050751612643
4403,5013.818362443362,5018.314458461974,12.844582682969943,5043.420000970819
4386,5190.710049279416,5195.387716184732,12.661585292239092,5201.82230740843
4394,5192.747911716974,5197.501224213259,11.79198921189579,5223.844095436347
5183,5284.560845838673,5289.510476795458,11.196880539976476,5315.502703017422
5153,5372.9648201987575,5377.191502054104,13.206913295499508,5382.8174497066675
7339,5557.254992141496,5562.261224592104,10.33620399058591,5589.969063942762
6148,5822.616679093566,5827.4297338206225,12.316849145480566,5833.439924896601
6160,6543.322961391899,6548.317621374245,12.129243411821372,6554.4490977969635
7331,6545.2232466039495,6550.16257628118,12.11513115600212,6573.428744893199
7166,6552.391583161097,6557.316157972493,12.22069042155826,6578.248238020738
6895,6999.6141061100625,7004.388605171122,12.259031077226332,7023.368797305585
6162,7080.847045510919,7085.028256953544,14.258909923492501,7113.63080229169
6398,7082.958721095358,7087.181599985534,13.228237261892314,7116.120202762142
7157,7084.838012394612,7089.1825935317775,13.796411684278217,7118.463998466184
6382,7169.692740907454,7174.14671896445,13.387766295089541,7179.906670232891
7334,7259.578244342032,7264.098237533883,12.59484813332873,7269.808324125794
7189,7262.99533766209,7267.363097773978,13.562647242753517,7293.418936070329
6403,7351.3585791002215,7356.515198346085,10.574830800393542,7362.915728880724
6142,7353.2155815472315,7358.371568310619,10.011342337584146,7383.09572284351
6163,7355.144078352996,7360.342344754778,10.622527113794517,7385.379495851403
