48,226.71112538313469,230.3789230633255,14.141987084095884,232.80980863024106
92,599.7186588774225,603.125804486093,13.87814502373716,605.6322564947333
29,1113.0755409975307,1116.329820404794,14.191516240318153,1118.7214877564993
2085,2604.778251495924,2608.5445824298276,12.70484338021038,2611.2795255108745
2028,2690.1675079483025,2694.043466391613,11.967561150893326,2696.9896231569383
2026,2804.2403529320773,2808.2077009188015,12.486923047459294,2811.079836234447
2084,3310.5185455435403,3314.40146602818,11.864233936252521,3317.291720531921
4092,4561.739985514207,4566.03150271873,11.069141338898442,4569.118527001795
4029,4624.478164964047,4628.509584554084,12.028792262169569,4631.311207197534
4101,4737.7410887866145,4741.109425252748,13.709847495986892,4743.597113992476
4038,5158.439378516237,5162.30871327893,12.429198865745335,5165.064919593848
6033,6508.764653503914,6512.179562700135,13.105352373983031,6514.727507451547
6025,7212.648004141221,7216.077955178396,14.019744478858012,7218.520933778368
