1475,93.55156972096971,98.12568785072959,11.459090635497962,103.5615879069489
1490,547.069632625804,552.3764421722556,10.458663146152281,557.8574161748567
1389,648.4113320210251,652.3956227558203,13.154676565884735,657.611209830273
1367,843.3805260409373,847.4802776563163,12.223209247818527,852.8359708121296
1476,1175.3149629437273,1179.5859417565855,12.696450941017424,1218.1529500856225
3476,2253.7885793805835,2258.2913041265165,11.585324693222484,2263.693694931524
3494,2433.363648952097,2438.0496681528793,10.90656043372815,2443.476682682095
3481,2793.655139273207,2798.0167346543826,13.07616236787783,2802.8262725166396
3491,3603.562755424245,3608.0426134020245,11.394760461759372,3613.5825917875827
5479,3783.902685381432,3788.1417027513226,12.948224101465001,3792.9671471956444
5486,3873.821285452475,3878.0164272080374,14.049720845262653,3882.768652379787
5472,4053.8106785653126,4058.465646321355,11.59039194004127,4063.874150692542
7473,6033.758417855135,6038.053571301949,14.9262769213776,6042.6836367554015
7489,6303.983684518976,6308.482341986792,13.192845590330684,6313.772063381655
7475,6393.522594014057,6398.011198727995,12.957652860540618,6402.93366718156
