1114,148.3089634268782,159.33934490263448,13.458739235217632,170.75059821319942
877,149.9682621171796,164.1921889946639,10.126382683628176,179.80488809613905
1119,202.87896529943757,215.2414556103082,11.533914246278272,228.23584715637818
1144,603.7459214017749,616.0393374144803,11.06190207462081,628.8960561853723
1143,756.6987319262412,766.6223999543952,13.9509506156566,776.910802050896
1092,1124.8053361470675,1134.5884700235633,14.908090948199753,1146.2517047364445
1146,1258.669504645294,1269.2726290295825,12.987118984439125,1280.38222796611
860,1324.8284558777805,1337.423952171638,10.959379746570214,1350.400242899744
823,1395.8675324869432,1408.4381473216567,11.836126414769167,1423.0066606164874
1093,1456.4152433054628,1467.2110429825175,13.770814449390214,1478.0443810380623
2878,2056.6324285529327,2073.053506865736,8.076848262897526,2090.545224213249
3133,2116.7046659810785,2130.26018049947,10.934693563458634,2144.653677164133
3170,2315.0334782493924,2325.4217315097576,13.497393432837713,2336.985821001856
3181,2457.7647203832157,2467.593348937572,15.010752930409874,2487.0572207043124
2867,2466.796904841353,2478.3542980769553,12.528509793972356,2490.362086270566
2907,2513.203730126006,2523.3254308091814,14.66160305354581,2534.8172192344587
3092,2996.8887533336897,3007.321007944286,13.949898259631857,3019.3972236180743
3167,3051.6072510884183,3062.2739489914443,12.719721041875845,3073.4084745039113
3130,3054.4825587081564,3065.110170276738,13.32988621625857,3077.633288345342
3107,3106.970264364498,3119.2947362892814,12.015203565841981,3132.127241141756
3165,3238.7994851803815,3249.3919931682235,14.241764760953883,3260.0052561740904
3155,3371.1348814434,3382.2786672056654,13.055994746785823,3393.8879734368306
3099,3453.208052442961,3464.2790866185687,13.55091148950969,3475.5290560532358
5116,3701.0412695808877,3712.362615469413,13.096510389055663,3725.2500330025723
4816,3832.9028418251987,3843.0361112941328,14.695465324274146,3854.7056418866646
5092,3898.7597845803325,3910.1066547326527,12.809239684717387,3922.759585538644
4850,3912.927514309827,3927.1688750426542,9.574169645151413,3942.9659655269406
4834,4174.144263205868,4184.5193339701445,14.043068400878921,4212.10720231394
5139,4251.669186409475,4261.1586861117685,15.178067543042193,4272.973834691569
4852,4294.590798915446,4307.238658181187,10.715033681183389,4321.70112732461
5086,4771.629187787843,4785.507029966323,10.54032555162897,4799.744812531484
4902,4822.484970216055,4835.249798139432,11.614792393951747,4848.609438310564
4896,4891.497618188375,4903.187491982873,11.6660833137369,4915.357288828401
7176,6551.649610848162,6562.612707793826,13.283381612397553,6574.031775310517
7101,6610.8188043397795,6620.260328002449,14.51208038465165,6630.142345034693
7123,6752.181800783667,6765.491013761548,10.260036897990311,6779.412972502723
7107,6934.959038255376,6950.1635119001085,9.942052558102592,6972.393867015872
7142,7220.0514667092775,7230.605965755058,12.963822487392882,7242.76511953318
