703,101.44318402716421,104.5533391559598,13.922863965261731,107.62876691795209
698,198.00979424527463,201.26074815164887,12.447058144508418,204.52800353301845
715,206.66205987513507,210.3435656780361,10.915691244323263,214.1381234414927
723,286.1604235767039,289.5765139184193,12.099501578367954,293.07839842909965
980,287.8978772354388,291.29081825423253,11.002797762700819,294.8091660014931
1054,305.6151796376337,309.47884793456416,10.93739268660904,313.95100224640544
447,373.9285496830902,377.35422417355346,12.1045868598425,380.74307425697134
1082,388.59925137964944,392.15242601472374,11.374620738194634,395.6814949297716
1786,453.53309725491334,457.1679082863576,12.96158347987101,460.64456728187974
699,461.86342287892523,465.27046799153493,12.469704110612335,468.6639616578564
725,465.5208335502278,469.0960940731712,12.983796070299526,472.329814962762
727,551.7226983016536,555.0295153426653,12.879981758245396,558.3567293659981
198,597.2426004194479,600.405341734099,13.015575469270601,604.7759336947919
285,618.2823763017335,621.2835771675242,13.824779032950932,633.6597084834829
964,651.3400613960442,654.2640973303241,14.483701581979963,657.1694802096271
961,723.6005514579647,727.435186957374,11.11638914547921,731.1538400671024
970,752.0830085877008,755.5491760576264,11.163579434915928,759.8737781616472
979,813.5063292244071,817.3715858587487,11.55040642367747,821.0426724271334
994,849.2513276425746,852.5245472098446,12.934140267144958,903.5047803006003
279,868.5374009404939,872.2488271378253,11.254159978187092,910.6747737729245
708,1002.4787275980942,1006.1064794671518,11.705145957660548,1009.6120824029124
1779,1027.934629100108,1031.0043915886145,13.572460402527154,1035.7264894954685
1777,1083.8955776730072,1087.242837073383,13.654131718554838,1090.2221235843913
982,1176.0445729175729,1180.1032665271273,9.256526621069282,1184.2222702625324
1781,1178.033169754518,1182.2185880854026,10.787102017805399,1185.9840149568658
1788,1179.9595565277696,1184.1545348228344,10.740676408460338,1187.7860968691343
694,1270.8823535022616,1274.022911689113,13.301032660944582,1277.1205399008577
963,1279.5216416183498,1283.0990027137661,11.102272915262159,1286.6736778349864
1792,1387.0543718464276,1390.2028146210948,13.092011140021867,1395.011039113673
1782,1443.8081283014315,1447.5394058355141,11.354015275074422,1451.1153684412038
724,1455.8520642192552,1459.3828486711575,10.944596333939295,1462.9295095601672
1796,1623.703032729311,1627.3299538748192,13.217166202106116,1630.5837673524265
443,1633.6097983664504,1637.4886300246128,10.517447940600325,1641.3959767810754
707,1713.779884545668,1717.4640124852342,11.804107472108115,1720.9098516070205
965,1718.020212923389,1721.229801269749,12.767191425246546,1724.5059278122544
1913,1721.976119762259,1725.4101750944,12.082138831713676,1728.8912022810866
716,1742.3109820858747,1745.3992342298784,13.920298417966617,1749.2493632185885
1070,1827.7363205185738,1831.0321881261636,12.790558255800486,1834.2362117298376
448,1832.1367348256892,1835.4803979033074,13.164935997515368,1839.6326359480597
992,1833.9635223961407,1837.2570483323743,12.306565435559259,1896.3880259500545
1771,1911.9699998692722,1915.1710810064924,13.40339494566723,1918.372221120283
2717,1991.962874182417,1995.4246935829904,11.993970553363908,1998.8416599866605
1548,2045.761120989149,2049.1731734479526,12.627780302723977,2052.429747459648
2986,2094.9140184809635,2098.2200473016833,12.079904751949638,2101.7696101500383
3051,2100.3380236883304,2103.554566598819,13.343552821495459,2106.767739587493
2192,2127.135841519276,2130.215594985196,12.90848396221364,2134.8015382281797
2991,2183.8144065875836,2187.4708060271364,11.16723961755549,2191.0550843427663
3785,2194.4703135818095,2198.119566535628,11.878099263805396,2202.6510991331147
3778,2253.778818561022,2257.243735467823,13.536837762016823,2260.36099618558
2451,2343.4849941276525,2347.4772006643875,11.302849072705243,2351.1534536763847
2296,2394.409481666742,2397.3014106287005,14.787989792871873,2433.628189888639
3900,2467.713993709629,2471.2702125841033,11.234889035028205,2475.6751671296815
2966,2729.949191448085,2734.0827610189444,9.913616903377271,2738.751948188516
2785,2732.0827646104,2736.1092858274073,9.546249410550846,2793.2594846099014
2807,2734.160737590858,2738.1173401397714,10.53825898167171,2795.5745129301113
2984,2822.8561155304947,2826.29245689726,12.57627941603589,2830.6933115613087
3545,2891.9392807926106,2895.2329870127287,13.047334424534936,2898.508743857693
2723,2906.1980457508917,2910.288956615473,9.73250092597814,2914.361597286488
2441,2908.290903697564,2912.2356716422823,9.121933261454904,2916.2961356080386
2198,2937.676571010121,2941.503580533121,10.792639462645324,2977.9194379826313
2701,3077.3005054010864,3081.162992131419,10.493349327870762,3084.982481271545
2698,3161.4705457767136,3164.2090098005433,15.478954552930485,3166.9265236261413
2958,3271.0036575960626,3275.0241084023114,10.707455029766807,3279.9399071302105
2956,3276.054225897334,3280.3195723478702,10.05603390663811,3333.305984461069
3516,3378.5682800459485,3382.1559538642723,12.45595854270481,3385.397397025527
2960,3513.762300745462,3517.442550245754,12.033511449581427,3520.943035841761
3790,3524.337493431478,3528.3544686166583,10.676459080839313,3532.346935880289
2715,3526.290445189582,3530.2463030315103,11.478785914370343,3534.2649505150384
2716,3528.2477567923597,3532.074740486858,10.518776251790257,3536.1699826874096
3057,3539.9780738637483,3543.3507385739535,12.414272459413608,3546.7049160886854
3056,3541.8309708564157,3545.133459459739,12.009598550652328,3549.3437412176277
3055,3546.4141737518557,3550.389226455714,11.012002106853966,3603.1082125860894
3063,3603.984623188068,3607.469614330052,13.619573714743368,3611.436489024802
2699,3700.6587191230888,3703.4535039893753,14.505817235306681,3706.2781193996457
4725,3793.969877071627,3797.3713942890176,12.613994006976723,3800.9085149631965
3067,3814.5132907163547,3818.383958954641,11.548708404506426,3823.452042067535
2972,3817.8946013511522,3821.47991538003,12.031120898849343,3873.484426873294
4285,3827.8353851854013,3832.066605628976,12.77316323185256,3875.965056504953
4696,3907.07105624014,3910.53345230245,11.523496624702052,3963.6271760610534
4706,4064.597482470499,4068.4965228189367,10.252499541436011,4072.331812330148
5762,4070.7529870833037,4074.474386801184,10.999813326781352,4078.222920525625
5533,4079.401730067005,4082.43893659834,13.945678270350935,4085.5077689021373
4446,4154.926613721754,4158.064947607027,14.141504012342974,4161.142784174771
4799,4358.354590153717,4362.285469705018,11.132057647977524,4413.383056211039
4715,4413.659301946246,4417.542820596781,12.250714719552729,4421.069994458784
4978,4416.0619179005935,4419.5294088039955,12.27490116792993,4422.967414857305
5513,4474.539745343537,4477.41489017419,14.55719492736428,4503.599704432925
5772,4615.5091332902075,4619.037971426588,12.331022075703153,4622.582965175268
5914,4620.694845392723,4624.0113738813125,12.49314102784096,4627.36449580308
4279,4637.885858517672,4641.585526255067,14.583580545457298,4683.287765232212
5775,4692.433589946471,4696.269244658643,10.503407893022565,4700.157453145721
5777,4694.313936393084,4698.194140907001,11.239615312814147,4701.974233133756
4711,4783.303185632183,4787.198268159776,11.234466438211877,4791.6753779134915
5055,4792.207008009305,4795.5035133839865,12.482747790024865,4798.81305908643
4957,4898.544270012317,4902.136465279212,11.486414681703069,4908.180739759292
4983,4956.248349492457,4960.097391775205,10.592957855880773,4963.9396068268015
4958,5152.225271313426,5155.051962235938,14.598309439954384,5157.906796327854
4960,5238.175652900712,5241.267149377498,13.027840841343046,5244.387774178455
4784,5250.6815064426355,5254.179260562386,12.275855239979332,5257.6978676474755
4980,5329.795416971821,5333.276892193546,11.15041194673509,5336.922938957785
5518,5403.605076112425,5407.1986548000705,12.58350495337444,5410.450713734111
6277,5480.11223185058,5483.55204301159,12.379986453268673,5488.344656550459
5540,5484.216721773848,5488.050666070867,10.744242719678638,5493.079268622924
5784,5520.437192429057,5523.345606854282,14.621157981836479,5526.213850958352
5069,5611.48906498218,5615.031161489567,11.38762926229611,5619.4466200621655
5758,5673.913266239469,5677.508286333187,15.297418236960684,5680.053944128464
6985,5691.693064323617,5695.064697473482,12.815695525544417,5698.324534092121
6695,5697.109688599495,5700.266430920814,13.267790467840555,5703.431542237309
7785,5763.597258972863,5767.1190162839075,13.335080682829563,5770.182757756152
6446,5794.0222292732315,5798.1266069237445,11.053733043729066,5855.918257195805
6968,5795.932421424227,5800.056751405557,10.775909023056292,5858.013456180675
6694,5866.149723918256,5869.428689698008,12.040244068413983,5872.724718084102
6710,5878.762162494547,5883.2093877447105,9.967928968150886,5887.596934035063
6714,5880.81662714759,5885.151916702616,9.42211545989493,5890.514871612115
7771,5884.701255341703,5889.090841757632,9.363687352921778,5946.156825232652
6712,5958.744840346973,5962.005349192489,12.396719402165365,5965.226620999703
7764,6033.519812058971,6037.329665325139,11.278707604651029,6040.977462920797
7789,6068.310355966963,6072.185606327046,10.925641705411877,6076.878844734702
6299,6105.910481671942,6109.212021747949,12.702533092123772,6123.193235776813
7074,6154.728326538018,6158.100976622129,12.70505007586386,6162.726179929882
6972,6228.023664772469,6231.072508716646,13.631942030190087,6234.196010883875
7779,6247.962667183369,6251.479865610843,12.17842013734324,6255.342559159686
6976,6393.36320392699,6397.237220456677,11.238120942031124,6401.046635956313
6960,6416.298259705594,6419.2186732357995,14.443341958506524,6422.104797220281
7528,6493.902334253929,6498.423433674482,9.612418433504349,6502.866378379957
6294,6538.662575175721,6542.480101592323,11.32399250394801,6573.105257132948
7766,6573.586055422404,6577.187592406124,12.697471997962221,6580.478680768666
6716,6588.054221499064,6591.539474822891,12.820432449778306,6594.8896915861615
6995,6591.687087821745,6595.058791374089,13.124346916358942,6598.439908472372
6802,6760.632348848559,6764.026224462492,11.329363605957903,6767.8586410478465
6711,6788.835922005449,6793.341769928564,9.2194054399146,6797.811195056218
6970,6843.794714971495,6847.568620437976,12.144309658370624,6850.985248196115
6785,6853.755404543043,6857.183554259511,11.40032692256168,6860.687520296615
6978,6866.96960021993,6870.540030900784,12.981274647001644,6873.784734853207
6696,6941.710401551424,6945.0653091544655,11.948050818495481,6948.410857920952
6196,6978.430342356975,6982.535033239358,13.6896214928239,7026.196737973335
6727,7038.077977728318,7041.380995782176,12.497943736978318,7044.629020796329
6720,7044.94468414236,7048.127213536493,12.602828223519062,7051.3948202295605
6192,7167.880649509251,7171.249527098766,12.076302768822968,7203.317065003962
6982,7225.676648297664,7229.250616579937,11.468595773632844,7232.78094978357
7791,7293.831076309612,7297.513566030175,11.607733625931743,7301.022360196485
7761,7307.362554440467,7310.352756910428,14.645252744500619,7313.231931871966
6706,7312.30537256709,7315.549604373324,12.944816293585266,7318.699575837213
