1485,561.4907724040112,565.3331721900622,14.980707908380575,569.2830178515238
373,787.1892061920859,792.29202670711,11.38776580234782,815.8067585445684
154,788.976247586177,794.1070765154564,11.082836920978748,818.3510703636886
624,838.2234548289315,843.1026853239613,11.343750122507547,849.0
632,905.79916840089,910.4074525195576,14.770747901109837,914.6000322717977
1486,1199.267939477094,1204.1713036783972,12.325169000614036,1209.802898852858
393,1228.7298712331576,1232.2731694126883,16.111087771889924,1263.5956967933384
649,1355.4743488758058,1360.585242411729,12.488413148857935,1365.3999207242368
888,1775.3346564467113,1781.094439605078,10.481454746391305,1803.3403487516168
903,1864.4389344320234,1870.2242925247601,9.922828022432283,1876.7472027379363
1126,1984.1682719745131,1989.0042100947132,13.989574502973795,1993.0148886726693
377,2046.4345904038494,2051.4295396950693,12.221156729349214,2076.1924576569004
3150,2405.012067896166,2410.0019542095174,11.594199394756245,2433.477481486716
3170,2491.418656106946,2495.6351788477173,14.359312871157767,2499.8198018020694
2376,2583.071293969258,2588.093399640504,11.422021242174731,2593.9784154046924
3495,2637.517931048014,2641.5714567057985,14.698341310040014,2645.577404484527
2907,2669.1702986583314,2673.203900212633,14.477759102710662,2703.1330771769435
2154,2761.8421000210687,2767.3347577512204,11.104076736007345,2773.8264877676106
2149,2853.306326991658,2858.120840854156,10.822057145719931,2883.3950051279944
3154,3211.7096266373414,3216.3230178061185,12.80809615414675,3243.4353957554717
2147,3301.01861380373,3306.0093327142818,11.053792961495386,3312.3735284136683
2130,3392.511102670758,3396.3840446942577,15.045949506863424,3423.480405502557
3155,3481.92608670834,3486.518445579421,12.293569709121607,3491.0304106983103
2648,3604.0972822647495,3609.5543855583687,11.709293768791618,3614.751085803152
2144,3660.499067673196,3665.1534855302093,12.397105442533354,3670.7473644130164
2148,3663.9799479132153,3668.5607445801847,12.708106553903118,3695.4804070404975
5169,4025.596596577333,4030.1586607083627,13.263505605477153,4056.202183266995
4887,4259.11793869486,4264.019456920353,12.280833855807584,4269.654181524875
5148,4479.791741598259,4485.404481503848,10.477185470335957,4506.045558293669
5157,4828.989440685395,4833.230458392242,14.217776008212116,4837.345135683137
4149,4921.653104819902,4926.253826354037,11.81410591868772,4931.767916610564
4375,5008.9650800019435,5013.233664550334,14.087954178353476,5018.900802911756
4371,5278.592224282362,5282.5941772449205,14.331129314418812,5286.5564964103305
4365,5281.551701323364,5286.160120373676,12.838876225685647,5291.904667554164
5150,5373.7177841005905,5378.531065173149,11.725950177258039,5403.253460422566
7177,5825.144999179042,5830.268482496782,12.365726484453525,5855.8058018279635
7152,6091.316109498955,6097.243579821081,9.604797915958773,6103.7921065718165
6151,6455.783961467669,6460.45001325285,12.98128570171637,6486.086564501284
6910,6457.609298074586,6462.253983841032,12.133044903554714,6488.212117271049
7176,6723.165727805402,6728.467793347701,10.946466785478984,6753.154008930643
7317,6752.920082276352,6758.417159215151,10.978813686204962,6763.474241793973
7184,6992.609818721797,6997.444125528052,12.709503857328661,7023.827705455481
7161,7082.637317456798,7087.39714842043,12.668576048276758,7113.173494804454
6645,7506.205548922249,7510.518945832986,14.035077604759698,7515.291330856005
