1182,138.83823069660755,142.51803610375245,13.71938708377986,145.7989926523508
1314,329.47954719904885,333.07352188984606,11.836071621744875,336.195109729406
1195,332.0137053448423,335.4300902235224,13.00946407125643,339.0217322610111
1320,605.687408825283,609.1196991334075,12.48125387736642,612.8324293472782
1332,1769.3265953237012,1773.0737493448464,12.412167483919996,1776.218575615761
1329,1780.4273862550224,1784.084365086693,11.80712357464304,1787.6235501969243
3334,2055.1158102507106,2059.1948047648575,10.892658376498877,2062.7800475241643
3331,2123.6255131741177,2127.3386492546965,11.76177347800125,2130.772588006358
3342,2331.798653656019,2336.3023703583854,10.081766304165324,2340.120292383586
3326,2675.5803322241554,2679.369544489033,11.117770546214839,2682.9887359402223
3208,2677.4611245729225,2681.244743471386,11.188470272215865,2685.23924130831
3210,3648.4745911961304,3652.4069229622037,11.856899301385114,3656.0846417654398
5318,3740.506380977574,3744.3953250366785,11.852667896721417,3747.881603573976
5335,3923.9773762154136,3927.5590509851636,11.930145480586416,3930.9236469261587
5197,4009.2590844953324,4013.1172515674953,12.684148449396082,4016.2685915048387
5327,4111.018875519832,4115.029426958081,11.140716989036417,4118.9206319173945
5332,4194.715079231395,4199.122405751917,10.546665308331802,4202.842579803088
5339,4282.853583526167,4286.395479663089,12.787341360908101,4289.899605212742
5329,4470.4036968431865,4474.410344914352,10.375832938994872,4478.058488311724
5317,5094.228005553755,5097.004186805499,14.554215616058999,5100.188374505716
5204,5277.745909186251,5281.436051686813,12.163072863355993,5284.904651706067
5188,5371.335833946701,5374.429708253137,13.519830168696373,5378.011144019645
7321,5720.550875234771,5724.147373154357,12.444758915176001,5727.641744506568
7339,6080.894847008482,6084.272699562281,13.902223348882284,6087.659037436851
7320,6194.457066514445,6198.309238097362,10.816589489920636,6202.027835492351
7335,6452.634914222769,6456.145194018347,12.078746065064536,6459.183470673145
7195,6454.638408509808,6458.075489784562,13.41189828850984,6461.851390417166
7318,6539.679435021341,6543.16857089692,12.869299425342755,6546.861474838368
7330,6987.199934042257,6991.02357082714,13.976632985623203,6994.1068043869855
7210,7091.294976550566,7094.357235571748,14.206794399901073,7097.848708878794
