417,274.25676048257253,280.4712935164306,14.49698587521457,287.58349550275426
680,276.2944012285536,282.3024107447885,13.843615540184079,303.4691847171229
433,282.64124070469694,290.20459951357066,9.938210854419761,305.8295282595764
686,284.94049393438894,292.4782651479152,10.899990173876656,307.8605825016351
430,365.6134563063824,372.4872484192046,11.658188802552385,392.9976978724615
413,367.57130416614444,374.25071580680157,12.976958265694483,395.2286126815695
685,453.54620279995225,459.65548674810384,14.571649287344655,466.3744922075052
942,461.4541177025193,467.4161070280428,13.673102262122955,483.3265944230232
409,555.0891477307634,563.2620220322262,10.438155107566516,575.5790135064038
915,558.7339252582237,565.3083067903501,10.686130150957242,577.9735441295743
673,566.8848016425609,572.5385143710582,14.462336502704087,580.1351234318479
936,652.5537919308795,659.2829968022495,10.972358569002502,666.4031397945264
1044,1021.5471815450042,1027.3058900852543,13.53677025497463,1035.7142541609483
440,1092.0450112885412,1099.2772818587298,10.795213124589603,1113.4429514738815
682,1173.8520830713771,1181.1576685828784,11.26660630435961,1188.8767072712315
659,1180.7964557992843,1186.3474684509563,14.601963621127531,1203.1940173544108
952,1353.8036918033797,1360.5585134400085,12.703485402565011,1367.789647545544
1042,1355.8579075191697,1362.2951788952298,13.217799417342032,1383.3944146758736
916,1377.711143228767,1383.5045092728672,13.901836055024274,1389.4009091603562
423,1445.7599680264375,1452.5424781597383,12.334495559408811,1473.543511961351
1746,1487.6978061324767,1495.1523978692358,11.670793341716948,1503.2982057141862
661,1535.4849476760066,1542.350228567995,10.967968672123693,1565.9390504933697
426,1537.8393119993634,1544.20466022869,12.859142164883682,1568.1572845324065
678,1561.460209676587,1568.3219252657477,11.283363512845435,1578.0541138680717
431,1623.6839701991755,1630.0894403215968,13.039006462272596,1637.6313177344796
436,1625.6985378757288,1632.3278625493047,12.56251732895918,1653.1577729258638
926,1729.3010239117723,1734.6200609903199,14.65142491004538,1745.9955166611574
918,1733.7327186057194,1740.1520033234276,12.013701399615572,1748.1501105257005
434,1803.6906136692314,1810.4149487251686,12.237071463990997,1817.8608097569697
939,1814.3655984669456,1821.356276794681,11.003835543293944,1840.8835567611245
932,1816.224664553823,1823.1925401902067,10.668193003011448,1842.800486188228
657,1903.5819257097949,1912.4493124791609,9.259239107001786,1926.128711674974
2672,1984.0840264447208,1990.6018648098586,12.897604890401889,1997.7477988327946
2668,2001.253388771943,2007.3837699422443,12.632496185883545,2017.9412572299716
3758,2118.127892474037,2126.2240077310876,10.497608925181108,2134.5553615069584
2930,2351.1638735911647,2357.0509945860285,13.603364254618265,2373.0761386286704
2694,2361.248188822218,2367.529980571247,12.61774108588775,2375.604793149161
2681,2442.010776716699,2449.2864236405408,10.619155860084371,2457.6014976438773
2406,2448.0865436260324,2455.4607295198844,10.809789386908164,2467.6680915775178
2926,2449.8501992997117,2457.2597819766415,11.393683248084088,2469.8212597958795
2959,2451.7575654963402,2459.1692028871535,11.863545311399404,2471.8041147515846
2683,2540.541541528721,2546.4818291724873,13.236058825595107,2560.8865113205275
2430,2615.720101642898,2622.406640160149,12.946219174574205,2643.3440747595832
2431,2706.20056681003,2712.482055435777,13.357108993933657,2733.206520388904
2412,2796.2471552755273,2803.05975891097,11.277259357871406,2823.691438542896
2434,2885.642587206808,2892.175840724821,12.803560502207716,2913.273351746749
2410,2887.8299160293755,2894.5198582162852,11.762701010277254,2915.6000380401933
2948,2895.9203142255765,2904.022998639667,9.693683939850215,2924.4784692443172
2186,2973.7919562777006,2980.4578937119213,12.954792874562523,2987.7682660126998
2673,3001.378663761015,3008.3825420491116,10.964506941867038,3015.4974068923034
2426,3063.9614258508386,3070.494903883466,13.616728122291622,3077.7870467759276
2433,3068.053306754664,3074.554107270308,13.08882280160431,3095.604446695458
2689,3333.096061693621,3340.366718178124,11.847882410661155,3348.673425005914
2675,3351.96502389541,3358.475287238645,12.764437644563209,3366.3171560289798
2409,3423.4543159401737,3429.4319688688533,16.529286630299563,3435.7892085902763
2663,3453.573412323892,3459.6243297088677,13.375935619688162,3465.684491118384
2660,3523.321287595339,3531.304391200087,10.394887693919454,3543.853929236061
2422,3526.825306122318,3533.3794546182116,11.025022808365934,3546.5261821181525
2684,3538.926220183557,3545.0805513827945,12.751269418097632,3551.438285759151
2661,3621.5444928126317,3627.602040679313,13.163242133527593,3633.735932898479
2408,3693.4675446060214,3699.3244358642664,14.596287693789668,3705.8567687174514
2417,3696.020972771242,3702.173189840716,13.62834606193834,3723.1636672049763
4948,3698.031154314452,3704.354346492416,13.036370186991597,3725.7599297697875
4438,3783.9146951647026,3790.088416864876,14.416017091031879,3796.93965323875
4679,3786.052055300992,3792.2998495134857,13.444810647165141,3813.6597863504717
4661,3874.080438806204,3880.2082994521743,14.145212110192105,3887.0939827046927
4953,3876.2379440147124,3883.4909255318653,11.694449458185751,3903.38329203327
4660,3989.118906801087,3995.2895053722254,12.961470938175324,4001.395572358501
4668,3991.938133707098,3998.2439013227367,13.262100180285305,4004.5699814054915
4687,4053.8429707261857,4060.5056792450373,13.398423964252816,4067.69509864377
4683,4061.4337403445784,4068.1850453164197,11.76331612101096,4083.1647893091185
4652,4080.513568553235,4087.011694193404,12.85549995454301,4093.4403111588094
4407,4144.066452964949,4150.373789544059,15.110616857076531,4157.555049939217
4431,4146.279617407633,4153.285916526471,11.708622919657632,4173.363684640665
4406,4233.7133001340135,4241.295166969438,10.558297871648158,4249.760598464234
4685,4236.0509818637365,4243.274180619018,11.218462033182503,4263.1842595770295
4417,4238.046521391068,4245.127790263634,11.342191876952372,4265.808225602126
4404,4325.78076032864,4333.347071391175,10.533331161055079,4353.3190462332595
4415,4327.636022233635,4335.2047612965525,11.016726682695476,4355.977850180717
4922,4337.542859889664,4343.0927885246,14.606672965390526,4360.293960528859
4949,4414.034940728673,4420.550592569847,14.000746085224183,4427.700195137639
4680,4505.812553959341,4512.230095926872,13.287733737700295,4533.468435589102
4402,4507.909529479031,4514.064154495167,13.405843400250365,4535.851551655866
4682,4522.564902677043,4529.259772310951,12.380793085151927,4544.25894802452
4681,4595.516674366949,4602.101005057854,12.748236283962953,4623.279852766003
4669,4598.0959529511665,4604.034053973442,13.137792376050426,4625.750571460109
4419,4864.179560113484,4871.034970347011,13.35158742410438,4878.908607188096
5048,4981.677606336023,4986.566293649816,15.586683302703008,4991.582860549599
4925,5054.07054657432,5061.50614507458,10.78996250774569,5075.954303508225
5042,5055.905514667719,5063.405620195263,10.851523192812692,5078.009204359726
4935,5057.934301840755,5065.259413406115,10.408975942077896,5080.056973806635
4657,5314.057034944337,5320.30847281299,14.021674352984016,5327.566994988404
4658,5318.08109082781,5326.010719795212,9.94257357319597,5346.075039177544
4410,5495.967321904638,5502.533784855926,12.534075726947421,5523.176147801092
6945,5600.861356821882,5607.105201817568,12.900416645434062,5613.927138071623
6680,5676.450628496033,5684.292018047379,10.272921432798062,5703.161237715384
6953,5678.420057834617,5686.173341751663,9.13308843660366,5705.838859852863
6931,5682.083758534917,5689.18499850676,10.699730886602076,5708.142457224409
6951,5684.074877112213,5691.268740107343,11.633419699564842,5710.108217339468
6417,5767.568110669907,5773.400321762225,14.127345573160511,5796.091385616027
6691,5854.316605281495,5862.267603771577,10.624864127740416,5871.02169583015
6434,5856.460994048577,5864.094391089965,10.134478945875857,5883.256991811113
6695,5862.052358778221,5869.520596740007,10.674863559390547,5888.082042075117
6437,5943.792812101393,5950.57728183989,12.217768430935543,5958.374719385376
6410,5947.7722252250205,5954.158896330752,13.051865973756964,5976.306109747645
6678,6033.682820209306,6040.285685123951,12.473892745840132,6047.6467855901055
6416,6215.888986228678,6222.072472223224,14.37576831088535,6243.456956207521
6694,6222.8680265494395,6230.427786503382,10.54079393429607,6246.058941698424
6682,6224.766411250424,6232.3205690502755,10.745838829706726,6248.579143743548
6960,6241.313712755268,6248.231566970439,11.17399531413584,6255.155958828843
6671,6303.337167111706,6310.033491966338,12.355586771050705,6317.700668836907
6957,6492.1693074414425,6499.420139894667,11.112666732033512,6513.154487635798
7752,6528.361536235431,6535.263680460696,12.540561625787383,6542.77880468799
6435,6573.697338612925,6580.597026532144,12.971611103057112,6603.209786425752
6669,6590.907032729512,6597.146623435889,12.680969773389938,6605.705279343367
6414,6663.417061567073,6670.091986217165,13.136735706899453,6677.682827693768
6418,6667.843226773902,6674.13142496396,12.570115008762324,6695.5759489282555
6688,6678.006244119913,6683.525709023014,14.317381460996078,6700.114208696112
6446,6762.408748159968,6769.446711682436,11.678719907752082,6785.6848361925895
6950,7025.60688394915,7032.129660562171,12.672715210951647,7053.288455596969
6436,7113.378171416732,7120.228105806902,12.067745304460667,7127.956118348122
6442,7117.6000211825185,7124.128152911039,11.968540609889569,7142.934416068288
6942,7123.113466311852,7129.480579046219,12.39174455388372,7149.677694607077
6936,7204.006874122393,7210.583857368898,13.237431297089998,7217.7685111491655
6430,7294.0705495197335,7300.595378951113,13.195865355565413,7307.999413692444
6429,7383.602949707964,7389.62008661609,15.055794143851443,7396.538832161767
