213,117.19000051039782,120.47793247750505,13.1505904753538,123.74333752204821
64,639.0867838504639,642.5908863421871,12.517162477297047,646.1302298155467
216,1183.442091245634,1187.0329971554083,11.650022046604054,1190.6120059441278
74,1808.2014714162035,1811.4395049024708,12.94130956325379,1814.7634022369791
69,2078.8745218307004,2083.122218776849,10.257903568496312,2087.3804022559066
2069,2348.919916062441,2353.085112299295,10.750536477308206,2357.074666226511
2208,3068.3289566008625,3071.260473769306,14.455467049175889,3074.1960336696015
2054,3697.8897579848444,3701.1140293125754,12.50401580291142,3704.3689922394874
4212,4782.180593835261,4785.219263482833,14.587556608385304,4788.2057369435115
4207,4963.071986000446,4966.557659437845,11.86086164682452,4969.968862103905
6052,6038.020237171289,6041.359696727283,12.721530865071115,6044.619631329985
