810,219.84542738530683,225.15885745397253,11.4069050409519,231.6532107410734
1064,306.66017247750153,311.5980625099126,12.906792913791067,317.9685599263001
795,310.0500411236164,314.5439836746659,13.912411259356631,363.4374646438376
1067,396.6917166285235,401.49129860479724,12.637092326312814,407.6699736876871
1899,398.37066974642397,403.2065666390884,12.57399329359228,453.19785993760877
1908,470.148810020493,474.5211836485094,14.550772502966973,478.8418617809965
1644,726.7604509288407,732.2195598440687,12.244547044974064,737.6071707998913
1643,820.7113610788424,826.4006935619033,10.204760288010348,832.3443222648472
784,847.2407304608624,852.1234008796214,13.051744534811005,903.5092085105883
1892,904.5982615345317,910.1759725379768,11.611210800852286,915.6890909887937
797,936.5040295917142,941.2902361107649,12.160792744841013,948.0016913125702
1646,1360.7750268804473,1365.4388005769745,13.06228743956721,1369.917826958541
1911,1376.0105293476643,1382.3624160028937,10.326832811272089,1388.5159955397596
1888,1377.971970689924,1384.2797899046634,9.786614035653388,1390.8816055573823
1895,1474.6899230925735,1479.3191899003723,12.909621044851306,1484.854701290924
1659,1644.6057192450276,1649.3557280330149,13.41398529765398,1653.9625321991498
1061,1924.122326708481,1928.5329573602742,13.62089820797916,1934.9200272666153
2810,2019.255175486982,2024.422391204038,11.908638441743536,2030.9646107363158
3659,2182.1696538208844,2187.2228109356256,11.977533963334789,2192.3296450712473
2542,2195.627457949556,2200.209923535078,13.076060057167545,2205.8149809559004
3057,2290.1860449788833,2295.4905734992294,11.741017803874277,2301.89092678266
3904,2362.8471297641117,2367.519213576342,13.787190814257974,2372.237705632852
3066,2738.5142111872824,2743.492036380326,11.7665609409883,2750.0518204828577
3649,2815.19730886484,2820.5043181415663,12.419134355801438,2825.8205358221558
3643,2903.0739230691674,2907.624798959758,13.988916704504165,2912.1647278021587
2547,2981.114837426228,2987.4016020240592,9.97972957652033,2993.945032492224
2815,3066.1861088718824,3072.159154117811,10.784869409796114,3077.7308342233136
2801,3068.56038160408,3074.1165302805616,11.31382562698368,3079.571822016721
3079,3366.6890437905017,3371.574940821754,13.557563911052611,3377.5531736251764
3069,3516.1515293588395,3522.3155775498813,9.863086021226998,3528.6346933638843
2546,3606.344406675537,3611.451879271622,12.476144033131426,3616.4573339071108
3913,3716.6335392157553,3721.0413005434066,14.28590040585787,3725.4353511279664
3080,3818.3502877938076,3823.494947968614,11.83424466815213,3829.7774097166393
4811,3910.104873669331,3915.444506890921,12.129896549470889,3921.786334988103
4810,3964.4517793812033,3969.3606809281187,13.739585963983654,3973.859966026533
5069,3990.686840714209,3994.520619072391,16.488687841160218,3998.3871492897115
5652,4058.816829995034,4063.5129119058406,13.183602398136212,4068.1292696522514
5074,4085.9163243667417,4090.6121945847954,13.8259654939212,4096.553209303319
5899,4090.109420131259,4095.0309361158997,12.631616931459336,4143.290075207435
5060,4179.889893250136,4185.2874577249695,11.211771872817103,4191.694649213512
5657,4512.338704148036,4518.462983370174,11.53779392769297,4524.181648460749
5893,4609.88748055329,4614.17238445226,14.875092900487227,4618.333703627525
5903,4686.357854517265,4691.257923505446,12.384293488262545,4696.807989321451
5667,4961.477716803945,4966.269946369849,12.37794039079652,4971.086307168728
4802,4988.220005600991,4993.293735579115,12.272253940316027,4999.650885623415
4805,5152.212394101332,5157.05582271728,12.211487339969072,5162.1216495522
5889,5259.475632927837,5264.227051959457,13.048110002627809,5313.4956719769925
5915,5347.020790207508,5351.597425289597,13.399913623662382,5357.435096965073
4793,5434.873858067281,5439.547245354558,11.623174984689838,5493.598406564648
4809,5436.591706523747,5441.366975872096,10.626088700363901,5496.050182892901
5920,5709.741993185255,5715.235317916565,12.082876523619106,5721.891217821594
6789,5948.505122504165,5954.060446167388,11.81338120763299,5959.799348499035
7072,6065.7833426838415,6070.507915328416,12.874938107077002,6076.485799836172
7056,6124.776502953117,6130.4019063605565,11.665689159937392,6135.987415684447
7914,6160.068309130114,6165.037865574448,12.162677555267374,6213.412649041236
7074,6304.38158246633,6310.288782889501,11.027494989365284,6316.144477870687
7081,6339.386208792934,6344.572650761834,11.921255088376899,6351.189689854114
7646,6508.436325454875,6514.084716132912,10.56889289826168,6519.664958439876
6554,6694.919791130452,6699.284098993896,14.527174937913443,6704.900543828026
7078,6967.679252021655,6972.5613085077475,13.212156983319645,6978.839645982664
7901,7048.419032122,7053.155681059014,12.164555314325481,7058.791303878146
7075,7204.337410089913,7210.152878895438,10.533695087820973,7215.756508488206
7909,7222.443961298139,7227.449408355661,12.658280198882938,7232.493420949081
7648,7314.351540691619,7319.521490747658,12.227438550392824,7324.671332764869
7906,7316.142350768014,7321.303455180739,11.908813725882828,7326.494693651239
7080,7419.696022766663,7425.094462797987,11.15392370212286,7473.472682094714
6538,7474.757072345762,7479.600587583795,13.266337477368712,7484.381313919304
