859,374.2089796109947,386.1132034440741,12.659081982676359,393.74774888497893
1135,484.2667305452646,498.28835562724305,11.136772624777738,506.41069380513716
1136,498.01092202150375,511.4095584345669,11.527709545691089,518.8771365761198
1115,549.3877665960428,562.0170460553671,12.689884272929259,569.9841060092688
1129,590.041184650718,602.2533378302096,12.825866959725394,609.168874050171
1112,679.9350446789682,692.4947625012037,12.619657582591191,699.4594213465238
1979,912.0217231205555,923.4648665372428,12.964732542535451,930.868737691752
584,922.9008914155784,935.5716434026069,12.781974817970447,947.9824594650393
858,953.5138046095301,965.2433809806986,12.408287924689763,972.0892489539654
591,995.6217067254737,1010.1344277851458,11.40463728086463,1038.4810771886002
593,1174.0142909995118,1187.0682760638806,12.574918843746387,1195.0793444325368
1951,1276.9703931818576,1290.4614327934723,11.825400286338983,1298.9002222379854
353,1488.1808859312098,1502.2497744027753,11.148895248962694,1510.0229462906777
854,1670.0000485447356,1681.2666337108064,14.733788109765904,1687.3646821833458
1963,1804.117987022414,1816.0115721283178,13.514988674395319,1823.6158018240624
1977,1905.0170933143038,1916.6028470271576,13.39284731307426,1923.931930547333
2344,2208.0415579695464,2220.326496947169,12.835163781002544,2227.2548446676037
2588,2348.029075605374,2362.0269830134216,11.255222498482778,2370.624746143372
3959,2527.6852590730446,2539.2215237185014,13.032894397034992,2546.6726005675177
3962,2531.7687641780462,2543.286839761773,13.542759454168884,2568.168921464838
3983,2537.944939900919,2549.454283577781,13.186889035216467,2573.0226681163276
3978,2613.505880853285,2624.2270928092,15.43156342941504,2630.997829726783
2345,2627.3004519956085,2640.467095579874,12.380659979938489,2658.1718199783727
3136,2639.856675085624,2652.501314606915,11.575602141147527,2660.8839079797503
2616,2738.403112230498,2750.2070340181563,13.266066252142686,2756.9993138321142
2362,2748.1383676901437,2761.075470622441,11.789280889669085,2768.2964080016163
3145,2888.2318462273,2899.4058531720634,14.051918296281352,2928.041495164802
3118,2892.032249294784,2905.3343793295,10.313694500899164,2933.1100772158584
3982,3069.6751456797474,3082.4745899260065,12.39776478185182,3090.6039598788934
2603,3334.0529234351093,3347.096315891118,11.988128387676051,3355.4746489278677
2609,3629.248300365364,3641.412628511591,13.259435862251943,3653.015418885562
2861,3746.1679158417846,3758.4639043132734,12.585245154827167,3765.6012624772175
5115,4010.0327797480513,4021.518979955534,13.417059072718189,4027.850361102191
4858,4058.1729321731136,4068.618546897742,15.073503284021026,4075.652857376239
5133,4192.273057979872,4205.285647069808,12.16528460156015,4212.586717571844
5985,4236.081313399699,4249.4496205885,11.87596721697546,4278.290426654359
5124,4237.894899771308,4251.225481485529,11.687403844448259,4281.077312395227
5143,4335.838519767372,4348.05498935846,12.404428027536916,4373.016724726256
4850,4599.767407728892,4611.49978014808,13.242616225325703,4638.26119373521
5956,4698.077727731088,4711.324046698642,11.64775095154256,4719.632066814756
5983,4701.882791347365,4715.226857749695,12.161138955949443,4728.219171822747
5965,4864.124768199661,4877.535769336938,11.952526287244945,4885.758093252368
5144,4884.297324228635,4897.535203942938,11.361924567345621,4908.299569169077
5121,4906.756080914458,4918.2443758567315,14.44267475066222,4924.632854641673
5118,4967.31180903341,4980.359372708395,10.644498896716199,5000.368181537112
4857,4983.400765772313,4997.3330002519315,10.509309554218483,5005.499757059649
5955,5134.0122908080575,5146.256965510918,13.337884561833972,5153.823281367272
4598,5225.800743706848,5238.396624743145,12.001004557236643,5246.623404529243
4597,5338.365375232395,5350.066933886548,13.055131888095692,5357.246821950645
5960,5403.46269466687,5416.54821865879,11.854982212134988,5424.543688352387
5126,5503.6934282633365,5518.035401859911,7.971341359752417,5541.108005033008
5127,5505.749363730698,5520.145211933395,7.887288559002371,5543.3414858838805
5146,5507.5764261567565,5522.298351655256,9.25673110979073,5545.439007389747
4851,5587.826887870492,5601.405439303378,10.835956123215762,5610.060999956354
7972,5763.443103681552,5774.572989895336,14.813693428765117,5781.629423481829
7987,5854.149414537165,5867.321468016111,12.304351266090093,5875.624254786632
6346,6038.292208170841,6048.657353443942,15.669603351619289,6055.569273827562
7975,6129.070204058897,6142.506130373718,11.589660050839528,6151.149764241674
7960,6308.318786758641,6320.537800472418,12.494274636622286,6328.668649405056
6357,6618.465095847426,6630.577965868594,13.97673649056874,6637.02867069899
6876,6682.333233104302,6693.610880003021,13.084571034941822,6700.910371060851
7130,6784.713071479152,6797.373450698495,11.546977266533911,6804.711140211085
6615,7037.952776213309,7051.537452545499,10.93690425044382,7077.389902354343
6862,7248.13347728477,7260.0632054396865,14.034625572969498,7266.575479325385
7980,7293.660612286813,7306.2683604772865,13.54886341287838,7314.279866147023
6600,7388.47132221122,7401.161464404248,11.155667754219696,7427.775681450867
6613,7390.3664120599915,7403.392962247452,12.11771706746764,7430.448167856135
6602,7392.510498125031,7406.087174987798,11.4664311958891,7433.007806162893
6603,7497.312996111058,7507.0790933471235,16.410983517837547,7513.704136068066
