1931,103.70932834234816,110.37902792195987,12.908762549414735,114.78352587711463
1929,182.88690450320215,189.2181175795265,13.718210582080838,193.42020343332786
1981,254.8956455419113,261.2686763771202,13.099285404713665,273.49495288242537
1956,285.1997637695551,292.1875360944817,11.411125523747017,297.05999906043763
1939,432.23605686982967,438.56158949050683,13.743421096461573,443.80322304596103
1965,438.29671332585605,447.1443268450732,8.965230613530476,453.5864906838958
1936,441.06093504869864,449.2673323645321,9.58232454602471,455.66809040781396
1747,487.379032552093,494.09498635540467,12.446985193879094,500.12120528605016
1918,521.105364334884,529.2295232912401,10.246180168181004,543.713608188161
673,627.292699412965,633.259624526353,13.652294987894878,637.6237432516882
936,713.1472647852078,720.47089816213,11.797732566727703,725.6390081392705
1753,774.108292179758,781.3625737991374,11.6245543454473,787.8727015149351
1982,831.779536077506,838.0232259595556,12.605796207030654,842.4546402929451
1957,835.9562469709311,843.0429861525372,11.708074712786663,847.9611043759868
1964,848.1060640536737,855.4749106510586,11.487887034414683,861.8397122786763
1971,866.1525333690098,872.485539626999,12.762683151532702,903.2641024914698
1969,964.2397542874859,970.4092766322215,14.965185942204979,975.5929951327272
1968,1405.1038728229028,1412.0879851780091,12.082002453171706,1417.9409061789902
1970,1487.519418191145,1493.629400922608,13.72798050610882,1498.8435397948967
1978,1490.9515145770904,1497.4354834600615,12.829673339214155,1533.5929145412272
428,1619.894167184384,1627.0780330587174,11.361359884003463,1632.1133899245385
927,1707.5253644979118,1715.0867418876317,11.780661047977508,1720.1672521778587
1942,1758.5598536253738,1764.2513431912857,14.076398584667142,1803.1319133811335
928,1817.8392324873873,1824.0911155559793,12.98675874206421,1828.5820126552742
920,1858.807798599106,1866.5341753021187,11.473384266099313,1893.4105677590157
3954,2159.7067363067627,2166.1759300621934,14.616180065067649,2170.9299756341507
3974,2232.6235105651836,2240.2197452952055,11.362917123989366,2246.6493705111966
2658,2331.0908560286653,2336.6623813538754,14.906823628661996,2343.540192400998
3958,2483.877364793381,2489.426660330278,15.757861842243308,2526.2098120501505
2657,2601.4937414314936,2608.1516971894393,12.89747332094395,2612.895340659983
2937,2634.7097394686966,2642.4329473739167,10.578520067892061,2647.788066855093
3964,2637.9385096131464,2645.3410479821455,12.116414241822365,2650.601266997748
3979,2663.9117222151026,2671.089101849934,11.53161017144937,2676.8579709236205
3990,2874.4910161017096,2881.4839726916193,11.910126434777702,2888.315271738323
3906,2928.8941644899255,2935.4858120021245,13.096632435287074,2973.1917404196633
3755,3414.9157938498342,3421.2552002046423,13.854443525968637,3426.270058162109
3968,3456.6598733900396,3463.5681323876374,11.70829613835371,3469.8148780623187
3935,3470.372546805703,3477.531177027374,11.355424253257198,3513.016241908446
2663,3506.6587184975774,3513.026007358477,13.719858284691986,3518.3389092179336
3757,3590.9041732493083,3598.0913309877646,11.82524155177779,3603.851181689304
5939,3649.1218085071846,3655.319093720518,14.991173892512927,3693.1709102661966
5938,3840.574566345424,3846.597865673755,13.908968740428515,3851.9307315562114
4679,3855.088511245406,3861.307427189115,13.609183813726451,3876.14284940579
5754,3864.7287223263393,3871.288980794551,12.882749162775312,3878.3299829911093
4415,4407.498506218408,4414.1875511485105,12.833240888501464,4418.908893477656
5997,4446.199265922648,4452.477966114006,12.973814371316742,4458.530435081919
5980,4856.850594056048,4863.005348977689,13.884243331035911,4867.238980848733
5747,4960.315013451204,4968.477726555643,9.832215319622977,4974.188682919802
5923,4985.938774629002,4992.023863423192,14.18924239641493,4997.375250968754
5931,4987.926088443258,4994.463509083699,13.348897877041821,5043.451827147369
4432,5109.566585446314,5115.243153725744,14.664091641860086,5133.849181749058
4932,5152.1441043390005,5159.015827860807,12.728449590443702,5163.896836620344
5960,5235.464432251392,5242.470117685504,11.478196088089199,5247.257401324556
5942,5286.312705676937,5292.510794333454,13.694533400905945,5316.054035544105
4653,5293.962288039902,5300.353432620231,13.663042489100146,5318.2284417247565
4931,5442.708987817787,5449.567104183579,12.295573859869872,5493.61035056812
7997,5555.242698994334,5561.164879111624,13.727608527143744,5566.676771186955
7891,5557.787088191999,5565.09435663517,11.635590620895119,5583.014885557734
4429,5567.588398532488,5574.492117926919,11.690154903344244,5585.402792950345
4410,5569.296658034813,5576.321848434561,12.08811179742899,5588.04858701041
6958,5648.726419230785,5654.206108408318,15.775581061403022,5673.454592265681
7934,5740.214463922726,5746.568088461969,12.866553330210246,5751.863934354757
7971,5972.748888795837,5979.065944435105,13.360088722980722,5984.611588488043
7939,5984.291938939084,5991.444019664335,10.844203402333791,6036.170275963302
6684,6020.600944508635,6026.607227906615,13.573958357388802,6040.427980531156
6678,6105.121958490482,6111.583797799096,13.523797525866666,6123.239223068491
6427,6115.852200252747,6122.579278730321,12.889129378732502,6127.456654886511
7963,6178.59311371163,6185.370805608594,13.077684612343727,6213.475716555666
7900,6245.5382693421525,6252.352811494812,12.614386626561068,6257.914701405815
6441,6377.071534228744,6383.482177634435,12.924426896381643,6388.823304193009
7938,6413.8339260603425,6421.017892909384,11.551813709088268,6425.82383284166
7926,6421.729504142146,6430.317129408181,9.931760863350645,6436.802723696555
7923,6455.161501048841,6462.096821664521,12.785749564796907,6485.664100983161
6927,6477.358089496786,6483.534127572839,13.851641120655664,6488.414531463342
7929,6543.053878933843,6549.264234778277,14.403413824205613,6554.658281971717
7992,6560.610203650513,6568.394108546114,11.170173760370679,6573.972807582559
7932,6656.5030983779225,6663.242046639766,13.17106568050453,6668.230228822004
7983,6815.258482381221,6822.1240697604235,12.784022658574367,6827.882013269764
6422,6912.293046171715,6918.3644275523175,13.025115707081762,6923.793083584101
6939,6952.722661387333,6958.510311181188,14.00843573841991,6962.787797690457
6432,7000.83492218138,7006.588891673088,14.647794297952132,7023.389643598517
7917,7066.231401291029,7074.463721949962,10.543064243136714,7113.37797924607
6942,7197.044020570753,7203.3591101593465,13.535943693475806,7207.8792602427075
6926,7230.897799020904,7237.222718300984,12.569397587877999,7241.863194556483
