1850,520.6021506384213,533.2047226418304,15.412087657802314,547.2527913249623
1880,893.3536862274219,911.2859401630316,10.583049556907026,948.7109645987118
1189,940.2060516493545,955.5596748409697,12.177370222010437,972.4123651017514
1866,983.0043625127576,999.2979503089999,11.894558412254623,1038.3560469496304
1633,1577.0176078436634,1594.1358728360615,11.124425198516908,1613.3740900390046
1436,1773.0554897610818,1788.3239602268927,12.933303242665465,1805.3962313392312
3440,2126.064145934903,2142.2427454718318,12.270377775629141,2159.310842524107
3857,2154.90093250755,2171.085927993606,12.014152186265893,2208.2177600420528
3437,2181.4162442979755,2197.210985421177,12.450655740486878,2212.976698053035
3439,2300.538061543976,2315.1361305025234,13.924992320621836,2329.7300317001655
3877,2327.4675832755206,2344.2752441190983,11.886641389645053,2388.075112071391
3830,2685.5953353355603,2701.531634223429,12.347629428051722,2718.7715441489668
3805,2710.1473403937644,2725.4256139181884,12.883085943733485,2748.093658553493
3824,3226.223603412822,3241.0319887996084,13.981864443791409,3256.767956732254
3451,3335.9993953040102,3351.559963930533,13.314431581280914,3381.3118582964335
3436,3553.381393336084,3571.16468252125,10.752150385739737,3588.9372025949583
5808,3711.216717578693,3728.0943594402665,11.784001047152767,3744.721574963571
5614,3739.4366659359243,3754.522011383165,13.525179890980793,3769.5802290883976
5437,3815.1965868067437,3832.552263626073,11.289914020218518,3849.959416480116
5436,3881.0393178308423,3897.061836071985,12.342196801863599,3918.168676668021
5854,4040.7305006798115,4058.0683477726475,11.659075552873976,4098.288918417409
5821,4222.106977385529,4239.226827223716,12.274680999347279,4256.9174324211035
5615,4641.434597363905,4656.436273205991,12.733651604130428,4671.480924693589
5445,4768.113790607655,4786.343410764361,11.256262714204636,4818.406869314258
5809,5126.151450018728,5140.168508783014,14.336522302389364,5155.86169920986
7279,5785.104525076819,5801.1618347454505,11.767968297824325,5817.22765261805
7640,6165.35054202819,6187.1532562000175,8.730986805830804,6258.467245603714
7629,6247.876701340769,6265.117476502471,11.801889123790934,6282.165446361124
7618,6335.445783126087,6351.264739103172,12.836268646739448,6367.375990625341
7448,6388.035336532838,6405.089038323431,11.314503343229942,6422.854416933978
7864,6651.760595262841,6670.116688601156,10.955631033153345,6689.991593441696
7889,6828.163832113569,6844.055393207264,11.796158083847564,6888.408050099764
7447,6945.306565845251,6962.431620916851,11.578266704436656,6979.367899547154
7201,6948.1450379794205,6964.342397080492,12.267280744074622,6981.0833925177
7874,7281.688088244029,7301.360323588925,9.62023057170436,7322.203743808632
