1229,319.81002612766264,326.0178149607571,13.09445269374776,331.67823903588305
1568,433.62720501821684,439.15195523965957,14.776574275288214,445.7073179481846
1516,529.2629478697613,536.3821251828983,11.137776030943876,543.9058825490431
1220,589.3141561682849,595.3529522771285,12.756205687107427,600.9394482639699
1385,613.2721521154812,620.0498321832879,11.25351606567556,627.7645254539001
1533,703.0575212674783,710.467495054696,10.542542571535309,718.5882845828426
1404,791.0803806469897,797.1561216895534,12.220968589425283,804.0
1561,888.4738393144172,895.36153257928,11.844157963819836,948.5981989129613
1246,949.401718318321,958.0641236288087,8.580474221241534,966.1382582848748
1402,951.5477643207535,960.1791832263134,8.89532209896771,968.1037366881391
1408,1131.4716223915696,1138.4223800733794,10.534536984672592,1144.971383247542
1544,1148.845435773395,1154.293512690071,14.472287877332903,1159.5182528104576
1238,1219.6666835721508,1226.1759146537534,11.914501652301697,1232.2023896598848
1255,1224.4433478508988,1234.2397034171559,8.094569220149369,1243.4553040106778
1406,1583.4754507516598,1590.095725657759,9.147797602469588,1597.9734738259306
1582,1585.376145824139,1592.1102212781325,9.545748278443728,1599.9478039411597
1244,1671.167966968507,1678.483915567253,11.208183456655275,1685.0651113325139
1521,1697.5179032920425,1705.0328212093796,10.412517473323971,1713.1409435954772
1234,1760.8490707809656,1766.2843684611898,14.165497162240598,1771.3909815228008
1539,1779.9110771892824,1785.5411655274715,13.402353570283589,1790.8559581960299
1397,1789.6308631115005,1795.5925103435916,13.384144500551157,1802.5485504734627
1563,1849.8897398302822,1856.5354420195713,12.11227019776099,1862.5511081962454
1403,1851.9094855939966,1858.2977211854882,11.713354426079293,1864.3577338409325
1384,1853.7702006431434,1860.1043178000257,11.933582251203136,1866.1171186121999
1557,1877.1145393059837,1883.2131332108074,13.44555098341571,1889.931959679135
1252,1941.808340716568,1948.0176513085287,12.445484595565791,1953.6937572488607
1224,1943.7641613410556,1950.1619780225058,11.785654712377575,1956.2080336552679
1554,1964.527524657522,1971.1384680151607,12.030913841267145,1978.3762947621576
3251,2209.529717284741,2216.371353292427,11.14835063186809,2222.8239705480787
3402,2212.249143790348,2218.4402405719507,13.342944748610822,2224.676236568044
3240,2214.0736281140335,2220.1899735194384,12.066711247995125,2226.524170395635
3241,2215.958752340539,2222.18951929471,12.371293046034724,2228.3067276085344
3521,2240.155557268635,2246.5817030354856,12.36822230664315,2253.664358403526
3530,2416.7235373368085,2424.0799889112495,10.90679865907053,2432.2446860816285
3229,2477.78159838741,2483.5037438877675,14.093663632972829,2488.8712632362312
3249,2481.8845477682403,2488.006968241968,12.936274472926932,2493.705435155109
3223,2571.559228662941,2577.3816964317043,12.982247006476959,2582.836466200304
3566,2683.5363773715085,2690.2618196925814,12.15985542896735,2697.9708498030377
3535,2687.410197687599,2693.5729881919005,12.680400611480552,2748.4230453223167
3554,2773.3104598801324,2779.241180300252,13.610875668528427,2785.812647522584
3560,2778.870395463648,2785.357101545206,12.397838323465157,2838.4829416021134
3403,2780.6766037667453,2787.1572852221566,12.048253656921135,2840.9576714154896
3248,2840.2611752490056,2847.4376315858553,10.992321113281209,2853.916025436245
3565,2873.8913304920284,2880.188047500656,13.151983389458053,2887.546379967877
3260,3019.7345276139004,3027.0148535646663,11.145597785263407,3033.667019275992
3561,3032.8569360913466,3039.1786592206827,12.756574038296517,3045.225993863618
3399,3036.253746802632,3042.2157634608557,13.395562987121684,3047.67783067405
3397,3049.277125102209,3055.338656130996,13.137891681019095,3061.934806443931
3548,3313.3882890879177,3320.231367830737,11.075010158460218,3327.8398502655546
3543,3315.227740778111,3322.109104035501,11.05431374075455,3378.4430403301803
3243,3379.7522574355435,3386.251568719633,11.967246947054846,3392.2093581741015
3406,3386.0040158765632,3394.02135035313,10.498416111960072,3401.4342815554196
3384,3469.43535870638,3476.058655737133,12.71136251117935,3482.032428573088
3407,3498.179540994349,3504.443591171696,12.079545918035748,3511.510647869795
3376,3500.0226804958425,3506.2857629867876,12.0285173680295,3558.410159344738
3410,3559.632562752399,3566.465818969178,11.679031953557603,3573.1019592295493
3558,3680.9209506320485,3688.0550013747115,10.920123334212429,3738.5359001405545
5245,3832.852772624394,3839.3296073501874,12.088067410899562,3845.434369443658
5240,3921.6530071126335,3927.5504698656687,13.614151292948723,3932.9839234273422
5533,3936.3510479742927,3944.221958478754,10.36051701256316,3951.3637447650704
5372,3946.410104323698,3952.337110926881,13.57452808956096,3958.8886771590055
5403,4031.432962229222,4037.5113716011683,12.567879853299353,4043.8314201278818
5582,4033.810619708824,4039.444662967774,14.255946387498193,4098.2652161685255
5567,4119.481418338511,4125.218648055868,13.549230483669431,4130.59146001395
5263,4189.549089926943,4196.413869298967,11.729858049834231,4202.878837945958
5246,4369.301104420861,4375.4099366807895,12.657479271720542,4381.009077413197
5584,4567.382364156248,4574.199891174581,11.596282495509579,4580.598528541371
5409,4569.254269381736,4576.060490089168,11.6989039686736,4582.425573844201
5411,4572.868514730041,4579.441900666693,11.867957151683775,4587.239540593223
5562,4581.4461248077905,4588.290469993739,11.218567266413878,4642.821624090583
5226,4639.635087766938,4646.509940243056,11.283225630696348,4652.819026083024
5264,4821.173695059787,4827.443789901584,12.288486662541182,4833.196292876815
5556,4932.578758990911,4939.117420721259,11.805023798560319,4947.045718186018
5236,4999.21937455138,5006.172592976678,11.470173256921317,5012.508458227976
5233,5003.166913898271,5009.265094414554,13.220907048928963,5015.144704123156
5570,5026.933207420213,5034.0765562954475,11.213121790512254,5088.186757448572
4068,5089.352043095657,5095.304902997722,14.094980931921421,5100.56059005108
5416,5123.532231953359,5129.024627933714,13.797718066960993,5178.078948612359
5383,5182.148475803419,5188.290887471189,13.446659912340499,5193.928269642014
5400,5204.743078137779,5210.315978443148,14.162715190228477,5216.928314596239
5417,5206.620654601111,5212.596379327027,12.922244762406725,5268.757850086564
5262,5269.883229116426,5276.200725808718,12.68562796822419,5281.970600458659
5390,5359.775233111964,5367.208035292356,10.210862004667304,5374.129946760548
5585,5379.336347326739,5385.034875705896,14.068686017513862,5390.294972421494
5260,5456.046318162675,5461.437142279595,14.478165527830237,5466.470143050826
5232,5457.919699668667,5464.003754364759,12.8058622544777,5469.672116214643
5373,5473.885428690095,5479.105878821833,15.250694195009391,5484.857674308849
5257,5629.496046054782,5636.510372642875,11.591732443916591,5642.854230511087
7253,5721.399744989387,5727.600181999475,13.271634437673944,5733.326458964401
7411,5835.556253623563,5843.030261176502,10.613065555950042,5850.963246396993
7234,5899.265500610749,5907.144919396595,10.202739792237145,5914.317391163751
7586,5923.801740019585,5929.052089357245,15.709457376294067,5934.910121672425
7535,6003.940210224519,6011.2559833124,10.723715079967691,6017.993616730715
7567,6005.82522752067,6013.156480262798,11.701117013879946,6019.8867674903495
7408,6018.78008378708,6025.294806462229,11.914168671970472,6032.544004230365
7370,6081.436748958632,6088.548281735937,11.150154684895835,6095.265128256077
7571,6106.903626527598,6113.462864600104,12.21677410976812,6121.004901015809
7538,6272.14840472292,6278.401805621489,12.871219738169017,6284.111374008389
7407,6274.071648359066,6280.183711064636,12.477694238148377,6285.909336504673
7256,6359.487999023169,6365.519401060232,13.245081007787737,6370.971064608096
7241,6440.376905742492,6446.328011525653,12.900902906054789,6451.9043039468825
7396,6619.4150956077165,6626.269844889,11.5234806230074,6632.4247323090885
7389,6709.460938157682,6715.452413023469,14.366381948030401,6720.815962304593
7577,6731.896219197695,6738.28574447633,11.95842063770196,6745.097637936833
7555,6738.47858811423,6746.411482659626,9.515826252506207,6798.261794313166
7257,6799.780002866489,6805.558220194364,15.813465436122975,6810.421395717112
7515,6820.802009590822,6826.620255276426,13.505708852293498,6832.202005543723
7588,6827.425230578244,6832.606546989307,14.984290693432214,6839.152867420078
7410,6832.439661217895,6839.544119536083,11.472930199371325,6888.125472534661
7548,6906.310311301431,6914.397748712706,9.809821407676399,6922.149431249907
7556,6908.213578268267,6916.4358173204955,9.368273184712553,6924.789571778317
7520,6999.429656763326,7005.031070041983,14.337033079023223,7010.3500124103475
7401,7097.232510965328,7104.336085115713,11.10761331286748,7111.914151117429
7417,7194.703476486749,7201.394636253583,11.426394929542246,7248.430845063682
7244,7339.440654827011,7345.628093612435,13.501936028481426,7351.392048556155
6034,7341.593468498349,7347.536879105684,12.723216361948818,7353.128263660146
7585,7374.555691676171,7380.222562920475,13.785472899392694,7387.086504979266
7243,7429.746663246256,7436.404442557742,12.388811619711321,7442.56325929112
7237,7431.61303193211,7439.114371303241,10.72580524026851,7445.939426705481
7576,7448.0972297067665,7453.315357723405,15.404826520593511,7458.167664835463
