658,111.68094300929697,115.03312175099856,12.02580071813989,119.19892766557416
662,164.75007577089707,167.38679957837414,14.04080687138006,171.95120192367872
946,181.23628424340637,186.1599283477763,11.195247535701446,190.4950446955101
680,193.27358586150618,196.43171489300315,12.016415240726237,200.47701234857954
690,230.6974283206043,234.02254929615884,10.863136974718948,239.56176057480857
937,260.4899100328384,263.5147306274738,12.74746106378919,277.7333830695237
663,283.790602617257,287.0107735746723,12.38485258490573,291.11624033093386
671,435.9454911339655,438.6407631421054,14.309503610633614,442.1808731785062
666,471.40316354372413,474.56189117536314,12.33753135146994,478.67126852274765
419,513.5405027694796,516.1326421687804,14.550229773824148,521.0684297232993
443,609.178079880709,613.0495106559705,9.20591448779922,633.2478332446119
664,741.0643375683923,744.1530297186974,11.689819895929082,748.220302708336
436,858.6496929073136,861.3279681718975,13.736799663200664,866.6026647453707
412,890.6640838098924,894.1172347862276,10.281584199817162,903.5007704271984
931,901.3537601136804,906.5126977575912,11.367621286340537,910.6262121095954
432,953.5396039763228,956.4782820752475,12.675676916673396,961.4043078399566
947,994.5351476311722,998.5148457702581,14.332675824777729,1001.8926191515046
422,1046.552270505518,1050.3933438680697,10.134136086938032,1056.2497979271561
693,1095.3980423312055,1098.5127201722592,11.70518790935707,1102.5809181776083
928,1174.127214596363,1178.1113383330296,11.27310889234075,1182.4147792334786
957,1243.7573012903754,1246.6055159643483,13.389903245422625,1251.3328965743683
440,1248.8163826809266,1252.314066104742,10.82979787352126,1263.2010304265973
685,1275.8793402181211,1279.446944658686,10.213230363781133,1283.964344218146
677,1281.8624685393431,1285.206572263075,11.005741383530713,1289.4906923449364
413,1333.3316203822044,1336.3132375230284,12.567566353199132,1355.7401036259564
927,1337.8210871763429,1341.027155755048,10.075507706305984,1360.234608057195
174,1400.6898192353058,1404.2406581634273,10.380049212137926,1409.7338090537824
408,1421.2860918643876,1424.3254060442757,11.882029013763793,1443.177409160017
678,1427.0225642682622,1430.0576160445871,13.069584980057888,1447.8508222056917
657,1460.440615081258,1463.3686895069482,13.268110005830255,1467.0464030041985
193,1469.3982482348533,1472.0344315101258,14.155829535018448,1475.4223311691007
683,1517.6133791052432,1520.587818215067,13.12388017124276,1533.3482355183128
441,1595.8206404253206,1598.5289719900245,14.231727717004768,1623.427100195195
934,1694.476710172279,1697.0506107231895,15.140671565906548,1701.7886561190423
660,1711.2815689048784,1716.1009464898086,11.438676398342377,1720.597527171334
430,1751.7281892403544,1754.4171029473769,14.322154318573972,1758.9815605893132
689,1790.9510932830995,1794.2818746554424,11.93321651083851,1803.1546268302764
674,1910.453361538454,1913.387656337819,13.126611699141375,1917.0946479801573
659,1981.2834204566211,1986.1204306587704,11.465148628444382,1990.781059856942
2952,1984.1566569211866,1988.1918576195237,10.748398034049918,1992.7386296684722
2940,1986.4589175505691,1990.1690611660733,11.700968153329809,1994.6428285796012
2960,2090.39034219836,2093.1249758665235,13.893979448465856,2096.742990133968
2924,2161.3221883147753,2166.1037412331384,10.908952925429327,2170.6568127973474
2670,2238.077610170401,2241.437457245167,11.000904359001824,2246.7056262447654
2427,2251.2993918194666,2256.2228982051824,10.35972811231551,2260.811546601783
2682,2272.2234885264197,2275.3498504782865,11.486994400481647,2279.4188023535103
2431,2330.2252226466294,2333.434183213891,12.265723240714784,2343.324729280003
2951,2341.363005937992,2346.3489406848066,11.15890297077249,2350.664690135875
2679,2419.2898122152837,2422.257989274325,13.196126870087255,2433.733236974633
2437,2490.2211831605973,2493.208583548077,13.089686795960185,2528.0644196097956
3045,2599.820278911361,2603.498692888671,10.052525067724194,2615.50634896866
2669,2630.1700865373655,2633.1689933480384,13.26185699164448,2636.9781283619523
2942,2701.497402164684,2706.400665367115,12.119763551303034,2710.4062204133293
2424,2753.5112400409703,2756.4146844304046,13.65656280949666,2761.65991239489
2676,2810.5234716794034,2813.5385917569783,12.305369266536601,2817.2652009604362
2666,2864.8337340005346,2867.4830150968105,14.47371157476584,2870.994728636386
2444,2870.700096703584,2874.075413989027,11.061025377172202,2879.762361134564
2663,2906.2494064802977,2909.5551775124313,12.018671647466071,2914.0997508087175
2685,2958.1271172178704,2961.033370402912,13.025337031480015,2972.9036364564927
2689,2970.64207349374,2974.015507780547,14.750012040468476,2977.2254360615307
2683,2995.6973181794547,2999.422820928922,10.307279893451904,3004.1654951433757
2161,3019.104775192824,3022.235845280037,12.52251990382401,3027.7827043639936
2433,3061.4118416233346,3066.014453091125,13.699840401501316,3069.4029976571605
2664,3163.0924154977256,3166.253852672061,12.503059046981438,3170.2580872833637
2178,3467.3110485574853,3470.3396629177378,12.382716607317684,3475.430344002549
2434,3484.7526758607382,3487.4525836457196,13.35594780680274,3513.322318882046
2675,3494.0350300205214,3496.5793870872917,15.032272347073189,3515.796138295193
2925,3511.136045030384,3515.5096254999307,10.900379084778592,3520.101070702871
2686,3641.3318399187483,3644.038832465916,14.027336041468384,3648.739523573321
2693,3702.856800106961,3705.5284540712496,14.288857122983979,3709.056494143097
2438,3739.8475165355685,3743.3380822812765,10.527181395508197,3747.7781489445665
2414,3741.839474225743,3745.28428223052,10.675185683779228,3750.629749523557
4961,3768.1405445347223,3771.1485793759157,12.2489602523491,3783.0884034619476
4925,3800.859620134251,3804.0075179628316,12.467209946989996,3808.031305321554
4680,3973.096592314898,3976.152509397517,12.807422135127602,3980.1511280954433
4427,4005.289943372046,4008.346345447694,12.224898503162205,4013.8671602450263
4935,4051.4682150987787,4056.550785778747,12.1729954856392,4060.655341717267
4953,4054.371168776102,4058.3169650734717,10.906183561720988,4062.3663444913027
4439,4104.378161486615,4107.218967725057,12.847263780189467,4111.89733597661
4412,4123.3503040175065,4126.339254838291,12.259827034406907,4146.074636365744
4956,4220.01157656436,4223.02955633689,12.837897696302177,4227.88705941332
5054,4308.655035082384,4311.495203697481,13.338091194468912,4323.2861690598065
4932,4510.463486111484,4513.314255431097,13.927601630677398,4516.918171239662
4421,4580.5948769408005,4584.052136300447,10.715022746033531,4593.232917519278
4674,4609.670810449038,4612.434865038858,14.069411709733462,4615.970942258131
4419,4662.386930481417,4665.23272880865,13.283024808475616,4683.371069759408
4415,4664.668410152717,4667.217569309505,14.448577985898014,4686.130596889465
4418,4738.385251720249,4741.450114380538,12.301217001662295,4773.364901107587
4691,4771.110120405931,4776.042065262624,11.327572140325831,4780.506025357386
4689,4839.488044597181,4842.14038962069,13.165117728272952,4867.978845320314
4410,4863.884502101213,4868.043566270992,11.313893358317738,4872.558163870682
4957,4866.260274355782,4870.242490179222,9.995168907862677,4875.24610682879
4697,4883.237217889735,4886.206419385295,13.286316620259026,4890.009080608323
4417,5110.614024114465,5113.500170434099,13.300615079522622,5135.867575428033
4679,5120.279613215972,5123.225249541492,13.394693007556935,5138.098776067447
4684,5133.730933612128,5138.044612336371,9.72677594628196,5142.930147444105
4683,5182.025292552804,5185.073273826922,12.272866112412927,5190.642539635903
4665,5187.775809109197,5191.4286751631,11.002214836468337,5223.215608053126
4686,5323.007353671561,5326.057011471058,12.599725386385842,5329.921252415941
4690,5353.720507778886,5357.171620786315,11.868872976136922,5362.760567207914
4188,5358.218201089165,5361.444308018675,11.501996047758734,5403.533086887567
4668,5401.224908306433,5406.154903858279,10.921480617908188,5410.6432998526025
4438,5404.251141446262,5408.244530099457,10.693844571438591,5412.806302791377
4436,5406.425638867697,5410.079261329505,10.781787442438583,5414.639932401397
4434,5411.910174848092,5414.63257222039,14.164532198851383,5418.071053807826
4693,5414.351230347185,5417.059306468413,14.196629918244579,5420.569170699362
4192,5530.535678750749,5533.561549581195,12.998737769065103,5583.038449478025
6935,5567.906020005686,5571.157632119283,11.083806006893733,5587.720243201934
4682,5570.349971507239,5573.563462586261,12.00184625384965,5589.790717998629
6689,5593.128017707997,5596.4318815969855,11.242670098065082,5600.634694981678
6664,5617.731989899709,5620.104957190783,16.068829895095096,5624.863090050626
6936,5673.93584611351,5678.171854435699,9.077020760443496,5683.290644450476
6672,5749.768516514616,5752.4429076940705,14.684122116623001,5756.92421075343
6678,5825.279686704085,5828.184074548645,13.400487855980744,5856.226126525988
6422,5834.410707556898,5837.51876346876,11.495498312086207,5858.432033892262
6434,5923.265892172568,5926.2999844822725,13.770636362010112,5930.933176074026
6937,5930.960783024671,5934.112302289386,11.880839852042481,5943.246301676698
6669,5962.1283744215625,5965.466391934479,11.56313727195202,5969.768940592218
6410,6213.941452239418,6218.180527851355,9.310297138940289,6223.480272357738
6415,6222.542588810938,6225.4358299706955,12.496680112185539,6229.110686612543
6419,6281.277732112555,6284.272033205144,12.13258407564722,6303.442490538345
6927,6288.303546289313,6291.482516884333,11.910552316573309,6305.899846301783
6432,6350.60088238562,6354.084605956558,10.431768206752915,6359.823686793305
6659,6377.582921249334,6380.311482708924,13.853303461108649,6393.374587175404
6416,6454.718037869749,6457.547624480804,13.131081639858586,6461.999071598645
6925,6462.615113143808,6465.167277818578,14.422672142000021,6483.15852305571
7047,6492.263133911941,6495.205165376178,13.596502783359504,6498.855325729244
6418,6550.451190954721,6553.344401916948,13.381260093543565,6557.998860877203
6682,6555.495386701847,6558.393057659178,13.152119711968007,6573.368285526234
6939,6590.1587757414245,6593.1077773171755,13.199049183626274,6596.892064598102
6661,6592.166735080492,6595.007620959597,13.627252411846206,6598.613075385952
6440,6618.580670168348,6621.080226173152,14.419342960342043,6625.748962254066
6421,6639.284794016177,6642.056780531896,13.863429160121688,6663.363592226052
6674,6650.1143193598655,6653.325970520052,12.020039634531907,6666.201168071605
6437,6733.051280527749,6736.20985438208,11.768077455991389,6740.280766251625
6436,6734.850647311075,6738.028606162058,11.479657101614695,6742.846612066031
6684,6761.424825184371,6764.215404064599,13.56866611359597,6767.826790722036
6446,6913.69102478637,6916.572792576652,11.975216321900024,6936.058821732039
6670,6944.060966406697,6947.448774241235,11.074538973906956,6951.84449859161
6413,7111.1909637190065,7116.130044101278,10.657115034616522,7120.649571132677
6938,7114.137228364663,7118.169157972727,11.943765676689218,7122.558190088919
6425,7151.691534478415,7154.388162109767,14.236178485120556,7158.792981169462
6668,7160.846246425331,7164.162652761821,10.982519517387912,7203.494548263495
6667,7186.542044115364,7189.478500681446,12.989469192410803,7208.080437614234
6679,7201.491671959556,7206.482682762866,10.58586084579996,7212.05077282441
7051,7219.052383675407,7222.187215599889,11.639094603000075,7226.377684173499
6439,7291.273494878109,7296.03534016006,10.949344109786386,7300.50848742213
