1207,416.2633041863422,425.4662837066703,11.785189545776095,435.30002906699576
1203,484.107973609155,493.1800711776246,11.958080240903792,502.79949605174335
1444,515.3175522301095,526.2452773902929,10.032131076402601,536.7495932923848
1451,650.4200054113444,659.0949775792325,13.982438936709821,666.6749333332081
1340,685.6986076827399,695.3618284918134,11.852289026481992,716.7012830166234
1363,1124.098476223917,1134.4435993314166,10.128978931063061,1144.6626795653021
1357,1125.9953735348504,1136.3746944409415,10.200102120155856,1146.4752108149844
1208,1227.7234775646314,1236.5506858057902,12.718408190379135,1245.4238832010703
1424,1603.7317776980085,1613.4660793179353,10.760127194026367,1622.864014644224
1200,1771.5407992405696,1780.5192651397108,13.47394629379641,1789.546070197201
1351,1873.7715892581277,1882.5940477361412,13.885451359099537,1890.6248809998874
3449,2009.6231083476669,2018.0982150131151,12.89211690803753,2026.070536569517
3209,2179.201566945103,2189.2787338441067,11.05790230194901,2199.800354413386
3361,2417.7167361567354,2427.4431453670254,11.331026484986428,2436.7464343460188
3439,2421.5575782472074,2432.4525848906305,10.254232351615748,2443.5969253804387
3364,2689.648130203553,2699.3553670245838,11.581903318984198,2708.618845468408
3190,2723.6846131795232,2734.097433450516,10.71873395316608,2757.169832348231
3189,2859.6110571268405,2870.47039365835,10.782440070856692,2881.429180950771
3193,2997.784110782763,3007.439111868945,11.347016727042844,3017.3394571573785
3354,3302.082324072402,3313.260472064353,10.471732989087984,3323.870171840336
3202,3335.7333540255545,3344.384726029557,13.523358009582061,3353.4881228257545
3444,3575.891659227905,3585.06341442793,12.251036450976072,3593.8266377908367
3339,3749.198165409147,3757.603448120331,14.032465033254004,3777.0059775296545
3203,3811.7008137843104,3821.0356327453514,12.467117221004282,3830.7645987880055
5356,3846.219851388887,3855.4593066111734,12.985420545625326,3864.198404270482
5442,3848.350947280865,3860.082369201376,10.102275086909595,3871.7625874995624
5203,3879.157339065281,3889.298715384472,10.711873437557623,3912.7879873871298
5333,3885.7045534046943,3896.1213568752105,11.65178934624409,3915.5014664422074
5439,3981.5030875738207,3991.104909861321,11.696902523196409,4000.2251275033323
5360,3994.446588738978,4002.292602827406,14.349279260912859,4010.724586977994
5193,4015.457557816267,4026.0682585498917,10.16750051247923,4049.1027339304896
5435,4525.476776516436,4533.038196013739,17.579128176932226,4539.166295922272
5199,4627.6557834739815,4636.431750653368,13.74119736337409,4645.586846826308
5351,5001.473267196588,5012.329067748907,9.675755906771032,5022.897861382317
5355,5075.503722375513,5083.395799365985,14.053846763503376,5091.007125721763
5353,5205.736908972126,5214.108099081834,13.743541258774803,5221.822659736465
5448,5342.001549948637,5350.336926341574,13.788222627085785,5357.888818225374
5347,5349.233031147652,5358.452569438088,12.251491161369653,5368.01025841882
5368,5357.73882865786,5367.141339484975,12.308830472561663,5412.088976326234
5215,5379.563907712097,5388.232258993848,12.828798450163497,5414.264596888627
5367,5545.887058231512,5555.21620235753,12.118692714612555,5563.937418756274
7352,5702.997768105135,5710.097249597373,15.479181526416141,5718.297656465985
7361,5818.410888396333,5829.143878492477,10.337099323958338,5839.245024149151
7353,5893.007143048352,5902.209277973832,11.57517729231569,5911.9044819460105
7356,6361.560554230171,6371.042361513275,11.90970611163146,6380.122142536673
7199,6395.3322183594055,6404.247855640006,12.590083771780074,6413.693531765431
7206,6402.213206365282,6412.110552088855,11.375214326192443,6429.433785823008
7441,6722.760984434808,6732.481827510066,11.04646834173421,6769.090278595856
7201,6748.193084347093,6757.318243904324,13.421367733062343,6776.020826087767
7439,7112.211254962044,7120.213408933326,14.244670928963197,7128.065954528902
