1342,219.84765544472165,220.28662974666554,10.375111625765692,220.73133513127942
823,256.64021992863894,257.09829141691387,11.87828651568913,257.48672016880954
139,325.61356491161894,326.07921764885583,11.013602098263808,326.4981421718941
360,394.7153800657246,395.17223421022067,11.628345027403348,395.5690119111811
567,396.8205649879914,397.23266639238267,11.835463635262753,397.6225005508183
312,398.6852613087961,399.06688378384024,14.129727104503342,399.39342002702625
321,463.78475270519374,464.2302955004579,11.568232648075897,464.6291349901457
576,537.9909113221736,538.4141356297619,10.910766845132308,538.8370085654077
834,539.795253067256,540.2265064551922,10.734460352062186,540.6563248023307
846,601.9880587320172,602.3803608769119,11.745435441913196,602.7731830952763
584,670.5794546161466,671.0260430154565,9.664003071412838,671.5034712583754
568,672.5979488144943,673.0395491872009,11.071628984323125,673.4562781087066
561,743.9276030490079,744.2940020093555,13.094078892005392,744.6463649395014
565,745.8495203644242,746.2083181149333,13.784508469137828,746.5430321177051
852,806.7809253161421,807.1660677139367,12.194197213451128,807.5444335813395
583,812.0989294041724,812.5052043948785,11.356514950414416,812.911479385586
314,890.906839940199,891.2702069052751,12.788942355258198,891.6309770047707
883,892.7026964082568,893.0510738962278,13.393616405010484,893.3955565114102
405,946.6512392190223,947.1349605660548,10.770448541291731,947.5633427256519
388,948.707451241191,949.1035017609927,13.026948571306093,949.4576804837145
407,950.6168353340992,951.0235377164036,12.42138675276792,951.3949831997285
311,1015.9780655641731,1016.4320875891859,10.239997846587157,1016.8826607313947
586,1018.0494429761478,1018.4460877120077,11.63224313548865,1018.8427324478689
596,1084.8914625309542,1085.3285257128903,11.179520992028456,1085.7412328413297
351,1097.8485449403597,1098.2589345816875,11.218805199443297,1098.6701965586917
372,1099.6277548634846,1100.027106048287,11.774549641144931,1100.418956959495
358,1165.9948315484673,1166.4153926405952,10.965059173435204,1166.8361717657208
367,1636.538325751871,1637.0142898207025,11.94668298517178,1637.400494762415
356,1644.0326021859132,1644.4065955656863,12.336763845216725,1644.7805889454605
871,1843.5993310220704,1844.0899893188466,10.64374071802161,1844.5234711301928
150,1916.725432578634,1917.117584244853,12.749951190714121,1917.4794576306358
832,1981.9044577153766,1982.337780513395,11.100591355736535,1982.753422154285
821,2050.634755094678,2051.099593338995,11.31307755277216,2051.507428252565
2843,2052.8125132415885,2053.223022933265,11.947445357529121,2053.6092032310507
2837,2257.58091356909,2258.055584895944,11.665406062524973,2258.451102032786
2852,2330.8674020130366,2331.2132913786627,13.306358638837317,2331.5600329727513
2615,2464.9156626253275,2465.3522411740496,10.938249797326108,2465.774051618265
2323,2533.924492964662,2534.375348774545,10.478777918728422,2534.8156546996947
2344,2536.0040705695656,2536.4103708929642,11.355806875423518,2536.816671216364
2330,2878.6259109819885,2879.070167497117,12.237089679800118,2879.447207146795
2313,2880.8975951095745,2881.314876417926,11.491683708408628,2881.7163726758304
2158,3022.6868456620073,3023.117245439398,10.693890466162163,3023.5486944074373
2404,3090.0620066289375,3090.451719840499,11.839136752507171,3090.841433052062
2135,3169.6655134473685,3170.0483591388393,13.26164765722554,3170.3962697548654
2314,3368.1507436120896,3368.49933977522,13.235567381199461,3368.847935938351
2305,3637.7772626879937,3638.2096982962357,11.47933991724152,3638.6116262850583
2316,3639.7778681999525,3640.2245846841997,10.667399546242647,3640.6571050923785
2834,3706.832262320091,3707.2811651484653,11.157204239681429,3707.6946977778616
2378,3708.698183368432,3709.1197900745537,12.17142046655336,3709.4988639894373
4322,3844.910417142436,3845.3770844640903,10.143999950725116,3845.8319216119967
4845,3982.5940289297896,3983.044569318928,11.35015856467865,3983.451071834259
4581,3984.809484919519,3985.2184043754123,11.966341513860458,3985.6039748524545
4861,4127.941453344857,4128.275684929416,13.800759762318195,4128.610004784657
4570,4262.954837309248,4263.3018778273745,13.580550701876591,4263.641618689673
4331,4329.5955616908595,4330.053744188746,10.397753265261747,4330.497481204642
4309,4396.545369575128,4397.000428499474,11.62924557467635,4397.397175474703
4557,4404.948079275411,4405.2585720769275,14.96536964091021,4405.56687505351
4598,4412.153718391878,4412.510691655707,12.924967983427836,4412.867664919537
4858,4608.008032064181,4608.39246898258,12.001625715748203,4608.77690590098
4140,4674.659107357429,4675.145915610034,11.15846836197142,4675.559401391081
4359,4676.715148196727,4677.086473413543,13.685224984866762,4677.42361569736
4850,4817.094135975951,4817.477157251606,12.045983602437321,4817.860178527262
4314,4881.61230159712,4882.016148684903,11.359974488625737,4882.4222999496415
4339,4950.660934359297,4951.088307203532,11.567592229108687,4951.4871687742525
4571,4952.718327154071,4953.094625661751,12.09094456909276,4953.476222647791
4580,4954.887679449254,4955.2549307106465,13.019172344404797,4955.609320980926
4569,5086.599284251255,5087.058234107775,11.082207633192219,5087.4745652358915
4585,5090.697412967758,5091.096359860728,11.887386332338343,5091.484491269682
4383,5092.731741365829,5093.20615300628,9.442468814019014,5093.69478242056
4368,5094.765126831726,5095.250106073403,9.36470682610348,5095.742792933935
4871,5159.0919415277185,5159.425624737297,13.8270907060787,5159.759307946876
4332,5236.787262167324,5237.140423258439,13.02679985412506,5237.494606024553
4832,5293.541780282419,5294.00515769843,12.1822392849036,5294.383894964875
4561,5579.802089337275,5580.203646317558,11.809356446064116,5580.594342290452
6387,5642.632035065296,5643.049308623902,11.30254751848285,5643.457523497443
6338,5707.575619115109,5708.0157827761295,12.405246227547568,5708.38771154895
6326,5713.229250264677,5713.575388085305,13.329569122380558,5713.921525905935
6351,5778.164662834931,5778.5560358242265,11.788928035715452,5778.947408813524
6159,5845.525549306972,5846.027043202014,10.675250404003801,5846.459245523396
6574,5858.92402364277,5859.3895786221865,9.881512247512628,5859.856497843696
6845,5928.8258323119735,5929.177060087092,13.330172887830242,5929.523182230051
6603,5983.912887950674,5984.365816791681,10.459146327900994,5984.806949161503
6158,5985.928334842985,5986.30561194425,12.701681327195766,5986.668860547888
6375,5989.996999140036,5990.366307711051,12.498770149836002,5990.735453471045
6585,6058.967304775825,6059.444231378687,9.659325181613541,6059.921890834104
6587,6060.8403148784255,6061.357777510905,8.50704106411392,6061.900136243063
6374,6065.075494114825,6065.482929682656,11.324166003746578,6065.890365250486
6595,6121.704907808117,6122.1798724851205,10.725182812606535,6122.610062635402
6830,6123.746724589186,6124.161272263154,12.053388699920601,6124.544058226573
6402,6259.715537450208,6260.185540318232,10.869340938110359,6260.610024933465
6350,6261.582636132493,6262.0103384830245,11.58595277612887,6262.40856796791
6336,6328.587529786128,6329.034801884373,11.247617682409942,6329.445010351288
6342,6397.674037984208,6398.149380272564,11.088044870198722,6398.565492225568
6558,6399.620802346107,6400.024338165585,12.54097619892727,6400.3922415833695
6829,6466.830345846935,6467.277610258725,11.08003302149083,6467.694023097658
6607,6478.679760638494,6479.112841622372,11.540227546951858,6479.5126489907425
6347,6535.860059839321,6536.296647569262,11.278057317806756,6536.705748877753
6324,6610.687683005137,6611.090286599158,11.949903647927373,6611.476387453348
6583,6673.1121345762685,6673.51439104443,11.469965982213756,6673.916647512593
6843,6743.025249510591,6743.4397274019675,11.131759020006369,6743.854205293346
6584,7017.844178142968,7018.258693603881,11.038355155379813,7018.676678705918
6136,7091.699392447724,7092.0805735273725,13.004909108723849,7092.43535247795
6586,7158.773901719923,7159.186508002137,11.615035184965144,7159.583740376596
6362,7160.906579841027,7161.298746871468,11.899565739782803,7161.686481021339
6325,7162.851587480818,7163.224228920907,12.262864453955869,7163.600476087568
6563,7225.629503781833,7226.083209655715,11.281463334343604,7226.492187451344
6849,7227.649147785189,7228.062805528918,13.245910397370533,7228.4111294921295
6317,7231.682831641619,7232.051271094773,12.07477820790184,7232.433378983341
6840,7293.61082178787,7294.03435806258,12.737158743868273,7294.396594892531
6397,7432.810684303412,7433.265072273319,11.016981025283732,7433.683868311486
