1702,23.589860914232823,28.008891087668626,13.56915536449633,32.428016833437034
1730,137.66080277310346,142.62818966895696,14.226080072659894,147.47942502439452
1401,140.39650537648114,145.34937059744138,12.239816774318383,182.89557942203496
1427,237.79622514292922,242.1340138318908,13.955653274199618,247.40223984518093
1640,373.5057064856339,377.429486328139,14.834874567754323,381.3014917028467
1385,414.255016119783,419.47892824538866,11.97195873378935,424.96289527396715
1414,421.7781874468294,427.23820944128335,10.885013410004023,455.77226747170107
1721,543.4991050479422,549.1996090544134,11.411572383112002,554.5393498959583
1686,1025.0950393267367,1030.1586057999548,11.337583146558101,1035.8322534687622
1684,1098.8923034949046,1103.5636868080253,12.557915899505538,1108.1382014130093
1668,1296.4343572860735,1300.1595940635045,15.985704609783848,1304.959420888556
1720,1390.639069943035,1395.0543315664975,12.720057520221523,1400.520216375378
1432,1488.7552073939505,1493.507179665587,13.606781215209208,1498.6896814813103
1683,1534.1753152592178,1539.175374473134,13.750487843922603,1543.5389486856418
1397,1587.9180380066732,1592.4781948776495,13.31486173940024,1597.6696083139466
1673,1635.7622803810036,1640.5956428546954,12.50401020496006,1645.4868990706527
1692,1639.9669369431597,1645.0276772259172,11.903185343625411,1649.8184953704472
1423,1669.0599758572191,1675.0661412243705,9.938927567189907,1681.7776860612637
1415,1677.9945703371307,1682.4780909173464,12.854423247718417,1715.3646967081327
1700,1713.6064180341684,1718.4836118904473,14.076995011483971,1722.5783171080075
1695,1727.438671586682,1732.0210546419794,12.828640406842146,1736.4558619666282
1416,1769.160163361254,1774.2774803597824,11.103762655843475,1779.9552830946789
1429,1859.6363956889827,1865.2985902664334,10.648805714529418,1871.5837159208086
3420,2131.701846932948,2137.039012114792,11.168404747022679,2143.0249139178286
3415,2218.4070983348493,2223.1961234383316,12.777253189217314,2257.7360480167285
3372,2299.0553140851875,2304.025575094925,12.771191147057523,2309.568598956514
3552,2456.0489257171394,2461.093064752084,11.354330468698363,2465.9638694532405
3685,2625.4752573554383,2630.071162274669,13.421948205939284,2634.5258601712426
3718,2714.8884827064235,2719.4725730091545,13.276232143327116,2723.9269931849017
3707,2795.8281388929977,2801.4675786145667,11.046918752688534,2807.1820352574678
3667,2808.601698088848,2813.2995200417017,12.856911092642273,2817.72728941376
3734,2817.8889367146667,2822.467235668219,12.286611636595826,2827.107281122921
3397,2848.5684430103,2853.045272253474,13.260105696368871,2858.4517497403613
3683,2887.282002053787,2892.3809080508126,11.39739531647411,2897.2515348602365
3687,2895.262988118935,2900.001920543774,12.275019255288333,2904.7892304857082
3721,2973.790276781644,2979.4641798904563,11.215967919174277,2984.8112627095356
3713,2975.8335485843104,2981.238461014808,9.972326170893906,2986.637878993777
3525,2984.4457106367045,2989.1322230499836,12.828407861071646,2993.6762833369535
3417,3199.2325103601456,3204.268419860164,12.098097761903583,3209.7609144294015
3379,3201.2418196523427,3206.07342937356,12.542377021847381,3243.2465372929214
3437,3288.763472779717,3293.4324663327557,13.155530901446024,3298.624355824662
3407,3291.1718471084473,3296.127139005353,12.645307901743147,3333.1557467455614
3675,3460.182107306154,3465.211183063863,11.752840506204096,3471.0440193604804
5732,3741.370928283765,3746.408421329163,12.287892163521123,3783.0386261930867
5403,3837.934553118955,3842.523870690711,12.80776496866979,3847.7234689545176
5412,3840.151720010727,3845.0298588065293,12.965885208108544,3873.1588964964703
5680,3886.2346154937377,3890.615965141162,13.280031147594421,3894.9546938654958
5422,3919.030467314948,3924.1313734621585,11.819328051158074,3929.8813646381655
5695,3974.0155477207545,3978.021519650677,15.336394156526152,3981.917432459353
5528,4177.83172967479,4183.304094637053,10.924613131029286,4189.522997378158
5437,4197.3307440071085,4201.314838094733,14.993466067190461,4233.41092955592
5678,4414.0459946379415,4419.101313963284,11.396922551244314,4423.957657716383
5420,4467.950068915473,4472.345533166742,13.529995530577978,4477.645128046013
5394,4470.081940759023,4474.613460674499,13.432162204013967,4503.536186326779
5720,4601.128962174015,4606.434800530117,10.867788354289889,4611.611740220343
5686,4773.410183641052,4778.169160835839,14.060304963782034,4782.440513869652
5418,4818.793362614382,4823.508850900799,14.077229730696738,4828.743034549184
5401,4820.846394981626,4826.259845689577,10.651604512872051,4866.908482170745
5415,4909.3309887088735,4914.332262309572,12.675817940931495,4919.6366244248175
5421,4911.4711132067205,4916.377133103074,12.167936582526519,4952.980074829893
5400,4998.820761402186,5003.31839796914,14.068828086061155,5008.232615958472
5417,5008.071949829771,5012.571766999139,12.930569056339428,5047.032348730422
5660,5058.6499306741725,5065.0232983966525,9.727757574507244,5071.293355075149
5550,5078.784373785767,5083.36451882149,12.930779681765728,5088.6949157262925
5699,5154.606638816466,5159.233364398875,12.757742699370946,5163.984502546365
5407,5363.3014921098675,5368.2700881741175,12.129154537192287,5403.5058913671655
5386,5369.198130740299,5373.03038042066,14.75760546747609,5406.281194742483
5722,5454.311750920526,5460.087844988335,13.13889098909593,5493.131918608825
7537,5513.16971438458,5518.38347447949,11.816460642754496,5523.717999784612
7728,5718.24273062363,5723.343823794397,13.181824075944533,5728.723816497126
7393,5810.866921960797,5816.213571286425,10.878585770474977,5853.282096158807
7713,6036.198364248453,6041.083018638641,13.467442472747607,6045.50688696485
7397,6089.139655874937,6094.490029824529,11.544161114375136,6100.727498973821
7419,6168.701188259365,6173.542249562919,13.19450322006484,6178.923051415205
7429,6172.873956845849,6178.160644282457,11.589126190931282,6213.101409508574
7421,6183.982260640249,6189.406454679715,11.512159599344361,6220.933152696291
7425,6261.318370927095,6266.357268634337,12.538426198923785,6271.982064577656
7673,6341.682847498373,6346.263429226195,12.987812315176749,6351.719343996967
7400,6355.8744742940835,6360.446627054523,15.028197669506463,6393.117697207616
7660,6494.613579542451,6499.03832447574,13.50420175207443,6503.376515969854
7675,6517.0413270336385,6522.035984378287,11.93496714874428,6527.656803690193
7534,6588.999598234424,6593.572235761361,12.930301046283859,6598.1305470752195
7410,6625.137018611155,6630.500753656443,11.544469126935898,6636.356321128226
7423,6628.754821739875,6633.392598291272,12.842549725468569,6663.309161980501
7727,6950.028127492549,6955.041404790196,12.561061677383167,6959.978228230913
7418,6985.1539994135155,6990.208290037501,12.46465407008448,7025.764436224767
7420,7169.149589060313,7174.392968996701,11.81677295210681,7180.358961059341
7402,7251.499086565952,7256.096176392382,13.687386023720078,7261.407371928208
7413,7258.845070104677,7263.506893881017,12.547352888901528,7293.14449766008
