282,321.95455331093245,326.25653960907215,10.827169008770845,328.94126736823887
811,366.9364085306702,371.01865541946273,12.132872200547277,372.96031901864103
1914,489.78037800702714,494.31548664162335,11.175745417826276,497.3498745730193
810,549.0508103428256,552.3799782624869,14.82587728564464,553.9931438086427
1649,919.7630026849578,924.049708635759,11.297268070303897,926.0047971581181
1455,1046.8800445863972,1051.1868598972676,11.213939770107977,1053.837121422931
1458,1048.7077445729326,1053.0329618552896,9.371566178561121,1083.2407310747433
1064,1357.3441687811835,1361.5008078319545,12.610442767401356,1363.4003040167688
1074,1468.5047737502143,1473.4282658422358,10.393906433278572,1475.8462674555578
1058,1629.295312010918,1633.1444173280743,12.72200856830256,1634.957595561707
1669,1730.835034458094,1734.3024147035528,13.733322064662499,1736.0049182591051
1664,1826.6674594558165,1830.5743443221352,12.779395979235689,1832.4389837433391
1297,1852.3299317014087,1856.2591945216714,12.359696561260384,1858.9086730212491
112,1857.1949983034517,1861.1709448399963,9.849913054226333,1894.2533347390292
802,1934.7115337828118,1938.083205355694,10.60758975405261,1983.1307569800242
3905,2197.106449407293,2201.0387699821654,12.791927859347727,2203.670775483121
2543,2270.97914705879,2275.4901482606247,10.721042656958202,2277.632131951349
2119,2308.616060400436,2313.1008794930194,10.291496296952932,2344.2148945426707
3653,2403.507372937407,2407.2388474454265,7.930779169931254,2435.26565743808
3068,2462.1714854571505,2465.500039197295,15.20269922002299,2467.0333875716237
3061,2527.7563888031673,2531.4278219458024,13.058892724992923,2533.2360119692835
3924,2897.7386855962673,2901.09565064888,14.96888227759097,2902.6474012367316
3306,3114.1282971928226,3118.1741675967337,10.573020783567046,3152.8962499248246
3672,3120.496883762176,3125.212784515351,7.486971529706311,3155.49491962149
3075,3175.402315941517,3180.474545277761,10.42252600589071,3182.783505652024
3084,3177.326102676168,3182.3536954652363,9.300655367443575,3184.7515381253547
2535,3339.29349545373,3343.1068177321604,13.169939584014786,3344.9093298714565
2799,3799.3929258955345,3803.275615249078,12.005609921923648,3805.195798877448
3913,3816.4947845649435,3820.429739933764,12.705865361265138,3823.1115955445266
2293,3831.5630192883823,3835.510037384765,11.374033489732385,3873.19797484239
3647,3928.1524645573095,3932.017377724922,12.287459486247698,3934.656694287512
3904,3982.050113799346,3986.2996872639947,11.146180266563096,3988.399234633658
5460,4012.2087008394597,4015.4438579509065,12.198505619418187,4053.1095079272586
5675,4022.646920982906,4027.0404154615785,6.741488605761703,4055.679756272031
5082,4057.3549100710543,4061.011093240094,14.0372666870531,4062.7241677038096
5307,4103.917302251658,4107.379210622638,13.659559925027985,4110.068929595954
5087,4157.824482815873,4161.429439073487,13.462370163988068,4163.099259945084
4305,4192.25959690002,4195.573483333401,13.782647936568779,4197.992491992743
4820,4445.657434148752,4449.555108705811,12.396414035475074,4452.36315137252
5645,4542.456248231782,4546.588224287552,12.578038383028488,4593.070603100316
5663,4687.747176098785,4692.158599465856,10.950634045359923,4694.175316047277
5072,4691.910651680329,4696.03772018315,11.977808602215124,4698.042413039896
5067,4697.1387979904985,4700.297622284104,15.820374109946917,4701.760945809636
4815,4776.810945127702,4780.205632220852,14.580976343623842,4781.823952259667
5900,4899.247234500921,4903.462683393664,12.100514209673658,4906.308780804148
5912,4962.7184728888515,4966.543755239981,12.151257129763279,4968.373730992512
5079,5063.879159506568,5069.025258178063,9.048121085688157,5071.564101415938
5896,5065.97063968455,5071.11972979872,9.904822927532985,5073.557932915544
5899,5261.438914724121,5265.391791519012,11.09122011328732,5313.23837608181
5306,5276.861285119164,5281.259983664832,7.681456217350686,5315.71152371021
5074,5331.638509000629,5336.136642650484,10.719546040434379,5338.259420385066
6808,5692.541629778966,5697.02587231,10.914235793701813,5699.07813069497
7663,5793.709409021113,5797.2475427952095,13.328485358622604,5798.905167094743
7918,6036.967977213336,6041.235924060282,11.62015770549633,6043.291857091909
7901,6038.7158318183465,6043.0757753512535,10.95154295911933,6045.195572658473
7657,6062.871937119042,6066.343907482703,14.652290513347008,6067.9284008029035
6280,6171.805491761761,6176.129049975571,10.538141068112346,6212.935766997296
7910,6320.236642438311,6324.439513762716,11.404142348770025,6326.453257943014
6288,6355.213423270326,6359.365828056051,12.243466929964969,6361.9718978948995
7302,6357.023199036535,6361.133091089003,8.924064426768766,6393.151327750628
7077,6396.685338867488,6400.383143899129,12.821808585732372,6402.187150299281
7074,6501.457589168252,6506.12251879076,10.53649172495668,6508.366063458728
7921,6576.8912545934545,6580.619191978657,13.17403687346562,6582.353368250128
6549,6621.718190421767,6625.528952356639,13.376795014441274,6628.197212257827
7673,6625.414877378654,6629.321619742841,10.610806908886882,6663.250373073849
6813,6764.589787084351,6768.005957837425,14.350329437379754,6769.611886396248
7896,7027.497609962326,7031.514282040309,12.673621366359898,7033.397674245894
7922,7064.856696187439,7069.125071459528,10.19270629157777,7113.259131443883
7457,7164.834558846354,7169.127596389898,11.081567317562705,7171.825619838472
7648,7415.604844007047,7419.404283448477,12.351081529120396,7422.1056795594595
7651,7417.360216632376,7421.255535616145,9.613826329009855,7472.6874096343345
