1061,309.6380075990674,314.31638805599397,10.753729220635316,318.2782712512323
1798,374.52805167957507,378.2734669994554,12.862716706963806,381.6812529145145
287,376.19129663703563,380.0242775048026,14.137662606855258,383.44005034086564
730,388.4165473160857,392.5271928315627,12.4495336598863,395.8731681104282
986,939.5330074340853,943.4150211566199,14.34815691583259,946.5067133504443
1769,1004.4248320348373,1009.3159457869939,11.218456568660166,1013.3020070912893
1894,1103.507679797019,1108.229407889338,10.674531715671778,1112.0842754366004
712,1207.6716413692757,1212.2182511692024,11.308582485563454,1215.9276419458606
714,1298.8628686207148,1303.1984224526466,12.154518039142415,1306.8336164434877
1765,1387.1698379290187,1391.4993931700287,12.583932769127188,1395.038652505836
713,1659.0949066589985,1664.4869842084038,10.285486691213826,1668.7273692192368
704,1661.119341854602,1666.3955891731084,10.036237248850043,1670.6211895301874
716,1663.111875784999,1668.3060230014778,10.773403476024482,1672.5684419952483
1785,1929.07730531205,1933.5666391907348,12.979672719892289,1936.9895249173956
2701,2014.8726024665125,2019.5310520343448,11.963933783826041,2023.1490447732717
2709,2101.800140992781,2106.5411471271877,11.054567201591645,2110.3700937606905
2703,2103.6585348092635,2108.350673816428,10.791292987534295,2112.233885918967
2721,2112.1803718875194,2116.3043678639497,12.892774206563121,2119.593046198596
3895,2280.389782130817,2284.5541737639223,12.667857668455145,2287.9095072960395
2998,2285.405273090704,2289.5074207721786,12.983018331992442,2292.813294927853
2813,2651.5503167027905,2655.495747430949,13.860661067632215,2658.7393210640594
2969,2823.850740225413,2827.640034442609,14.006126830359744,2831.120465596033
2708,3000.923019733765,3005.0310292298036,13.084438259320592,3008.3582001497966
2984,3887.0213579025326,3891.501249638769,12.15564540201041,3894.9200910113036
4700,3992.6173346845053,3997.3058539167623,10.856689185565086,4001.25411708311
4988,4078.458246394529,4082.515109933637,12.497432406901419,4085.757565821248
5063,4273.923702261255,4280.115912132097,8.256471769608863,4285.41130569869
4994,4697.597706416226,4702.190952628337,11.467649038320117,4705.950421560795
4706,4710.941817801426,4715.202569143976,12.133411441998843,4718.704051719397
5898,4795.664850450475,4800.128677779818,12.581835983008144,4803.6165899759735
5552,4808.834003550051,4813.077095713261,12.778829799547568,4816.460210276438
5548,4899.108224395644,4903.333228803519,12.072016767997354,4906.79176607413
4456,4985.770051966837,4991.252076822204,9.27123631427739,4995.827768816462
4716,5071.632879759462,5076.2131417112905,11.565376173101216,5079.970586858465
4809,5073.747475862452,5078.343813109307,10.858728106951322,5082.1190378494475
4724,5255.134207807227,5259.577972470011,11.945753087574944,5263.170124694545
5771,5340.976905271993,5345.329850562674,12.532462736800996,5348.873187952738
5071,5436.681429569591,5441.399890281935,12.07666060956028,5444.894541013627
6720,5611.70846817507,5616.285169677471,11.94098586374241,5620.0380479787145
4969,5687.061672941401,5692.14205645042,11.130766058227776,5696.163231688561
6978,5887.60186055017,5892.007745557342,11.470145311756857,5895.6239143011
7768,6057.487650038889,6061.370736591243,14.145833194669825,6064.488472714027
7781,6246.7575325118305,6251.0941793141765,12.136312708275153,6254.600029717645
6816,6335.551818733922,6339.313858461213,14.245615750415604,6342.478894398246
7068,6339.134091885094,6343.0294108801945,14.07048564304607,6346.187519225723
6993,6522.843248923996,6527.378448743292,11.730212270551972,6531.023387011535
7058,6697.837005036719,6701.586950196086,14.585726824982594,6704.608198062593
6709,6781.151101090074,6785.275407938517,13.336436615348951,6788.488840984251
6967,6880.015663308603,6884.212803825025,12.567253782860963,6887.847564401726
7902,7051.6639459412945,7056.219056648503,11.852772653258388,7059.9505723984785
6798,7062.376752348402,7066.531134487181,12.427839275100657,7069.873339126039
7897,7134.277691452583,7139.3251691428,10.70840447282035,7143.305487748833
6732,7232.75091495937,7237.260287317131,12.096317814184253,7240.770675463798
6726,7326.104464089156,7330.426128618735,11.987198779185704,7334.254466958592
7774,7407.002056340689,7412.132372943526,11.102963433266064,7416.131093969013
7543,7408.91662824197,7414.0084294121525,11.424222870018502,7417.91216109186
7914,7416.544546789002,7421.4709834002115,9.84470173023673,7425.769486515273
