730,93.67106301019817,103.31148902540477,10.31547281493786,117.6192490539946
1830,212.53883751109245,221.17365365115143,11.028200030791494,234.1928100254156
1820,214.45729753777354,223.02009509747785,10.936813850753383,235.99010997071898
1013,453.8646683013343,461.025535019851,14.267521708500896,471.07802540857733
998,635.9351134109718,643.6056475097129,12.874921295340194,654.9676051526264
1826,753.728580363024,762.3604098383223,11.261344657048367,775.3021652373543
996,813.55881299261,821.0021770543533,13.108952039128575,831.7832114150902
1806,839.9875955242147,847.4134074751988,12.492462394950481,858.7578711727759
743,903.3148040621822,910.5654707050485,14.819557388460737,920.7184214296216
1805,929.9762150222896,937.5721603405697,12.75544980710493,949.0188917908906
1822,1026.9834109594915,1036.0915616623186,10.588635256644192,1050.0837843804743
1833,1207.0776227695035,1216.4029139977467,10.829084163260298,1230.3400002305498
1813,1289.0183732396943,1296.446716115803,13.063816454912757,1307.6847385137162
1808,1290.955232154785,1298.3055926997515,13.238736943986547,1309.5124161336532
1828,1563.0506852463898,1571.26971196943,10.818426290682499,1583.9440999465157
1823,1565.2756071379938,1573.1698419123784,11.163422990873718,1585.7649295526905
741,1588.2215639331555,1595.205582060009,13.283145438063316,1606.0290269886805
995,1803.66764677348,1811.452679194038,12.917299697041509,1823.2350228027274
1802,1826.5319519293905,1833.2037452963184,14.997734103688126,1843.442524866862
1818,1925.0492688326033,1932.0550664320847,12.537346049050209,1942.7603985307455
3804,2099.933112674023,2107.4511664613815,12.198905811607538,2118.7599766031435
2768,2126.766069296682,2135.051557847715,11.95529316598396,2147.7229143994323
3022,2163.640992110115,2173.2660499391677,10.362059229490237,2187.5511423715425
3012,2166.124964593319,2175.2446814943096,10.024348519090866,2189.4947736646427
2743,2256.0793759122853,2263.1932198224977,14.225478840790764,2273.403731146042
3837,2461.2238004385704,2469.081599467703,12.445806587060078,2481.2999894580616
3013,2524.0029657982777,2532.059045814741,11.987547090134415,2543.905497512684
3802,2547.5339457422174,2554.224094599137,14.376316320427069,2564.4470750905084
3018,2883.829116748239,2892.0566087707443,12.532361653281649,2903.6992581657264
3827,2909.749377935478,2916.453705616429,14.33868427094835,2926.710116033808
3831,2913.3687572926233,2920.5838314063903,13.357809957763394,2931.7999880147104
2765,3026.5201071430656,3035.115855889117,11.086942453079658,3048.325827786709
3808,3176.6934081041327,3183.2064166312584,14.946398148045901,3193.2479951701675
3836,3455.713275182671,3464.0762441792535,11.551030842604476,3476.941128059365
3829,3540.3693116909353,3548.177544528637,11.682865038399925,3560.0587812190774
3823,3631.94407081673,3640.1779951326002,12.092276754902608,3652.74190181404
5823,3989.72750448245,3996.498482249753,12.969598890302022,4007.340353256456
4742,4054.1449360058714,4062.1462018657367,12.31316519846543,4073.5241678358234
5827,4173.083495487621,4181.0886998298365,11.444457292773569,4193.127337779298
5824,4179.751815294917,4188.444921969169,10.653290496535488,4201.957074243362
5809,4265.711127125591,4274.427040670099,11.017118019911935,4287.7071750002515
5010,4323.723879482833,4331.039982670766,13.935142776428846,4341.244540736894
4758,4375.759445616591,4382.5111246975175,14.56970721951843,4392.882454733943
4764,4503.707190246001,4513.1134370906175,9.79690585698986,4527.4090532927885
5812,4530.703240413544,4538.48772409404,12.845680105253951,4550.215499575325
5810,4532.466916652845,4540.272442324322,12.91451570449782,4552.0025643929675
5814,4534.415804848397,4542.123937764104,12.703148468603453,4554.532501037245
5016,4593.67507648087,4601.138649035901,14.53182175256756,4611.553952692889
4747,4595.844702093591,4604.359319606365,10.845222819062938,4617.64150415326
5018,4773.76402371625,4782.094110616231,12.538935787163554,4794.264886049786
4741,4867.653589414664,4876.468200871537,11.102504753241332,4890.322748185269
5828,5133.835410097478,5141.34532473834,13.01266411392868,5152.044960976401
5820,5248.889528944843,5255.200151696249,15.382695917957276,5264.757640278471
5808,5253.79985573036,5260.631635197016,14.40197507564963,5270.845732219583
5028,5583.605468286074,5591.365241668582,12.941491698338078,5602.335782945473
5017,5673.405471386779,5681.040396888152,13.267836740492386,5692.142134358926
6745,5763.660994000721,5771.460738992095,12.708053388436488,5782.874255128866
7825,5792.683228369031,5800.347130872432,12.538177121063262,5813.245192993053
7019,5854.176895282146,5862.306621739452,12.149751628342555,5874.366525807989
7016,5856.213841338931,5864.14969917027,12.50253421696864,5876.22586952774
7007,5858.626886744184,5866.188356293503,12.79413932178272,5878.450274294922
7826,6033.374612826249,6041.53451190239,11.924424985405047,6053.665256755394
6737,6035.397705987847,6043.280013882867,12.285686501639407,6055.484590869999
6752,6037.317598518143,6046.086107595173,11.628128486078703,6059.2511033835835
7801,6331.0638350324125,6339.072476606778,12.172553756216614,6351.322507302265
7830,6689.696172435838,6697.579707571456,12.33595380971441,6709.797367613064
7004,6753.413684057945,6762.103532057257,11.758458752070446,6774.745148029802
7015,7023.4704610012905,7031.490611350408,11.694877878281323,7043.372458409438
7026,7204.066707362202,7213.375378975687,10.907870837932482,7227.374591099173
7023,7206.159378366109,7215.292000109895,10.093052418847453,7229.368063921844
7006,7207.981579013747,7217.182571264066,11.077192771563574,7231.582770284824
7824,7317.157414502295,7324.029191946458,13.678351814365323,7334.66315861669
