1024,138.99083212983507,143.4564239748383,13.057435649846465,147.51089089727768
1026,143.89124289248474,148.42695289149253,12.752467489923593,152.3777406423888
1855,324.8284115779351,329.33054890190954,14.396920364945489,332.90253855477175
1033,498.953442050979,503.1270596346573,14.57451841182014,506.8112123746119
746,680.9882507618187,685.092322390577,14.161396484994162,688.9022066336495
738,779.3930338693606,783.4325486151834,12.318034761233202,787.5725625431442
772,915.5215315928485,920.0032637016154,11.64891889778653,925.8819188794216
752,948.735861667614,953.0050828845021,13.65045451449879,956.8344921568096
1849,1041.2442426365164,1045.4810413579646,12.639220856176319,1049.5492027135558
1002,1130.8479344985253,1135.3708692240655,11.736042598887202,1140.1038989157394
758,1132.666911344174,1137.25558541439,10.897970989054665,1141.9691193377575
760,1310.584345967441,1315.0063547628852,12.761538180785296,1319.0777318269243
749,1398.6814206999006,1403.37227264197,10.922262200687552,1407.888119980327
1031,1400.927144722012,1405.3111873471432,12.407235936918896,1409.6750103481702
1028,1402.7325438219805,1407.0636463542824,11.151196265056068,1411.5280504380528
1005,1578.7137805304421,1583.2813106781834,11.260286360315444,1587.7013819093895
761,1580.7451241172114,1585.1267317415422,11.921899246660075,1589.5324160835041
2739,1892.8802258801763,1897.5084214965773,12.481011376559655,1902.7238043654495
1019,1938.7081517239592,1943.398484016064,11.51411924521885,1947.9224480306586
2750,2007.3790387767942,2011.5904261049911,12.421853879072948,2016.9696264829875
3015,2124.8826059757366,2129.228478676563,13.083764653057376,2133.1347572742266
2771,2501.4907024057243,2505.310036446517,13.53106787783264,2509.219353657677
2740,2714.8959065037257,2719.2615539676044,12.208658588001324,2724.822622011668
2758,2928.791058991867,2933.3250189348214,12.91221281482962,2937.2459289237545
3031,2932.9189404361873,2938.2663492732527,9.37627909116787,2943.645403299099
3017,2934.872232028616,2940.3107446963168,10.310196919354224,2945.6627567155697
2741,2936.8585504669113,2942.2535231059346,9.475752698520179,2947.6204157504967
3857,2938.839363955354,2944.352578117726,9.802883158161512,2949.554581763944
2738,3108.8219666074224,3113.273548974832,13.15909412558477,3117.106008489545
2766,3166.701225170226,3171.192777269281,11.262356244517255,3198.3236475467606
2762,3222.26979967305,3226.252106927574,13.429784354381535,3230.1715579153124
2770,3354.524659611137,3358.205991128469,14.247810475608652,3363.550904764298
2767,3436.7693036451737,3441.1212415740165,12.326808827596007,3468.393276153855
3025,3591.6556680934227,3595.4986020797332,13.90774993774348,3600.937117101046
4756,3771.5450983365895,3775.024225855779,15.498838964943436,3779.7709317806357
4732,4063.477032625756,4067.462382214663,13.172575607759017,4100.359880876028
5005,4278.6466232907105,4283.148621262231,13.43806397348126,4287.211987365934
5020,4311.902923971257,4316.011488855908,12.6633760546434,4320.992175552799
4772,4368.5454689104645,4373.129347436985,11.719226327264078,4377.6433951359595
4735,4548.786190229026,4553.345361052139,11.273371496243149,4557.63674275391
5856,4818.478985250442,4822.573883679314,13.502084797451674,4826.389994280878
4745,4873.684153486725,4877.369273560717,13.724141533145136,4882.419005863624
5004,4909.403539063773,4914.167689132784,12.24962363447569,4918.41082092138
4749,4983.063222344506,4987.349947424031,11.58985968389906,4992.764084692965
5012,5179.11592521078,5184.047814036566,10.50195022481552,5188.749926361071
4763,5358.873104446292,5363.558500711984,12.359683158567481,5367.794818216934
5023,5361.0722243928685,5365.463233346405,12.190174118134742,5369.631580065615
4753,5364.977768334258,5369.390060869855,12.249528291649177,5373.788407613303
4768,5385.063780613287,5389.340314208079,11.801470379653622,5393.520420226892
5007,5538.80494880746,5543.124016321865,13.721623692686395,5546.866771824386
6761,5583.041783140084,5587.522425018422,14.269302253546783,5592.446273792788
7017,6078.9417030341,6083.050306116653,14.654004691338807,6086.625979218075
7030,6440.728048587449,6445.046028530608,13.871385689489504,6448.73445580485
6766,6464.064724165634,6468.409064014352,12.318469876496998,6472.728728222588
6756,6483.286602991749,6488.529171604911,11.135630317266646,6493.916357227753
6754,6528.718054255476,6533.056508475343,13.691473879891012,6536.921673455789
7002,6561.1270701754775,6565.133276195494,13.475006583815219,6570.641236569493
6744,6588.023787205924,6591.51904913243,14.518104217504472,6623.815083064238
7010,6798.826648799386,6803.541403370466,12.562517413041153,6807.893808655821
6751,6801.146622284265,6805.369811295465,11.788169230941437,6809.706614654029
6770,6802.995380289831,6807.191296100686,13.019880562933169,6811.497320143362
6739,6806.564980352469,6811.443858097146,10.619668181645437,6816.2460709876295
7038,7068.530181888262,7072.607511303852,14.356960204657787,7076.226315490027
6765,7097.212770325729,7102.17038685889,11.108495393062089,7107.769093169481
6735,7169.048558367911,7173.00479784459,12.704903085877042,7176.884664237948
6998,7282.108566755935,7286.092134459131,12.827482276577106,7291.997304809689
7032,7338.47209662087,7343.018594216509,11.231322859937848,7347.399631024015
