110,122.34335098450435,127.1526716458474,12.663252229490283,134.47144596492132
332,228.99745811366273,234.31939573979605,11.949524875505855,241.58749360643807
283,284.77754883597095,289.2533102218856,13.669116749776045,295.0523871427765
143,304.38018423506253,308.3438580468443,16.015880422979855,314.5783295442554
292,645.4890510404558,650.2527220732103,12.830176025431156,656.3810093928834
338,862.8095516795958,868.1404711311134,11.147610961879588,902.7085382530367
301,968.1017067206413,972.1490112547677,14.560273316184118,993.2169267973385
548,1013.4064126738681,1018.0231216864892,13.235496078605072,1024.0526025609704
144,1028.0293119089258,1032.279934863122,14.057993779080832,1082.72570942495
297,1131.1399793091653,1136.075804372405,13.522233516947175,1142.9772648861258
4,1263.1389917412296,1268.3739159973231,12.715303649526616,1274.4551000174913
286,1278.2161211914931,1283.2814370154244,11.486063957932627,1289.9361812948323
303,1577.4200726438398,1583.2072565886574,10.361138736044959,1591.0868886124945
367,1762.7241127154425,1768.042517543786,12.030817561291414,1805.544882629726
2296,2118.4475192004493,2124.3428267462755,11.146905079971397,2163.136189861372
2130,2192.552852388934,2197.4882222504057,12.768266880965765,2204.5662709922344
2133,2342.7858874663807,2348.5057889308223,12.135590542827906,2355.37094000235
2332,2478.88707161951,2485.11953220627,9.749243302059327,2493.913667530377
2308,2480.860075493599,2487.054179682444,9.211636188890232,2523.175462036622
2313,2569.011162649647,2574.0105908955697,14.278910525487106,2580.519294494595
2370,2844.4925452712937,2850.316542339772,9.953117994937118,2883.3649948369043
2352,3198.752387525181,3204.215402753421,10.977807716588549,3211.8236371813696
2118,3269.5894263525606,3274.5691294387802,12.809784144309527,3281.846141892206
2275,3382.689803006193,3388.180246431269,11.714600376398986,3425.8693164017295
2302,3616.2938317648623,3621.4796592244124,11.709423277650847,3628.2016185593334
4335,4008.9874127415765,4014.1232431882213,13.085775894727133,4053.4186876512417
4539,4055.305816147071,4060.1484689616354,12.784718584187493,4066.2767714195793
4277,4371.032296221491,4376.0724019941035,12.397704822112287,4413.637598527566
4107,4592.8743280108265,4598.098682111818,15.126852670455035,4603.518842810944
4280,5088.820924009895,5094.437377952294,11.755077427829864,5132.96982286626
4142,5336.790056803555,5342.3131559850635,10.860882232613939,5349.96644553372
4523,5426.681699921609,5432.1699941993775,11.55058801491577,5439.935751873281
4290,5448.893406630404,5454.132552654351,12.4097558783722,5493.068765950345
6320,5538.535203285263,5543.587027873635,13.51943935578522,5550.644156392116
6342,5630.503163257501,5635.128260737526,15.21413490076022,5641.609834769665
6533,5688.290182862771,5693.203489910461,13.234859610639894,5699.319446399963
6365,5718.694697310214,5724.112678154997,11.605778414250782,5731.4571343759835
6016,5855.18753784574,5860.430886995606,13.196728265521516,5866.707640983211
6321,5990.54316688831,5996.46786850533,10.667996930704161,6004.336320110064
6301,6066.035942512944,6071.37783156136,12.091831309562172,6123.055255721463
6373,6171.316642023919,6176.250768740539,14.456521805449317,6182.972449444861
6288,6279.925872657975,6284.1165148518485,14.630246490397782,6305.189736343143
6141,6753.371328970756,6759.125185411357,12.206370912953078,6765.478233068814
6322,6889.153178038113,6894.532891638426,12.160936689150654,6901.595172548159
6131,6939.220604573662,6944.455281978813,11.332680045835799,6951.375152596905
6292,7058.106816605164,7063.196445188694,11.42039882607173,7070.579734882148
6353,7071.139541510717,7075.570629302639,13.90547721559334,7113.119052542202
6366,7159.098243846665,7164.269347895601,14.484491791639122,7203.1058402117915
6333,7161.165090604193,7166.072576451053,13.902773904274044,7206.125275655215
6323,7251.173512385991,7257.023630635834,10.718459373458218,7265.1448882124605
