1405,260.9861263437563,261.5600479563364,13.343581851082238,261.94039202917435
961,289.4053338196904,290.1157253011101,11.07797613990287,290.57385521612287
62,332.5950591190437,333.1400646133668,14.672300870519443,333.4859648448488
1433,438.7509561907806,439.33407718343625,13.364160704128343,439.7138355820253
979,469.45786394220545,470.20790881037067,12.002204200037172,470.6307604951863
73,506.6624183055154,507.21166974463233,14.606718566416454,507.55912302405375
1429,622.0836430786887,622.6123866069964,14.481774039832912,622.9628376120686
1057,645.375120904378,646.0618371983126,11.738746146922772,646.4941791370483
1590,802.4788737084663,803.085873604095,12.663694388179858,803.4866375606402
1592,812.6042685220639,813.3195832376853,10.619393659500956,813.7974968013233
1074,1012.7154029045691,1013.4713893402603,10.675465923361067,1013.9467926907015
80,1108.613203614861,1109.2238145943743,12.350136954281213,1109.634753540742
1256,1118.5362511842643,1119.2138928284126,10.68286948265635,1119.6889667096134
1600,1257.1676697877979,1258.2500272740867,8.077738208921737,1258.8783160519874
1064,1382.4748259366208,1383.1497651170466,9.533205253027306,1383.682130898836
1894,1644.487537455222,1645.176152985306,12.132881690233464,1645.594450336015
1406,1704.6890681542916,1705.3730226854827,11.048578548676286,1705.8323715732267
90,1763.667616343812,1764.292697778991,12.117710374458522,1764.7115188359937
1272,1854.8077239482348,1855.3097919966572,15.513308805574983,1855.636940275022
2998,2181.583690023331,2182.2935708833284,11.627639202183108,2182.730044029703
3250,2220.600415333707,2221.1961198778135,12.781129951244024,2221.5932015354483
2066,2278.8554508311036,2279.4961293640267,11.855513021686136,2279.924213096734
3419,2340.7898887587994,2341.2865701712117,15.252110489251471,2341.619320990914
3421,2515.404116858131,2516.046672704314,12.017186349783692,2516.4689972085503
3410,2603.629676277182,2604.243068890529,12.294148869161551,2604.6558792706123
3569,2659.8887674978446,2660.4342464212614,13.879910635472028,2660.7998937514767
3612,2700.9102242779577,2701.4904761652015,13.237172564827182,2701.8738776992245
3566,2770.7364894942257,2771.3075293990564,13.104673814566027,2771.6948074297275
3766,3013.829793280454,3014.3954102240873,13.6588251640947,3014.7669760217686
3795,3138.0,3139.2339516388674,12.105699762512058,3139.653188227173
3065,3540.3508687250564,3541.3715003086318,8.93155059745036,3541.9397277638886
3246,3581.8198109217606,3582.3785272740242,13.899122607365085,3582.7436691905937
3429,3775.5073798943217,3776.1367470165374,12.93656310085478,3776.529057727498
4076,3833.5387900811666,3834.1816064421464,12.28063507294103,3834.5948710850043
5599,3967.5611834984757,3968.2221201787765,12.032035384467926,3968.6439234818185
5428,4211.628369609698,4212.162823914874,14.772089965048671,4212.506387505368
5603,4765.200479113618,4765.659509058924,16.681143311623817,4765.963753928277
5777,4775.0,4776.435170536798,12.855374013211588,4776.82995891575
5408,4844.586938604391,4845.283449243299,10.81734970326134,4845.752617053041
5773,5067.624620151926,5068.439944991903,10.532018735530674,5068.921823385298
5415,5307.0,5308.303678788222,11.374134501770241,5308.749879970975
5245,5379.929098095933,5380.543231740228,12.433204951507793,5380.951425145491
5438,5401.616029804477,5402.447574472826,9.50857815100931,5402.981319075529
4981,5516.615173766938,5517.326382258893,11.711935437056352,5517.759713905466
6096,5972.591306656791,5973.310588840283,10.962606092736983,5973.773540096997
7578,6017.603441732921,6018.205375013628,14.393127862838757,6018.557984419717
7553,6019.561617753501,6020.11594751719,11.4114561111572,6020.560689381686
6986,6053.38016721808,6054.027113272821,10.643664705606417,6054.503937036803
7804,6058.540277818257,6059.267030901433,11.769238195366233,6059.698252717428
6095,6263.47596149875,6264.050927942082,13.247305963356913,6264.434036196812
7559,6532.0761916613,6532.622407693476,14.018527196069899,6532.984439467321
7272,6635.5224979463055,6636.1549534323985,12.333098143532053,6636.566460112101
7405,6743.556783770328,6744.107519853447,13.398826775842968,6744.4862957233345
7552,6795.773606219186,6796.324615598712,13.931707413119177,6796.688903486549
7397,7020.677176071781,7021.2160261289655,13.964107084599462,7021.579468792126
7890,7145.775214066895,7146.491183478198,11.182944494011275,7146.945013171281
7240,7172.712311544091,7173.27754924812,13.53462734904896,7173.652524645417
7794,7242.830623154947,7243.458965450012,12.090839377996442,7243.8787173058445
7266,7273.618556036405,7274.252921507187,12.328389508205628,7274.664585355422
7596,7280.0,7281.439717352387,13.266675082659027,7281.8222662756
7239,7412.0,7413.271991489478,10.87731143327082,7413.738572987913
