708,125.05574181341845,129.51538923636068,13.49727205439572,137.78105727822026
700,195.43728789711847,200.2597740801277,12.066199560961987,209.53511892457303
1052,291.00927870105613,295.4405688189357,13.412527454503486,303.92203965577374
1009,295.90920748489634,301.43008039325264,11.051857005363102,336.2270386675835
762,342.80543032848107,347.1146773113424,17.207357421996935,353.0529349476982
1029,511.8201882794519,517.0313077947839,11.669168431781166,525.2206483142809
982,522.4387209884776,527.1644467707453,15.343655372434323,533.7771090107549
1060,582.7288520200335,587.5365238103117,12.669779241683964,596.6617978291578
718,702.9611285056399,707.4426688467279,14.733680853688636,714.4338342284075
1012,796.4072750143745,802.0518763616825,10.73636629633739,811.284669318687
1021,798.2507674251469,804.2881177770942,10.634810280531253,814.3940178538209
709,800.2941207708434,806.1396856879958,9.008088469452472,816.4771157936676
800,844.61140484442,849.4068851068876,14.930172851228415,858.0120662003419
1062,870.7747746585098,876.0087278389977,12.127995499631052,884.1450405982094
992,940.1596061130031,945.3465862267072,11.789859896639589,953.9922346167057
1027,1158.114756201619,1163.402740585991,11.724479278724603,1176.088582550617
714,1422.3549381711669,1427.1903526118272,12.24689891548874,1436.4397558650908
981,1516.6819986529313,1521.5541275108299,12.440763960229727,1533.1519281538338
963,1520.6943607199423,1526.0816754446878,11.331855005555296,1537.5061856391576
2703,1926.3487678140755,1931.2263163116345,12.377097365523078,1953.4284997898512
2746,2020.3500275709293,2025.2325549868642,13.3476022270418,2033.0135324230923
2991,2022.3631542591706,2027.119290901896,12.76152469029939,2036.5535810479307
2994,2178.74360433613,2183.2349304266168,13.090402125146193,2190.8632199081408
2701,2576.0755961083873,2581.008928313745,12.200899751882607,2590.6394302366807
3070,2668.0832685308924,2672.4394626149515,15.170321789639374,2678.869570703114
3067,2740.773577734176,2747.2622678651296,9.451689654595818,2758.9249892684934
3080,2957.098864633084,2962.3334483854896,11.09895999438995,2970.9986434726375
3077,2959.14882791461,2964.245181844499,12.151825233774204,2973.129126434534
2975,3033.5947825431685,3039.2315533597557,11.595946458794712,3047.96693656046
2992,3035.6671817897686,3041.09840759128,11.397131874876862,3049.8231260772163
3083,3460.2172111515224,3464.576805907644,14.626917590723473,3471.130702326491
2965,3532.5500243199594,3538.1646224599763,10.099751527110618,3548.5332267605127
2963,3676.651742979526,3682.036344811132,10.661447513754714,3693.7217257608913
2973,3683.3214016509687,3688.5093773519743,12.598479693389914,3698.4392095868216
4731,3728.989293581704,3734.2379184035653,11.172201388084842,3743.948919489531
2989,3750.998250280943,3756.5302854683787,10.678942813849277,3765.651624379818
4718,3797.3035107765127,3801.431396751579,14.800398553011258,3809.754948640806
4802,3824.854344116187,3829.2879011682962,12.026832774581052,3873.467487842537
4973,4108.666691454923,4113.552693812825,12.60512331553557,4121.186417476463
5071,4396.481922577755,4402.150160475045,11.629116214320613,4413.148668852547
4766,4734.996778130473,4740.413035891231,11.45399959415412,4749.779297069187
4699,4879.676304605748,4885.169705272526,10.527700505087354,4894.478252123062
4697,4900.261912616832,4905.132917319414,12.900038892291278,4913.218761358527
4706,5057.547716106719,5061.528507617403,14.986006118421017,5069.772788054626
4713,5406.7804365570455,5412.199109883437,11.217516254168896,5433.132680739139
4712,5456.142966772725,5460.529580243604,13.42983647389428,5468.930325508503
6701,5620.334281617574,5625.282390634031,12.371685089751049,5633.141305969124
6996,5836.1521180589725,5841.304071480624,12.196179437983877,5856.063137534777
6708,6174.5329831193985,6180.020008666503,11.427011314658879,6189.977215123373
6705,6198.645966993914,6203.220048685024,13.92695946566923,6214.281833359034
6968,6268.813321664847,6273.392186944439,14.420892203499266,6280.707770399965
6710,6272.676544478817,6278.45596051699,10.37115988465935,6287.756727112039
6976,6340.425540108882,6347.022217546252,9.493454134499949,6358.989632150234
6763,6344.546031190083,6351.051427067306,9.21969915709238,6395.8833351134035
6798,6388.399481128598,6393.276226658593,13.031946043961561,6401.124530064057
6797,6532.385823961699,6537.5151817147935,12.543697268662813,6546.807114746795
6994,6558.745307145968,6563.562748577481,12.788663631124217,6578.563533990017
6971,6628.203284864778,6633.083194576476,13.221959742961642,6640.858669905182
6729,6709.47964637793,6715.2035573164785,10.822454883777711,6725.722375173658
6731,7252.208160990807,7257.0877935238905,13.322029633033415,7266.585152537159
6818,7258.648842290189,7263.484257171135,12.820840658791699,7293.407917363223
6758,7286.766422545597,7291.476411853842,12.224871329093778,7306.295346230801
