1672,366.07040377675105,371.57081070982935,13.558352016791423,376.8882260841702
1542,471.0719534190736,477.31472038395873,12.178266080435218,484.5510841479327
1381,787.3497477175295,793.3678043063729,12.131133208781218,802.5653306222355
1899,1105.3125216325645,1111.30246482036,12.246454632869542,1151.3863965546266
1665,1148.3157035301463,1155.082091578096,11.33612471873697,1162.7674055378122
1669,1451.4161279590132,1457.4251285449513,13.097291296062656,1464.177294719006
1530,1504.763055940337,1510.3351885530174,14.036571049520866,1515.773760294919
1914,1828.0164484507281,1834.4288988288952,12.451734882623688,1841.7333695327852
1545,1913.7422020237777,1920.1654822704938,12.125535337380615,1927.6191868937342
1524,2003.040799714867,2010.0405456476599,10.58535035009742,2027.2078964120037
3373,2495.5999156540197,2501.510288165015,12.71806504672521,2508.3747637965885
3911,2635.483164724296,2642.2048830264507,11.862421630891996,2648.8848270843578
3654,2899.980262035243,2905.4747365198004,14.7568414112264,2910.929678857159
3516,3081.051114693296,3087.0191964534224,13.243060145526476,3092.9189169421497
3660,3090.4343488788313,3097.089779074083,10.102677238538709,3171.435635028046
3382,3578.9429599226455,3586.199586770988,11.215326825186224,3593.8944252364404
3388,3755.494466713914,3761.520781370807,12.699455035992521,3768.3725029028788
3642,3758.669931102569,3765.4348338348286,11.557108445650409,3786.772187256583
5537,3987.3635307173063,3994.2532127697827,11.45514472893689,4001.912791100566
5661,4029.380570678586,4036.058548729647,12.049397412282033,4053.3991263543794
5673,4166.782184515017,4174.479479545491,10.60316640602372,4182.67404611142
5524,4323.513354146834,4331.298702055264,10.15990045354552,4339.036959176323
5918,4884.151478233428,4890.505113666266,12.63818877558728,4932.30573187318
5674,4930.3933569838055,4937.459977703536,10.507038521346916,4944.612429371942
5535,5019.497591112911,5027.033196301917,10.376459163515456,5034.456646499847
5664,5154.711999267063,5161.218990069685,12.493225437110393,5168.272215115333
5549,5193.545025040811,5198.604169915202,14.798244442094525,5203.549793865229
5908,5243.1413440019405,5249.304777302524,12.769792696715019,5295.4076345340645
5654,5244.909583632256,5251.065513077275,12.445223306351554,5297.547496352478
5532,5493.649731279432,5500.383527525891,12.391318149697062,5507.490235261375
5652,5515.908127031322,5522.140343331131,12.222496191680042,5555.611730057902
5900,5605.316103353126,5613.024400012558,10.445415947226595,5621.470446106129
7536,5735.048198931024,5741.03205289421,13.57061909232939,5746.822179374148
7900,5786.130020838329,5791.273649337602,14.748875159138224,5797.5091481385325
7539,5787.78559326811,5793.122464864293,14.189532084321945,5812.388827779602
7550,5918.770641421984,5925.325882281889,11.577104049298052,5931.795565672045
7649,5947.570336316527,5953.144298607647,14.507217643132403,5959.550665611179
7909,5967.216728116972,5973.316857047846,12.972052360318292,5991.356779819888
7514,6005.533000640972,6011.347926872535,13.457986606925576,6017.055370612045
7652,6033.498131917518,6040.054671470551,12.376172798462381,6046.950653430405
7519,6141.409847122364,6147.5043813447555,12.032490615592026,6154.5418067230685
7915,6153.578888667072,6160.531949580412,10.691391922083742,6167.476789159781
7661,6223.03401261072,6229.524092688739,11.639827461294246,6251.144051519045
7528,6501.707589145728,6507.578862015725,13.49737059072517,6519.935472029411
7527,6667.835295644885,6674.549181857489,11.81618814075891,6693.541200455067
7653,6681.088882923973,6687.025765780229,12.8563611638294,6696.014923484001
7535,6769.399233716071,6775.575362135885,12.195968236795258,6789.876202330721
7650,6861.333010957046,6868.1305748634595,11.499093325561873,6874.836863546188
7543,6952.554978648722,6959.096970688408,11.869479745765421,6965.610290026672
