1790,124.69822698235949,134.45578233283342,11.856189589628796,171.37861917327794
1037,184.12312691852438,195.20735186755653,10.039679798917879,206.79412530514924
1018,186.0372927482866,197.16252933451233,10.262289046132882,237.27272779024963
1886,208.6043458932376,216.60961271015725,14.377437084634254,239.76549746079587
1770,213.02249149513634,221.05990509441486,14.169832586600133,241.85396444101337
1940,219.86970488919997,227.5387355215705,13.891772791429034,243.8074265303525
967,276.2013092676846,286.5051212121663,11.700999412863238,303.1627690469253
1083,278.34230946013656,288.3861437991117,10.650545340982779,305.8095329186554
1791,303.3002473355019,313.2590215685104,10.931382470953526,322.72190059363106
1768,305.09169243753377,315.07221603716346,10.845072230130329,324.49459974819683
1116,368.25230120948413,377.55843049387346,12.416174197018162,386.80060304509846
1067,456.2413084338669,465.5778019542871,12.06384069118882,501.2893521196285
1026,458.1369467665306,467.38875602381137,12.848094644871178,503.6902269723346
1072,460.0139389951683,469.12953095882654,13.02996522288134,505.74268472966116
1775,493.8908491415521,504.2124879366798,11.080791157067134,514.2828808474878
1040,556.3058691284643,566.4172499705578,12.181779110302415,576.3493913123051
1914,583.7303045511987,593.4728760006276,12.139990045529709,642.3319536507913
1879,633.9866906909959,644.2378411177173,11.455008641241166,654.1898122642607
1031,636.1910264968807,646.1361473260886,12.136984205713464,656.8086961952672
1889,724.5543124351382,734.2006884801189,12.664524068095997,743.8233638329605
1842,814.0508573334278,823.0009649752964,14.28107286975123,830.9495404013805
1022,822.0440282223127,832.320104316027,11.074390396398753,842.6505044544648
1066,823.8727183419043,834.1725085889462,10.050402324490943,844.4348360744426
1776,842.9860980470628,851.1023510326586,14.072235964190329,859.9915582495522
1833,904.1301169172708,914.0463025718209,11.551478483522295,925.0500415180287
1924,931.9756017221862,941.1433480260401,11.754521738168503,975.5022432055008
1064,993.8036983807574,1002.5515518868597,14.010525007459806,1012.258880879606
1102,996.0684350726102,1004.2271503192449,14.056298468852827,1029.716130486623
1013,997.9108373712671,1006.1726711829721,12.756938862312825,1032.197255380403
1059,1000.2948400486545,1009.1604959684339,12.016019745221552,1034.438671954312
1002,1089.888208222184,1100.34040333196,11.141137494817784,1110.3788181825705
1076,1091.8792561369155,1102.2005567458477,9.98832977254812,1112.180561736246
1888,1097.7823832528793,1109.3168268295344,10.340291722547931,1122.112799642201
1887,1175.614959524734,1186.472758811909,11.16724388208566,1227.7102415662403
1050,1177.6863319294075,1188.391659704203,9.28566382621155,1230.2534088286395
971,1181.631417196602,1192.5283603513049,10.6945303118064,1234.4417607045928
1107,1183.531834388324,1194.394679735984,11.028665773458608,1236.4804050881467
1057,1190.1874065086329,1202.418144934177,9.281560463301957,1242.6604893708788
1802,1209.1810664636437,1219.2383485399232,11.176040621928028,1244.7436281917355
1065,1263.8053648390053,1272.4056020537942,13.107110497993977,1281.8616933770802
1062,1359.9921858883558,1368.3296899930294,13.480156064553498,1376.6186663001006
1056,1361.7837975726366,1370.556531077165,12.75607071894463,1379.141564671666
1771,1393.226649087656,1406.2751083714256,9.122294998712425,1419.8867058289559
1778,1447.642871098932,1457.4519980145749,11.655884337491734,1494.0278274464918
1796,1449.6055004374357,1459.2475887361218,11.917229507567349,1496.2342785855592
1765,1451.9431984648966,1461.0415784531224,11.74304415768458,1498.5056790129643
997,1538.05589397501,1548.012029914682,11.446546705844943,1559.4586841964046
1028,1543.6037530567553,1553.5619271241148,11.999224196282936,1565.843941331634
1881,1570.3366742027933,1579.3020495431888,13.036302326051462,1625.694768807829
1866,1623.676134975226,1632.6192405534591,13.427737867558296,1641.1035789507234
1934,1653.1150644436557,1662.4696311917726,11.22896943249195,1694.4074174755845
1787,1655.0722445831482,1664.4286141548248,11.69354613783208,1696.604769607994
974,1713.9768073806795,1722.5154937304098,13.415912067591263,1731.966821106211
1094,1715.7204976190876,1724.2508942885775,13.581336824628554,1755.1617075166791
988,1717.757190787967,1727.503609666171,11.640638842800433,1758.771399028363
1780,1746.4565763822209,1755.0362429839938,13.548396103900863,1768.8875080074051
1081,1804.1819834008654,1816.1061746887867,9.202119524888118,1827.5491795951334
996,1806.1342287531807,1818.124722057631,9.354724621726815,1829.5653006631567
1784,1844.195953817647,1853.2483547009072,12.760386613537902,1889.5647763136187
3013,1893.7674198570364,1902.4634305187474,13.492532117998506,1911.7142247880752
2961,1895.6642599938943,1905.038287573824,12.50116555508167,1953.5681066260822
3888,1931.6308784186026,1940.2071698369657,12.44302871504453,1962.1169281037396
3775,1984.1175034105306,1994.1783696261243,11.055694770787003,2004.8199155181221
3008,1986.1630677714375,1996.036851441398,11.481827529940263,2019.4707609357185
3885,2015.7402088513559,2025.471604696907,11.414119333326145,2035.194511059135
3069,2075.9640642042464,2085.4956879325787,11.475287009385124,2095.1252975849934
3028,2163.8311811341505,2172.009591922497,14.940051944173925,2181.4075621982606
3778,2190.444995997996,2199.0036207227527,12.836444691804461,2221.9487881857617
3940,2197.199308962942,2206.0625080478903,12.71740543293964,2223.814046190048
3939,2199.969931526506,2209.4536826415174,11.74965938530778,2225.9165056940287
3785,2201.7626966558873,2211.254549503546,13.30861739047416,2227.6336623007173
3065,2254.2566328651483,2264.3791488936617,10.886528025287486,2275.33204620639
2982,2258.3009301383363,2268.1365210302733,11.797888712396977,2286.315968141487
3015,2344.0293928249926,2352.6173916715566,13.972844389764772,2360.7935278894665
3101,2348.013978946461,2357.3319476679562,11.064361904499693,2366.50218042902
3079,2349.7949713842318,2359.204318201222,11.490625681101376,2368.2585291113737
3915,2372.6529090123067,2382.083390945818,12.504071244853336,2392.3100802291656
3003,2433.987597369284,2444.5388066063897,11.0708928273809,2455.2942336914707
2991,2436.169772610253,2446.3480880703364,11.903446959761334,2480.998837578739
3095,2437.9585906667508,2448.289443236813,11.138785196095194,2483.8071862771644
3037,2440.000891568238,2450.160089537695,10.172204739343472,2486.0537274233316
3898,2458.9757962769104,2467.061405411292,14.455593814988799,2488.104515278
3795,2467.4848330425475,2476.219742843679,12.72688460710602,2490.038994749177
3916,2558.5210148365,2568.4034277678134,11.94342515207811,2613.097842432901
3912,2648.3549151356406,2659.139129861359,10.845892374644466,2683.966769249955
3063,2703.8059054633704,2712.2067942397293,13.493851057403662,2721.826795836826
3074,2708.1769386068518,2719.403768185699,10.499278296188418,2749.9304812405667
3084,2710.316827901001,2721.287968483036,9.951688670562573,2752.3215492958357
3094,2712.08443612237,2723.1403299895555,8.950794346910401,2754.4442663788245
3104,2714.0322610559374,2725.148519526522,10.556305241734902,2756.6146479233885
3784,2729.057911603257,2737.071866545255,13.694455164841896,2758.553899698066
3902,2742.9284817656094,2752.4338197915977,12.371877121852497,2762.231057824266
3022,2800.653802520502,2810.4624911219007,11.414924365410158,2820.4796920144895
3027,2806.2100308113813,2816.0260033783043,11.256991564598312,2825.9720285104513
3788,2829.148869963118,2838.117055428825,13.194445425486688,2847.931646081706
3115,2884.1304522502437,2894.118731746941,11.198545296873958,2904.8909196237128
3030,2886.074333567076,2896.0248231139412,11.422913256142621,2943.4363370454917
3786,2908.641096479271,2916.5221758272714,14.960925853368376,2952.191316524661
3894,2917.7562852300557,2926.486582436452,13.028750738567604,2954.0515244425274
3023,2976.5677724704306,2985.4279553058345,13.479520382599922,3009.10889452961
2977,2978.53911324843,2988.3966332437067,11.201446490672065,3011.752585941378
2985,2980.4999371125364,2992.01596213639,9.081013622032152,3014.0345954173486
3865,2999.695038108813,3008.095222142122,13.443778369292847,3016.43121882575
3825,3104.405134007914,3116.4775537956352,9.637578242611294,3141.0926750844296
3887,3154.0062066271375,3164.4734795887834,10.814536201844778,3175.248818286312
3046,3156.216416391415,3166.3203685167,9.75593555532723,3207.4103107754645
3890,3182.601150927133,3192.0171311181716,11.264733209401745,3210.008128027457
3821,3186.394383785894,3195.391068628053,12.201251616061048,3212.0830905909643
3769,3188.1478184466687,3197.1862137334792,13.220531305869754,3214.0857959793766
3034,3244.3066653187952,3253.239799895423,13.868902439522081,3262.183092090426
3914,3271.585891324885,3280.4633893135415,12.821770961349316,3289.2689044218555
3866,3274.667287803652,3283.537018956142,13.009571902520761,3292.2061779848927
3927,3365.2269005188123,3375.0642274035513,11.76405078933797,3385.526628797834
3876,3368.3187987410993,3378.4585824559654,11.59257348242198,3408.3668877368764
3869,3373.941126349211,3382.5038613379625,13.47147027444776,3411.2036551009796
3112,3424.2477065899957,3434.0096474609277,11.584998476428657,3444.7747821613148
3783,3450.5330210558045,3459.3712387522914,13.365258733385312,3473.6842341694114
3767,3514.0355422041252,3523.1953003528088,13.335565649131167,3532.9812422850528
3061,3516.1997756301407,3525.164546281016,12.630610497975479,3536.8847593612077
2964,3517.997055233866,3527.280969082766,12.567969910991991,3540.3646506060777
3774,3544.663328960647,3553.4679940067017,13.235718233245683,3562.9360721141757
3870,3547.053156475884,3556.167282126701,12.373337722058562,3603.524256306356
3007,3606.6102435694497,3616.2310531010608,12.20533517765204,3626.7487863965252
3090,3608.496607088646,3618.117455720729,11.229473233106884,3669.564377832083
3893,3639.4349513060215,3650.394403682396,9.977344016860586,3683.4116136089237
3897,3641.366825732431,3652.2941434715317,10.340758274088966,3685.266059294283
3796,3693.7595687428775,3701.6546486568527,16.062661613267615,3710.3621737787894
2992,3696.239797848408,3704.136111502733,14.733266160573221,3736.9372885355774
5008,3698.152577582069,3707.1679134376636,12.813926829828509,3739.9252139592895
5049,3699.9981915184308,3710.2124130112916,10.976492442342389,3742.522532593595
5047,3701.932905914663,3712.026199275182,10.37450391329372,3744.91192096083
5109,3703.821496241535,3714.0275040307215,11.265833406655306,3747.014204272315
5913,3727.0635152275745,3735.1168890545778,14.344370759923502,3750.7399634661147
5786,3734.004911747244,3744.340333496969,11.320712931210029,3754.647133987513
4966,3790.183590507412,3798.5641024563374,13.583356969322024,3806.8122564140263
5921,3814.7114022934443,3824.250708059664,11.92993652004538,3867.0542709193833
5906,3901.977581833764,3910.6338201802077,13.71367558328126,3947.757985589512
5789,4053.4678246969274,4063.0060677296233,11.76303531621264,4072.17795282914
5940,4082.428631551887,4090.18720653675,14.89219950563949,4099.412041739498
5836,4084.2846690564256,4092.2447443613614,14.109934942751256,4134.343510696518
5828,4088.0213222911148,4096.514314864958,12.68168689536487,4137.640849685632
5103,4143.969544818073,4153.262254778993,12.823580604583062,4163.392071186982
4974,4235.868239752994,4245.04136809727,12.859409358168724,4263.306607673951
5028,4241.829290446507,4253.347638112065,10.696317715514747,4272.05569797827
5078,4243.783484815177,4255.299624764649,8.308946175376448,4274.761484135211
5770,4263.9571828272365,4273.5711026529325,11.803348412117552,4282.938600803046
5052,4331.741852319773,4342.313527808802,11.234386661630207,4400.30787412953
5094,4335.843734367336,4347.064817025308,10.97395303617203,4404.405053999752
5787,4414.265584102076,4423.3011707688265,12.408076337118123,4432.954610346468
5034,4420.031267479469,4429.544802765999,13.055813828551875,4466.52520750984
5107,4422.173791775024,4434.048449398466,9.283389530308618,4468.525489362495
5059,4424.187344930284,4436.038537194317,9.355053783315189,4471.204378373573
5866,4428.344348107625,4440.037896864901,9.29145224991003,4475.0671992813695
5927,4445.625615717435,4456.222990995654,10.136291570573452,4477.2959573727085
5892,4452.074827963379,4461.265368187333,11.360944165592123,4481.065535857466
5905,4453.900006031024,4463.117033428996,12.127827734348077,4483.948234248778
5032,4507.89055125099,4516.371958850854,12.687208224642806,4532.000321571136
5830,4538.973086164564,4549.322544081571,11.790785758669985,4593.125962279782
4977,4596.4547638612385,4605.348556554714,12.971522941119341,4613.655456345356
5039,4600.359353174972,4610.307608152596,11.024755207278996,4660.610776091991
5073,4606.172929246717,4616.000995723606,11.043881701482201,4668.069021500168
5800,4628.497177549217,4638.498674943056,11.714481597799518,4673.68371331734
5780,4630.330310418917,4640.328897879119,11.093682015311325,4675.4299380192915
5765,4632.232782621307,4642.278467482328,11.352761344674954,4677.36231075444
5788,4803.881550478074,4812.375340484341,13.546919250487237,4821.761495604927
5030,4865.831795862078,4876.052640644561,10.58695577962748,4925.18556719555
5774,5144.744473527102,5154.042988099757,12.003829023953138,5187.13744767573
5808,5162.1986146153395,5171.364174551237,12.861677234950486,5189.68402688761
5947,5163.996822105977,5173.142293032486,12.853693630778707,5192.027441227203
5872,5169.369192502465,5178.449267448865,13.0823201559922,5196.106388989228
4984,5223.599968310163,5233.09656194417,11.750868310650395,5243.142673949203
5896,5261.725685390116,5272.241090623358,10.878877729998067,5283.307014537118
5796,5313.917417822448,5323.060081317001,12.221323904036886,5331.659364658244
4994,5320.26110145539,5329.526860548371,12.762000054055143,5343.8543648378545
5057,5322.046993387265,5331.3222937257615,11.862984276148934,5385.599930328645
5791,5340.474104714066,5349.18387000797,12.816458551467505,5390.798323919981
5799,5348.456287230268,5358.479160248718,11.561844659740368,5395.580102877229
5832,5350.244759088645,5360.279451046857,10.184525037180887,5397.5552989119315
5792,5352.122054829765,5362.211805790607,10.850873186103724,5399.494723729369
5037,5414.114584151208,5423.563084024533,11.911272329544257,5460.175461510596
5869,5435.980289995658,5445.4325603501275,11.865124888508726,5462.004678496244
5867,5441.467665278149,5451.292787844483,11.242670225990318,5463.880886421944
5782,5496.340450722976,5505.244461260443,13.516100458550671,5517.864986895154
5840,5504.120311210824,5512.486795968622,12.466321197790403,5529.558907637962
7088,5506.165646198837,5515.285887719028,12.08220798491155,5531.6083709195245
7015,5507.919085746566,5517.015095823869,11.6829034702768,5533.339923677407
7000,5513.370506419311,5522.404134989874,12.230521770070649,5538.66860647824
7001,5515.136547323108,5524.312005682726,9.621953930994172,5541.577877035726
5911,5529.119125497179,5540.05078067736,10.790908064174571,5587.724960265281
7044,5588.1577563155615,5597.525259214275,11.419144297786536,5649.690429753178
7058,5676.356463954518,5685.034024510325,13.472988563551619,5715.252802841725
6972,5682.490840864238,5691.050361280318,12.132134108209922,5722.063099519614
7923,5695.69639712017,5703.4896905345095,14.271579550901926,5724.271221053907
6959,5767.853421026102,5776.279242814936,14.022942623839018,5784.43677725893
7796,5797.213459994175,5807.582056206336,12.035886096289081,5847.882089153189
7886,5887.597494951529,5896.210972149448,12.678075658979486,5917.302365128853
6961,5944.19901626883,5953.203794282368,13.209712506671702,5963.0097481661505
7115,5946.187633613946,5956.253411225036,10.972225147894285,5979.698092120659
7003,5948.052438151825,5958.202610399865,10.58677523940304,5982.96816663919
7077,5949.984648907045,5960.553378416716,11.316178189032144,5985.639026376986
7895,5969.843822356571,5978.15182372008,13.407042822496852,5987.951198007512
7053,6034.054381528527,6043.410400294119,12.167879671953857,6052.111461105287
7112,6036.010417812426,6045.32935964294,12.3248338258746,6054.066615251805
7013,6037.918542588446,6047.397859408046,12.165215033490872,6056.690594356164
6991,6039.897771652306,6049.095064662013,11.989040141189262,6058.486548317533
7868,6065.165470265864,6074.549246885666,11.917446717310648,6111.450522572064
7880,6164.256627120901,6172.4769303488665,13.247521078344102,6243.258085566019
7022,6219.986530543816,6229.413050258616,10.74285401957992,6251.78673219035
7790,6225.267617858717,6234.506919403658,12.674741070488546,6255.604395679417
7909,6241.849598078356,6249.6154483058735,14.951215578786769,6257.58282887568
7066,6308.014613818308,6317.418469826498,11.769377080003311,6326.81605896247
7084,6309.9765886168,6319.236398021481,12.332118647956461,6328.671026940294
7012,6312.175373298823,6321.331652241527,12.215318918545204,6330.474623801639
7869,6394.546184963738,6404.003592952112,11.76819242543372,6413.923515638805
7854,6396.406384109842,6406.4136292779685,11.75840868044907,6441.4103519159125
7856,6398.261633665506,6408.249884877996,10.907417419568306,6444.061319905032
7038,6400.00874690043,6410.101560981532,10.43792137547073,6446.162809415352
6980,6401.870010383355,6412.032191407392,10.608306761017674,6448.266497208176
7034,6412.036343492098,6422.078868001912,11.691406923982303,6458.149408695417
7087,6483.834695720346,6493.408495015138,11.832420339470659,6503.659282801711
6993,6487.922241993278,6497.514171192278,12.380201011416966,6511.740477110156
7835,6515.018641697586,6523.1956348771355,14.225655630685035,6532.0792462354875
7020,6573.773827965817,6583.248996394811,11.742703244085828,6592.146035698581
7059,6575.7922408180975,6585.03213689515,12.221008439105919,6593.964543447085
7888,6664.154874936655,6672.38796256588,15.57985334348003,6680.7821633666435
7029,6668.17058122884,6679.406632596938,10.587442618132473,6708.534058782988
7054,6670.471601054058,6681.312099746168,10.210181204048096,6710.738239750195
7068,6672.274309352888,6683.244865273596,9.273520946233154,6712.827992154673
7794,6696.453091060446,6707.077164558079,10.970894988770688,6717.299134913886
6995,6753.87344377959,6763.215654240284,12.35913886667416,6772.072063222383
7070,6756.385567819101,6767.086264164229,10.874318350380031,6777.37917126197
7011,6758.151341541584,6769.018795986556,11.063787289572458,6779.337362159457
7902,6768.560676672324,6780.398531671363,9.866094863463408,6792.226296612694
7060,6848.58626603153,6857.570874899815,13.401068574118131,6908.116843364531
7080,6850.637147810812,6860.417960414912,11.249366399538703,6912.413312007636
7027,6852.481213911809,6862.379789541552,11.361240834715115,6922.510003743363
7002,6856.244548071291,6866.057719957658,10.882855203866251,6969.294219877072
6963,6938.507733921025,6950.269903229146,10.14343275754836,6989.767170239434
7099,6940.44105393613,6952.1887195662775,9.489943267948625,6993.3977508925145
7797,6946.704751360216,6957.181279061387,10.02640343276568,7034.933560139375
7872,6967.376875586258,6977.335575220974,11.096965478302463,7037.956233192922
7875,7026.492712025755,7036.05448804501,11.823672747647462,7045.787639543494
6982,7030.637736929167,7041.0475793168225,10.794925881326238,7051.488836948522
7949,7051.519652396355,7060.357761569079,12.422768512975818,7069.8676989984615
7887,7053.29188262275,7062.154279111973,11.761537268830216,7101.586208280627
7784,7114.507270149826,7123.16030755332,13.566317705687345,7132.60754774281
6998,7116.831109502552,7125.252585996602,13.9299741492997,7167.238884827337
