189,152.8705745505299,159.5861921005754,12.998445530282625,165.2190179144048
190,289.11277172294587,295.532827565871,12.970592150454248,301.2416111825601
104,296.10210685709666,303.0851897598373,12.09912938819943,309.182990672205
191,472.2255428644029,479.3139829908181,11.811424849311761,485.74365598197596
20,477.35703586389667,485.0049415632326,11.186472040487638,491.669083017097
193,603.0595632380436,609.6081374096755,12.863601745239436,615.6987418428367
13,658.8147249129013,666.1800461924644,11.021325523587578,673.6242523311706
24,904.0422046632503,911.4048736957366,12.18012945758722,917.8619445648253
93,1199.4449657364441,1207.319990347412,10.517573237483727,1214.2330349876493
163,1234.9808982022403,1241.5102699179024,12.277408255903646,1247.149715233395
18,1285.6925029959807,1293.4081918109503,11.169269840119833,1299.9931850500818
268,1289.5036483670208,1297.1545897782344,10.623226185499876,1304.598578910821
170,1414.373448501473,1421.467750152039,12.328496208958505,1427.9329302463348
178,1465.1998832016234,1472.4785805380513,11.234400557231163,1478.997589406829
21,1548.2401961921487,1554.5102557630205,13.918048611928493,1560.1493034449547
181,1557.454374083191,1565.0781953281976,11.352728531867585,1571.9054748205247
159,1683.8641592600077,1690.1619793091256,14.131517257670762,1696.0604985601503
173,1687.2318537473714,1694.1208532204398,12.295622700115713,1700.259704869434
256,1740.1976017320771,1748.3117011230952,10.632921375550902,1755.724746535587
161,1866.1211559285653,1873.1493125355616,11.594581773033974,1880.1899340292998
23,1916.4712750810477,1924.477588703954,10.32638015702783,1932.682279480481
250,1918.3712861456368,1926.3538321950116,9.962353269176768,1935.0765343318544
2176,2095.0365935436175,2102.4306207105174,11.223395574361472,2108.865077693614
2185,2098.7153909506533,2106.206563214888,11.562179564253471,2113.3626540503515
2087,2179.542481021855,2186.2452404044016,12.973055877785585,2192.08714507279
2172,2311.6565544683676,2317.430503192071,14.105572572130002,2322.8737281476947
2167,2316.208240698942,2322.384196472771,13.437896111704823,2328.090580284071
2020,2449.988443332895,2457.1269205327985,12.655589547611047,2463.2136375512955
2019,2456.9219152108344,2464.427811256038,11.458765269425188,2471.6540991592096
2260,2539.7967909410154,2545.561067544722,14.758192417289546,2550.991781553679
2263,2728.2381947587664,2735.549853847032,11.418689115945597,2743.824029100047
2175,2902.3694211534494,2909.3525791965762,11.466711291089773,2915.6204113904487
2081,3008.4967872014345,3015.426764895067,12.671746102533774,3021.7582396316147
2088,3081.8984491765627,3089.2168596299284,11.37385712934504,3095.8628063113865
2382,3179.014438981759,3186.464845158389,11.340862334807815,3193.060666293665
2134,3258.9218087691665,3265.5603085356397,12.592582607562592,3271.2281872766553
2007,3272.475048832741,3280.0080695253023,10.36427841974474,3287.2891949222458
2053,3441.544500987508,3449.154616184301,11.131658551748002,3455.7345081156886
2193,3531.6708199232066,3539.413174204366,10.77043407817872,3545.9677938901236
2108,3696.1574409591244,3703.21625599006,11.590366084966545,3709.856620550143
4165,3945.546153167609,3952.570093212849,12.915822361971852,3958.2082743812707
4158,4070.0363945025047,4076.3995848960953,13.429414573266195,4082.2117819186515
4018,4160.166937421608,4167.363820650452,11.194986921781656,4173.73328814373
4163,4254.338186480065,4261.28579457065,11.410813322529576,4268.817067478403
4271,4260.9798372175355,4269.2075204035855,10.019732196570189,4276.1861121951515
4166,4262.9322924408725,4271.159033662021,10.800022197360976,4278.7366539331615
4250,4264.808288566633,4273.036074886389,9.647696126858515,4281.237195017585
4081,4431.680049743567,4439.525012560607,10.963645163875084,4446.102959784318
4140,4442.822666311599,4451.104916405684,10.385804683845187,4459.778832045186
4008,4444.7944683309925,4453.036164235028,10.446765819710468,4462.231071742787
4189,4611.504743484218,4618.468280305587,11.661973184802685,4625.172329152284
4089,4795.005632210394,4802.4289320692205,11.344546513096661,4810.321584037851
4001,5242.975227531414,5251.377736787716,9.784980186836481,5258.200896093654
4094,5248.932121185984,5257.155037853087,10.813235801094914,5266.30448509162
4263,5423.758601025074,5430.535141115078,12.937589577555752,5438.0885500309305
4164,5430.875606751595,5438.399331635894,11.360136206196488,5445.065158465219
4192,5432.738912506616,5440.2689794838,11.070359971967646,5447.696540335368
4176,5518.287568467376,5525.512875275136,12.26826322661361,5531.986115433931
4017,5604.5383199552125,5612.088842303369,11.667776572972885,5618.727577934069
6086,5763.544782873506,5770.521510453639,13.19838810900475,5776.892612194523
6054,5869.464806582677,5876.070782422502,12.755522753083914,5882.181590711448
6379,5915.612654520634,5922.315215150629,13.119795695187333,5928.210433930183
6099,6036.3497804916715,6043.12120405261,13.269040473097624,6049.732660463431
6149,6051.716608980694,6058.454419993937,12.47133295639596,6064.228865354119
6002,6054.034213467194,6061.0831134809605,12.32448689262595,6067.0987581288855
6025,6144.4192618140005,6153.4057724637,9.132832954528107,6161.009828447107
6248,6146.458441355214,6155.446075334917,9.227371194724354,6163.290996359782
6177,6154.824025421082,6162.175856608948,10.52383816153596,6171.355896494655
6174,6182.833300892943,6189.171450924582,13.643024931499147,6194.92901578853
6267,6454.239951370189,6460.46000424812,13.870122706322501,6466.093529606244
6270,6543.919937530476,6551.093594935268,12.466118263069994,6557.203370591053
6158,6588.489339385282,6594.524672791448,13.76782356517047,6600.1278060220075
6021,6756.45474212678,6763.20634286404,13.717483517603082,6769.967432313231
6377,6957.764205786217,6965.534271151785,10.833578385118896,6974.10685838349
6169,6963.838791099127,6971.4508644822745,11.21576133391223,6979.892159394815
6110,7130.369438796068,7137.4884362057755,11.866891114425618,7143.908443744141
6016,7220.355082487543,7226.281447926412,13.637764577561526,7231.94870942345
6170,7261.346549432361,7267.035802276133,15.04498348975009,7272.712621143973
6103,7296.13953487485,7303.159890826439,12.086530067517282,7310.171189034709
