876,188.28388197280094,192.45064259587983,10.146438319095676,228.2863233361409
377,230.39081522314186,234.2170201057327,12.45325944212033,237.99377617734012
345,241.9065065790606,245.17662216580592,14.487184335813176,248.5802953314818
862,296.37787111797815,300.11111592846515,7.86430514191729,326.68488259812455
391,334.251742963935,338.53670594324905,11.462298699316497,342.7120490156089
362,336.097416421029,340.3097171350357,11.260248313943782,344.49858763150564
603,366.0724394862744,370.2987901127179,11.631661862591065,376.1995837501614
372,409.94103258715666,413.3472071623945,14.321540707283784,416.49982658857084
635,476.6755930042105,480.5169351401729,11.492011521517288,505.0480451552943
630,552.2610887241877,556.2906148249773,12.183255364906191,592.7805494222647
605,553.9723691171303,558.0947973792381,7.8776348275678085,594.7812503909798
633,634.6703569321666,638.4592056261415,14.675052460455673,642.9035593246032
650,724.5315226309842,728.1447121012184,16.6482236790355,732.9104131687467
644,726.5691176970339,730.4025260479895,12.546680071273796,768.597097956819
583,728.4515177205668,732.4581947470899,11.336344640634858,771.1231809810286
598,730.5406081844013,734.3896812379238,11.715066169495307,773.4919546133809
587,732.4353748022635,736.4422725380236,9.05611598196351,775.8206827377817
351,798.0698839935545,802.0302174327242,11.904210743430404,807.0225567031848
637,818.7212809908549,822.5377199048968,12.715057767595125,862.859031198128
882,825.3813496166036,829.1142919705221,10.215733474812492,865.0137700402278
592,904.2817272102125,908.1235919634473,12.49196196375386,912.7877867732176
401,953.6456649866409,957.4380361977419,12.064895372251305,961.1162223482867
642,1000.8041131027209,1005.190032897666,11.767038733994884,1041.2340525930176
893,1089.9699063211497,1094.0861860457976,10.609546563790778,1099.596958921068
585,1092.0429778126577,1096.0664190733253,11.095884923058215,1128.3054666555347
601,1191.202352069672,1195.1452554284508,12.298298272655233,1200.348762620519
608,1194.1684268946588,1198.3161875793685,11.680988487645331,1218.009751265049
626,1268.8066049113575,1273.1954192595504,10.994511910809079,1310.982223867608
898,1354.2228468334272,1358.0570628212351,12.45520498471175,1362.8001957112413
643,1356.2272025868133,1360.0313203453031,12.749791067124294,1398.4100539646597
646,1377.928046420095,1383.004361726392,10.14649955614973,1400.8226366654574
594,1448.4346514215877,1452.4500975364986,12.87495959401991,1457.70233794978
607,1450.627074931607,1454.4847743401524,12.463321714285948,1488.6110298697445
614,1534.854648842261,1538.6119881512036,13.79428266798727,1543.4769631404185
864,1536.942220924296,1541.0559580101678,11.35645135216439,1578.2921065047476
588,1626.608354728491,1630.4028360684185,14.381773309933578,1634.9636422922185
872,1632.5210512936883,1636.5329317829478,11.398871625523036,1673.1229422017584
861,1716.2597572580964,1720.2466898852529,13.546932354328819,1724.935639814306
638,1730.8911047777242,1735.0589910683452,11.871588550828527,1758.958440065859
906,1808.7827974923046,1813.22920078271,11.013917081991826,1818.79029434734
595,1810.7165485907847,1815.1505039930182,11.008625437987371,1848.550983350721
619,1816.4866899869485,1821.0034477687243,10.596536930616177,1850.8356275740603
856,1984.6526167381642,1988.3957803966857,14.34283338807085,1992.7930345912691
631,1989.6312607810296,1993.147583304514,14.09238390972272,2028.5474774801369
625,1991.6590549222828,1996.0152697675746,11.116483761474052,2031.0914225802721
2850,2074.5451803207425,2078.092928855758,13.856949761228003,2082.8719151869836
2635,2082.4186075486386,2086.3614583975195,13.411038745721427,2118.2756429296223
2629,2084.6837546550337,2088.573601565913,13.210595753008242,2120.8171943189386
2611,2089.0044133723313,2093.2094924501735,11.640951848874561,2123.313034058787
2880,2093.649221160717,2097.555215361903,11.793051610848869,2125.3259871603104
2387,2154.155282604568,2157.376265463087,15.119183433588054,2161.8690795967527
2639,2165.0385301757633,2169.1967269636816,11.023442036779606,2208.719572729924
2888,2169.3612123003563,2173.0387766822414,13.594649127787042,2211.266418157099
2873,2173.2896943517576,2177.2373523539122,12.099956248194804,2213.2900078395255
2617,2260.9157831496727,2264.5079699581847,14.271168057974585,2298.4411221271616
2902,2262.7700623070946,2267.0241160924074,11.31223319119491,2300.9144752387456
2644,2281.6086018340384,2285.5580574865085,11.619877125924665,2305.4111139602555
2586,2351.2554145898384,2356.094374623516,10.698592907944917,2393.2740488927757
2596,2434.643785635354,2438.2388788384346,16.195684626055176,2442.7022462417035
2377,2492.006911568382,2495.52238673714,13.377671716490093,2499.088808199005
2631,2525.240768472411,2529.231233881387,12.088628693534078,2534.24946405722
2646,2526.9780878563583,2531.0177072819138,12.04693420016371,2568.3210051191895
2649,2620.55036750496,2624.1662851351116,15.54068064412605,2658.252258506041
2638,2704.6218185401995,2708.493812781269,12.061707995577164,2713.806085631614
2645,2800.671554918035,2804.304203191642,13.800035076920178,2838.397381103573
2637,2884.494066293797,2888.50059968916,11.95753783762364,2893.930096540007
2590,2890.555449635208,2894.3376002985633,13.263913931957658,2931.1048119532666
2625,2892.4246263263985,2896.1940238707366,11.604052745343507,2933.1269816487365
2374,2959.095608334966,2963.211320844849,11.591799450169074,2968.409046946762
2620,2980.468804713107,2984.483684312191,9.81855898746186,3025.363062828689
2612,3065.2131120139998,3069.286857797115,11.899065722945073,3074.839943506699
2628,3158.460714741211,3162.5315890934994,12.040212557725802,3198.4778027202683
2619,3429.4948531438504,3434.07685544272,10.705647874278144,3439.986302930773
2353,3483.4028988608975,3487.346815893239,11.639843022362868,3491.3487734476535
2394,3485.207898581521,3489.13587721456,11.779593028805706,3493.1953991956
2397,3587.0124205947754,3590.5158265836994,13.068012252007366,3595.0976550490955
2652,3609.4938872052985,3613.2336651156797,13.440671231291178,3648.439635855261
2632,3613.3900382442275,3617.193289206433,12.186957805856864,3650.902731290659
2366,3676.69052241019,3680.236197284115,12.805260206665297,3683.696527678618
2618,3696.9557416601874,3701.1764750184334,12.404087680554504,3706.2755989958455
2594,3699.2638270929297,3703.126564759624,12.37472651939744,3738.758945777943
4849,3796.0115544291257,3799.447044930007,13.648377571697342,3804.055780047439
4399,3841.924015492475,3845.42623827406,13.585080101959953,3848.8038151959095
4600,3874.267621337659,3878.3165037360363,12.19192864260099,3883.6576508856383
4880,3900.996252058761,3904.4513597087675,13.508234475025034,3918.107224260866
4381,3947.448399466807,3951.3535806714567,11.739474488067431,3956.617104288201
4620,4056.4959673681674,4060.2205975764405,14.353651111541774,4064.875649692299
4898,4058.2718282478554,4062.475032709688,11.358971028911718,4098.357113120129
4648,4144.272475691237,4148.216403426473,12.62606371345539,4152.991753709592
4888,4240.569336054942,4244.498515850571,12.527245682427308,4281.402886385087
4345,4292.655614137674,4296.584069250526,12.05699906742507,4300.481770125354
4625,4326.616461040734,4330.447697038826,12.06623545919498,4335.8283155097515
4356,4369.583464732216,4373.447471673554,12.788675544851033,4377.145261340853
4649,4416.27034181135,4420.338012867594,12.164096813064127,4457.936557408769
4602,4421.105912326525,4424.3262325102805,14.651780920910737,4460.304290639905
4639,4432.210218053163,4435.3678851657,14.227488194797274,4462.544495241488
4618,4504.17135676255,4508.215147640441,11.212059643714666,4513.178619716071
4584,4508.843333818167,4512.316522101391,14.201877900659177,4548.42466199488
4644,4510.598321562723,4514.285103372924,12.683924686459795,4551.1569389662245
4634,4512.50884486572,4516.108822358684,12.08172580825458,4553.34799356536
4403,4550.352406413968,4554.316574827928,9.454535249269265,4559.230695232452
4651,4684.560601790022,4688.320610233491,13.306008815452048,4692.880687968432
4604,4688.582898239529,4692.556638701345,11.517079820701115,4730.9505940445515
4599,4690.655108995361,4694.4541885822755,12.23050745194545,4733.228539338594
4398,4764.267456534112,4767.565483211845,14.781166851532321,4771.95792878856
4867,4774.616374189167,4778.1927138214405,14.661806392748515,4818.234988268552
4586,4781.791789123506,4785.289206665873,15.032851747000826,4820.734778749335
4375,4832.629474108337,4836.363971137535,12.830843791286146,4839.985224862317
4633,4866.148194431318,4870.0718078962145,11.806225669580055,4874.820495979381
4359,5029.311703738386,5033.396020284294,11.771427472473123,5038.575562845961
4640,5051.412769390319,5055.097862720769,14.968476666556349,5088.546137923854
4623,5229.322580918483,5233.107620746118,13.530176136462545,5268.215653184149
4611,5341.546816318625,5345.4173828078365,11.822973160828653,5358.021412966957
4629,5408.788445424295,5412.55326857985,12.956292644265334,5448.42302257955
4865,5520.6296933320045,5525.06534358087,10.54560387287395,5530.5637482784105
6371,5539.763585229641,5543.478617702058,13.12236331852128,5547.1329432423845
6582,5585.2897888005755,5589.525872920544,11.17062587323672,5628.393934962293
6649,5590.2659991982555,5594.142281697194,12.827628962134007,5633.4855832195935
6598,5770.767022891865,5775.120411893741,11.588424184393851,5808.27509707304
6607,5774.722136104586,5779.435849051457,10.09755925714737,5813.037210958647
6647,5776.601716889889,5781.325990469936,9.402777285574293,5815.012688778877
6345,5810.631790028255,5814.371377894512,12.967559720390545,5818.1441782632255
6338,5823.186558764658,5827.0900332822075,11.5273843023721,5831.048612635734
6876,5854.599745871067,5858.20419586234,14.40188364477756,5863.075196582644
6609,5859.511768427606,5863.38142123886,13.653581466877894,5898.225486243058
6592,5884.226189048819,5888.166107425958,7.640343813231272,5907.544397830337
6619,5946.97249959388,5951.4896515582195,10.465722570995506,5956.761226887882
6849,5956.8034978277465,5960.4671926942,12.26643800584651,5992.834954132527
6355,5990.367374396014,5994.194604294621,13.483382952898229,5997.7772664257
6604,6034.671782449415,6038.611450693677,12.931565231951224,6043.418474099021
6866,6124.904430201946,6129.117461736473,11.635275797986877,6133.930759447178
6615,6131.046601375502,6135.5188487300375,10.786181234024044,6172.730465003782
6595,6132.917091015405,6137.346349919496,10.136527643945824,6174.746743151114
6642,6214.647335036788,6218.555312848048,13.10880310673524,6223.640894280284
6635,6217.131192003416,6221.433147625299,11.50882613952036,6258.505586349804
6643,6218.960194573623,6223.292066425668,11.860865982310028,6261.177594882209
6888,6221.930613356207,6225.402157871456,13.677423679498476,6263.280933457288
6627,6306.590270672068,6310.234264793592,15.188038298515576,6315.386336426327
6861,6308.461264196438,6312.295587904541,13.085266436231917,6348.2622245707535
6901,6394.300613287167,6398.436224251781,11.357180418204036,6403.600856879449
6886,6673.401748185971,6677.527019165565,11.59624494317381,6711.167526959143
6346,6723.877487315786,6728.0217248226345,11.839187830334524,6732.131918507455
6621,6764.301473341691,6767.424743189884,15.092697413047034,6798.260274583772
6597,6770.287468086722,6774.250827333462,11.712292742914107,6800.65597590734
6593,6853.952464472278,6857.214511001628,15.14623807664378,6891.540442726602
6616,7114.668331929965,7118.391131648215,15.090943497148249,7122.807025681538
6634,7207.024600373824,7211.0230353913175,12.497367861781195,7215.812502030404
6395,7250.212522438509,7254.085976259378,11.874029909754753,7257.926857513109
6377,7283.953466491705,7288.158683119822,11.02787818842565,7293.558232294924
6581,7296.752945326538,7300.091397836942,15.883995280732982,7338.028469907092
6645,7384.9999969362225,7389.042702680477,12.441028376893337,7394.445306409725
