291,228.59334873443527,235.3765227971319,11.942507054007491,239.0833380623966
203,282.6344247333183,287.6264639290551,14.609790592745265,291.82209946345023
990,646.693288448775,653.1671659022842,10.693726390002032,657.5253146793187
445,657.9432935491998,664.1839728238292,11.176081274429476,680.8428211519621
703,750.541411304974,757.4562793646821,9.965108242004098,767.9787309520487
1765,1189.2843592272861,1195.094500137462,11.942035573505253,1199.7553925434888
701,1197.5056168353315,1204.4276857390448,10.555289453784672,1218.3758737253893
1770,1460.2421075599862,1465.1754698711964,14.273948964088225,1469.1898965841494
1760,1547.5248271150508,1553.398391873263,12.217880245882432,1557.484380693801
713,1555.4237327750652,1560.5837353485938,13.993108207451504,1578.1104288218664
2445,2073.3985261507396,2079.1744694413887,12.833276401601672,2083.3273524061415
957,2082.784508224915,2088.2709119994333,13.105075913665072,2118.3406762032805
2277,2123.705088541836,2128.5171972780736,15.482427180121892,2131.3403339953234
2970,2354.7721528823326,2360.3191067831094,13.02237987518102,2364.5290654488235
2960,2532.292795936098,2537.168423978839,14.457871636974545,2541.001469134642
2967,2723.1599925104197,2728.575599737855,13.059220636864572,2748.0218111807317
3796,2808.9483035333174,2814.462040588732,13.035566504840393,2818.543214648545
2715,2810.6903380397116,2816.251420160341,12.145880819605479,2838.2876298949345
2693,2903.219181294479,2908.494442273227,14.152365403401301,2912.7515893632362
2701,3886.9106350977636,3893.1542485332425,11.553363220759046,3897.5907562508824
3783,3894.655056989272,3901.0120672128987,11.702378475215319,3917.7568537055527
4452,4053.9141856986002,4061.019935545967,9.599656738652241,4065.757329100114
4712,4155.60590000688,4161.307052626245,12.552884731944955,4165.709670216586
4974,4336.258667038209,4341.630499951754,13.533408772624357,4345.658536893772
4203,4515.35566064123,4521.06507169022,11.91520026854368,4525.58213777872
5779,4523.349358367764,4528.35552666632,13.469947985605483,4551.1401503874495
4691,4703.666698653894,4709.211303344248,13.177600785652455,4713.36590519094
4957,4789.397500333977,4795.456034093047,11.94991683669619,4818.377050036691
5526,4795.486681812465,4801.244410856407,12.767082141579053,4820.908182087964
4977,4881.546726961072,4886.1058473678395,15.201804917356187,4908.151628512033
4197,4962.436914419921,4967.518996253447,14.540061718218722,4971.520765571713
4275,5002.524832509963,5008.570735637561,11.736063981263078,5012.154554010053
4711,5232.2809258501575,5237.051868207304,15.94312194770338,5240.850713607838
5784,5238.370688880821,5244.095952676673,12.48146069397096,5268.156645692527
6956,5780.945711408366,5787.128913780959,11.31922697539912,5791.362282199925
6711,6050.608511331162,6056.283182147165,13.099944600400455,6060.609661735715
6688,6227.016033104613,6233.539770070748,11.56961411555611,6237.90147325761
6442,6238.538192307275,6245.479852383753,10.155354483362878,6258.091455402794
6723,6498.31695132558,6504.208011167415,11.182297326471481,6528.200887128249
6981,6583.574114141584,6589.564806493338,12.340003642855981,6593.9327867637785
6955,6763.5398096525905,6769.479098627342,11.97369378174385,6773.634387722015
7520,6771.933334394647,6777.538497099704,12.109995600881078,6798.04310540566
7544,6856.764314624025,6863.1714299933665,10.742016422273798,6867.772721884025
6290,7158.005097603767,7165.0974530641715,10.744362819813375,7169.167528441807
6963,7227.073126802521,7233.400901988534,12.169243434109598,7250.775338850386
6967,7235.7635454611245,7241.1985094021575,11.59722048647373,7253.037958298084
6439,7384.023503853533,7390.192220023432,12.275806084924481,7394.318523660222
7796,7392.937968676375,7398.484728159282,12.670405755046104,7428.210905776531
7781,7577.275506402756,7583.081616055894,12.479879960736572,7587.531022989652
