345,117.0,122.1711595351953,13.778514758018822,126.72710910500695
175,145.0,151.28275467053854,11.3420598629811,156.9749963076885
256,198.0,203.3487654085627,14.444049422520992,207.90269077883252
362,211.0,216.30878549936332,14.38126387716225,220.7885025994426
290,283.0,289.065507883475,11.860496969790248,294.49066907723926
372,291.0,296.08159577353257,14.209467439287781,300.45801948632953
172,396.0,402.3986397972691,10.820365169119514,408.236548586723
309,424.0,429.51964262791057,13.265066604445451,434.27112545977906
218,433.0,438.359999495873,13.790096884025049,443.0506266746635
184,467.0,473.2006743519437,11.769936966922417,478.7718396223297
351,686.0,692.0685748154228,12.100620147447502,697.4100844256908
306,767.0,772.5409366879247,13.845030614101171,777.2077190744498
255,832.0,838.4545830984013,11.144409961966252,844.2477296611754
221,860.0,865.4747025093887,13.083662355163506,870.2563059916642
226,965.0,971.1163256207242,11.20827224855884,976.6622218018498
286,973.0,979.0539670583397,12.11229904377438,984.4991034354368
374,1239.0,1244.5665772248826,12.669245504330771,1249.5612111482355
283,1421.0,1427.2722283629907,10.640139291810668,1433.0483427869376
299,1453.0,1459.0653792739167,12.059171179278856,1464.5028297325298
366,1522.0,1527.5509382590983,13.107545808592013,1532.2952301145776
292,1629.0,1635.2318008803843,11.932350570598304,1640.6597065240792
341,1672.0,1677.2620845710378,14.157998060737041,1681.8060318302973
2275,1839.0,1844.599569184612,12.764457496276803,1849.4983787169217
2351,1913.0,1919.194895314565,11.192619238979693,1924.675369736538
2207,1917.0,1922.3029543337666,13.428870637468503,1927.277774326992
2273,1924.0,1930.0204100787803,11.89753855526122,1935.3387994542095
2244,1989.0,1994.3956682609094,13.608565885704435,1999.1659387636023
2258,2070.0,2076.265330492457,11.890248215423322,2081.83556713641
2185,2119.0,2124.430827393014,13.658636000702183,2129.029246402474
2368,2205.0,2210.425949777688,14.151967021424225,2215.0946472267187
2377,2384.0,2389.37931710781,13.914853631506896,2394.1470774415175
2163,2401.0,2407.245883309726,11.694245256804752,2412.545640020701
2188,2506.0,2511.0900137893327,14.909242126696608,2515.4451063563015
2310,2559.0,2564.4121657557516,13.597883734373026,2569.2452352740665
2373,2686.0,2691.189300805611,14.513687893187509,2695.5988052270404
2182,2752.0,2757.1829048745076,14.092289254001448,2761.6454914305873
2374,2844.0,2850.2968879047417,12.031647984132675,2855.8218302764344
2301,2876.0,2882.3167065236994,11.027035875830556,2888.1697850673463
2241,2898.0,2903.377191210119,13.078802010089994,2908.114901450213
2235,3117.0,3123.187308698611,12.290371524129556,3128.6891161169706
2261,3166.0,3171.4920454205,13.41454737594286,3176.259530625983
2162,3230.0,3236.293830290513,11.275596216559347,3242.039332646626
2394,3368.0,3374.036660589461,12.009384443268306,3379.3512967871166
2158,3471.0,3476.527516465268,13.048357878007778,3481.38258902963
4166,3669.0,3675.025846722575,11.990805629275687,3680.324480082144
4399,3727.0,3732.373583664061,14.157424641138764,3737.067229068233
4302,3944.0,3949.4732444564056,13.654547958506111,3954.242342403266
4190,3988.0,3993.5503880467113,13.08927212964267,3998.4143586962864
4169,4035.0,4043.1578607240626,8.020624055682765,4050.7231583794355
4398,4659.0,4664.058789984308,15.01615691780454,4668.339717874587
4375,4705.0,4710.611401493989,13.60491114254955,4715.582311168496
4392,4862.0,4867.053455748752,14.932538422674625,4871.401053225204
4359,4901.0,4907.179047631488,11.24338038832679,4912.812375517519
4208,4918.0,4923.505223957971,13.66629487026435,4928.606909627864
4341,5098.0,5103.604639132982,13.564847484192347,5108.52585411547
4209,5215.0,5221.413881910854,11.430034253302978,5227.43426897085
4315,5258.0,5264.285607385526,10.84831725354424,5269.834940751404
6268,5540.0,5546.304255053141,10.678674279995837,5551.934366786841
6343,5704.0,5709.363072591156,14.138934767627303,5714.020129708728
6325,5711.0,5716.311953046021,13.051600944221978,5720.938971990462
6351,5758.0,5763.289638118764,13.70222914496129,5767.82493275191
6299,5773.0,5778.190483131542,14.404008051093811,5782.763143642807
6188,5795.0,5801.488319856502,10.466647870404488,5807.412814127902
6355,5827.0,5832.430755483832,12.733890426131946,5837.273935761828
6311,5875.0,5881.1499053308,11.648060655944006,5886.523050838867
6228,5927.0,5933.43538383632,10.46255264403243,5939.3364206938895
6237,6163.0,6168.210630681361,14.584778552139745,6172.667449111376
6276,6271.0,6277.433955870699,10.737366891604669,6283.396508036507
6285,6422.0,6427.533099471707,13.30913216115523,6432.518209136932
6225,6546.0,6551.245043838603,14.226344004356058,6555.702302975549
6346,6551.0,6557.384594462137,11.235152038463502,6562.8809885692945
6273,6557.0,6562.072533273814,14.026800177118767,6566.46444970554
6213,6656.0,6661.599160437456,13.3323896478902,6666.659492521928
6230,6863.0,6869.211925281189,10.968156482045886,6874.940133319264
6149,6930.0,6935.19419859525,14.784253636766366,6939.736317818374
6320,6993.0,6998.539435162822,13.162305834786652,7003.336808078
6301,7067.0,7072.28375551161,13.776142983981204,7077.038495637504
