501,318.96705015372123,328.6391330577905,14.022979864719632,335.8814746206188
256,381.30431693955387,390.51262993935643,14.276360693160608,397.5076367501346
513,858.7676248537662,868.1835339666698,14.018072145268793,875.0153802663622
514,1128.8363380242295,1138.5818887817566,13.57487601088135,1145.5307487446407
492,1131.0679954195957,1141.1113392381283,12.507658074151363,1163.582081134991
2503,2028.8840077756072,2040.2841718199084,12.086017595042863,2048.3974328161335
2780,2208.914371861987,2220.5097768953415,11.204442830796664,2227.847474539091
2519,2211.042100398769,2222.3275483997563,10.726098638178637,2229.683384651482
3044,3156.863056130936,3169.053770531541,10.245604807529737,3177.178498004646
2495,3162.5667155426013,3171.489113526782,13.372910402074783,3206.953938994941
2781,3378.850792922315,3389.234003511627,12.070976268531126,3396.6272718887876
2499,3380.817058973227,3391.0267657174786,12.400734516882144,3407.7286178207933
2513,3384.752155691661,3394.5531883349663,13.56656192572675,3417.1063668991096
2496,3693.843946716987,3703.310015719092,13.494496546421388,3710.671358617514
4517,4625.617730285309,4634.471831137902,14.04069969740913,4641.52157533062
4780,5269.085564590632,5279.112053293802,12.848756375455089,5286.391070166996
5042,5318.9370872984355,5328.197567204673,14.89337779464682,5333.702937979392
4514,5538.996886160648,5548.503817073005,14.073321264452655,5555.487642089686
6504,5808.930923878517,5819.282293191485,12.823441654510884,5826.780626124063
6497,5988.829093047805,5999.017283724621,12.584692222686787,6006.560298871626
6505,6529.333970662311,6540.520759682711,11.898663564574985,6548.639958695419
6493,7338.717866046656,7350.045691989455,11.58710749140078,7357.845008194233
