184,223.60863119015946,228.23181714427665,13.59234506509798,234.33052681428617
104,302.66130575577324,308.5253578470053,11.874231470594895,315.99768240740747
1281,398.1506958686113,403.2155820474344,12.713126550156687,409.60294532997796
103,478.9128590352893,484.3773249331774,11.718820812490087,491.2208831702821
251,860.7289396958374,866.4942053676541,11.70215282111952,903.3931306755583
178,866.6917015674849,871.220296745198,14.881348186163713,906.0224628060903
105,1126.833225746297,1132.3627320028518,12.098499987337288,1138.95660212095
168,1400.6695729934886,1406.2289948324214,11.928288332364193,1443.294313322294
23,1488.8293547912058,1494.279903804487,11.975198439320543,1533.3840594217688
0,1571.6419576983862,1576.2848937080128,14.26034753111934,1582.5369009103838
102,1648.093750110049,1652.564330971416,14.392154322331134,1657.1368283384572
108,1677.678250532778,1682.4739674699424,13.673357084674581,1713.378714507109
92,1739.0363532268404,1744.1350073853737,12.779662998690643,1750.505856475298
182,1935.3294977933863,1940.332422732482,12.825216873273662,1946.47124610558
97,2028.4206588397853,2033.4518709178365,13.557482868883362,2039.7574103411885
2177,2035.1699238301355,2040.0397966371129,12.943711598681555,2076.294773122734
3286,2276.1689714419404,2281.1401031386413,13.139042733361784,2286.2780842687125
2097,2307.8115761958024,2315.157858320928,9.145850833504769,2323.3058955481038
1997,2461.5655184237544,2466.025011315585,14.516665785215437,2472.2732926902613
2016,2573.3818461395017,2578.192750866531,13.166227025529434,2613.386855695115
2261,2697.0964459093084,2702.1536706396328,13.000710155806667,2707.2917084357323
2101,2771.600070680326,2777.512275737539,11.438310969738838,2796.1208956764713
2260,2924.9186012310556,2930.1893142418926,12.074401608846143,2936.679449162093
2161,2962.3226861824437,2966.2887110532693,16.041104114545053,2973.4158759233183
2250,3107.9475932800706,3113.4028029256683,12.207858237238844,3119.7670900938765
2163,3204.4977297722635,3210.440147946163,11.695184005021295,3245.4731283581386
2171,3416.5793201679276,3421.429327377763,13.982643403950608,3426.338565518218
2096,3484.361402366607,3490.131960507773,11.649198084368447,3517.880221238071
2090,3489.4664673573575,3494.482448077458,13.18239732545454,3519.904959509367
2154,3561.7285686472683,3567.3761621144304,11.884971601036304,3573.9836035423928
2167,3563.5185564919134,3569.215075754543,11.49460893629331,3603.4807313607903
3287,3568.6276360800957,3573.4443970221796,13.596662746069647,3605.899309040264
2165,3741.4326787761843,3747.082328861102,10.759069031395013,3753.7624092309156
4102,4139.1841322738865,4144.2552984795575,13.013709166822478,4149.410937116075
5288,4203.992415349948,4209.2853238143125,12.097720859593645,4215.75759273063
4095,4551.880210791729,4557.142659717087,12.332257445427867,4593.509838625834
4264,4725.877252158972,4731.319163564353,12.28396398772153,4737.929128686402
4171,4731.446683413185,4737.304132565897,11.643433031080484,4773.309715812122
4021,4810.276869997075,4815.018272701507,13.933156995485623,4863.341837106362
4103,5193.586945355512,5201.1294893285,8.168165773407361,5223.115131109113
4260,5217.072939393214,5222.022152616149,13.531098481333506,5226.8271630462195
5298,5256.076710595106,5261.2941289920855,12.081346024590266,5267.789802747034
4092,5376.459058309922,5381.22070992125,13.423792506656048,5408.029863590936
4108,5448.288092480746,5453.39420819233,11.862369444232165,5493.379529130818
4248,5477.938290996287,5483.54937972729,11.339517918986541,5497.940115412624
4269,5549.383374230447,5554.156428894118,13.771992891316472,5583.278635274628
6271,5827.958057360756,5833.092868377113,12.566205568309158,5839.336944233928
7281,6000.6778032187285,6005.577169121468,13.983377932619888,6033.514095464023
6160,6027.8015404327425,6033.02267916375,13.12746736718172,6038.197324734418
6192,6177.970363266478,6183.243102101254,12.695048772879641,6218.045287490181
7294,6267.283976261897,6272.030643110606,14.559190748912355,6277.889290547887
6111,6354.267461922478,6359.04819566625,13.28693318435503,6365.294213887487
6098,6534.964442139672,6540.416470657433,11.915181645814092,6576.426327354304
6269,6621.403112351227,6626.486636362356,12.817309745138092,6663.580110258108
6249,6658.5754298537195,6663.195333241759,14.68586138927285,6667.914608059389
6103,6778.701015044698,6784.294322783963,11.715153502976337,6790.734436814861
6255,6811.422579434766,6816.219037439977,13.70114490419526,6845.7107491266315
6101,7164.505984410946,7171.247290807639,10.345622198753095,7178.7568040996275
6097,7337.626606074363,7342.481928279994,14.092527895605249,7348.9102045391255
6260,7343.227356644222,7349.0439516975375,10.524232452547555,7383.185689543462
