1240,378.53202204464316,387.51871101811383,13.148174890739295,395.10289816085736
1407,637.7735208113776,648.48361540867,11.257039600618668,657.7217066156016
1570,648.9169145202762,658.159219802252,12.40056075356369,666.0159451626072
1545,920.7065705523884,929.2496928817934,13.75991396558124,936.6440304125017
60,996.7065590262026,1006.3243929480138,12.54517839316932,1014.5606481534996
1404,1106.862468311393,1118.1900289554549,9.536593866754092,1127.876821729658
73,1480.1320985875059,1490.2467476787144,10.801257619515503,1498.8122443331588
1566,1838.3509687319054,1847.137169196976,13.283005007841933,1854.6637793547545
3566,2198.3812463556965,2208.214358289041,12.196485499080069,2216.741026319536
2052,2435.7856425845775,2444.232302392707,13.410651394976304,2451.486247661601
2048,2447.5806187672706,2455.6104190784463,14.075038596420384,2462.387611390986
3555,2815.0722163255446,2823.2454066645546,13.999344620644079,2830.5497951939365
2066,2886.3256687209214,2899.393486223088,9.001612329308635,2910.912853660294
3575,3176.4994236908824,3188.29977181482,10.517897557045453,3198.3008014863794
3553,3260.9147214606887,3270.272573048404,12.67403772231421,3278.2115000253593
2058,3282.8215224614923,3293.448998574516,11.409540010334684,3302.5486515813636
4213,3874.119759240976,3883.5119210246976,11.978279943813384,3891.6705214499716
4759,5270.325073437255,5281.32308796883,10.413666921003024,5290.777825251779
4741,5272.4019547002,5283.256074061076,10.29812427017918,5292.6553566363555
4055,5622.288790247105,5633.405731096646,10.485949438802395,5642.964624792631
5555,5675.2455447597395,5686.029366021703,11.032744491869265,5695.372416683827
7403,5775.975833578145,5783.490250175786,14.94740374260399,5790.035774401446
7584,5960.766698869715,5971.4879458649575,11.396958723579164,5980.713608049183
7412,6317.877570359055,6326.268614088447,14.130689602149975,6333.359795087597
7415,6401.477550384081,6411.00825267185,10.488018071362996,6420.234422202152
7238,6755.79439790299,6768.04008987725,9.265547292675022,6778.3988943778
7413,6935.171378970638,6945.039189274227,11.217666421961527,6953.570834541656
7581,7116.122796613487,7126.253146842897,11.510737727878336,7135.042431071967
7255,7129.387272428956,7139.313634841991,12.030173820319737,7147.599788629982
7578,7232.679119015568,7240.569127829976,14.564463959513237,7247.291878644786
7249,7417.332766609154,7426.184390176822,12.974204887444623,7433.556216716671
7582,7419.929458778318,7430.284890447509,11.418110003325785,7439.021401949769
