855,54.68161339495597,61.29359761968978,10.986232340002397,71.22306818712862
888,209.73642479727306,215.30592492596045,13.015133507230612,228.5795503154831
910,222.0823083055111,228.41636733781715,10.581686271249618,237.85499983763012
824,700.7919788779494,706.4762656949346,12.768627296827159,715.7459807519135
829,846.7776802796383,852.1298448321593,12.999524030296143,860.771183258453
914,916.5265454498648,924.1730675857901,9.46817611773799,935.896927299895
900,1132.3642098284593,1138.0466546881632,13.171633498658057,1146.1681353876213
915,1211.319649640727,1216.621060249263,13.578761347728342,1225.1095945080858
877,1422.8439208909485,1428.527419452195,12.083080865881499,1488.797340315381
845,1425.2905171800887,1432.4251055089671,10.073501571169842,1491.3648678338716
875,1427.2592274791994,1434.418461043703,9.493890303534561,1493.488334397613
833,1649.2399838438523,1655.2344799262721,12.594392542984812,1668.8935755587838
854,1782.0792437191626,1788.0161365630177,11.904480093071067,1797.64119091302
839,1852.7830769838492,1860.2166078227629,9.899968683876084,1870.7335645523372
896,1854.8291089417332,1862.2108816963485,10.04183993339386,1872.6524073136043
2862,1930.0470996500214,1935.435852800471,12.87559736047445,1943.2916313402172
2852,2068.9043977947767,2076.2771165206996,10.015418932479072,2087.9053739033893
2850,2216.5330502758043,2223.1538934991645,9.82193152829469,2233.2475202413316
2838,2291.521397046621,2297.077467761012,13.038943185318903,2305.1734989773736
2871,2579.0521443530415,2585.5521103342553,11.329155318445457,2595.327367370156
2822,2866.7779253557305,2872.50425732463,10.653072232358236,2932.9059028792476
2907,2932.520188557598,2938.2959472618827,12.275951006231287,2946.7928914246545
2889,3005.0485108545226,3011.139215451297,11.39812882168948,3019.8498316284927
2833,3580.813565132617,3586.484247129512,13.33726564943674,3595.506206784947
2824,3658.504024252335,3664.4083696477405,12.148197695588157,3673.058789131431
4821,3724.5051623456957,3730.541919504522,12.3653009699414,3739.33966885518
4837,3726.362967763252,3732.336278871707,11.203760830470207,3741.209163539992
4892,3728.135932176095,3734.1766193588464,11.970509043747661,3743.1117002971487
4921,3944.9340617469697,3950.3352448909995,13.856247495634545,3959.20120447977
4845,4017.2583748297743,4022.618687167791,13.697119991658093,4030.396057869407
4822,4020.83765705529,4026.0909871175854,13.781969373670558,4033.778817192178
4887,4039.0883791700867,4045.1550992558564,12.439860711797584,4054.842609986435
4918,4044.2007556173203,4049.6264270022257,14.705775102537812,4098.136905659052
4886,4088.367568467739,4094.515406679946,11.205049677310125,4104.593543754702
4916,4399.31236923744,4404.600010122949,14.297803383883926,4413.147180612376
4827,4446.898337200524,4453.506140618498,10.396945400416337,4463.114148808338
4844,4515.499446226223,4521.269827671619,12.313754182007614,4530.755044130745
4846,4732.855618353771,4738.568157334511,12.72682965281125,4746.590680802175
4884,4889.938745170029,4895.076397243302,13.606570473627976,4908.831153588804
4860,5024.261740392313,5031.367519066071,10.04598420448331,5088.350410761649
4850,5094.718361553132,5100.478371869819,12.197900741489406,5108.869885041591
4868,5166.323438474695,5172.085987050203,12.472436504748774,5180.512884433788
6854,5456.434134980095,5463.364756139363,10.418333611364982,5473.622489717687
6871,5669.030079140649,5675.000074674638,12.442768443720627,5684.661268320337
6832,6028.8369131813515,6034.497127105841,12.963698049420193,6043.853877540661
6882,6104.607087263044,6110.482931716145,12.536020686588037,6168.054070344355
6909,6244.761302958541,6250.59957660868,12.498360571216567,6259.251270555992
6857,6249.055195256068,6254.11325264505,13.769781333005831,6261.640190441524
6897,6388.3048997512815,6394.010179062214,12.494534818333486,6403.657204679417
6836,6460.735417399962,6466.481778845919,12.31679143190518,6475.778573648366
6902,6534.8431681663915,6542.233673659416,9.409942380546498,6552.915726493828
6907,6536.987392904266,6544.244756469304,9.881644080857917,6554.826793145303
6890,6614.845658329203,6621.122792324799,11.112243841981298,6630.619431991413
6878,6617.965969436018,6623.375060253432,12.772414014229312,6632.490441723763
6879,6688.252479512849,6693.026327456835,15.287883109832727,6701.691186707563
6852,6824.441716983107,6830.353263305306,12.388665833991013,6888.619194055094
6921,6894.8773972360805,6901.367033590266,10.721150733904434,6911.01416297374
6821,7035.63436857749,7041.255453602698,12.411892130558401,7050.8182614538355
