1608,319.267508905529,324.2701581993174,11.24988109365958,329.4199913048414
1017,530.8920023301492,535.4679886847429,10.845376622609463,588.4239152068885
1004,1054.0393435281471,1058.2773784933972,12.78495330078273,1062.7765380323763
1005,1309.3121050120374,1314.0309801086562,11.862251981425315,1318.8075247019128
1015,1318.34167654103,1322.4183091075283,13.477014124360068,1326.759418147851
1596,1583.0912150873612,1587.5234354770298,11.010724884501023,1592.4644840757055
1013,1598.0132135246822,1602.3043881478893,12.133481249013508,1606.8063941892185
1594,1683.1760668072654,1687.5149701216105,12.126417832096719,1692.2995474785018
1600,1758.9222320897431,1763.1267920949279,14.453348941275898,1767.1244139505488
1003,1783.3402438725007,1787.3235768749894,13.052534448107018,1791.648128831523
3041,2120.6999897865694,2125.4417478049168,12.035401856666368,2130.340697376507
3031,2122.5713260385032,2127.227878251647,10.954109630871935,2132.0775835102236
3595,2209.367683773065,2214.050253975046,12.55991221499098,2218.607025342355
3610,2927.335326711478,2931.263778014819,13.40930166164876,2935.418064519702
3600,3109.3088268261863,3114.161976696767,10.84479275191299,3119.1317001990483
3037,3233.9341932630246,3238.2557941819236,12.3803157439133,3243.9813532230037
3038,3498.0157624692665,3502.0604477765146,12.673143693102235,3507.559788236835
3426,3561.737434340641,3566.3432184754124,12.044632523695032,3571.2548618048363
3008,3563.558134838981,3568.1307079644193,11.923129486888833,3573.1148414088825
2998,3739.3118632654773,3744.0376316529832,11.63218664723137,3748.7377124222025
3614,3853.224191014838,3857.5037120481998,12.602948787649382,3862.105752044882
5034,4019.499426962481,4023.1088955865316,14.50316364372637,4026.9221484703125
4999,4101.113057698997,4105.423318345251,12.744083579438406,4109.8951279259245
5022,4102.8693257183295,4107.143912160407,11.840605972193677,4111.659960932717
5024,4293.202621286006,4297.280074723688,13.25873422642182,4301.523984724016
5613,4314.028611650699,4318.512242536527,11.96260983477985,4324.254783578231
5419,4369.131442483435,4373.353665408864,14.56427960852665,4377.18906318382
5428,4552.800789040085,4557.17809344346,12.430637919858345,4561.625671615179
5035,4740.847134730307,4744.208112319862,15.835861419527635,4747.736612789844
4996,4749.309227738211,4753.156277855834,12.935760362408807,4757.426316605242
5021,4752.68582449296,4757.004610852944,12.034674748374254,4761.6593204181
5592,5000.8924042481785,5005.191800756622,12.504845907228592,5009.6563372464725
5596,5271.209297270503,5276.015287282616,10.324013943284642,5281.437721365856
5015,5274.740198368109,5279.231914607602,11.584742344711932,5284.043732062917
5004,5276.543208820239,5281.027598442593,11.47031622066947,5285.895556465676
5007,5357.296157877957,5361.04101103047,14.437349051088603,5365.041399566031
5601,5630.709562429539,5634.321808957014,15.293449789795362,5638.203093033575
7010,5744.43571355149,5748.593146025617,12.981623982233266,5753.002481464011
7609,5836.803221949129,5841.273536677591,12.006998440789998,5847.216527040639
7601,6169.238896993932,6173.421796132941,13.902675904279473,6177.463669256236
6998,6204.180827431722,6208.2988326739305,12.629863097117315,6213.689221770486
6999,6259.424344985911,6264.1327573289645,11.043320128914514,6269.050066617479
7025,6739.903903338662,6744.518047640541,11.300778290879876,6750.740719165833
7026,6981.640813858683,6986.25582333345,12.384727265175663,6990.900827974327
7034,7191.739923187906,7196.438351193793,11.701983383361778,7202.540005196759
