527,664.6972013229315,667.0108143433332,12.672938553191518,669.3703428028177
539,1561.3871553910633,1563.4321067321052,14.094258120791851,1565.4906023922417
546,1621.3317944792843,1625.028365671591,11.533229252763046,1627.48112893267
2539,1895.743822165001,1898.1074340291316,12.749892269171978,1900.394706251441
2526,2701.3657554168713,2705.2062219730806,10.711139134078575,2707.905316894069
2547,2881.368714116858,2885.2441213349393,11.999573048565495,2887.683689708728
4538,3998.754781075765,4001.3859893900467,11.637184646866425,4003.9383764876848
4544,4053.99715183636,4056.227448811975,13.400418162377264,4058.390617938377
4446,4354.238414975427,4356.253208178967,14.58549075157359,4358.258217174213
4535,4591.2462960674875,4594.7900187177265,6.93303419380046,4597.301031669251
4540,4617.738909756698,4619.455796164631,15.96237162386474,4621.24784819864
4448,4984.019655592317,4986.320199213084,13.236221413019443,4988.538967758326
4543,5131.31538596984,5136.2858394160685,7.436784432549817,5139.5276744588955
4528,5342.314364764304,5344.510167481281,12.812386765295608,5346.667043400623
6522,5526.770964700772,5529.272136283079,11.985027844642412,5531.7367301649765
6519,5613.225927322283,5615.1985708800885,14.133935197364192,5617.201202289947
6520,5615.64163323065,5618.071197302633,11.450925684184172,5620.590674591474
6450,6606.848543981581,6609.005018598635,13.09019484264726,6611.189156598767
