257,204.83686672055543,207.08635763527366,9.984978438119084,208.52106480941484
32,244.26445576727482,246.0654004637091,9.355929774941261,248.39618141386075
89,345.5123438787572,366.0265581725922,5.906583776549811,368.07930688119257
238,568.0560700943774,569.6381490266297,14.73208902671378,570.6218361269313
235,572.1535598205884,574.0746737431173,12.528725331030813,575.2566907015041
26,1057.3020743414565,1059.4525561454338,10.797656657939465,1061.4520775687834
254,1497.2426850069799,1499.3320406652347,9.93198488747821,1501.4479840508607
2223,2177.7072780445365,2179.280266323791,15.000174288858583,2180.253586155478
2264,2451.6353847153387,2453.555519074076,11.579751515845885,2454.7192145287063
2228,3099.5869813734516,3101.474710193732,10.821407666654524,3103.4215384419404
2266,3356.508144566984,3358.367329905987,12.872279818460497,3359.5097016848667
4059,4115.485745130152,4117.482496400276,10.595989988110372,4119.410491515506
4055,4653.230590509281,4655.1603564777915,6.875429023701098,4683.205905944804
4069,4745.070304401586,4747.176471697285,6.2365512727747845,4773.353450864381
4236,4977.003907501345,4979.35884130729,9.738502089956652,4980.855982506093
4036,5375.31679712579,5377.236693383865,10.545150612253014,5379.378226779451
4057,5463.219008205683,5465.257795061946,7.1992125304826615,5493.312801864703
6220,5787.731959088449,5789.56861220707,12.958507568748493,5790.688250179737
6089,6004.459729091409,6006.113430665814,9.83517047739879,6007.956910490704
6035,6184.255380866209,6186.092564804394,9.287907703484942,6188.497709102152
6064,6723.620533489596,6725.401001842547,10.449086992219003,6727.374018784802
6028,6728.051094275245,6730.133619133544,6.554572831841145,6753.207710774543
6199,6806.1827060449505,6808.240517871228,10.286981713921818,6810.47354638001
6225,6971.964021951798,6974.385943685733,9.829918938251437,6976.703310277566
6244,7058.155565511184,7060.191382439535,10.124565820795445,7062.317777806142
6078,7266.0222552148025,7268.0639001538475,9.00700110879425,7270.27508717942
