1603,408.9925228477417,413.4266895061601,12.846451064044725,417.71973444243514
1039,788.154159341758,792.4133048850034,12.637175641489236,797.1180207970807
1851,1049.4642874845417,1053.1867169805287,14.710972282372389,1057.0930942831374
1429,1343.935681670184,1347.6078481244263,14.870399624654889,1352.9771402523807
1023,1399.0572724636074,1403.4483135837283,12.951693345420232,1407.7514267612457
1850,1401.135162307963,1405.4114118231355,12.628153238688427,1409.8497914994314
1596,1491.6020778367129,1495.6140077404334,14.636578758052172,1499.6039081318959
1007,1579.0205085113703,1584.1464004843226,10.74637017658296,1589.5371100311552
1037,1581.1146856251394,1586.092042864364,11.232654116254311,1591.502271643391
1005,1669.2832947663878,1673.5532056524407,13.202191434697385,1677.6163022555347
1016,1759.2590487613174,1764.1201834129308,11.908581422672707,1768.9382376815975
1010,1849.115138214613,1853.5155231801937,11.70710794103242,1858.519598159583
1601,1959.8225124406079,1964.2247661804904,11.727016830165224,1969.1225031943125
3029,2211.189175095241,2216.0377624980024,10.404451461034977,2221.297230352373
3040,2244.650977093371,2249.099818125302,12.37651525695932,2254.8093219468433
3024,2299.064018566428,2304.0670374165506,10.192978067137366,2309.376039171047
3025,2302.8593398504963,2307.070464512593,12.807590390435045,2311.5729234062587
3019,2308.503147650387,2313.0606982728723,11.170855073241095,2317.810731208146
3612,2403.3741105916433,2408.060548007209,11.043833844103952,2413.0360306454463
3856,2478.8534643486987,2484.0671288655303,10.555679058001738,2489.7534371467323
3604,2569.4811842006366,2574.2578133812153,11.939534671409563,2578.90406645254
3016,3019.063708567967,3024.192479859979,11.010949078544261,3029.6254123246563
3010,3110.9975611164896,3115.023448984734,14.481229877869486,3119.1516725914125
3608,3289.516208067345,3294.4234047957193,11.130654697884971,3299.443266196641
3002,3378.85826696803,3383.0187359246875,14.479272796203968,3386.972792609506
3602,3649.1216049761365,3653.5759634506007,12.541679103644547,3657.9016151220903
5608,3829.4385039195095,3834.0702495780006,12.987222079522379,3838.213225732052
5006,4009.2308880961127,4014.4293879281813,9.941537399610958,4020.027459519586
5029,4011.24767614174,4016.3638141646693,10.074145500622286,4022.0633233456047
5031,4020.654208054966,4025.219097017706,11.866943158326908,4030.0675971263768
5595,4459.093248578807,4464.065606013444,10.455056918266353,4469.276932894239
5593,4549.14802925074,4553.341696369575,15.149293109972795,4556.957474776607
4997,4820.3590460941905,4825.288981653894,10.43595391531973,4830.482248104328
5840,5019.800114198131,5023.421846592214,14.720199548038995,5027.217939010314
5004,5087.519426510713,5091.381189222741,14.122657566983515,5095.453210405407
5017,5089.461729712072,5093.417114072971,13.002794426686394,5097.714653138202
5032,5357.773188060794,5362.121053300684,12.632820320994766,5366.444235607147
7043,5718.864619788099,5723.002817751239,14.295222000843738,5726.825618542264
7601,5833.240800115777,5837.309901962804,12.591351493784845,5841.619183507863
7030,6009.7742851796265,6014.536073424019,11.286675512232055,6019.518863144983
7039,6011.625629700737,6016.383091704395,11.593187013510217,6021.377401637461
7005,6014.049020026733,6018.438187423445,11.32253248737123,6023.333603348177
7041,6469.651181160726,6474.0831592982295,11.48174258805034,6479.898430264662
7015,6806.025817256496,6810.269410301721,12.53985185245633,6814.8006839915315
7860,6922.959441596368,6927.167573221917,13.174014350485765,6932.745315017176
7026,6979.2040668772,6983.4596648796905,13.42472379456507,6987.6499930983755
7596,7161.198935823443,7166.077086378526,10.948592687916666,7171.082587094528
7604,7251.247060770889,7256.117856005669,10.721587303239241,7261.324353669111
7855,7339.062468753017,7343.476670222579,12.460257132909447,7347.863886191451
