259,14.0,20.391714764021806,10.804918258430668,26.191600377866614
224,42.0,47.119248983848685,15.117649864853181,51.42042709426589
267,82.0,88.0066152149108,11.941114096160476,93.19810781299167
395,126.0,131.5750766663253,12.95751072462066,136.4286563149916
337,127.0,133.22804836784172,11.92857449586891,138.57912069907917
184,343.0,349.14553880903065,11.358601423855202,354.8129011165931
363,356.0,361.343519410251,13.647418967277154,365.89615675448806
306,395.0,401.2837612737798,10.752985167486662,407.1844577274728
327,503.0,508.20302233591184,13.898282721709963,512.727538547807
242,525.0,531.4233185647909,10.824562550835491,537.093548393245
349,586.0,591.5747805735834,13.267015495424038,596.4534801499761
393,610.0,615.381915133953,13.877954474214786,620.1064049806581
297,688.0,693.4756180246148,13.723349944151035,698.2354334397614
168,780.0,785.5012065697932,13.736756105596724,790.332387121711
299,1674.0,1680.1261156037594,12.232027662690836,1685.5038118965251
2161,1884.0,1889.3515893010724,13.5414296014248,1894.0838155411836
2254,1912.0,1918.1155685059564,11.893173464268111,1923.5858053757752
2385,1973.0,1979.157080867175,12.036326035616415,1984.7736061362525
2317,2037.0,2043.1695270298094,12.06918891588134,2048.7657582628603
2374,2148.0,2154.0004690621395,11.297417157778776,2159.4189177963995
2325,2255.0,2260.2850647441915,13.637844446112236,2264.9451648146432
2282,2414.0,2419.469285237291,13.247417073058942,2424.331934673748
2344,2546.0,2551.275599062964,13.925052684101855,2555.889095921985
2284,2614.0,2618.434115305576,16.99872446366541,2622.1127193546686
2347,2868.0,2874.2533873829548,11.201414977652822,2879.7900116832825
2397,2987.0,2993.2800776402673,10.956270345179307,2998.9512516524965
2226,3005.0,3010.28949473452,13.676056213624104,3014.863972923148
2362,3097.0,3102.585846526813,13.567343081226127,3107.480134898081
2410,3210.0,3216.085353644779,11.349727744607828,3221.644928373588
2170,3238.0,3243.5757540772806,13.239002857579685,3248.54536473161
2270,3243.0,3248.084581084752,14.419268198262477,3252.4629661935173
2268,3285.0,3291.304353695938,11.545581359684324,3296.9732005218734
2305,3289.0,3294.4420489381214,13.34598656240285,3299.2054763460224
2348,3293.0,3298.3432977684706,13.250106828574177,3303.049036592869
2319,3421.0,3427.334047131042,10.784170334832906,3433.173110875471
2283,3455.0,3460.325977847903,14.42347726050644,3464.925648283467
2297,3572.0,3577.3849063028383,13.980351612902888,3582.16197430342
2216,3599.0,3605.2637680069993,11.198007403123674,3610.874984534639
4294,3678.0,3683.469742036275,13.094893450556263,3688.2319347752496
4300,3694.0,3700.360436308817,11.215608154698135,3706.2748430026504
4288,3754.0,3760.096513776008,11.643460438218263,3765.555887608876
4366,3954.0,3960.305370697478,12.143128157141104,3965.443820905828
4220,3955.0,3962.017409730809,12.419249540027014,3967.476726868681
4405,3972.0,3977.590584445839,13.405409152395631,3982.634248707602
4193,4068.0,4074.135344855372,11.34331067307105,4079.6766853674567
4200,4196.0,4201.060659718686,15.443627232402747,4205.2449683743935
4174,4356.0,4362.220390611904,11.51729251345723,4367.716562060017
4331,4408.0,4413.520502942763,13.820791853477914,4418.3027112818945
4342,4466.0,4472.158315164907,11.729514549259857,4477.702818583143
4163,4583.0,4589.070704322171,12.146075095960034,4594.456268510554
4283,4660.0,4666.468974229005,11.059218004765244,4672.29631278772
4390,4675.0,4680.488537427129,12.593978033259205,4685.472186333126
4297,4717.0,4722.331772980235,13.829967452597046,4727.008639997677
4164,4731.0,4737.499558237153,10.17372447606616,4743.525861056051
4274,4755.0,4760.353305221542,14.15644953708397,4764.9268221781895
4223,4863.0,4869.083844245258,12.123146490293099,4874.361057980189
4387,5028.0,5033.565303463543,12.704688066570153,5038.504723569424
4369,5074.0,5079.126315155869,13.921478519994448,5083.600942354449
4229,5233.0,5239.006981551638,12.22083863567892,5244.434831393069
4218,5291.0,5296.073247072149,14.388467153682955,5300.812560461506
6361,5817.0,5823.195136989991,12.02534639586013,5828.562349540132
6244,5879.0,5884.522715306653,12.853101834258323,5889.337246414528
6202,5888.0,5893.513469826208,12.768479374139012,5898.612561561402
6194,5969.0,5974.149275962541,14.324247878794171,5979.010308679745
6211,5984.0,5989.374575488063,13.932369207338427,5994.390532230171
6380,5990.0,5996.13191297084,11.464866237571949,6001.52687241398
6156,6084.0,6089.038165005126,14.622977989205685,6093.263290135034
6396,6159.0,6165.237715309774,11.92064698737312,6170.757757521914
6395,6188.0,6194.078227055851,11.156404960110446,6199.597690964483
6349,6207.0,6212.049752926131,14.294735832560432,6216.429798921755
6389,6209.0,6215.342187179698,10.919572538415677,6220.957547291937
6390,6282.0,6287.236247738866,14.458295398639065,6291.812791317454
6316,6337.0,6342.504177787059,12.742675348753558,6347.280254340539
6300,6647.0,6653.407873864823,10.85210445532362,6659.122431037813
6205,6764.0,6770.070193529317,11.387347451109163,6775.6826825597955
6253,6921.0,6927.319893486746,11.509683128561726,6932.843341962204
6208,7116.0,7122.04273845718,11.506652253175057,7127.717016564798
6336,7168.0,7174.347294224084,11.125361641756342,7179.94512051417
