1485,137.96490785700388,142.48920156117742,12.644956641929161,149.2514941764369
1354,529.6160965775432,534.4114720017608,10.37129696047559,540.9988854773185
1487,586.6747302523506,590.5406182327127,13.645510673081096,596.736504445007
1334,655.6435814306443,660.0432109968317,12.66501584992573,665.722554258886
1343,833.8380322812721,838.1027529287534,11.985758615069056,843.9644618728871
1143,886.0938327452315,891.3408055358516,9.880219780062925,906.8241465041122
1327,1105.7267043989928,1110.2815386305392,10.9041302360363,1116.3915308449946
1367,1241.4835130523486,1245.171666635002,12.883656265991625,1263.4037774375342
1368,1398.3657987214035,1403.000399127894,11.992706447955324,1409.8316430723726
1359,1422.3415936619654,1426.0564577486634,13.440230654056407,1443.7021824298708
1338,1904.7633584104556,1909.242319901232,10.690343721580442,1915.6278481893144
3336,2094.7337602274765,2098.614634277674,13.398415801730943,2103.755725579259
2147,2097.8927606033394,2102.2585678667674,11.598926893029319,2108.473226002676
2867,2229.273634152802,2232.6052379788484,14.711876280019213,2253.362964243292
3121,2232.871577790893,2236.5866752635247,13.702570673539748,2256.1756126907744
3137,2414.5345627642855,2419.2053477450277,11.025053804182493,2433.391517944818
3322,2448.783235785322,2453.4633076742393,10.120283998449919,2459.844262315484
3332,2533.153774421774,2537.135436948347,13.255011971355229,2542.5300007710825
3323,2546.451592748388,2550.4166137991883,12.941532948954308,2555.7899352842855
2871,2592.308062803934,2597.050117063017,10.450892130187073,2613.3426791989773
3334,2626.6024410228756,2630.277214203018,13.669168200888086,2635.7324466082205
3368,2842.397071575457,2846.232423484488,13.525512619856572,2852.9620865012707
3321,3001.3410353441977,3007.1928382604697,8.768976830960238,3015.974826703666
3348,3038.409804349917,3042.154741491556,13.276217633499492,3066.2879974126363
3344,3297.8626146367465,3301.4873044665674,13.207250621720062,3307.7825226362506
2402,3351.7191681476,3355.376860217674,13.380524452234813,3360.3645892635973
2139,3355.195588142302,3359.2170765270844,12.903508591513571,3364.798014388458
2406,3449.3214601081418,3454.441335705748,11.182190816041823,3462.746179463681
3354,3480.2233627635187,3484.156530367036,13.304186017171752,3513.058227468198
3127,3496.054714371479,3500.2571639343396,12.384038535001727,3515.5075242405437
3139,3673.458634327784,3677.1648974021505,13.729904024498534,3696.8143411740166
3119,3757.7390276119368,3761.365809884531,14.371218339868275,3768.4035891989056
4389,3895.8146843884565,3900.08255415563,11.736705351949979,3905.944334590585
4365,4120.416706170185,4124.527034638063,12.831931280630522,4130.943717226327
4145,4523.100994331977,4527.139221906618,13.072704441486104,4532.575251727418
4147,4613.902564905419,4618.182448173283,11.823920831153064,4624.052443001868
4146,4880.769436548182,4884.279642591354,14.899058084890918,4888.9459374094495
5475,4997.962996599682,5002.555107441756,12.516830884242674,5009.22674129875
5491,5087.983455435864,5092.492043152449,12.426678943657226,5098.792866890205
5355,5363.2781565713,5367.519945673914,15.726485257933927,5373.770712969392
5354,5447.73333211482,5452.0162199669585,13.386606929728991,5458.991979449975
7148,5742.4313496959,5746.624286786656,13.335449535574995,5763.305433371889
7329,5773.3669459778275,5777.301316299036,12.631501420589856,5782.63460203895
7343,5775.043882921978,5779.026222335754,13.52677115991408,5784.318561568832
7352,5808.143203456879,5813.051904817179,10.935799684112771,5819.925612915428
6400,5863.394380824329,5867.334636196687,13.365311465156966,5872.705133246653
7320,5872.881531523532,5876.510272184712,14.133839563417197,5881.4834911753405
6148,5962.581120691194,5966.336018941593,13.80727725211733,5971.545013453484
6879,6101.033516051475,6105.184623234327,12.366811554181183,6124.832313721659
7479,6168.2087353904535,6173.007796683005,12.207252833858053,6179.801571569516
6398,6323.369197051528,6327.493026189838,11.85127008687695,6333.106890416614
7367,6827.403875805131,6831.388455168527,12.855311649812895,6845.924690922074
6853,7005.87460889211,7010.289204579836,11.5111950545498,7017.326121844384
6367,7040.591445123409,7044.195283503865,13.980141215507217,7049.047694768877
7334,7214.496877394845,7219.071591537642,11.428861391403872,7225.162983901048
6379,7312.862391753768,7316.519970177453,14.1131040078841,7321.418106014714
