658,79.0,81.10069146019255,12.225242615610496,82.57428815660235
418,143.38750512932583,144.62062748992633,13.376002701687154,145.93079362208738
687,171.90915668334426,173.33990634459764,11.498617656422692,174.97332188963892
667,276.00048635073045,277.3276773072576,12.969046791377382,278.72297214416767
668,546.1041725081473,547.3326318549618,13.757805493626238,548.6588392517258
426,768.0,770.0993691772762,12.735649518870481,771.5065789926513
440,1050.0,1052.0735407550496,12.179877401240478,1053.5658680226827
680,1052.6422559541265,1054.0717951294398,11.279810157759382,1055.6271782549832
425,1114.7879966705648,1116.3542340384386,10.862993181613268,1118.0185236774544
663,1233.0,1235.302693705824,11.00564750839809,1236.8835202083997
944,1235.6043503024014,1237.1456499524472,12.039665179134051,1238.7480236903352
678,1358.0,1360.0920606726188,12.063669414619147,1361.592511011916
671,1417.1098887708738,1418.3073069745722,13.548026234822728,1419.595647135514
660,1446.0,1448.203910643791,13.934416139032274,1449.4962019362147
673,1449.0569703025508,1450.3490119603475,12.815584541034355,1451.7071854670094
411,1469.8476794609994,1471.1137308098077,13.278816785383333,1472.468811437157
437,1475.0,1477.2662585957821,12.583224068135394,1478.7619468217313
438,1479.0,1481.044017813018,11.760886235783712,1482.5971343380743
677,1703.0,1705.0214721548218,12.954567375282604,1706.5705119933682
679,1778.0,1780.2985362264558,11.77804571636329,1781.8769127212543
670,1809.0992646805466,1810.5038218717284,10.96838816332676,1812.0469707094949
432,1851.0044165724414,1852.155964328917,14.782884207637638,1853.3718154536346
2935,1872.0,1874.2614437337381,12.05061746370012,1875.7423805979984
2668,1887.0,1889.088450027447,13.647505307045954,1890.5795398045607
2428,2208.996092347995,2210.07811113808,15.050141091279842,2211.270127048829
2945,2246.0,2248.066327476199,14.308836695339798,2249.372737486881
2441,2313.5249591862175,2315.0341920176907,11.399009306432836,2316.625275937106
2678,2368.6211910788074,2370.279204251247,12.044698226820358,2371.6938949552105
2671,2383.4594691604093,2385.0995651417747,13.00050490018329,2386.4677200030324
2443,2404.6924227085865,2406.202134792888,10.133998702907732,2407.9029906298633
2425,2577.083276235536,2578.291927273093,13.34506340083818,2579.6042161765145
2413,2849.579197680698,2851.003952490807,12.45573110603986,2852.469498544941
2667,2872.6764512117165,2874.106962168749,11.378535468222882,2875.720598514828
2677,2875.0,2877.081379638773,11.846537874870805,2878.9627943771975
2431,2927.7640168346293,2929.1098993335077,12.076260551907701,2930.6027709798013
2412,2940.0,2942.221217206831,11.96877673472482,2943.702153222716
2951,3034.0,3036.199522081863,12.515614166712028,3037.652289346159
2956,3054.050767926844,3055.4994864901196,11.73991508209736,3057.0377831440032
2437,3114.1032407448706,3115.3478542449443,13.406226827401458,3116.67027907892
2684,3143.0,3145.284210517016,11.871723813605433,3146.823163871511
2418,3209.2296533258927,3210.371617056594,13.904869022608345,3211.6163771844685
2942,3227.800527908176,3229.066939857597,12.411255562073862,3230.504383464751
2937,3248.0,3250.298068173466,12.296127071573883,3251.820236351667
2675,3409.0,3411.1746290856886,13.292331835266827,3412.5747234243872
2674,3486.5100434829214,3488.0150130059583,10.52545729475578,3489.65691123393
2422,3560.354956335469,3561.491995795463,14.88714687595695,3562.6959551598593
4415,3756.7015300584744,3758.2806848957616,11.144756922483076,3759.8914906619525
4672,3785.0,3787.2019441104408,13.667574370115636,3788.52431224158
4687,3842.010323987,3843.2053572891596,14.155021818112685,3844.4756158800305
4685,3933.035250915216,3934.2205787623293,15.590956485592457,3935.354499881919
4408,4114.0,4116.499557064716,10.696914666737767,4118.115481209608
4670,4132.951706495322,4134.416130324395,11.126111580948711,4136.046625377531
4688,4144.783692791968,4146.2431222361565,11.480997035586984,4147.784219977563
4662,4587.069988626357,4588.453955738394,11.706126870074474,4589.966830520197
4935,4665.0,4667.204766906189,14.613105116514935,4668.468830306495
4656,4674.868778744901,4676.394366195373,11.46797451975121,4677.992022392277
4655,4761.678790546795,4763.119651030672,11.385890968444823,4764.710644254729
4682,4806.517794276894,4808.0593781708785,13.045844587573415,4809.364217136098
4429,4832.229902486329,4833.6654383434125,9.417267788036877,4835.206584811133
4679,4857.82791330049,4859.003847504718,14.519760716613622,4860.251679576183
4417,4905.0,4907.166955465468,11.321143255745822,4908.735363841875
4432,4924.610510341763,4926.207249683798,10.770077395495449,4927.907513018239
4667,5048.851017741456,5050.379125119637,11.19853794247026,5052.038520450406
4440,5090.960204697093,5092.064884685676,15.01050759294898,5093.248159159377
4439,5199.080664541807,5200.540351978351,12.038589974075673,5202.05012194536
4674,5438.87114796257,5440.496322672299,11.9707956671814,5442.061444775414
4438,5451.887267150009,5453.074891043716,13.892289886642216,5454.37052296445
4665,5467.550560398736,5470.020932416741,6.552191088128952,5472.383637179177
4407,5531.0,5533.216280549768,12.231334150316547,5534.674648127827
6435,5630.371337259625,5631.4880757915425,14.665030839639668,5632.6905180561935
6687,5912.0,5914.172439702709,11.481185272706432,5915.747347311591
6659,5921.516705842221,5923.219768691083,9.231060295252119,5925.3139805964975
6673,5930.897463073321,5932.074913706871,14.31339789183865,5933.3788742120105
6681,5934.521187665982,5935.585398511706,16.481103693738905,5936.9159200477225
6665,6203.809390368046,6205.154267897955,12.314812077460344,6206.614875916838
6437,6276.0,6278.442532550591,10.643454141975194,6280.132911898901
6688,6362.0,6364.227979449343,12.356099258951394,6365.693049078074
6694,6382.816200903978,6384.054113093994,12.92536388656277,6385.47581703179
6663,6455.04316009256,6456.321990968054,13.404867838729949,6457.669895280831
6416,6615.7002693281265,6617.160535420771,11.140743085489927,6618.740617125788
6406,6688.261585012353,6689.428108179467,13.75903657720651,6690.755804094115
6436,6712.442232998336,6713.627088533582,13.806714714812408,6714.929433641032
6672,6756.102159216369,6757.538579521591,11.718578030897358,6759.160658667266
6418,6873.79331780038,6875.295512923789,11.22359346268598,6876.906177474269
6952,6901.741584416513,6903.077472590807,13.094531763444477,6904.450485002043
6669,6957.618175181411,6959.213517781353,12.711366501141251,6960.557895241119
6428,6982.04795855348,6983.066112334212,16.639083014938663,6984.144956471325
6666,7104.960683171725,7106.524387183454,10.701475046296675,7108.225136012624
6664,7206.0,7208.043472379803,13.02352574758006,7209.417940048956
6693,7295.851332390078,7297.316783604763,11.152916909182279,7298.8858042822885
