1202,241.14287631673673,246.57386187616245,15.062231516368904,250.7956205457108
640,359.68166203795556,364.40376193280196,14.318429647978641,367.7734403878428
1197,377.1447903901543,383.5110235439466,12.08133793024188,388.3558766795138
1207,401.9440877949401,406.63850372740364,14.950595026808191,411.2396212081834
625,500.648715848213,506.32389678884135,11.130067613030839,547.3529198199095
650,561.3176861239244,566.5672439006204,12.617003217262129,570.2621880816762
378,618.0334277888721,624.4079349100356,11.54370696056847,628.7869266964144
1334,684.916142496803,690.3671289843936,13.059409088359988,694.2519152541511
651,767.0553035009452,772.230015804177,13.30534607186261,777.0
904,836.2913278210705,841.4734049163138,13.980515042275558,845.7810402192151
647,889.9368300951245,896.1264494605284,10.543274334165357,900.644143136182
629,891.8457911490135,898.02888755721,11.655118077642916,902.521313984843
405,893.6645315002625,900.1696456159815,10.250767903023808,904.8507260866537
1205,988.9460513940852,995.1709451412266,11.794222782683823,1000.2271077734008
370,1159.531586002332,1166.0136898974722,10.418004409354829,1170.5268537464726
619,1161.6654063542192,1168.0333073011925,11.022918900211739,1172.3322766414917
399,1298.1613190357414,1305.2904429296432,8.230440145257575,1310.7796849585934
397,1303.5012707351023,1309.4014946416937,9.638122349262106,1314.4483599086973
628,1510.1175898408708,1515.217113535231,13.386301271552762,1518.8244643231326
1203,1668.7126880014846,1674.4624383018777,14.68448260318645,1678.6470376981576
885,1703.7903186949452,1709.3128492466506,13.540297044253945,1712.866876511946
1206,1737.6548816533714,1744.0791041834086,12.248662145372371,1748.6725517943746
621,1772.0718454063704,1778.1391218367771,12.636297023652787,1781.8359686598299
638,1839.4959235332947,1845.0468360736857,13.710626642613889,1848.4894015170592
653,1975.672358483702,1981.2033041030138,12.676991925362394,1984.8681909553009
907,1980.1612761628955,1986.2780415723655,11.972003399909621,1990.4899634448614
901,2050.037759068456,2055.5770213400706,11.93797915977572,2059.491962550904
2646,2119.924679760205,2126.4273325357685,11.198023128562443,2130.933458303191
2894,2319.957094402351,2325.3715424626225,13.414471710427442,2329.024774369441
2911,2321.9354608811,2328.358837323734,10.451202858102086,2332.944748053479
2650,2323.745438036139,2330.156375240467,11.437234848466618,2334.7931804907807
2920,2327.731576567443,2333.434372834736,12.349794644311826,2337.4826978972073
3328,2418.905475892367,2424.2471485108504,13.419912809258406,2453.926298997957
2631,2456.283125898766,2462.1203091266475,11.90245660392386,2466.291469007342
2133,2538.655721623179,2544.302865973268,12.191056948196717,2549.17700886326
2152,2543.8341797262947,2549.049125466092,12.861095903180733,2587.0916024792064
2371,2596.071520851306,2601.0067138288277,14.569241805675825,2604.443172791581
3318,2597.93103945721,2603.112006625068,13.143175237830407,2606.7347233329087
3188,2623.9474665287667,2629.4221665726036,13.306043310079126,2633.890990701683
2384,2797.683638372196,2803.392847321862,13.6434665886027,2806.9053725018475
2137,2810.4796254380544,2815.5329244219324,13.801616467815975,2820.3844968798094
3190,2907.6828846595936,2913.495420070514,13.594952608385086,2917.9567563853966
2655,3005.3517871066365,3011.345265974519,11.205651592495078,3015.7177568435054
2145,3010.8525887246014,3016.4833760744664,13.282018289310093,3020.792262506523
2899,3131.9153110459674,3138.1487311358273,11.852660070699716,3142.2220187142148
2654,3201.8235809353805,3207.1299353367563,13.590321454245059,3210.7141078063637
2368,3207.4694461039703,3213.1442278747268,12.492827491340163,3217.0712086092994
2625,3267.7509380746,3273.405341103482,13.006998118822521,3277.100762735448
3340,3292.9673713418183,3298.2664558241895,12.972345288988427,3302.8929368646877
3199,3323.179035449446,3328.6052620818555,12.788057391744404,3340.0552754038886
2644,3339.76142421363,3345.5127035407427,11.160206477994182,3349.386303589795
2136,3345.831044721822,3351.338233460482,13.205731147232038,3355.078106127014
2910,3472.329974324889,3478.417085723562,12.559512830835768,3482.4398110374127
2888,3474.569859732662,3481.341216433879,10.427761483237992,3486.042345941881
2630,3476.5818019191056,3483.2054828649075,11.136505058595276,3487.9278890776272
2653,3482.3419330224065,3487.3668451018043,13.883739027460445,3490.8150003523697
3342,3507.045629391846,3513.4325899441546,11.287269117054079,3518.5718599122474
2919,3611.1110807134028,3616.5704296220324,14.79004225877116,3619.8341673595983
3205,3783.513336134446,3788.613163831695,13.861507367237893,3811.0921863769036
3203,3797.2009295585267,3802.31300749613,13.64720970002698,3813.6783130867743
2634,3811.524884401989,3817.3800275071726,12.423640730647385,3821.3711320545076
2633,3813.5641769367035,3820.0152395004857,10.590213435482314,3824.5324474475315
2627,3815.7493208246747,3822.033394344189,11.725261754014204,3826.4308629202587
5189,3983.2936160666254,3990.0100163865345,9.714002780787178,4015.008267419315
4371,4025.066998545724,4030.0486528804636,14.169682081758022,4033.582526664638
4651,4092.629170854282,4099.033554741218,11.47444258894723,4103.557247512053
4376,4105.007084069858,4110.353807274188,13.017075541040468,4151.442919586041
4137,4167.590505844081,4172.028047862256,15.110481074898164,4175.193350532903
4404,4355.933063303673,4361.6179917701365,15.115800172701903,4364.90836893904
4643,4371.615420510177,4376.324907980484,14.757510882767741,4379.614738062647
4390,4376.912085845052,4382.372326957662,12.98268300601874,4387.396009289617
4636,4504.672516233202,4510.555694831488,11.70991623920674,4514.696790945559
5207,4599.857614631458,4605.177829821051,13.923664175360138,4609.564820124202
4378,5035.601702063506,5041.553543427706,12.285862513001144,5045.425551871869
4639,5057.862020818237,5064.294219561019,10.85555931998154,5105.696823474441
4153,5172.338058281881,5178.383368692042,12.950281518768552,5182.181366929856
4910,5187.459183325497,5192.085140800254,15.354990860657962,5195.324642097896
4641,5189.248204870189,5194.468419787472,13.27521266850982,5198.913496320685
4136,5375.48429187334,5382.0352751274095,11.656542963531361,5386.405389337179
4900,5443.629314182116,5450.432070401792,10.20666732149652,5454.987320534872
4625,5537.2762855682295,5543.0445876945,11.328113046136897,5579.220629944466
4372,5673.3511399547815,5679.213718582627,12.21842893697797,5684.3736185080625
4627,5715.952700401777,5722.354975965651,11.464379273165525,5726.490619125132
6630,5718.226774644708,5724.2298262489285,11.932628727098452,5728.356463906444
6625,5806.055336604631,5811.34660570995,13.579608676922263,5850.952043167947
6911,5942.474882128311,5947.469789734947,14.289565418441809,5986.870278661819
6142,6059.0043316643105,6064.43678006904,12.273814823744088,6068.211840559554
6402,6214.303518747286,6218.64985918171,15.298845469265128,6222.801728713993
6647,6261.8941968054105,6268.175324548966,10.337119206706936,6272.589509194956
6643,6263.735494054909,6270.087219534954,11.336885047861669,6274.469371871676
6151,6267.819593360838,6275.047512808164,9.314417876454216,6280.2064255777705
6621,6467.839705794699,6473.195139706741,13.054076156528968,6476.765285140486
6154,6476.169874263534,6482.048841576168,11.741864032208056,6486.311481810222
6884,6535.476739680642,6542.021758850062,10.439749497221717,6546.74831714144
6889,6537.690261476815,6544.005054112397,10.191061268174039,6548.731684686061
7340,6669.652098339835,6675.421334513907,12.017665330878092,6679.444498872103
6626,6740.139098648564,6746.04989809822,11.471953161192449,6750.290522998297
7205,6769.377671621063,6775.010830821459,13.446923146273711,6779.3971367576105
7192,6978.912484285902,6983.511704512125,15.871668775897788,6987.67474019052
6619,7151.989445240732,7158.432561702555,10.407836787947213,7162.9962242808315
6132,7153.848304836594,7160.34577996733,10.77147580535257,7164.909590489645
7186,7191.202062501623,7197.157616409488,11.832704464057146,7202.13362774188
7331,7312.833966069929,7319.183971469493,11.343473837978255,7324.6888393930485
6649,7347.32743419841,7353.235487547514,12.006002802918639,7357.290016261087
6629,7415.4678681953865,7421.543937680292,11.648171661813652,7425.680428022334
6644,7551.914784548604,7558.413798772728,10.306822867293853,7562.91554235074
6651,7556.231571304153,7563.444952260233,10.35717312959365,7568.75465570772
