184,115.97002846179878,120.54594805605649,13.667745229277244,138.45363830494196
352,267.73209786672504,273.33020310127694,11.213488872258443,282.8683122957353
390,269.98804280934837,275.19246925464404,11.332717811561466,318.5025226975284
398,291.6263944145807,297.3322036813187,10.801295136311301,320.8572777751114
400,296.67519732637675,301.42438710741186,13.431848417108238,322.96971923630053
139,421.2678248399045,427.3552597688126,10.28718039163219,435.98412576600606
187,465.28971233445526,469.0411890687788,16.876680060875447,475.9462170990309
172,565.5621583598434,573.2456846518916,8.339539544474656,584.7514713567309
94,597.7296696559509,602.5162489166485,13.425871645313496,609.5885967348597
134,599.4879425193405,604.2904920519118,13.16512266862423,611.3349847374138
332,624.6434272150556,630.0523884899791,11.699787579356762,680.8825467035629
245,648.1748757689111,652.500011401029,14.543958957138189,685.030371069543
256,656.8694193660219,661.5949760734487,12.66145877411329,686.8090498061399
15,687.5867588545823,692.2336579019626,13.092915809491489,699.209478798655
157,829.5557460459954,835.4691382311865,11.096882161634198,844.8176958261672
159,851.5237557430669,857.2418831181735,10.911162264602254,865.7251085783389
106,875.7145124407671,881.1441466324089,11.523309789454707,889.2091801529177
175,919.2211934225429,924.051826684787,13.829005676340044,948.4926034565341
255,929.9982579974568,935.164296280392,11.934717962117746,951.0068447281928
99,958.5655994767731,963.3597955690901,13.51874958073343,970.3924749784571
258,972.2767849372102,978.0041641380951,11.146188331924503,987.104755964545
166,1015.2829912436566,1020.3280922633036,12.57133640698511,1041.0344958249193
8,1051.6497920332683,1056.508204859043,13.225916410643014,1063.7217594601584
347,1062.9775318522259,1068.2698541013146,13.97718285853147,1075.8060551503595
349,1065.1032513542052,1070.292270895657,13.189565833694399,1128.2898724558436
397,1067.1899994451496,1072.1242283616039,13.094649492180809,1130.8770455444642
266,1102.135502918058,1106.228589718694,15.311101181525459,1133.067308065391
388,1111.0347442801049,1116.5232083145488,11.321635073574443,1137.147217821034
144,1227.291668756197,1231.5245061941464,14.283506823658481,1237.907389793897
395,1376.8433783649355,1382.269590885787,11.638850082393727,1401.0360638175098
178,1378.7252476460071,1384.103048336053,10.672872115405497,1403.243591874172
149,1543.2831980620638,1549.1222979646268,12.090168679996026,1557.8299198827
376,1587.9844911083119,1593.2360084291192,12.401152477895069,1600.718855231234
330,1685.2652148751613,1691.1775544720424,11.051765461530023,1699.634978455352
20,1719.629323038036,1726.1773053057968,9.525894406174315,1735.9963687196662
389,1733.6559917528039,1738.1427430402098,13.396488057835795,1758.2708878269061
402,1763.8099075918349,1768.4942262465431,16.413089743186806,1774.3735244639524
10,1807.1139778994436,1813.4992425993466,10.7285160214394,1822.9974378498093
154,1811.4424231748774,1817.3228263508738,11.103127731507652,1851.3171640243938
138,1897.4710752230158,1903.3029171560124,10.815297685457711,1938.0451574966548
246,1943.2409934833404,1948.3671756162325,14.409379291333114,1954.6082151730407
2390,2004.761245349869,2009.5177579355857,12.870468738100291,2017.8128349643846
2393,2028.1255738207751,2033.3933083417608,12.927141345078635,2040.6953867562272
2179,2032.6354420766907,2039.279622214236,9.735279930916711,2048.9570310411887
2391,2185.3120398403767,2190.116206505696,13.283521438679896,2198.927871542482
2107,2247.3151212521075,2253.0249673641333,13.067705639071491,2261.400852656699
2190,2380.030745537827,2385.125213582731,13.293343604509754,2392.1836663514414
2155,2422.92371550893,2428.4796879566547,13.075683955502388,2436.792631579036
2186,2472.964266379518,2478.203339430829,13.902722665986225,2484.8882443206467
2372,2475.297388385245,2480.0187099935915,14.012371238614021,2486.67128426362
2395,2556.27236334172,2561.128642330454,15.269331299711562,2567.1461133037556
2370,2560.8550074298373,2566.2486827439707,12.00723311037917,2573.651381063631
2143,2601.591491891332,2607.224816901753,12.630151517524315,2658.3933619564923
2398,2650.019793386679,2655.3522986973,15.166571242472296,2664.792338330561
2157,2656.3605308385154,2661.5576331512398,15.041859378783936,2667.849392877925
2400,2658.3337146704234,2663.497462059605,13.300057802256793,2670.466784451499
2017,2686.774916311772,2692.2180957871346,12.727145273119131,2701.1743203482365
2145,2777.416595347221,2783.4659165845355,10.63801265090489,2838.2962010368187
2141,2779.653766092551,2785.313437936916,10.041316824694395,2840.9305352939614
2255,3174.3955789877477,3180.248493766537,10.42396494321349,3205.552699656814
2351,3186.071077158134,3191.311845219409,12.524764525214767,3207.41508102934
2172,3215.264423101399,3221.0796720051303,11.887753366246278,3229.07985800974
2262,3258.2169785738292,3262.3962042392595,15.316871123752161,3269.90702634729
2165,3259.940076424721,3264.096990911209,15.575769705703388,3288.2850267953454
2177,3542.5255509709527,3546.6357135062303,14.970758493558916,3560.9478365548784
2005,3577.167131861778,3581.4010707135703,15.17491173506983,3588.358753566678
2375,3619.4546022944155,3624.385682535018,13.348839189678895,3632.8471097841084
2269,3629.047701517643,3635.2745968527747,10.06461555785961,3650.5119178601767
4175,3803.4481793154455,3809.0395547060334,11.47481017682,3817.8599074501262
4105,3839.7063717633273,3844.4108076312273,13.045524059152028,3851.1657370911794
4146,3841.405122764946,3846.1092770134464,14.317283655420608,3852.867667450502
4334,3888.1971756838884,3893.118130361586,11.88435725593601,3918.461002545841
4333,4051.5884635056586,4056.4612529484775,13.6951997278925,4064.7028848389073
4355,4068.8213509354014,4074.081768137845,12.043749036743067,4098.122188659623
4361,4078.911522600558,4083.230781672465,14.755591423112543,4100.619492759342
4396,4087.932977489886,4093.244107668788,11.586591044180127,4102.612972938967
4342,4174.443008760039,4180.1905627135975,10.96904761252464,4189.072757263509
4354,4176.334796903097,4182.067947236413,10.065277957348046,4190.926700807041
4139,4197.407298450158,4201.62238862722,15.011662536545902,4207.973634692427
4018,4200.8954291327045,4206.39708619993,11.333704585426586,4214.4597495525795
4176,4227.8856399164815,4233.223382169556,12.345149648808256,4241.928057708197
4014,4293.619753230349,4301.007405389173,8.82825552368177,4311.695188796106
4347,4316.043618773182,4322.157586233815,9.8469840646908,4332.664113305695
4107,4378.457988690122,4383.585586585143,12.183620975569982,4390.972072183558
4384,4429.506906168223,4434.417172882325,12.961599983905147,4458.078351072734
4166,4447.238028715288,4452.581653942806,14.449294314337818,4460.597790531713
4380,4449.3735943819975,4454.269751106672,13.81832704815553,4462.6759194718725
4001,4648.449601320775,4653.003635648023,13.116156148775776,4659.855814775411
4160,4792.280824718122,4797.436628621568,12.89527845919968,4827.388980832892
4094,4917.129703210508,4921.572128051754,14.211387118290515,4928.280172035763
4010,4919.990087407325,4925.087194341418,12.485084887393965,4932.453565085369
4173,4977.523682730743,4983.054454603649,11.307098698533094,4998.295401492843
4373,4983.700130353225,4989.494216277564,10.844134798609728,5002.7113341221975
4004,5009.502856263887,5014.306076317389,13.45196817235745,5021.37290856308
4389,5028.8116908765405,5034.304384330792,11.629815937904393,5088.562267780453
4171,5062.897960894313,5067.16392102599,14.606027346425032,5091.089467853149
4158,5107.880748450117,5113.033412314152,12.173249575452427,5120.396810453651
4366,5114.093781455138,5119.41489594375,12.895581720181566,5127.682926737153
4136,5151.127721408335,5157.162102876524,10.76674451721644,5178.2298514060485
4257,5215.595286189863,5221.094299860876,12.99399292996004,5270.87735116722
4254,5242.088304067952,5246.20340504847,15.108171036195223,5272.996939372921
4184,5284.086595413299,5289.00438473389,13.07488459360737,5295.74588713711
4009,5331.622204309307,5337.109570757333,11.541638977319826,5363.382701914795
4377,5335.32929086365,5340.1728205124,13.566547052856905,5365.3163476817035
4381,5374.02337257894,5379.0393239546665,12.5935257531735,5386.210516918969
4138,5414.692836585454,5420.045403884793,12.65922201450938,5428.357968943246
4149,5417.404730202676,5422.22826870964,14.06946062702237,5448.326875559943
4405,5459.808705699348,5466.126143186408,10.451695423069356,5474.951579695098
4159,5513.641463458209,5518.227250238124,13.344621206015214,5540.596048980823
6160,5517.931908349762,5523.183179770005,11.93430375034719,5542.724089838997
6021,5590.681707305074,5596.352979556188,11.636669686234852,5628.271375641892
6168,5725.88369284312,5732.456875564932,10.114254267087547,5742.123709509326
6098,5766.857471676299,5772.293733246102,13.091533147466999,5780.688450814034
6137,5768.910697573804,5774.109240568818,13.277528136949835,5808.260183455172
6153,5771.158981355874,5776.214151943722,12.800521564337004,5810.643042699213
6251,5879.314015142866,5885.230217491497,11.019283614086548,5900.472962864492
6141,5945.516975416019,5950.461788530226,13.402826221079243,5959.13843003231
6381,6061.222874390045,6066.505132773874,12.165779275668402,6080.740262576005
6262,6149.010714925466,6155.030531309742,11.04608575293215,6168.676038933009
6173,6239.354207490173,6245.206856811867,10.326919620716026,6254.643161198374
6246,6241.232196706097,6247.045326896131,10.706313373381207,6257.543688368753
6001,6295.488914653903,6301.367194256906,12.356888210711785,6309.867768748689
6404,6343.8258493483645,6349.486346225936,11.734220248889748,6357.168081872462
6187,6350.171183839767,6355.426321911309,12.09801431808772,6363.190350142018
6016,6385.341543911057,6391.212002073349,11.058926560553914,6438.207475912124
6146,6473.174532038292,6479.360930330473,11.55887125077512,6528.513020314924
6174,6780.1492785878845,6785.296028821413,14.931766728033333,6806.9421323199995
6368,6784.211886836899,6789.035281673723,12.72285961153473,6811.081889372989
6179,6822.715446227356,6828.302403675131,12.603322658527633,6837.0688570592365
6390,6825.4471883910155,6830.470468448001,14.747101908987798,6888.3679326933225
6018,6827.57607121139,6833.166392185393,12.066596900677768,6890.624104206521
6376,6869.573054794275,6876.367679061476,9.048509381492899,6892.807662369948
6304,6891.37201184976,6896.278320345341,13.369558075085022,6903.430085613816
6165,6970.449909465249,6974.626851452369,14.999944058344584,6980.698412899756
6185,7043.2111780262485,7048.456825923458,12.649843874771044,7056.787505227931
6364,7150.806459034531,7156.26378560053,11.739795204278156,7163.816008770918
6022,7175.355486098167,7181.296631802492,12.7283789218709,7188.345162356866
6383,7224.1698540634825,7229.118940664914,12.207535239203379,7248.166497844878
6163,7350.936980674871,7356.383071149893,13.186214187944389,7363.388832246877
