211,240.06667879729667,240.40708064177537,14.893482217539228,240.92226817168253
1813,330.721568233089,331.1358137710593,12.085566971080723,331.77069803703796
1828,391.65938822529506,392.0356617568517,13.16733743310343,392.61838672720756
1395,407.85808123388574,408.28095179263516,12.15613654167776,408.9121503884278
1031,667.9014411376098,668.302588721311,12.525986370271015,668.9151501666581
1007,750.6908060929461,751.1017334255417,12.752330487899597,751.7034223735071
74,771.8554452497754,772.2680070767198,12.475594236182843,772.8830428153075
1821,783.0191606115591,783.4583010397092,11.544755373393924,784.1300629773597
763,971.1028377159006,971.4679143088201,13.886863512720401,972.0190125416065
1027,1111.0496769332735,1111.4410853466509,12.95263117574181,1112.036001313474
1568,1121.846340560707,1122.207162322327,13.974222392210471,1122.7562401958585
1253,1398.8772411029656,1399.3247734257582,11.060079934976477,1400.016839995019
1409,1402.096596988314,1402.5470511887102,11.254793080189804,1403.2269074958263
208,1506.0296155620356,1506.4188896831995,13.023647198541983,1507.0082368215449
1413,1668.9236152232324,1669.3328257691478,12.584473643091128,1669.9425402898326
1029,1924.1383673542716,1924.5508464998695,12.290970032462464,1925.1670605774702
1567,1938.8478547474213,1939.2910576321792,11.439635829761102,1939.9617902000296
55,2019.03605580956,2019.4699866322853,11.68335723587683,2020.1405043712018
1561,2211.6036486097737,2212.008270761634,11.742947505437064,2212.661678801806
2052,2585.1509118483905,2585.559018557668,12.422654914298299,2586.1873938654917
3259,2651.705342118385,2652.0789510648524,13.034765688549221,2652.6676027137355
3397,3002.815389115372,3003.2237037485065,12.172837997230516,3003.854036323138
2767,3130.594887649497,3131.0141840358447,12.5292125654549,3131.626587750387
3396,3468.825267610744,3469.2188680126897,12.905146610027268,3469.8134320689715
2068,3661.9301316216142,3662.316919427364,13.165127147915095,3662.899742231061
3238,3739.645843371089,3740.061977195686,12.874010082375488,3740.6579792390485
3565,3826.943913198225,3827.3263283408537,13.267012272475164,3827.9046753083385
4756,3862.521406392529,3863.082746255887,6.26494576556726,3864.897608350067
5412,4082.72202890149,4083.1356217136654,11.581322079199108,4083.7981485187142
5247,4100.892584640595,4101.270763215499,13.677736225503804,4101.831743204356
4760,4126.543525078054,4127.090464642817,6.794588846886078,4128.650668865421
5416,4364.785254815506,4365.174290333957,12.728776737063267,4365.777092667117
4460,4417.706191156728,4418.141364907599,11.59191383898291,4418.803286348869
5012,4442.117796748798,4442.555343278004,11.586810725582955,4443.228840996248
5006,4443.945874882053,4444.389987840944,11.499093825345506,4445.0573017086035
5013,4447.11276287457,4447.468946939097,14.233564391185165,4448.008230591688
5821,4458.03975644207,4458.3700107159075,15.35110737146015,4458.8698402154805
5583,4929.817070504527,4930.228122072992,12.296073583151939,4930.852137232261
5564,4999.00524673091,4999.419955351319,12.224893739957537,5000.050160547114
5581,5000.907949140328,5001.323465325355,12.259922545056252,5001.949320528532
5018,5159.691499562606,5160.106766857736,12.593210304939516,5160.716058383056
5584,5176.9462361707165,5177.359835756867,12.154513834521252,5177.991118621803
5586,5269.928387878394,5270.364637554824,11.431611817640524,5271.033120510032
5257,5272.087592298244,5272.49914726004,12.318570514720113,5273.122280874074
4214,5285.043397849708,5285.463930407408,12.055591712780679,5286.0988004875935
5237,5362.556598923108,5363.049767701574,10.863741637883228,5363.75605625032
5808,5523.045230141381,5523.519112489784,10.698370248733749,5524.228160499124
4075,5533.701725421525,5534.086443473966,13.093036139014133,5534.67247533349
7237,5710.097964370104,5710.445406047968,14.591711762159937,5710.971248145211
7813,5815.701328417797,5816.109944335545,12.16220142980268,5816.740828173447
7008,5884.886254339902,5885.358920951064,10.519869965149454,5886.0867966996075
6749,5887.76502969667,5888.125048332347,14.230235808077996,5888.664247852218
7398,6065.267934139252,6065.633410083081,13.871689513831791,6066.187723328242
7407,6070.964080855398,6071.3444788309735,13.39721238371838,6071.917205163557
6066,6080.171575712935,6080.587148816926,12.19946326864312,6081.202627651889
7562,6163.892003384897,6164.266918300855,13.460545314871132,6164.83694991071
7254,6187.831716761639,6188.197314041891,13.880476072452474,6188.750100291824
6210,6362.0394833319915,6362.436405541323,12.772701296054551,6363.038280868256
7411,6424.961535789565,6425.393832743847,11.674174858143413,6426.047291526711
7015,6691.675119272871,6692.092857802205,12.23791315654795,6692.719838580481
7571,6735.495125589458,6736.035173165053,6.670309372523422,6737.570076713961
7409,6887.832501963535,6888.235391687219,12.50762174680228,6888.848852540984
6062,6905.045299513192,6905.4769406602245,11.745332557865472,6906.126786023878
6468,7092.71218139251,7093.25743777403,6.92258763359889,7095.149439329159
7836,7174.946382545463,7175.397724727878,11.253851851458307,7176.080861260077
