367,186.62193974233244,188.02379994108693,12.819398813634788,189.1076648405709
363,188.82552146356065,190.3805257548526,11.269061092624908,191.60739788082873
126,301.32828558480526,302.54072854243293,13.84557801045887,303.51363499900503
341,366.9633257570591,368.1011198451856,15.233477841712242,369.0140809835206
321,550.9883955833723,552.2676772214148,14.018469032325065,553.2717511475583
320,638.6718044703995,640.1072442985729,12.760587723262136,641.2114241545056
1298,691.8903374513326,693.2034953388281,12.97180665423817,694.2640383914986
1078,774.3653930323625,775.5904158658743,13.774453285454296,776.5792704818994
1914,776.2107181498385,777.4177719022681,14.756021993226115,778.3610488344688
116,834.9346833463031,836.4346281555083,11.946313270945375,837.6369092811676
289,867.6465162730384,869.1903175625057,10.277112519533762,870.9686322440131
319,907.5824905492595,909.1069648640006,11.94588680492511,910.2738501096052
277,1231.0032217949365,1232.396344851648,10.1434015209924,1234.522618626529
284,1448.7899573639288,1450.113655880461,12.936445452108922,1451.1903304893926
306,1626.8164414379223,1628.0743590318832,14.54113107048812,1629.0315406045966
1919,1672.5863088444523,1674.020998599495,12.209404453398438,1675.165849161435
1648,1686.6926718894554,1688.2599700258081,11.46311878547186,1689.494235095103
1454,1691.0221691152356,1692.315209805467,13.690910097289917,1693.3388440590045
531,1771.76013383464,1773.3875220404116,10.322232737804606,1775.5630125031648
2126,1909.1908813618634,1910.476556847347,13.485615491568856,1911.5185136977013
1902,2130.6185039698576,2132.0202557902853,12.213288662903771,2133.1682833001228
2300,2307.0514814720377,2308.471547923663,10.675996847989166,2310.564440064735
2324,2891.659828021643,2893.228149478128,10.56578036563082,2894.5611861231964
2528,2942.796687586473,2944.199404341352,12.544759445954167,2945.316216722477
3453,2948.6834208055575,2950.1171594827365,12.076853449457868,2951.2829881665853
3065,3022.742616109289,3024.176203725626,11.602413106967488,3025.367652484444
2331,3066.99101179181,3068.470055557426,11.80145662115922,3069.6495558109864
3903,3113.06344122009,3114.364696046498,13.246806881911967,3115.428010053944
2294,3249.3369553697935,3251.0553356080018,9.617977841451596,3252.5107860492244
3659,3564.933767047918,3566.253089322078,12.27013692158156,3567.3610262954517
2340,3606.992107627606,3608.179765890083,14.462986259716535,3609.1465963240726
4114,3628.2986134985094,3629.596207485598,13.445033245496575,3630.6232413581265
2293,3661.4768508027837,3663.0649179833654,8.837508329565539,3664.931897270844
4312,3879.475314017127,3881.043446980509,11.675962423773464,3882.244590874185
4299,4236.939890601722,4238.402598481602,11.45957898599268,4239.621838775131
4359,4238.997555673252,4240.364833704619,11.225242450430384,4241.590301024664
4535,4290.334344274781,4291.551322835677,14.392363896820639,4292.5137401329675
4349,4329.653683023581,4331.120739106192,11.924629018927014,4332.2972842184445
5073,4375.048105451806,4376.344863974283,13.878811675309551,4377.3758539045975
4289,4416.820056395045,4418.27694152499,12.265677990990557,4419.402431653052
4282,4478.875508317023,4480.288602287226,12.830550885270874,4481.375318959042
5907,4647.026605487587,4648.344923912444,12.967847104746133,4649.413780729591
4794,4737.670674239618,4739.237123433427,10.160130901943559,4740.577408182457
4130,4740.741930302728,4742.040364919126,9.082424185797034,4743.984349854827
4278,4918.604806617599,4920.175243401817,9.655513639279665,4921.980440831352
4121,4922.594386429149,4924.1492456783535,6.529807903874129,4953.188239134629
5909,5456.194534909258,5457.287749544065,16.12521253413661,5458.160093559998
6316,5856.90924160848,5858.505912571668,11.023738255634052,5859.722294734889
6353,5860.9743624640005,5862.3592602596555,11.050877954326829,5863.595538080335
6286,6129.24343677091,6130.593629477664,12.857585955106302,6131.69911416408
6285,6271.151673586347,6272.537929634139,12.570286218133718,6273.705278603381
6366,6397.024040645659,6398.339195810075,13.610532382696054,6399.384744588908
6278,6666.960123118688,6668.39445148365,11.927132673274713,6669.546328939951
6301,6759.803110251912,6761.375225393671,11.762012140362655,6762.686346347802
6795,6982.895527119294,6984.332236144842,11.784128233359917,6985.491829980109
6120,7039.161519189266,7040.297688141957,14.687040377588023,7041.2418326266625
6799,7343.627460760103,7345.132005239694,11.482743036181832,7346.375800406192
7053,7614.706595094755,7616.0934855812175,11.748218080888059,7617.2565333104985
