61,48.25941312781441,52.347454970060774,11.420893504597348,55.27914646580208
72,50.314706945624394,54.21645848484042,10.154495510935172,57.0905759808876
13,52.63595722189251,56.251521935363115,11.971235305722226,59.006017204816644
100,408.1799154504767,412.1891179479078,11.542102566381992,414.920856568875
122,520.6948608557849,524.0592632634747,12.104455976656327,526.7976704332468
21,586.5376430710661,590.0047246182789,12.51641508039823,592.4781161083306
56,606.0048485158284,610.1673748889743,9.382732838787899,613.4408226179542
320,642.7981250349634,646.2434725465657,9.739270543591138,681.2236499914595
120,679.8526554400386,683.465902717247,12.093841491989322,686.0658536696068
119,704.5246699093018,707.5182081916768,13.941748659319712,709.8856057887298
49,714.6521973064952,718.1440540018776,11.66177907191501,721.4894503232471
19,858.2154857341393,862.2099814416308,11.15781126668152,864.9723753544703
358,913.743462826896,917.436678178756,10.97656005273157,950.4614085692705
275,993.7449695593116,997.322207669199,12.926064156476588,1000.4961343314363
78,1128.1544152303934,1132.1107545625507,11.05612097422397,1134.8554875737022
22,1148.6335459284146,1152.3370044146266,10.796733483706094,1155.1640127424178
3,1218.26722929907,1222.0884455993407,13.845931404696168,1224.3660788950192
48,1247.3862957137746,1251.3799041184216,10.949308489016655,1254.3981879925811
114,1491.9798532071268,1495.446742084573,11.848516591419592,1498.265722989001
102,1580.9523654990512,1584.1304327527532,12.471149452076856,1586.6507409904918
531,1803.4057274536026,1807.4190618857108,10.906819214997702,1810.9556833507634
2134,2037.1805585604204,2041.1483396878339,10.333503798625857,2044.1893571978906
2123,2273.0430113551574,2276.238588313652,12.259644575299157,2298.4127518977907
2045,2297.8333804329955,2301.5694634312695,13.607084393466513,2304.075985936442
2300,2343.7597724230945,2347.398992771388,13.178981080459575,2350.8232696987434
2128,2345.702092461723,2349.12557835474,13.327703923542947,2388.171721889736
2108,2410.1487656092663,2413.313542927588,12.712815145195863,2415.7856258378188
2100,2570.1334388091514,2573.5232372658534,13.338317423335182,2575.880922093139
2154,2598.659047464997,2602.0913936357524,12.207491482768633,2604.765021159905
2366,2623.4200089636934,2626.5611428152156,13.59156099816537,2658.2572162813685
2087,2769.21758517593,2772.362111672609,13.148862880582188,2774.8641995950884
2343,2894.505214057927,2898.3488607528575,11.059342938235321,2930.5455113853704
2331,3071.255439845194,3074.5693198700574,12.37859251100561,3078.0541661561106
2361,3161.557452826934,3165.0456955184222,11.676494252296088,3168.5882887346193
2111,3243.5991002910514,3247.2555590136685,13.266152795228113,3250.6543068180213
2069,3378.1935578785196,3382.031263821405,12.505741875274555,3384.5373801958176
2071,3470.7665343715403,3474.162084659872,11.477671303548545,3476.947808737951
2340,3610.523280555608,3613.4453982331593,14.43968459503506,3616.802176645785
4032,3917.8699587947553,3921.2105896021144,11.498248831118925,3923.926578014622
4277,4053.757158250889,4057.4722541245806,13.772983529386817,4060.9245369032833
4349,4333.8977159857295,4337.483312136724,11.588767670073237,4368.212619451281
4289,4420.967271190796,4424.375922859407,12.446726272233871,4458.0413356331765
4016,4464.363228119865,4468.380111195068,9.697265597323472,4471.504861659559
4154,4640.0976170835,4643.540787780272,13.57420675291909,4645.948746192128
4040,4754.338936772058,4758.052554629821,11.586259387894703,4760.895454402095
4044,4818.148778361126,4822.154851019249,11.40400368396284,4824.913226692324
4055,4820.383462289739,4824.039947319766,12.05237064560398,4826.737520658893
4124,4885.93948379141,4889.305114267998,12.264974826570363,4908.191540698341
4278,4953.846526587542,4957.491868169784,12.666628387559703,4960.8821390854055
4142,5178.17149328249,5182.304645153008,13.167056248663643,5184.8034462391815
4536,5225.583294463775,5229.043524056328,11.672597802273392,5268.277713033569
4103,5268.2927229409,5272.203215071598,14.041050976163353,5274.56558098038
4148,5447.915966641747,5451.572998052821,12.71186147905536,5454.141457190152
6117,5493.48155660805,5497.227221254656,11.249795102836906,5500.693247566775
4524,5583.5887823365665,5587.459604503767,11.452002035260607,5590.822098974873
6116,5718.38101033035,5722.189970922641,12.59531030847753,5724.6930297654035
6320,5770.383274007431,5773.488639832741,12.754142527706389,5776.771497591617
6003,5810.269852605618,5814.065379019416,11.286888417226285,5817.0221714302115
6352,5952.688902229336,5956.175414207672,12.000214191562867,5959.631020216213
6088,6188.36405271423,6191.008965839786,15.162677093285517,6193.10077121493
6121,6213.577181109014,6217.349087603468,11.318735814485319,6258.031575454515
6325,6220.4728039701395,6223.454532988414,11.894459293532904,6260.651625346417
6094,6366.825873841193,6370.512628058711,11.453714357405689,6373.492832097313
6007,6384.495470486706,6388.083382171746,11.38445683916653,6391.545009630565
6009,6528.189956209945,6532.173483025368,11.795756243539035,6535.078311750088
6276,6753.671331074135,6757.498645252552,10.682152238844969,6761.361342550091
6327,6762.641560366827,6766.517578185906,10.624919806755772,6798.068516432038
6301,6764.571580192903,6768.447656914887,9.72548760103134,6800.537292793414
6124,7013.374627613281,7016.591531850733,12.530013464172809,7019.891470534139
6103,7099.254983660895,7102.453045788351,13.020787678439108,7105.046554574566
6087,7158.1653978507775,7162.286302566035,11.186030908566874,7165.034908265594
6122,7207.771038929849,7211.223087161087,11.767084256992877,7248.025922098817
6288,7213.854114276402,7217.382389752274,11.442135457196713,7250.79362859293
6547,7383.692930125193,7387.290772453136,12.401257825204935,7390.6805676765325
