793,20.0,24.45820028145479,13.040186881863194,28.586019773975416
915,181.0,185.12091041022097,13.411307503707809,189.07009578731663
795,220.0,224.32009326382158,13.01075736628725,229.51336798830985
804,229.0,234.3738968464045,10.592507705795562,273.2732677554741
786,294.0,298.5031033830128,12.621546439926098,302.6513753916226
854,440.0,444.32376293299376,13.029375257558886,453.85105479604044
1850,490.1018142458425,494.16761530677866,12.041010361105883,499.8689427170993
675,708.0,712.5433523840524,11.965597720194092,717.8892673416022
660,750.0,754.109161132297,13.147720092233467,758.0182102199614
767,819.0,823.4784667049826,12.81013855526146,827.6454488752727
758,878.0,884.0200107722011,8.297446197798001,906.2549468759182
1842,1060.5799635244414,1065.0152410263624,10.0206804103187,1083.017222995876
779,1093.0,1097.1754153386494,13.293006869156148,1101.182218004811
683,1262.0,1266.2994309871979,13.393565135425524,1270.2095067679606
764,1627.0,1631.572373544421,12.141941360942159,1635.7585132365336
658,1653.0,1658.2359348190787,10.217981718605577,1664.3852602610914
878,1661.0,1665.3247644330352,13.580605201471492,1713.1634777047109
912,1669.0,1673.4434585695612,12.559543732368988,1715.9412483074902
2682,1831.0,1835.2934699061223,13.455477085569543,1841.2435524710004
2743,1905.0,1909.3247708537372,13.54817738012886,1913.3310244436045
2840,1966.0,1970.521176912908,12.6573303768544,1983.5077968524674
2865,2099.0,2103.3897246477277,12.172483126793939,2107.567995076338
3863,2121.7498244251606,2125.210185843566,13.129658586795136,2130.1827544346115
3842,2215.3653791052034,2219.177633696674,11.683494347556701,2253.7472810731692
2804,2217.0,2221.423709426786,12.798665111517984,2256.1307518492035
2725,2312.0,2316.486194828142,12.105906297946277,2343.2064650987713
2886,2393.0,2397.482188574714,12.688122267821123,2402.856269788965
2692,2468.0,2472.5261769776757,12.045854686118071,2478.4789626908805
2872,2508.0,2513.093728295615,10.85637287676713,2523.5428158632526
2795,2674.0,2678.101875471258,13.701385634439204,2683.2316829601014
2887,2845.0,2849.345308460141,12.765509790248657,2854.548636011995
3847,2853.0742075764574,2857.35015019219,10.5977412342815,2883.2672383701097
2781,2990.0,2994.5120647595954,13.212368750719083,2998.808572948968
2722,2993.0,2998.4168052985574,9.854225825808976,3003.884535184808
2714,3012.0,3016.315239917777,13.335535876651392,3021.708242804495
2801,3025.0,3029.0611788827196,13.466677122840968,3063.5036142158906
3845,3042.2110205362765,3046.2662250245007,11.603641644406952,3066.14944664864
2769,3108.0,3112.5338733090957,13.076737880910462,3153.2979111438663
2843,3162.0,3167.0866476257,10.274379068153314,3172.008313487919
3844,3219.04755876939,3223.1800735479296,10.723321943341817,3245.9609792878873
2788,3236.0,3240.0894510502653,14.988566667992206,3248.131317450366
3841,3304.5996466148276,3308.369112524404,12.282524339749903,3313.861683179241
2675,3403.0,3408.168506346461,10.768145159880206,3414.0096511851
2776,3480.0,3484.2723652359673,13.481383157143767,3513.1476335649472
2688,3525.0,3531.2228936922884,9.72254334302968,3536.8427559831607
3851,3562.627819828983,3566.0209586833535,14.111230742742107,3603.290258725707
2745,3600.0,3604.461432681691,12.752700708402607,3608.6683646211295
4889,3860.0,3865.126393812056,10.57663991785157,3870.3226385097328
4895,3915.0,3918.6964777248763,16.581187777331248,3923.9453471122256
4866,3933.0,3937.4283477425897,12.293308315991814,3963.343653750769
4753,4080.0,4084.3635376631682,12.568460786865323,4088.994043619005
4744,4130.0,4134.042314489737,14.022900748604107,4146.213828136437
5841,4199.633823848933,4203.2688313981125,13.122977182686865,4233.715057091165
4784,4232.0,4236.114881789808,14.551691025710241,4239.887359379477
4747,4281.0,4285.290777343201,13.527491193111569,4328.054756951132
4713,4455.0,4459.58787320412,12.594583194211948,4503.295022195696
4691,4632.0,4636.551627995965,12.115105158046862,4641.976209081202
4920,4743.0,4748.235397636834,9.9818270977104,4753.9627742276325
4746,4936.0,4940.288010679199,14.006062255132527,4945.604012718709
4740,4990.0,4994.3562075880955,12.628106635175872,4999.877439076525
5851,5283.355627014393,5287.379313125982,11.250705549435104,5313.1781191440305
6713,5403.0,5407.522306945075,12.82196432599828,5411.727591545371
6712,5472.0,5476.080746826283,13.990894254420454,5496.13286069147
6749,5721.0,5725.131610974575,13.977568405769693,5729.878760549807
6764,5801.0,5805.498658711859,12.37366788770717,5810.956742602565
6659,5827.0,5831.365863321768,12.768539469195659,5853.170794660353
6919,6057.0,6061.14735107101,14.502352899371653,6064.890315148638
6732,6362.0,6365.548034361387,16.669232762762878,6370.341261895057
6788,6472.0,6476.349591416141,13.596298773268328,6485.73390079463
6816,6549.0,6554.111337236354,11.15411103179661,6573.5184890041955
6801,6782.0,6786.025428979695,14.344151975319244,6791.098042154659
6878,6807.0,6811.100222815255,13.922434226014088,6843.013185358835
6703,6944.0,6948.043550694894,14.832386494332226,6951.75740394985
6854,7062.0,7066.262525341889,12.381278751301183,7113.3536041905545
6689,7083.0,7088.397803662745,11.53339480857324,7120.197403099569
6675,7158.0,7162.535436604228,12.74287611663647,7203.104285935437
