153,30.480399314811518,32.29637700232015,13.167933438260636,35.905335374494214
7,96.58421961928067,98.5277616013724,13.303629440482068,102.20084575663613
146,211.21822999644317,213.28613056640683,12.654047067941052,217.13639656622877
106,230.06067219340164,232.0551911863838,12.673009896154744,236.44622225790192
144,243.01439331321882,245.20508685252744,10.999989477631708,273.2823821310594
13,365.0831652996239,367.15629558935376,12.259904250655289,370.9211021792631
55,453.0407923977102,455.4514695564118,11.894416707079456,458.98362451994524
103,688.0581196687923,690.0084090108975,12.53508098929325,694.5444947168049
18,704.1624548778574,706.2614619801241,11.59063203843683,723.0251794591675
10,814.6558735736485,816.5421111353537,13.840891766720366,819.8515133013212
109,1040.4171384984047,1042.340558260854,13.150115928243329,1046.9615473498372
44,1175.0731037679307,1177.462100969166,11.175891988304087,1181.4856395175511
89,1220.3202531208838,1222.197479573442,13.623309547144604,1226.5231678917457
143,1463.3808623479965,1465.3002011448439,12.156231067366221,1468.9360779769574
100,1465.143809788452,1467.090095197425,12.595418611440026,1470.704753446987
94,1580.42142894212,1582.3287297440747,12.973499905855018,1586.733213584847
150,1670.4928533219756,1672.4566809619814,12.146263059761266,1677.366835997611
154,1733.8104423274601,1736.2938764806827,10.398094332518909,1740.9704470678469
2009,1871.6131617372498,1873.5223821008362,12.547210325281776,1893.166627736443
2143,2243.911973763884,2245.4935718975457,15.43983370741038,2249.542456662309
2081,2392.408980808231,2394.4290108679857,11.53201966780514,2432.8210327107267
2015,2542.6566465183905,2545.1187690413103,9.467289078154474,2549.7742648494172
2013,2544.605230093035,2547.09276644306,11.000684209234471,2551.615633678606
2004,2809.213705411416,2811.3835827292705,11.712791221166214,2815.469244272074
2104,3038.71050445717,3040.5731421262158,13.235263276444234,3045.4852012479446
2098,3289.9107570059314,3292.0266217734275,11.719000749788648,3296.953656327325
2018,3532.2733024819854,3534.4006987193916,11.416342724681869,3538.4194380969047
2139,3563.136406692938,3565.4454179642958,10.056263355876396,3570.599868819739
2016,3572.2676038336826,3574.2838627035917,13.624475163138385,3603.004656710677
2142,3617.2878263697407,3619.229720843356,12.449125937864105,3622.904170295053
4113,3653.2440889950576,3655.1634401553624,13.311483999888232,3658.6268001800254
4004,3930.8431898238628,3932.4812915858424,15.534121061102386,3936.6224338305087
4059,3963.0296515055993,3965.4008698095,12.972350790161457,3968.6268323902304
4016,4098.454735116444,4100.44311880599,11.583796355649394,4105.12515417324
4140,4190.402321900961,4192.344985134789,13.349209402963622,4196.859538951848
4154,4245.667493213013,4247.235716025501,15.092755464819524,4250.295275418208
4021,4462.8636666163075,4465.372078055218,9.713402105239663,4503.082063485425
4078,4484.849462638479,4486.56832309489,13.351922842952764,4505.712477829135
4020,4532.294521439184,4534.296054285176,11.556334513710981,4593.205285607705
4089,4920.139827461747,4922.241142025994,11.78800828648319,4952.953910210792
4135,5004.032803769983,5006.291689044993,10.874687792203101,5011.342029802854
6103,5630.389599074555,5632.373380978998,11.776294700499953,5636.960444617149
6110,5722.954599603389,5725.016014747738,11.730497031257077,5729.662304972132
6027,5810.470018426412,5812.298870201928,15.767937451347688,5816.598505224636
6106,5845.385309463728,5847.227783597964,13.844879689699065,5853.290689253056
6097,5918.413002514647,5920.322286271344,13.528749075133957,5924.813896727642
6076,6212.933308542834,6215.30164853851,12.849161602742468,6218.851930441655
6104,6350.663882324884,6352.5630816576295,13.039271399266864,6356.871857962621
6111,6408.204312399279,6410.2681181414055,11.384879505616183,6415.317137297341
6152,6520.260806812039,6522.275872641163,11.565727121031857,6575.2922146872315
6020,6533.822785842562,6535.567021805821,13.90396943535723,6578.12702066148
6056,6752.79613287501,6755.304363165509,12.072850619962853,6759.050455890907
6019,6892.443163971203,6894.320399098399,12.522719349334652,6898.788486888836
6012,7162.262948148777,7164.050952170255,13.856932396042252,7168.655392638652
6061,7203.072086114166,7205.502631134769,12.562737325554842,7209.163148937367
