793,198.7616916026637,203.43511968124398,13.359521868403572,208.10211611998406
809,217.19944369937426,222.40341587477096,11.361652405083035,227.6228708935685
1646,368.4707919137557,373.39894104261384,12.119839959997222,378.3432279926493
802,382.3213232727848,387.3711365457686,11.46359058954654,392.38709825739943
1069,468.82022783452555,473.4474397482321,12.598060410262837,478.0607256433257
1521,714.2924725163994,719.0950177854154,12.642739649580504,723.8351323986279
1061,834.2861818450002,839.2715403591591,10.637495018479843,844.4505032015933
811,843.5012984606104,848.3575873748605,12.190083679672995,853.2346756358642
1656,1000.1804708119137,1005.1109944007341,11.876451935263223,1010.1317539249006
1659,1039.4011261900403,1044.210387216683,13.09876619670899,1048.8387020689152
1651,1224.0603586851817,1230.2750559808906,8.387987089251778,1236.8475921951965
788,1293.615153289469,1298.1901476004207,13.805775412076635,1302.7858837869298
1662,1430.106917809849,1434.183131389448,15.112308155004765,1438.2337834911546
1645,1534.1657841516958,1539.3090742286213,12.966505151051376,1544.1845903818767
1660,1536.2384026085172,1541.3640232610694,12.495145304897287,1546.4787287051636
1064,1549.6894130430512,1554.5035005323207,12.20343307905104,1559.3242103998623
1058,1551.491731156633,1556.324599568627,12.016586428029642,1561.1508582775984
1649,1612.4618472970133,1616.6537980416392,14.658977597432262,1620.9268412633883
1664,1623.805427721704,1628.5462172528155,13.992918137661265,1632.9794352085096
1910,1625.8871940842282,1631.1545869679665,11.918722746818359,1636.3920556479095
1642,1716.0065457962203,1721.2424203369535,11.795879848910518,1726.6264917127223
1641,1717.9931278858328,1723.1091466785258,12.502552596658077,1728.4549716507502
1665,1759.2971373447494,1764.1851159063326,12.830855696662892,1768.9531715026922
1897,1805.5599172189425,1811.110766813492,10.826275791440542,1816.5721430097121
1892,1894.0546265409473,1899.3696229606721,12.140369626699133,1904.4856718853566
1054,1910.1793606723938,1915.3945715428626,12.401373154928756,1920.502827050745
1667,1939.1917214815214,1944.330655691507,12.26779767466594,1949.2526714732726
3061,1998.2651192834471,2002.4768587841195,13.764618352574566,2006.7850290118954
3526,2331.89169574955,2336.3132824068175,13.785325322345344,2340.7770311864224
3663,2342.7794797753204,2348.097989937102,10.820057636295507,2353.565037492632
2797,2459.8447630875403,2464.6169875350597,13.383289101169066,2469.418434938763
3520,2523.963408027998,2529.3870068364095,12.590879258093736,2534.0859884092397
3650,2528.0621517491395,2533.1795758427093,11.839719020660663,2538.211191748352
3060,2539.2420455229912,2544.110787704521,12.25615617671229,2548.8512351790205
3657,2793.6732919229726,2798.4462589617233,13.403124657811306,2802.772187268392
3645,2801.4778990907994,2806.169476037293,11.663248488719155,2811.1720961295587
3655,2883.5994113925535,2888.4938480810333,14.763053040607751,2892.641892791628
3894,3156.1156152998697,3161.365764260587,12.105868599854157,3166.513557890377
3921,3158.0484337541575,3163.1138791620206,12.002040325046357,3168.364386698107
2547,3182.690750998876,3188.043700725131,11.09959859275343,3193.4050190934613
3087,3347.886607049778,3352.0002388839184,14.806919935360796,3356.119437319949
3063,3355.004631854665,3361.079600988491,9.520166912109456,3367.2328095779208
3528,3412.4980534160313,3416.354763311486,16.040785175774687,3420.197568418164
3918,3528.933911899095,3533.5974000928345,13.437965070642553,3538.2855229571705
3056,3533.683219703441,3538.468820566343,11.959504950718303,3543.3777730499514
3900,3535.4537965834074,3540.19151779513,12.107389677999876,3545.1033031252164
3661,3559.742220926108,3565.2732801124275,11.911156392399073,3570.6524451607247
3668,3602.900938685223,3608.0291032646414,12.949451102752588,3612.705829830719
2544,3623.1771294459386,3628.443960537506,10.563797836933617,3633.753487278884
3653,3684.757963414854,3689.4832494666125,12.610452952933741,3694.182731516151
3907,3709.0394672757616,3713.6194903051287,13.254249723428957,3718.2005731659806
3071,3710.863245610845,3715.4750365113055,13.872257107512551,3719.992804533215
2800,3725.7349118419015,3731.404562808439,11.177793337234958,3737.0480647409395
2817,3727.5438423430423,3733.24915059496,10.620148687829383,3738.8608368029745
2814,3729.5267199917002,3735.1329551613862,10.679414293028096,3740.631155274051
3664,3741.4891930182944,3746.363527231251,14.427726174463205,3750.874919879233
4791,3986.2439455913936,3991.264604059024,12.214776293952603,3996.3442895627136
4793,4071.2067182736555,4077.2380323789653,10.404967888049251,4083.2325274193886
5525,4132.962643636379,4137.434638764257,13.92944068228754,4141.922101512769
5909,4252.529217061684,4258.276660927391,10.461870837874473,4264.327703509915
4794,4256.382625435194,4262.059171251007,10.391663280227949,4268.115526497356
5898,4330.185999549957,4335.006872997672,12.374448274073021,4339.952601710068
4797,4347.38187044502,4352.3283427697415,11.988886268484933,4357.3700656956335
4799,4435.443321165966,4441.483285069013,9.754313225524003,4447.572234120475
4816,4593.679661278913,4599.48589187476,10.484833276030441,4605.227366054172
5664,4598.068043523345,4604.18470135172,10.39217717204494,4610.33508915082
5538,4819.645124502669,4825.21159193314,11.48241254897736,4830.582554279512
4787,4973.85337005162,4979.509575010542,10.507902296802822,4985.190086833773
4531,4975.80082211767,4981.4497759515825,10.71726904560835,4986.985904849121
5663,5033.589891222987,5038.32711149519,12.776157116307058,5043.041825994694
5661,5121.826282599596,5126.323759431901,13.060788312526334,5130.78906177046
5060,5148.09997420985,5152.42540417441,14.203458170011833,5156.757254071482
4808,5150.375295103446,5154.603598352806,14.76996887221596,5158.769200024124
5919,5242.196185941198,5248.082190349202,10.529675327221845,5254.099780101102
4526,5244.052783893881,5250.0062140526425,9.53883358388066,5255.9746211366855
5902,5407.335935463723,5412.249448047975,12.869776764711064,5417.131910087
5058,5420.0540639239,5425.072492097993,11.805575640297057,5430.048585145491
5666,5451.282083924374,5456.444777539588,11.1452789078082,5461.782822882317
5535,5453.201034162113,5458.316055444481,12.083980872620183,5463.600239070339
5655,5502.740164093125,5508.291375598491,10.989310282622867,5513.893675457322
4800,5509.691147997804,5514.595905582363,12.765829325711943,5519.403029436003
5051,5598.811191336191,5603.287425669653,13.12804890247339,5607.731148311274
7519,5675.310914602235,5681.008051667467,10.457664976282649,5686.714340337915
7898,5857.895886500949,5863.180090248401,10.865569948754176,5868.495575112764
6799,5871.527942660204,5876.423679485031,12.329841841884166,5881.2393175466805
7665,6213.380660848517,6219.10339111152,11.342241476943443,6224.636879003519
7655,6215.291694958502,6221.019673763003,11.0778992522789,6226.49870915232
7530,6294.745922785173,6299.54642336928,12.430795612792709,6304.417760876279
7653,6306.032644759209,6311.428044125294,11.541534340393245,6316.563501499294
7644,6398.361531579235,6403.263773814126,11.978474922600949,6408.397321432035
6807,6410.198931073195,6415.219261226805,11.807476639851606,6420.288673170102
6548,6504.126859083089,6509.172482946258,12.71048889751679,6514.193702590453
7657,6575.687521924132,6581.12941103304,11.260276330836664,6586.488408637413
6534,6588.163061965405,6592.553026565162,14.11180704734617,6596.908120999545
6539,6605.723782120921,6611.402015045964,10.671382267508925,6616.979600307404
6813,6663.871445139176,6670.111614320926,10.113137331233677,6676.170635697744
7918,6668.222529650212,6674.093259819317,10.520854058227018,6679.973912373023
7658,6752.309660828181,6757.43737856381,12.095437626598313,6762.491296648731
7910,6933.816680187952,6939.324298632255,11.97752114935452,6944.508655546574
7647,7023.741263474381,7029.237441796799,11.765080589986303,7034.622607383378
7896,7026.629043494883,7031.227148633428,12.451585636178311,7036.454575402681
7666,7125.80035053875,7132.3332021116785,9.707053785565726,7138.885535567293
7922,7135.228419054963,7141.206246491086,9.883978812064695,7147.218345659744
6545,7137.164926874791,7143.175621286863,9.969033842054227,7149.102829755513
6540,7139.083389107826,7145.105496783552,9.863194433587257,7150.9689270942445
7674,7192.556263835638,7197.229021827532,12.743216062127983,7201.780494033713
7919,7204.180747412778,7209.271793733234,13.241529862875181,7213.972938817055
6808,7294.034933647114,7299.438040222972,11.67801666556555,7304.502605712515
7897,7300.581081713226,7306.402557013552,10.631605508172026,7312.258217031181
7667,7386.110060841718,7391.0830034640585,12.8970824246364,7395.7048801902865
7545,7393.684355515784,7398.518835209841,13.008796626355517,7403.280985204395
7085,7493.336225237331,7499.3837843704705,10.272454100167801,7505.442971916182
