205,167.30637697114992,170.37534828787187,13.20748711045853,175.045345079786
215,527.2588842675892,530.4055570606489,13.103905092959456,534.6635961448923
213,1055.2883973833684,1058.22804184788,13.357410751512743,1061.2813709511497
211,1450.6322835198146,1453.5291858768294,14.001744244320886,1456.4492128698946
64,1678.4793739351871,1681.4046011232479,14.28755668152116,1684.3528744749783
2056,2214.8166256968807,2217.410621602888,14.787796909259466,2220.0601920502363
2058,2395.4828598559156,2399.019458680114,11.146511719670572,2402.4632089162155
2059,2756.1597744152823,2759.4099281927965,12.478871538109777,2762.6081124982566
2072,2846.5442252024864,2850.371538901379,9.736656492085082,2854.2447217180597
2071,3116.300109873674,3120.2124025638923,10.19010223871902,3124.025575238033
2066,3385.2631145120954,3388.4926200129316,12.026468359329375,3391.6306401626885
2060,3390.311564550869,3393.1605256774183,13.680319363131687,3396.0177648898525
4062,3835.465282285161,3839.170418414431,10.233445521177114,3842.917187878736
4066,4644.7923138836495,4648.043665535924,12.416788399483156,4651.220153635795
4075,4827.160357276255,4831.353408625437,9.79153115927661,4835.5483709166765
4067,5005.815312873957,5009.080619330448,11.876100049939659,5012.369727498927
4219,5106.1580965445955,5109.348107644355,11.781142090944218,5112.529315390468
6210,6132.223793420163,6136.051994813074,11.125094287382433,6139.725368802686
6218,6196.124998759198,6199.139498655465,13.239674545984778,6203.004234896706
6215,6375.32151844129,6378.360125406893,13.06376559929665,6382.870174179849
6068,6624.847874447066,6628.0589732548915,12.702458134512955,6631.233290717461
6213,6661.560522078037,6666.3883971975,11.465816206807153,6669.73710264262
6217,6714.496395310131,6717.228794523171,14.634380942428868,6719.925331135042
6220,7210.528540505988,7213.408078530452,13.515827219693769,7216.339261491101
6219,7266.233846229506,7269.284559648742,13.350775792339151,7272.336868075831
6070,7345.129681820596,7348.158111501481,13.319678545392994,7351.188974798782
