258,70.0,75.01723810373787,14.348124969712638,80.77735530856731
390,92.0,97.18561265098361,13.754519348759473,101.63629303154747
172,98.0,103.24621117458626,13.1206538663497,107.79803926747675
534,111.68373987587798,116.17130318775962,13.624540042773651,120.74687732030931
166,124.0,130.14539657653546,11.537160646346956,137.06769011606397
328,183.0,188.53669912561804,12.27989091740099,193.6900403715046
156,185.0,190.38094069040906,12.4519399425098,195.52202397115235
282,197.0,202.38444558453875,13.267197047677753,207.26753955240943
168,207.0,211.4174292558953,16.0705344377906,215.0986477538704
193,264.0,269.23248669712024,13.844685479859038,273.81219041672426
530,274.78292331794864,279.1692337941029,13.94957696145139,283.4183279790641
525,276.73975050900265,282.2893087611957,10.714303263080446,287.896849850904
294,461.0,466.218402810549,13.572766849926985,471.3957884936813
540,470.4304668405319,474.45127959192706,15.25875202130242,478.621948114987
188,484.0,489.32963919223783,12.479852528536776,495.17611876384086
165,599.0,604.2239201528638,12.725054277317982,633.4923769762388
318,609.0,614.3339569737467,13.40993646939034,636.0486968040902
537,651.6132403926739,656.0706542188288,12.857854069505624,660.6498857594319
532,654.5324647354475,659.4709698348586,12.463025900071132,664.3877620141188
373,841.0,847.030279377259,11.165982851226312,853.5854389788275
539,919.9910329682317,924.3725703794764,13.672575772068603,928.8943562941921
529,1084.6052032334476,1089.5498823868702,12.492420104538935,1094.5055565224457
377,1114.0,1119.377143200576,13.258633863456172,1125.4080272081258
346,1120.0,1125.4389730815767,12.73344460125064,1177.6081969933784
315,1329.0,1334.383407410757,12.471101723851655,1353.0458274896184
268,1338.0,1344.3041086084486,10.168417930366724,1358.2379715704287
548,1371.9055299580225,1376.2035138650804,13.340784043429439,1380.7585108650567
381,1415.0,1420.1499229678382,13.70958220209145,1443.5562311142294
251,1527.0,1532.5715285123667,11.893626818097925,1537.9739560114876
173,1544.0,1549.5282852569528,11.931236160159258,1554.4845135019177
250,1600.0,1605.3381249373883,13.03736400751032,1611.5266298932831
190,1699.0,1704.3246276796947,13.683510232606135,1713.274707734286
276,1765.0,1770.4907570249125,13.155302293525025,1806.5438222823705
2162,2108.0,2113.0357844269115,13.825929451461624,2118.8469561283805
2249,2144.0,2149.511980620891,12.587801332954612,2163.684851463807
2332,2190.0,2196.0015303033524,10.93744298277826,2202.675007498757
2257,2286.0,2291.38811988615,12.645653517685032,2297.0116304571366
2224,2324.0,2329.415803539141,12.754054063923364,2345.656830460255
2308,2409.0,2414.537628702007,12.079706317919648,2420.6335523916905
2256,2431.0,2436.3711753490716,13.261044684225133,2441.301910400193
2164,2740.0,2745.3925716149993,13.207597439849469,2793.2992685499094
2387,2751.0,2756.4792647466306,12.13216320884028,2795.806582731735
2320,2852.0,2857.055564350517,12.921984732212563,2862.9328870148
2180,2870.0,2876.0468274637815,11.291734487629627,2883.2031381967877
2278,2900.0,2906.019074601893,11.220548175153974,2911.2058470992
2351,3051.0,3056.4363540219965,13.085327857097178,3073.66853432536
2389,3270.0,3275.121854751048,13.768112246355432,3279.614747077774
2191,3323.0,3328.0169620183383,14.384419414148573,3336.5264602896104
2392,3481.0,3487.0135672352153,11.242414632312503,3517.6814841483215
2252,3577.0,3583.0297379651843,10.888835359238323,3603.8140647217983
2524,3625.2533266990577,3630.418053789083,11.512187300441692,3635.8564520283544
4382,3626.0,3632.2791026993327,10.829858999272588,3637.6962174975133
4380,3627.0,3634.0996955353285,11.8289688566067,3639.4566748797342
4390,3708.0,3713.4659945975777,12.437126844306933,3718.2232832783793
4226,3785.0,3791.1613425094347,10.63999364437428,3796.6547269996377
4335,3822.0,3828.2410025922745,10.029050123382484,3834.8091568559353
4165,3897.0,3902.2285731042366,13.60686201487265,3906.809367261539
4346,3969.0,3974.407953190126,12.775636605296004,3980.13695205091
4334,4092.0,4097.532856517537,12.660168419130756,4103.659798810037
4451,4146.718885140953,4152.088667787332,6.163923276685199,4166.2150811523725
4234,4469.0,4474.458199950615,13.220343075868694,4480.748008474247
4207,4492.0,4497.228747443656,12.620612972976344,4505.7799530724005
4195,4535.0,4540.35609116914,12.875583885469792,4545.927457987671
4160,4717.0,4722.417453304443,12.333045190533184,4728.853120161989
4200,4723.0,4728.323519037632,13.500136624944911,4773.230835260475
4330,4788.0,4794.162064190275,10.551677688402318,4799.818940678313
4323,4804.0,4808.392213988874,16.210922663964272,4813.723086520268
4183,4900.0,4906.089871390646,11.374983501370528,4953.740820921391
4537,5045.397264084443,5050.1228200372125,14.553154889267793,5054.586816443312
4522,5064.346067514845,5069.405740073319,11.133766526225116,5074.6198232154975
4321,5114.0,5120.078628530133,10.854610545050987,5126.94443638624
4231,5132.0,5137.557281911609,12.167344141470679,5142.70549333185
4552,5134.384922166744,5139.343394474155,12.54160757964437,5144.5085952092095
4387,5264.0,5269.303604613632,13.725896241972428,5274.957648375775
6164,5475.0,5480.415398112591,12.412220747443664,5486.778036674339
4533,5515.729718031297,5521.447310913192,10.59466844065261,5527.236288398489
6166,5529.0,5535.297769186008,10.106960993647272,5541.9426302254915
6290,5532.0,5537.403324436485,12.22926414423495,5583.463617633279
6165,5550.0,5555.099765791658,13.308096639119173,5588.7151104847935
6341,5606.0,5612.418382356005,11.107513030212852,5618.1999308482655
6544,5695.2921392037515,5700.270313530351,11.565592960667612,5705.578949497217
6529,5854.5331840465,5861.1954458492655,8.374437486341133,5867.807812792397
6368,5924.0,5930.161074805885,10.715862443884877,5936.869304164831
6528,6036.690703823171,6042.315353112854,12.659972949896355,6047.426894181163
6178,6370.0,6375.379251770781,13.40316509728272,6380.928994118431
6456,6394.725389620069,6399.520784367938,12.439159609162346,6404.157607701462
6455,6785.878017763667,6791.402729632689,11.478309335961807,6796.876175630865
6261,6840.0,6846.0665113344285,10.590706797580568,6851.980532740436
6553,6861.824969555411,6866.352716212588,13.583458182668728,6870.914294104688
6554,6864.378133438916,6869.200350764762,11.670437996370943,6874.266537579385
6367,6900.0,6905.594500168969,12.610745454731687,6936.751268393086
6530,6934.241625873229,6939.342160984619,10.986118978668541,6944.8250768356465
6208,7092.0,7097.298468104292,12.884061433596026,7102.082204405767
6524,7221.125201253391,7225.355358611686,14.427381090612343,7229.721450597753
6543,7315.1271915713005,7320.461735223099,11.589061964965108,7326.108691032284
