1511,456.76901164401676,457.1809697838084,11.65633922189338,459.563140088098
1515,545.7621240210935,546.1024071804802,13.923845484242767,548.0811330625947
1533,1335.8977332225263,1336.3108498674483,11.706943239601147,1339.72871884216
1383,1351.821518204659,1352.2796994911262,11.437963641772107,1354.6406567736688
3539,2306.6524913504186,2307.160275111995,7.123390672592916,2353.530410738748
3374,3093.209981938002,3093.600214525578,12.544430253479442,3095.802920557278
5525,4172.17596560667,4172.539547936212,13.463925718431454,4174.622283852275
5544,4861.823569733517,4862.2414189817755,12.307559905328317,4864.844863681167
5214,5223.427904380142,5224.067144307104,8.905018120162996,5226.766588261083
7389,6262.973419566593,6263.421711148864,10.889255931332114,6266.844100051071
7535,6349.773320982536,6350.1633533012855,12.77509805882269,6353.772623090024
7383,6613.933683813149,6614.324383221875,12.45597379455214,6617.854669073987
7551,6799.011786022813,6799.368672619911,13.716529332529925,6803.153274617107
7379,7140.217907355115,7140.550870437043,14.702066815120617,7142.531826662234
7547,7426.945768107973,7427.2937772083005,13.967136978873114,7430.907950160996
