1469,363.84602426326774,368.3372645897735,12.602674112994412,374.71251158371126
1309,554.7043120955384,559.0826334583872,11.99388319257679,565.625831390584
359,734.8894166851398,739.1495271051851,12.263192607446289,745.469954586921
367,1004.3298708504449,1008.1100570015304,14.127067540516267,1013.794683632547
1468,1015.8803925173862,1020.2543598049091,12.110630705422478,1040.7960092784635
130,1996.0635722642776,2000.0216887280048,12.79815418272146,2006.1331758082806
2125,2091.0277290664812,2096.0218974625254,11.345968213369588,2120.866208703286
3319,2269.212570847342,2273.5084075972254,12.101666262152046,2301.1584032095484
2342,2271.668074668325,2276.034298568403,11.88841687885299,2303.2209022678153
2129,2713.860354877857,2717.4908646146278,14.2994805077858,2723.1881470333533
4341,4345.256109222749,4349.563436711425,12.207808173941718,4368.309480436402
5467,4863.804249231139,4868.200872548601,12.766452374591884,4874.697734772166
4343,4877.427349318436,4881.111970676764,14.022445498758687,4907.953398405026
4344,4968.007673612557,4972.339216178279,11.57162720129941,4978.729710419454
4131,5239.719385505735,5244.426013257345,10.335135938205262,5250.92339231412
5312,5241.5366934297645,5246.337869481652,10.594758449062715,5268.004612468497
4366,5243.378222284371,5248.194397523171,10.388445920211007,5270.493758005313
5309,5245.296344821018,5250.160012223532,11.945205089681219,5272.619882004204
4353,5358.607311063054,5363.2173617976305,12.638348359167432,5368.544355164509
4358,5507.282191528831,5511.413903692745,12.675559568541368,5517.618828194712
4365,5599.179372235594,5603.441150509254,11.95002344191429,5609.4918224795865
7316,5684.307668132161,5688.310246649599,13.427151518769259,5694.179877838122
6370,5955.120533786635,5959.224088939461,13.260352591075067,5965.325719196901
6348,6495.88684385329,6500.293124604868,12.386358676358185,6506.665990613937
6351,6497.924373206601,6502.179203914802,12.137907479868293,6527.7597041980025
6366,6948.92382926139,6953.040637101164,12.13975519325828,6958.986819597665
7474,6956.858251645432,6961.500488321892,11.456668046940981,6978.067838067942
6127,7131.748461937448,7136.39511472739,11.787169754823083,7158.048339259557
6367,7218.554049092761,7223.387394030007,10.619111916421723,7248.071702433608
6344,7316.827628034931,7321.485758217916,10.513880291898785,7343.494585481235
