1266,454.09456388560625,462.3449368017657,13.97323586850896,470.0771830833625
1,564.6655882913774,572.1875636894945,14.024570683905864,580.9179820762749
2082,2011.6607333870452,2021.4129385144047,10.67642377689755,2031.8136580634512
2095,2276.746164770866,2284.378439684517,13.486880881381717,2292.9098529223743
2102,2365.608901987639,2373.5165890392145,13.404279474532395,2382.8221383447312
3256,2794.1524515987353,2803.3241126416565,12.574211202095253,2812.1836996090765
3252,3244.67886075236,3252.587310629827,13.837745812535562,3260.0599810910767
4012,3993.0349881421266,4001.100963216078,13.526399548424067,4055.7375814229495
4145,4616.190855312306,4624.52764058241,12.72707070680979,4633.943185035609
4003,4709.062020016793,4717.078343518826,13.942058208890344,4726.19466269401
5287,4774.524634584528,4783.06006161922,12.46555379028627,4791.3941673629915
4153,5248.738757082829,5258.291897295437,11.99665745039983,5315.90304352042
4144,5340.373960456785,5349.501557523331,11.351993987401096,5359.746013305515
4098,5428.34922247103,5437.47335639395,12.332019550790877,5447.657112953052
6008,5608.055925090311,5617.2750256036425,12.014263842838147,5627.1765252565865
6154,5795.013971399036,5805.1316947625455,10.949866745787292,5856.05959316172
6078,6150.276333393901,6160.374160342629,11.029881742156949,6170.946885502379
6062,7233.050950350331,7242.1910479307435,11.96722655468767,7252.450675521495
