1263,382.56405942424146,390.3975124252647,13.422075331914968,396.4136091750083
1276,1017.2194029125548,1026.0441082421698,11.381271707014784,1034.8829576631751
1202,1644.1244847751595,1652.5271073961862,11.94444496238027,1675.0
3294,2005.432061900811,2013.5592026156082,13.566955859681846,2020.9088364114493
3243,2721.97596697456,2729.577503818259,13.69124130887899,2735.529197605466
3289,2996.461308431575,3005.201988021798,13.229339879761765,3037.0
5257,3896.842482148178,3905.3885150297365,11.905779935001664,3913.138165615281
4085,3968.63672691764,3977.072429377281,13.328624935169548,3983.4024701440467
5289,3982.2358980572367,3990.1567485129835,12.256942784660191,3996.175978562389
4109,4953.5876138239855,4961.59559505592,13.363030957947034,4967.7593601466415
5271,5426.795819227192,5436.042795575774,11.434232926433832,5446.643100438339
7209,5517.189868305026,5526.01416174381,12.499987011815245,5543.0
7270,5879.211751369093,5887.571249291208,12.818627123732643,5894.721470720179
7241,6055.96913095595,6065.441888259565,10.63384167680531,6073.641818765932
7300,6596.857261355454,6605.111359186417,12.470562947661998,6612.786753750257
6090,6703.171746840135,6711.007491018032,14.343220263015011,6717.772697725437
7244,7142.357272065424,7153.1659646633925,9.145373618278452,7165.390864572002
