1622,395.6981030778875,408.0984640415236,11.641830595506612,419.74220645336624
1282,555.6686382317939,567.2470352235808,13.792196960051433,597.5184905116312
1283,577.3666261693523,587.3793069657212,14.689457704206188,600.4071995759173
1281,624.8492267594986,635.1668498214874,15.608395960748936,645.7577945924785
1297,693.0,706.21475590396,12.6402898515313,718.7757271524301
1604,947.6037742548131,960.2056366943543,11.970947573796165,980.8216727849
1453,1089.6155216982038,1101.422232305474,12.399800081548362,1124.9336076140855
1277,1129.6233224582895,1142.271658086192,11.849228467538316,1164.0
1293,1246.1592875570202,1260.2682383287524,11.471121364363613,1273.4627788472458
1624,1428.4398382350112,1441.1681711250976,11.80892408349177,1452.7689316435976
1197,1591.4178763117131,1603.570727570934,12.419125377748475,1614.629477110048
1629,1710.6836778034735,1722.213370079247,12.785222648829947,1733.315941818202
1437,1749.5077345552322,1761.2778474036172,13.132765703457999,1773.880778362868
1211,1866.5160690011087,1879.537649831908,11.073662462800899,1892.8736660162979
3282,2142.7344215622024,2154.065121940454,14.168371517230266,2165.779404966734
3626,2258.6732931085753,2270.577731191873,12.659900321355387,2282.961915600045
3630,2609.3890180810085,2621.424689657713,11.976862138655132,2643.557995276108
3289,2714.717012392226,2726.1004117316447,13.05922327474333,2737.9341758203473
3442,2793.13613183846,2802.4096366945164,16.214995223854597,2812.801436179019
3637,2891.6306555364004,2904.1228852862764,11.718885160853313,2915.927951887111
3278,3039.7987172055123,3050.620442329701,14.354644473489824,3060.6043493028137
3619,3086.301425578475,3097.1843989273966,14.04491332053353,3106.9944437500826
3624,3088.706541725578,3103.094003612954,10.640691821085419,3116.738556238451
3286,3195.3118565454893,3206.5812085171306,13.631395027327718,3218.725839411586
3627,3228.159669193078,3241.1269012660646,11.435054528021013,3253.4574847810977
3625,3362.649073160239,3374.2787138337567,13.67287258417259,3384.762139289653
3431,3573.8491739753836,3587.0263974921772,11.170618633039492,3609.0
3445,3709.366796651113,3721.572178197065,12.347232262481354,3734.6856027057734
3638,3778.1116314020255,3791.0216726825515,11.844528704931474,3804.3360229820105
5275,3902.1573456056703,3911.401543325322,16.078534202010115,3920.246223803716
5612,3921.7431371901353,3933.33048651494,13.261797924111917,3945.7074504879993
5287,4167.208870713364,4178.433247602014,13.354914549388441,4190.17936466298
5438,4203.974608131094,4219.487473179829,9.985771595850519,4234.1823231241415
5292,4645.468234539882,4656.278974382889,14.222068113728303,4667.985317093411
5182,4651.289448992931,4665.252597946818,11.01582063463199,4692.002577135885
5623,4742.935537340238,4754.536556563432,13.716525923025738,4764.9989941226395
5608,4819.334969791841,4833.244680203867,10.705734409104405,4846.652853619472
5441,5058.353559988872,5068.413674349936,15.17945437828336,5079.3601047536085
5618,5085.262146390325,5098.155978455872,12.380460129426961,5110.170554166121
5198,5178.648874410315,5189.2596041181205,14.716184223742312,5200.810476773079
5630,5361.261480729198,5373.525750537061,12.876475352961936,5385.925895604806
5442,5430.405871351136,5442.480004693309,12.455660821547312,5454.76471227734
5278,5478.482603830076,5491.235681890162,11.890808509169986,5503.225294023227
7282,5593.326226854398,5606.552919954747,11.791242484700932,5619.235505545027
5439,5637.29754560384,5650.058004681789,12.47392768007208,5662.713100907435
7280,5730.627368870264,5742.443837612441,13.427141102104265,5753.5911869009915
7628,5774.933517344759,5787.2728952491525,12.398213927916933,5799.647392122356
7437,5913.5297518557545,5926.164038330424,12.65982064056737,5943.329190431988
7616,6126.236909702948,6140.365303796767,11.364358476142534,6153.756847543292
7626,6189.3885279799815,6202.58483647073,12.449913019842485,6214.583851218108
7637,6396.156595837711,6408.294758194125,12.104113109554543,6419.533369921331
7286,6649.514020722384,6662.247556581633,12.385938614047378,6674.347598700518
7640,6745.271911213707,6757.091852146343,12.441947614609276,6769.689417507766
7439,7093.1874476012,7104.532881205522,13.519203378834838,7131.4220867757995
7281,7200.036465664841,7212.160236943935,12.83355393969682,7223.629043028235
7288,7271.249291260754,7284.315494266068,10.89429827227569,7297.74845746474
