364,174.90940247479858,182.3835328802736,11.314358205390278,187.70267258237953
397,185.28777215538844,193.13224343182333,10.051990833561836,198.69664658119305
554,568.1617887958689,575.2770278229021,12.172511874025192,581.1312588576762
359,701.7202852709066,707.4939937250446,13.979210490194394,712.7851473852334
538,1476.3107530068457,1483.4654879357847,11.712358031048979,1489.704805316703
322,1768.7193983476946,1774.1596751670165,15.358596736784628,1779.4464798904573
2296,1839.7779139589206,1846.2852363352265,13.128496578706335,1851.878433386725
2274,1865.6292990228915,1872.42502621828,12.816675074444639,1893.6373460900109
2349,1879.5398156090814,1886.5618905218496,12.211130975131333,1896.0180032560108
2356,1952.211636156408,1959.3233470177106,11.800912126817153,1965.1628608321037
2262,1983.033217003096,1990.5034929629344,12.705571678521641,1995.2485838445577
2184,1985.3713652701733,1992.2536519398698,12.8493570610745,1997.0014030721588
2292,2039.7292235876107,2045.0320434138969,15.245400160323666,2050.302255001813
2523,2283.2957679816527,2289.2180736482733,14.3358044284775,2294.985525357051
2287,2542.5025110463635,2548.1580213084994,14.7926397869798,2552.272093632997
2335,2760.8434074731804,2767.1039912487618,13.217013969434017,2795.3748942079746
2192,2979.1150176319748,2986.574852414763,11.77383995803944,2991.5066624246415
2337,3198.57447940535,3206.0543018635194,10.860992222529129,3212.2389311242923
2354,3303.4019128821114,3310.3975394631293,11.735976558231265,3316.647217603519
2314,3484.104682270487,3491.1753645723206,12.418025965667557,3497.286979783383
4280,3816.120038649255,3824.169107793182,10.821001265693276,3877.5119217059687
4535,3882.7517774913586,3889.426723627652,12.68782698408059,3894.3224666913075
4524,3908.5646691117604,3915.4089559267495,12.235951728365144,3921.6090085583714
4359,4135.041185390495,4140.3624617198,15.078899758373012,4144.921877445836
4363,4199.203984862599,4205.230161799299,14.074939178388432,4210.734169493303
4285,4294.755325685688,4302.231423820173,10.481500168456451,4323.49896179026
4289,5045.814238119553,5052.429765657643,13.162928800873642,5056.92193888911
6286,5459.75116124213,5466.184128820237,12.979035915158867,5493.224898839532
6281,5465.383213125295,5472.185752078355,13.121797753695727,5497.845296792381
4525,5511.658946477333,5517.0875241033755,14.816318926087826,5521.152538073454
6354,5642.1999866764045,5649.353875756583,11.714277530979034,5655.64913939007
6310,5750.292641789371,5757.18574156146,12.097940165320466,5766.136945865862
6332,5910.861922415991,5918.529287795703,10.886806618530715,5924.905268720168
6166,5945.123450584321,5952.481359636308,11.351406393387974,5957.547016821106
6526,5955.314551466132,5961.075593802972,14.202329421986423,5965.198422530582
6316,6093.572003510755,6099.538401696512,13.633976885296725,6104.78922664111
6268,6237.798337991202,6244.3514070705305,12.63023388690404,6249.882801011779
6312,6653.336444350109,6659.329338194265,13.734839372745656,6666.577599875292
6264,6663.225233648511,6670.226824177151,13.48167564193971,6674.585381224433
6167,6846.624783278521,6854.503667910673,11.241680835927811,6859.670599230931
6351,7080.641922884246,7086.514747009491,14.110617434759302,7091.836711524673
6524,7212.799950336415,7219.504382574549,11.66177499109445,7224.397208059274
6157,7293.121349272049,7300.464737434655,12.447510920928503,7305.278509006802
