1189,921.7687674147844,927.2339867631749,14.399227863201276,933.0668999866623
1752,1301.0326460755214,1306.3258111992368,13.572225777674154,1312.1783612397498
1190,1808.219896713365,1814.298920075707,12.304162662673194,1820.8212693326648
1191,1873.581265627558,1880.2830829307752,10.282818737132597,1887.206205761069
3445,2099.1177188257625,2105.284239213727,10.89005560779036,2112.2104656818724
3743,2127.3635516419126,2133.165941996173,11.712444706987995,2139.787468863545
3353,2162.35432753456,2167.1791037969165,14.476436086228075,2173.7859150266977
3436,2281.77556897246,2288.173164161754,11.23517696131116,2295.133440605137
3199,2417.8583542237484,2423.5553886828825,13.162724075792504,2429.7470958443027
3742,3198.659974144993,3204.459292681736,14.337928988006944,3210.2029039816057
3195,3302.1952031168144,3308.043691707949,12.894209381134635,3314.69130713724
3340,3388.2786846026997,3394.018740176083,12.756694174990214,3400.1904322957944
5202,4256.05488110167,4262.355169997845,11.405804820022993,4269.287753984449
5191,4324.18827452517,4331.043460613501,10.643864500922627,4339.196424241728
5192,4457.596850170847,4463.302247265225,13.85848567524414,4469.128657966096
5449,4886.109115644293,4892.291201602457,11.156330831056835,4899.112945051186
5212,5069.726974247444,5076.485101474493,11.263360719144968,5083.678983405251
5365,5292.96130546211,5298.517344909649,12.716329440811043,5304.8782268637015
5350,5411.830062179673,5418.334499543471,11.311252600982462,5425.1057104176025
5366,5565.542718280172,5571.516416401743,11.580814213754413,5578.112245661563
7194,5682.309304736775,5690.225703565496,9.64651755855323,5698.250544753332
7342,5838.914066634579,5845.153236940969,11.561039770034272,5851.946011510797
7747,5987.10521994972,5993.515309965891,11.480641944211103,6000.039633690046
7209,6089.781377965087,6095.315560731206,15.090538142213235,6100.916627005231
7190,6158.087517101346,6164.321165410503,11.569673286803564,6170.844159888825
7748,6196.51879346886,6203.414078486977,10.109331232506069,6210.226057659519
7204,6633.988978548671,6639.258364939944,16.158835542241825,6644.70932453249
7198,6905.454881144666,6911.489513128465,11.64354694853357,6918.0500769881955
7355,7110.13249962933,7116.221913511233,12.582500348965239,7122.777262598402
7341,7199.522479940194,7205.350966593429,12.098966967005353,7215.908815032084
7357,7264.238843263074,7269.5867212598305,12.861346865684844,7275.86283673752
