558,20.85457892717177,26.331968005054136,13.093245232625351,36.56280712350216
616,47.800390619817406,53.295844155413974,12.777040300663334,64.85292575027117
534,113.45522728596939,119.37857532044038,12.22451323305567,132.2587254670365
650,196.01439499268506,202.22107128478547,11.308189286079234,214.1573786114982
537,320.32776099400775,327.31333928212416,10.377176390744907,341.66244109990527
863,818.0,826.0983472119727,9.85993250682565,839.8299869022667
587,830.6299409310884,836.1977997327813,12.960301562749056,846.675572327132
738,846.0,852.2442342773446,13.191600717431193,863.8690582348324
536,861.885568210577,868.1192320927504,11.773619137275727,906.4507340868736
641,887.1615615546301,895.0844930398723,8.856736837249375,910.7824297676931
725,893.0,900.2587756513359,9.650825128969583,914.7747122076382
597,897.1878938850579,903.1497947851783,11.614190056986693,916.8166792982092
525,932.7031233460361,938.3138430336148,12.623516739275141,949.7753017395193
551,1046.591318182139,1052.2314432709836,12.847531123266144,1083.3153096665842
627,1108.6562986727852,1114.3865118818883,12.000861244429279,1126.0883368907826
723,1281.0,1287.5453866688997,11.97340294017433,1298.427036106802
806,1316.0,1322.376466791558,13.11295541724738,1333.8969332472286
640,1403.3463340610936,1409.2745654974908,12.359516243756012,1443.4999341279952
702,1492.0,1499.5261017411221,10.948385030306774,1512.778149312408
868,1513.0,1519.035834521656,13.227432414724483,1532.9326804338739
701,1589.0,1595.2693800317388,12.627569583389613,1606.8518164209152
555,1591.6366994201612,1597.1014443708443,13.705427935776951,1623.262054463657
917,1651.0,1658.3688588717196,10.338074502271628,1671.6922125220342
589,1673.2490168072693,1679.0769450150503,11.989823889213211,1713.4290189368633
565,1730.4289230350873,1738.0487558492616,9.71895323882271,1752.746718342708
592,1780.5951278428092,1787.1866079244883,11.469058501329052,1805.7907199758706
2580,1841.5215102881314,1848.1271612413507,10.29584082364492,1861.8805901024803
2762,1870.0,1876.2773871243567,13.126167818102779,1893.2868283409882
2605,1874.3962473840356,1879.1001765876163,14.729177280738881,1895.8656599651124
2826,1930.0,1937.4761948341793,9.822114004383812,1951.1957022623583
2863,1950.0,1956.474725013164,12.16345403213236,1982.840569449054
2455,2005.8830504123846,2011.1813947002033,13.733081844697255,2022.3001273554546
2581,2031.8399274872424,2037.2613972220818,12.728006154961683,2075.4788827568013
2616,2191.718941245799,2197.2718068292675,12.106078820840128,2253.515331063572
2557,2218.1519997804685,2223.1569095434597,14.608428289569256,2256.046095145663
2627,2516.6226428549353,2523.1378149645693,10.424258605918379,2535.403097541236
2792,2561.0,2566.467117357898,14.358037136497963,2576.602552943414
2673,2566.0,2572.0681571144364,13.393965461021192,2613.0429399963714
2550,2716.5443586469046,2722.5363200196425,12.158669835717829,2733.9159140303677
2628,2749.538452072925,2755.224531792562,12.949456615820715,2792.925271562994
2579,2845.4301753343875,2851.0794688176798,12.91312104229001,2883.4442675927935
2558,2892.011646437969,2898.3519852900813,11.455972498499193,2910.5896711801165
2897,2913.0,2918.2935744911542,15.293565240312567,2928.112808072
2676,3043.0,3049.3268277966363,12.995944793298396,3063.1247621834327
2796,3069.0,3076.0944603713,10.701778382990566,3088.552133100151
2589,3303.5274315693837,3309.1608150089633,12.886558711851855,3333.044528655535
2744,3363.0,3369.2024371492284,13.32022390896516,3380.797192740002
2448,3482.375261719888,3488.2386283489254,11.51515070065669,3515.739001611256
2568,3503.2046889250505,3509.4913477218174,11.249975670476182,3521.128145539459
2456,3524.897582404713,3530.3909013288753,12.877866998698732,3540.7284763100306
2680,3568.0,3574.0713649292748,13.817272811307577,3603.5059441833696
2594,3583.7399370007024,3589.3296619679445,13.958002953531015,3605.98765490931
4909,3690.0,3695.383704118918,15.338586012516801,3703.9690072864178
4531,3790.1910122999734,3795.5032764938323,13.339094350284247,3805.546709314535
4737,3797.0,3803.0219285100525,13.027395924302457,3812.972113714418
4620,3853.565433600083,3859.5581768320253,12.434186517340665,3876.011166094713
4733,3984.0,3990.326306226257,12.886200391775013,4053.5079071892387
4574,4090.432945423426,4096.272177612797,11.7801576708627,4146.018806598045
4637,4222.888838429048,4228.204166286806,13.896153415999274,4238.361911592967
4840,4336.0,4342.336632389097,12.141354554561278,4352.922975706843
4548,4490.4291098066105,4495.341093419468,14.49761707207768,4508.173289485415
4554,4628.220435419218,4635.131165615563,10.045978052774174,4648.765784527412
4910,4702.0,4709.397949658343,10.337617048191682,4722.528787115721
4562,4761.381251701437,4768.119362240244,10.670987863123047,4780.681095000949
4558,4935.155287960437,4941.538391588426,10.971789631911488,4958.531589729358
4612,4991.448705989506,4997.326526999617,12.297273370212483,5009.679717421944
4618,5064.893818535573,5070.261423688514,12.76081290240126,5081.382488607031
4625,5108.36506519543,5114.320814293108,12.556280459691912,5133.433711154163
4559,5246.387665782628,5252.034850726614,12.212369715210716,5263.843776595086
4632,5297.955575887897,5304.414552133343,10.427334875886862,5316.792416776324
4603,5333.4915367091035,5339.5152255029225,11.588923769361532,5351.739230846554
6539,5500.569542852853,5505.457542616719,13.82653453178263,5514.910517125277
6593,5526.691194815075,5532.014308170005,13.791445100146115,5542.9736691707785
6901,5728.0,5734.265204916193,12.739850330436047,5763.456860455482
6730,5772.0,5779.0151340367665,11.76913168994039,5790.612989483936
6882,5779.0,5784.454109653499,14.997656115562961,5793.191061395172
6598,5785.178671491275,5792.017068690639,10.515323171079899,5805.621799232728
6566,5969.562351108824,5975.53986214631,11.700251360043744,5987.704683517561
6553,6227.556649699544,6232.317182910321,15.066287319333618,6241.076482798686
6568,6323.15472351857,6328.156532987862,13.715505150179027,6337.647414701426
6647,6328.9376794557,6335.205302255285,11.419913030885606,6347.710961810529
6650,6449.260510999918,6456.117784417898,10.85894475676913,6486.289705967426
6739,6500.0,6507.335748505465,10.201522625753608,6520.697483337337
6573,6559.016284751421,6565.33423566786,11.042063723142364,6577.008231014774
6646,6603.520233524155,6609.490837472632,11.795661566310196,6621.64952362275
6552,6712.283297021195,6718.011249223749,12.358037426756777,6729.872065581388
6592,6778.396406258769,6784.1532535376255,12.765947118555179,6795.836691218258
6571,6803.652523104696,6808.557448741758,14.51238001485797,6843.47358144582
6586,6854.562055346065,6860.3053717262965,12.906461771876142,6871.174946508034
6653,6904.023753130396,6910.3303378170895,10.555499819841847,6942.200633433589
6607,6986.537875312203,6992.4989633238465,12.089924970424839,7004.925221832683
6734,7054.0,7061.210523681622,11.42843176800446,7074.727614507513
6701,7161.0,7167.516972401673,11.787678537182924,7203.36503378895
6645,7166.524175101125,7173.028047801235,11.429388995856284,7205.692670490421
