1272,395.4566615786041,399.0096613978621,14.337616947269616,402.8411744018451
1320,443.40192158709766,447.04262334040095,11.337762391713177,450.242433778905
1274,693.3678263160479,697.0902304177682,12.650666474626105,700.0538917657136
1202,762.8626533899968,766.5411086080725,13.426521582952933,769.1823543332125
1311,974.11959053758,978.2587330511586,10.718323069282977,981.7266526930625
1267,1038.969965944838,1043.0248428941331,10.95185049060498,1046.317689484206
1338,1107.6891075674118,1112.171851102091,9.845672905210845,1115.9021055235391
1331,1221.124911747596,1225.3125748383673,14.446370737873567,1229.4635172742248
1297,1246.330579961993,1249.5624264856028,13.65421266511051,1252.2886183153905
3184,1910.9322132055197,1915.0169927218135,13.231925200515926,1919.114762061295
3205,2004.6346659915487,2008.3321785756864,13.361805947096022,2011.0474712615764
3270,2259.8181799088084,2263.1936613235466,13.4215390634057,2266.97801073551
3290,2394.2528007182427,2398.537624849617,13.972437497511871,2402.4306346282783
3283,3222.2128695081233,3226.5300446144993,11.37806887157501,3230.6477014358784
3279,3384.8998189588856,3389.1723455061115,10.389684474573787,3392.629788500702
5310,3738.2119094653344,3741.5256970540654,12.540614440618059,3744.368540607
5322,3798.63778927222,3802.322706257008,15.925676038137052,3804.5783598254357
5326,4099.759983446138,4103.156286368499,12.665627827553006,4106.132438056632
5196,4280.33065263163,4284.049895781629,12.5939036702088,4287.04164389373
5208,4395.422697216748,4399.601632081717,13.926987159702076,4404.051474731476
5295,4497.549879634612,4500.381439236546,15.595763902245764,4502.8207683677265
5189,4520.210517635412,4523.501513272211,12.958526252266688,4527.918639224351
5290,5003.3640147715605,5007.348334526077,10.43872329766779,5011.597613356797
5209,5399.764391929828,5403.463611078542,11.440217942984063,5406.71655898
7283,5511.289519687505,5515.125312743521,11.891468441522354,5519.880181971675
7275,5568.105518565454,5572.313277843626,11.06071560168292,5576.961680987237
7285,6075.812500173492,6080.198164836167,10.081447964662079,6083.8100671530365
7284,6250.247180301641,6253.521511151992,13.63386363584944,6257.760342935633
7304,6300.208139315591,6303.2299366537045,14.891138200523205,6305.778718252541
7203,6465.0806016185325,6469.195925905947,14.012639317144087,6472.812480163631
7188,6883.468011219512,6887.045532100022,13.010254507589144,6903.227220418225
7199,7225.755323115928,7229.515663745279,13.454064965824811,7233.319878510637
