1208,1086.361389124583,1097.1400391293218,10.495361805279575,1107.7458470492766
33,1474.89205453381,1483.2660788719897,12.227127714120636,1492.59664465778
3230,2348.36232409322,2357.087758055871,12.794269722145117,2365.670429237655
3234,2437.3258639664814,2445.317327755241,13.159335242074224,2453.379091856864
2094,2727.8540662050846,2736.240341481849,12.872300163631063,2745.7856484442896
3214,2794.2835753660934,2803.474712501458,11.776178675449287,2812.6222461709604
5287,3694.8348054830717,3703.5310549741794,12.463981352732619,3711.8034038768815
5246,3784.953425731007,3794.0141392530973,12.636134037912377,3802.6887899989188
5253,4504.351750422819,4514.433690863178,10.258004424870743,4524.5067627630915
5256,4957.078863868229,4966.007402881646,10.774830788679429,4974.6608825159965
5216,5226.201333224308,5234.077556089597,13.726242750629298,5241.760386871922
6044,5876.318425817056,5883.507044611202,14.70830648574547,5892.384863521028
