1091,5.0,11.126245873843587,10.517838437334792,16.89366965932343
1145,26.0,31.41415804845897,12.1605621035691,36.28086187834151
1005,41.0,46.26681661154984,11.864350632172904,51.17195508927644
1009,68.0,73.2096486914046,12.283825002278611,78.09271642991536
1025,110.0,115.01393061700415,13.082623973476988,119.59005348662924
930,140.0,145.4953574521261,11.633518865987913,150.81800380180917
974,212.0,219.18926016528738,8.819814351721384,226.15287507661506
937,255.0,260.3866543110508,12.254107820779087,265.4567598726524
1112,315.0,319.59131575678185,13.927847266162335,323.7095866731164
1184,333.0,338.3931905307403,11.943373539172962,343.5304876560294
1148,346.0,351.3156535009772,12.031226384045814,356.2470954215799
1019,347.0,355.402114166644,8.608231804251398,361.5287075911964
1003,361.0,366.0010367234623,12.265918121224281,370.67412245779065
1073,430.0,435.30024141506516,11.331301385018461,440.35476506190895
997,462.0,467.2707185136228,12.749813600702307,472.1811557669538
961,510.0,515.3762017064167,12.489732004868008,520.3557385032474
1042,533.0,538.0048733057366,13.158599398980845,542.5115056714237
1143,553.0,558.1736178525834,12.260357896654089,562.9665079968134
1071,563.0,568.1149611020356,12.995716705381554,572.7695218859967
1008,621.0,625.5150875500941,14.035492725577841,629.6713300541062
1852,671.7344012461267,675.537394859163,14.289900358390675,679.5945988362971
1133,679.0,684.0948380057821,12.395028983437603,688.8185877208464
1097,722.0,727.0579648136013,12.464430441626126,731.716954566669
1007,783.0,788.1970284175619,12.339693450626294,792.9622860920625
1054,878.0,884.3782315982206,9.976436073650044,890.6821893830092
1116,937.0,941.6498049435259,14.50742259659655,945.8464980926552
1021,992.0,996.5237758174645,14.504121425061074,1000.7013817020209
1846,1051.2035839795903,1055.0218872586772,13.912903497995492,1059.2094454067494
1128,1215.0,1221.4672056278246,9.387992160757422,1227.884164413313
985,1313.0,1318.0743513911152,13.147766147422113,1322.720874685571
1057,1369.0,1374.090092274134,12.20605954779486,1378.9013423216345
935,1392.0,1397.3425628786094,12.210662694900462,1402.445346457723
1108,1427.0,1432.2183216792075,12.885712911453583,1437.014682097825
1135,1660.0,1665.242477655677,12.066486133423767,1670.2006868400285
1144,1674.0,1679.0586489668733,12.597801343327548,1683.7355770183742
1156,1702.0,1707.4464425054775,11.631317174406867,1712.6641547084353
1083,1724.0,1729.1758763336784,12.690248721480557,1733.9627990604504
2923,1824.0,1829.0016195321546,13.320164719783845,1833.4415553633444
3083,1985.0,1990.3085390445615,11.86660416708363,1995.233152344305
3128,2003.0,2010.0476502042875,8.341971007991463,2016.8803568317007
3011,2082.0,2087.5061002458115,11.192966589204115,2092.5012407163713
3849,2105.7552168147836,2109.547040201363,14.186198631773625,2113.604902162923
3857,2109.638558912896,2113.622024732554,13.990177812309259,2117.912905774346
2998,2171.0,2175.412865444133,14.99401443448489,2179.392696882682
3094,2183.0,2188.108674666905,12.428905202011983,2192.9261418604997
3840,2226.9894077450754,2230.506064583938,15.084352090857388,2234.3348607341427
3064,2303.0,2308.0272680985668,13.00299935750212,2312.7274696295026
3024,2313.0,2317.4132955479477,14.802977645218386,2321.3620707067453
3043,2332.0,2336.3010044589137,15.327854034810057,2340.0376230257943
3106,2508.0,2513.0950026970713,12.79030560197566,2517.6941501182246
3003,2603.0,2608.3209739089193,11.783887115856563,2613.194626885825
3007,2634.0,2640.043521975067,9.940081043434901,2645.860601026515
3845,2653.3663032687055,2658.0985440258437,11.36931023430502,2663.253104159865
3012,2718.0,2723.3056934233323,12.412202920195769,2728.2817261010564
3135,2748.0,2753.2095272490305,12.442925651839156,2758.130006401494
2934,2790.0,2795.4830957906725,11.49066075222119,2800.5983591772624
3130,2822.0,2827.271943338175,12.521405086540033,2832.1854971475555
3108,3020.0,3025.2793345055065,12.10468278341888,3030.3086793410853
3057,3053.0,3058.3732588870603,12.208087480136415,3063.330023106744
3151,3182.0,3186.2931825661663,15.174595726137264,3190.124912595463
2999,3311.0,3316.041616888652,13.171795039049014,3320.5751696408083
2947,3339.0,3344.1872127081065,11.829904990623447,3348.9404723618904
2926,3404.0,3409.0306811994137,13.120143633779824,3413.7006517392674
3044,3414.0,3419.4135939585763,11.961577301833406,3424.371586055457
2958,3505.0,3510.036822845386,12.127864546859296,3514.7044201185795
3082,3548.0,3553.0713618632694,12.370396482695211,3557.868847850945
2961,3579.0,3584.1594867919052,11.99631163873685,3589.124923002901
5071,3608.0,3612.6112357677134,13.917389901180652,3616.6171353318923
4970,3656.0,3661.122687822486,12.809288654057909,3665.907213151712
5040,3688.0,3693.147828675926,12.189980895056525,3697.816510636197
4936,3775.0,3779.1459256359085,15.924733063161147,3782.827634100623
5842,3821.655360806986,3826.1027838349705,11.84674633853826,3831.0384431178773
5101,3848.0,3853.048138875707,12.248894348009166,3857.6979576720064
5067,3998.0,4002.606531747545,13.910079336294647,4006.7382160581883
5150,4036.0,4040.7225207005226,10.611941888657366,4045.009741264953
5085,4050.0,4055.1891537408965,12.321115297075126,4060.015600224439
5031,4077.0,4082.187900996486,12.422287458795317,4086.9709600707674
4976,4094.0,4099.013512606919,12.345121237037917,4103.802847399001
5105,4247.0,4252.277278614428,11.620448229366902,4257.183028914982
5005,4560.0,4564.401888843405,15.400788707683388,4568.212448998105
5839,4563.443209564016,4568.301724092634,11.41099383531144,4573.62331418574
5024,4578.0,4582.449159876168,14.366017990480893,4586.492342522129
5840,4754.267573645184,4759.380309946716,10.326018773249922,4764.862994971262
4959,4986.0,4991.271128223235,11.560599251033443,4996.184556568571
5025,5011.0,5016.138029436487,12.67614459896283,5020.929278616768
5073,5121.0,5126.213247763537,11.774162644841976,5131.190161453443
5000,5245.0,5250.516026323668,11.628238306513545,5255.8353752216435
5015,5385.0,5390.321489160818,11.441924350940667,5395.3179122406655
7059,5551.0,5556.235559201004,9.946452305361388,5561.211214723792
7163,5584.0,5588.54339721148,14.361174999430355,5592.647039438794
6949,5684.0,5689.051793932772,12.48628415290657,5693.763320645218
6980,5721.0,5726.166187716405,12.455384109474224,5730.912878717973
7119,5808.0,5812.368375901063,15.749826019473767,5816.156069639963
6919,5853.0,5857.599389216965,14.643977825844635,5861.666557887381
7046,5900.0,5904.373855039093,15.452774085201694,5908.3147252733825
7861,5922.008744141927,5926.377832664859,12.792953798545671,5931.173328356539
7005,5936.0,5941.389234778887,12.292737621723166,5946.284265025616
7012,6043.0,6048.452748531533,11.918419199868795,6053.440673226374
7132,6094.0,6100.146258443825,9.533100554927723,6106.14601522673
7110,6127.0,6131.58412396888,13.900251198660063,6135.6685664406095
7855,6259.2884754649185,6264.000135370946,11.54795664695664,6269.012302136362
7847,6358.837728618365,6363.165850861958,12.222957411376479,6367.855672178257
7097,6412.0,6417.112324982284,13.130382777863629,6421.712736840364
7106,6442.0,6447.430883856215,11.844836457226775,6452.61500120307
7840,6542.690656139629,6547.063917966896,12.778117554297825,6551.7675040994545
6970,6552.0,6557.171983620712,11.900507527820137,6561.995607103691
7013,6583.0,6588.1581482213605,12.95040066211153,6592.851471117101
6944,6644.0,6649.381245065413,12.184746886159942,6654.292401244091
7034,6717.0,6722.161412367313,12.182795987699865,6726.971637487494
6963,6781.0,6786.249917444297,11.551899748937837,6791.181666386279
6946,6867.0,6872.469824791822,12.02065014842296,6877.652427422207
7122,7074.0,7078.368297446309,14.912342507307836,7082.282618810043
7138,7154.0,7159.006615001475,13.144276226035506,7163.666965283997
