521,432.0,438.1958670821647,13.430705854783117,446.16969567807377
451,664.0,670.0075432575002,14.170559737862622,678.0090150709203
455,787.0,795.2668909894734,10.473301286585421,805.9553956162603
587,978.0,985.3173487747656,11.744146578502475,994.9786901705635
574,1344.0,1350.2376768074303,14.055883140548397,1358.6628866685116
415,1781.0,1787.3524329942773,13.569801868064062,1795.8785866316975
2451,2214.0,2220.242418313364,13.698864699233626,2228.6382436482504
2587,2278.0,2284.557326158332,12.44840262560292,2293.0931263273624
2574,2280.0,2286.356720080038,13.771190030201666,2295.2736529830986
2571,2323.0,2329.188234838447,14.183456951754692,2337.2467268397777
2564,2693.0,2700.4250281411664,11.17184326208088,2710.159813768543
2509,2781.0,2787.1664342829936,13.523004511615161,2795.102703050235
2427,3056.0,3064.2037977836258,9.60683481068575,3075.1052584402496
2411,3211.0,3218.2168574096268,12.115501327385047,3227.8349042613618
2516,3459.0,3465.1933371696964,14.422762810171307,3473.1774123537703
2492,3499.0,3507.028035132245,11.189782389507522,3517.026828528047
4407,4566.0,4572.229184848735,13.563209791403242,4580.61485006438
4545,4760.0,4766.547727435561,12.890324737042057,4775.17959053456
4549,4989.0,4995.593422806581,13.05382949728907,5004.27340451209
6407,5899.0,5905.345306992512,13.269448965809044,5913.7780927927515
6648,6141.0,6147.454527377844,13.883442558303555,6155.9264430752455
6644,6505.0,6512.417868270208,11.279704947213533,6522.130107581037
6426,6645.0,6651.098825376372,14.22007295941911,6659.176737913361
6410,6817.0,6823.196120242344,13.532069926242604,6831.670758354671
6602,7184.0,7190.261126480984,13.124369520987434,7198.758552206349
