482,337.8935356278598,341.2818764430945,12.708783153486717,363.49366090863293
480,413.2538335363421,417.42887785727527,9.579684674552077,425.5780521889208
489,415.1741698420294,419.35150308422817,9.707306745176586,452.99683783544907
491,531.1812940764723,534.2704867880288,13.61673494133166,543.5115702176658
1423,633.5269543607732,637.3139985770206,12.761812365499841,642.8637366001445
1594,648.7026046933536,653.0063882026151,9.346753552108572,660.1874886168221
1608,913.5628805952321,916.4742420455404,14.335280435345764,921.4736062368239
1421,994.3413614081906,998.1227262677105,13.355809728534815,1003.3592658548297
1602,1005.7077571594268,1009.1386600103399,12.982649373408874,1014.7689387753206
1605,1286.0491780129873,1289.0413638641205,14.012987032642915,1294.0236382468227
1433,1291.6346307117226,1294.4908662409575,14.235311013711671,1300.710244326647
484,1516.8650133641918,1520.2793034941378,12.247500874246477,1527.4278684785072
1610,1544.7085688483505,1548.3921761947902,11.102830031607292,1554.565677443145
1274,1546.5673640397172,1550.2553836719055,11.282676482086549,1556.4272255961316
238,1624.849007293179,1628.0825389264023,13.095049283763831,1633.525828209983
1268,1635.6430463782413,1639.0200436339862,12.227255388831411,1644.7115095323522
1276,1651.0077098390836,1654.1595161116609,13.424394598177757,1660.5191175356701
232,1714.4878594602576,1718.1651353435234,11.752374324812326,1724.8354762840272
473,1955.1434702325244,1959.1913165749188,10.412532038429612,1967.1959407472445
3276,2193.4074474622853,2197.0105168278196,11.513885772611925,2203.8747221504555
3593,2197.3637482372296,2200.509018178249,13.162899504268308,2253.424501698747
2090,2375.4023911537915,2379.2937710343394,10.55124659363143,2386.7797776842003
3595,2446.4240564820298,2450.133374793744,11.43661684058913,2456.3403665634287
3275,2536.4531902920185,2539.428872620321,13.775273771348193,2544.441027704134
2239,2703.7977886584085,2707.4016675893276,13.26732818509173,2712.7488932562364
3432,2715.1067589533245,2718.1588159573685,14.311674583797183,2723.2104048985784
3279,2717.190124440635,2720.499844153128,12.651567007693643,2726.0440062271928
2229,2883.833673362967,2887.558215147972,13.611301867839538,2892.5752360675947
3598,3087.5918890895114,3090.551621388032,14.001213730591779,3095.432806219024
3427,3091.571979017634,3094.3826121378847,15.501621535998023,3099.9209489128575
2231,3153.621327209362,3157.004285742363,13.603321506654392,3162.2006863050497
2476,3201.066074422439,3204.5679194088193,13.181660080700643,3211.0940684674592
2078,3255.687766882255,3259.166045758237,11.65696667720824,3264.9621997923914
2471,3324.42712663897,3327.289826311443,14.548374464800283,3332.0414749122438
3273,3350.839925934866,3354.3044635146407,11.556327426772754,3359.997093897086
3429,3437.361587148259,3440.514131564694,13.2634265574192,3445.8004570794974
2473,3562.808647539418,3566.330398679257,12.371853207991446,3572.9934383159753
2772,3581.465113112555,3584.6294375944635,13.692475195662563,3603.5783009489373
3433,3613.9863100922566,3617.2442906832566,12.5018475670953,3622.6639322574765
4471,3841.5344172493255,3845.100567953261,11.897185963761958,3851.8690955098277
4076,3962.233377686623,3965.5834046867108,12.68812997113302,3971.3100222159255
5424,3999.0699908831966,4003.0414524651565,10.29271400395703,4010.6641101362175
5263,4068.26661991098,4072.306805475301,10.135151931922886,4079.1552674953914
4468,4103.9301930132215,4107.63454674723,14.679993170192148,4114.030056483593
4221,4146.430282704076,4150.333835766771,10.890545783314444,4157.170834398962
4765,4208.464607460557,4211.2541858650075,14.968699968062147,4217.169194226649
5603,4422.619785279648,4425.273398351309,16.003075297323058,4429.724449947013
5420,4529.378354695671,4532.47741511981,13.191703174791309,4537.531766551074
5585,4603.816262682306,4607.351630309638,12.596346954509546,4613.204282181143
4773,4638.647403802227,4642.412295637256,13.931447344544667,4648.86067601991
5270,4785.173589501825,4788.486576821238,13.237356246114325,4793.996222632549
4241,4863.55941247413,4867.245571006531,12.341141770829934,4873.12455158144
5261,4877.258163249006,4881.171154038075,10.718461857798637,4887.665361015942
5602,4879.448878390208,4883.096166005139,12.010736520235739,4889.5035784976735
5609,5133.4577093853895,5137.093181687842,13.290090356545335,5142.345100756639
4768,5272.098501089428,5276.122524349181,12.115967488667204,5282.771537324079
4082,5403.564591919882,5407.323438592709,12.030731601692214,5413.159975421139
6077,5795.192118691337,5798.295134865862,13.105362077441487,5804.977513515401
6083,5856.5056323584,5860.040833729949,12.674903577044146,5865.600206076626
7418,5959.601615322615,5964.195719403089,9.454100708343567,5971.748109117094
7430,5961.570210028086,5966.119915916797,9.022125145813064,5973.718633935666
7603,5975.847040184756,5978.60065264257,14.714226825407932,5984.840905375581
6469,6003.13742891911,6006.560646341168,11.69035962239454,6033.339209246859
6472,6097.3889579335855,6100.533146848392,13.746518578432104,6107.695452865351
7421,6134.070535477292,6137.383185310998,12.500902648981272,6142.840824848443
7264,6224.550490241522,6227.512275887464,13.894305419102462,6232.462251262528
7428,6573.609712331856,6577.029091399566,13.919792025855477,6582.240381538313
6088,6675.854836242071,6679.279800510882,13.079139358768863,6684.806774891896
6468,6919.8311990272105,6923.272414928988,12.34545181472195,6929.9727023819405
6221,6933.634437780588,6937.276812472687,12.912702922633613,6942.435480671543
7270,7036.695894078596,7040.408281640179,11.30523720323678,7046.3940776974205
7431,7113.7395584548285,7117.563291172924,11.765113863442007,7123.552219820922
7600,7215.262497056859,7218.489051222106,12.86697101604671,7223.850766203178
7429,7474.200536166394,7478.306275076607,11.507636443799669,7484.490977829189
