1665,48.73563348653209,54.35438623831994,11.190224744744512,60.81246359675388
1533,138.7196322174022,143.27942925336382,14.644103619683897,148.71127324448804
1532,140.99441276129508,145.50537808921794,14.922135247676735,183.44407393077424
1671,275.3128264507765,280.3186755227943,14.043014815377724,284.66241152815684
1693,395.6719450567858,400.40233346132425,12.74477387114339,406.5113740881407
1682,545.0252893907101,550.4667839392266,11.595775030248674,555.7277992473945
1680,646.5144654543695,651.2843881724849,12.815582509262567,655.9718980427173
1699,812.7572213896844,818.2679340554099,12.215482095766355,823.4180152941476
1526,860.785141910269,866.4437297328803,10.69194202103531,872.7928801383472
1673,862.9800958500114,868.3588679901121,10.687384697021226,903.7735522822638
1666,948.6403706464555,953.4184618805463,14.28880114453654,959.0516045621505
1639,966.8313485098864,971.3800241665658,13.639826219650946,993.1342564914306
1695,1173.187637038577,1178.319142889442,14.707491827805535,1182.483991719729
1692,1497.3727281755607,1503.1284240493399,10.517337668912036,1533.184027289679
1678,1632.850267086181,1638.0790148330043,11.619792095329066,1643.0312348941113
1701,1719.2885911929948,1725.0713298445412,11.630871916421077,1730.7108346649416
3528,1882.7321719557797,1887.1945158916926,12.892748908717694,1891.7451357598063
3724,1892.7489598627442,1898.0907560638377,13.290904385974839,1902.5922921048489
3701,2029.0969268955862,2034.2490017492025,12.195294826150398,2040.0339934756378
3689,2073.153971384144,2078.397020066076,14.479454081666647,2082.634764349689
3651,2750.6584898155784,2755.3307873780805,14.037771704072401,2760.9549564713298
3713,2799.470467919932,2804.315576998255,12.871340082501447,2809.0387336835925
3661,2865.4391403752084,2871.157503698315,10.206086364828856,2877.9360779964745
3530,2869.1153220773886,2874.176734827703,12.202610887913716,2883.3785989907515
3535,2935.8555956414048,2941.2158931927956,12.950968848252257,2946.862010677921
3680,3068.191758283957,3073.2101876125007,12.770186478715763,3078.0860776589143
3683,3278.2276048909275,3283.15550483124,11.90289413001582,3288.9067438794864
3544,3407.930659646425,3412.5695655700747,11.905180820179819,3423.849991314489
3642,3468.801467554819,3474.401831014381,11.044785195724405,3513.2279429649593
3643,3558.5277748918174,3563.531335391341,12.593820486838766,3568.9652484136423
3549,3573.024659377478,3578.32130015957,13.48938410773581,3608.4137177144057
3734,3610.324265637477,3615.2908058641046,12.698462471812919,3619.9392555659765
5541,3740.3804198028884,3745.160826101799,12.162863532391828,3783.3559832479295
5516,3844.7516043600313,3850.1384672480713,11.657878159344724,3856.5354143489035
5729,3905.9244679041412,3910.460370861837,12.827591282992072,3915.9242680915117
5514,4109.20992717435,4113.469858502085,13.573455942832274,4118.881828813524
5670,4278.605808694653,4283.448175519657,13.202682391565864,4289.369837284449
5657,4283.542635182394,4289.308945414063,10.59913259724714,4323.1620235739165
5686,4285.365158679979,4291.208748123945,10.63318794849458,4325.64916694442
5726,4507.4239886173455,4513.225589723164,10.665083543826807,4518.72696756115
5668,4560.272505059893,4564.22814230643,15.094218440270785,4569.686237937991
5673,4599.658155665724,4604.404346742316,12.760377239335691,4608.974264472402
5513,4910.75940865155,4916.0853387596635,11.36470921618193,4953.804237387271
5666,5006.668803911663,5012.502371109476,10.47990903261417,5019.004550456622
5717,5048.705897932343,5054.198062910493,10.297684318071413,5059.704990254971
5545,5178.616262713708,5184.239444734021,10.544830140919649,5190.701181995135
5708,5345.104339051424,5349.453251730302,13.957694679437743,5354.957351929502
7703,5673.201438419992,5678.26002404098,14.186320661907763,5682.522554652184
7704,5792.900510859151,5797.488150780484,13.325506282983094,5802.850092464934
7659,5808.475948110885,5813.194856016284,14.977838829600811,5855.676174782164
7692,5957.960989344186,5962.569510756213,12.987505716423469,5967.068470833531
7537,6009.957113939889,6014.559937142894,13.345790025494582,6020.543934903574
7670,6198.285857396423,6203.033528943383,13.01929151652481,6216.213411628548
7696,6217.963569016489,6223.073739217987,12.840531504407013,6227.930146415462
7516,6258.52014577389,6264.036592394947,11.248414266745016,6270.057069074528
7725,6337.362677991072,6341.494465216406,14.237276517099415,6346.803144369009
7673,6606.024056463457,6610.371631872972,13.452130639520867,6665.778719332464
7668,6624.539504121114,6629.411661024701,12.159462165125309,6668.599839840491
7720,6697.077208517197,6701.503262163432,13.420957994275454,6706.917973276984
7543,6716.476558050034,6720.543583972632,14.735912988130275,6753.055084063912
7722,6851.452446647832,6856.34221503994,12.810258541564012,6861.106182811431
7538,6888.518020551441,6894.096617215071,11.029702052919543,6900.279030752973
7654,6982.090624148085,6987.1010082900675,13.663374240035981,7023.572135091186
7655,7010.928603999128,7015.03972849988,14.055331617799528,7026.254082645674
7684,7023.199691789975,7030.008172816408,8.711264847673306,7036.785098675678
7544,7179.173764781159,7184.275495995086,12.099800998788677,7190.098751331439
7683,7202.829963747784,7208.19449414964,12.054453897504269,7213.032447121499
