1213,409.86233417402406,416.06975627480665,13.28539483597841,422.04875815418245
1231,769.630784238339,775.3996355998052,14.530035218779942,780.8504754590508
1531,1039.851087241242,1046.385217170201,12.744567623465944,1052.9294841676356
1526,1129.8976708202272,1137.496327998082,10.48440975925653,1145.2164129443966
1215,1131.852756756504,1139.4132338553923,9.697828063221317,1147.122156583789
41,1223.3921105634688,1230.1101653734047,12.216695337919242,1236.9855143732061
1375,1309.2660110461115,1316.1434421556637,11.812547177205351,1323.2282225870279
1223,1399.597015922787,1405.6185305361664,14.19126673620125,1411.1614635115197
1235,1579.8610502520187,1586.4639697929513,12.815935870238926,1592.9888096369996
3528,2062.4242019692965,2068.539599169307,12.67258734950886,2075.514978337495
3387,2209.7966563479313,2217.011083535508,10.737941538323346,2224.416567255835
3380,2299.3285325585316,2306.1516298752385,11.338814119203288,2313.1604668616233
3372,2569.9305265514527,2576.2497538445596,12.402483712421349,2582.477862237092
3224,2929.187852310829,2936.2075016113954,11.672441431911237,2943.4282344148983
3212,3741.6579947304654,3748.3445584192305,11.477201371262376,3755.1774382564554
3373,3919.457237690159,3927.1916062850532,10.470005077743307,3934.8686693908385
4033,4279.992162667513,4286.598751219578,12.724363354399845,4292.859676311801
5217,4281.913563409642,4288.340070626397,12.407927275520185,4294.56669842249
5538,4579.95415850544,4585.634277807493,13.80061284548933,4592.565960821565
5513,5179.168458438316,5186.183277362668,11.50621470557905,5193.217575192062
5545,5449.8626905327565,5457.269745353455,11.041733229971515,5464.760191688871
7384,5631.882978943632,5639.021268225182,11.549651609675879,5646.188582069333
7375,5723.330848874048,5729.509614988312,13.220206886829002,5735.895168619176
7216,6446.070480703504,6452.600604479198,12.564761889067288,6459.360470127606
6041,6979.540994350699,6985.619155163089,14.730779537554636,6991.251965348317
7390,7284.984219249513,7291.416018748968,12.643749359519653,7298.637411851178
7367,7339.8080479917,7345.524883454817,15.514562747860591,7350.8128495231485
7226,7341.790149199471,7348.186784676084,13.030027974024,7354.801114237533
