1842,849.4875134696546,850.6603084683063,9.384889525440613,851.560317798481
1840,1300.402220599364,1301.5245103126804,11.26788611384092,1302.423914721118
1841,1476.0414264452895,1477.020626053334,12.62602346521939,1477.7876851547915
1847,1661.0388829341064,1662.256440026648,9.510343324611588,1663.2440665775541
406,1764.6401361731805,1765.6338475083783,8.810233204945956,1766.3764673946073
3843,2030.3753153147052,2031.357600347878,11.959202781647528,2032.1554186916944
3854,2036.5929550294775,2037.506428525132,13.658691833729568,2038.2167283914937
3849,2210.1369856522865,2211.0927253668074,13.131215127727016,2211.83027372924
3853,2308.901739465383,2310.0583378964875,11.284508573371145,2310.9165858344672
3848,3190.9755825622565,3192.146972054787,9.553514128363366,3193.1610940591063
5860,3996.3697208510566,3997.4169772766063,11.874704698641754,3998.2367384353643
5843,4016.06617527398,4017.041318954577,12.205111200819955,4017.8348312835396
5856,4373.517819937484,4374.523440071685,12.697895412378623,4375.313897730546
5850,4562.181263412902,4563.070605495149,13.104353808145593,4563.8096656850685
7854,6019.930558587838,6021.21041896906,9.816125937283962,6022.201509359891
7853,6895.468334449786,6896.410060959397,13.243016328000465,6897.141764999924
7862,7248.280022552964,7249.21195807981,12.663169817557316,7249.976767077379
