135,400.0,404.49498350624265,11.196790741567924,406.2241405148221
100,451.0,455.2930304472143,11.06772080843766,457.89887191851795
99,626.0,630.4566667730975,11.133825347449246,632.9992860800722
119,643.0,647.0474064557828,8.601182316697157,677.7798101222028
70,893.0,896.5033721606306,12.86588358608476,898.7459522935449
133,989.0,993.1015492030358,11.620015491085253,995.413954111801
39,1206.0,1210.2825506126314,10.114269133546747,1218.3004668033402
19,1372.0,1376.051644702409,11.836881353732531,1378.328637469181
91,1612.0,1616.3678995947168,10.822266095326396,1618.8049247817564
123,1724.0,1728.0384512492378,11.431577198584831,1730.6461485281015
2085,1824.0,1827.2790432466004,12.548544959354134,1829.6696678784842
2152,1971.0,1975.0547575643682,11.809627740172333,1977.3638086843841
2119,2144.0,2147.496330597915,14.355779125128077,2148.8246589000773
2132,2486.0,2489.4577904036846,15.02254396706378,2490.7321965563815
2067,2707.0,2711.363619730486,11.237717338678786,2713.7596115835167
2054,2904.0,2908.4243707903424,11.073330157869345,2910.885881077157
2064,3078.0,3082.1166409824586,11.804676866859259,3084.4273579664477
2038,3143.0,3148.012741387622,7.837289568661387,3198.398638998397
2087,3293.0,3297.411765303507,10.46893344228066,3299.2089847342254
2097,3570.0,3574.080742572137,12.44609217720213,3575.671741175111
4136,3670.0,3674.4079698864994,11.511635757755407,3676.146047826521
4001,3738.0,3742.2716290607127,11.885148019505229,3743.902629791642
4149,3759.0,3763.1362384868294,12.094751186686567,3764.781610980147
4071,3763.0,3766.2799617867863,16.143027178735334,3767.5087016408233
4123,3782.0,3786.0497302354547,10.747056885761017,3788.6919915533726
4142,4010.0,4014.29886355026,11.990676841504477,4015.9976935144127
4081,4155.0,4159.324413980674,9.428657116633483,4187.809194096631
4003,4271.0,4275.238069751263,9.77947715098629,4278.351453785096
4092,4531.0,4535.022037039585,11.645215991324442,4537.363278502471
4057,4581.0,4585.330546894632,11.265363364971632,4587.822819599306
4053,4583.0,4587.159627472147,8.69890725161781,4638.062018924672
4110,4639.0,4643.339620833229,10.869645597179511,4645.094138661063
4034,4858.0,4862.123745092507,11.963159644600818,4864.522691719116
4091,4986.0,4990.188737807491,9.221089327587661,4998.255129889033
4038,5281.0,5284.640741872388,14.602937181595635,5286.0024283891435
4111,5355.0,5360.054830539638,9.030579464192567,5362.233648866002
5999,5565.0,5569.4662813975365,11.132791965640388,5571.225043008884
6041,6811.0,6814.624381284267,14.636297484076769,6815.992085179973
6029,6884.0,6887.425726297696,15.630923052201624,6888.658435128169
6113,6905.0,6908.455822110701,15.066510901406735,6909.77059207045
6096,6937.0,6941.315385071023,10.784094395064361,6943.665391343496
6069,7006.0,7010.010022887368,12.550976006160777,7011.553038854479
