413,10.0,18.131756703190053,11.43441043464112,29.439056839273416
558,61.0,69.46619248095654,11.104055853855302,80.27670233493919
524,101.0,109.03455239565642,12.577710262223599,120.30914600068492
616,581.0,588.5870186167231,12.908593887042748,597.8983655617736
471,602.0,611.2903126118928,10.19127504712464,623.1457674119832
630,641.0,647.4169658128336,15.120091845657422,656.6585051454481
523,667.0,674.1238992338414,13.821350826109619,682.820818171565
600,854.0,862.1593601740345,11.534059728063536,872.4869194188088
645,1092.0,1100.3866391924255,11.984381816412311,1111.9104799804552
542,1463.0,1471.0651548632118,11.675481631084066,1488.3155752855341
582,1595.0,1604.3470704955832,9.582280510975764,1617.6739648550424
486,1596.0,1606.2045542227709,9.254973888827074,1668.0958742497887
586,1703.0,1711.4960226070546,10.925345616500296,1723.2323476104561
426,1772.0,1780.0159163379335,12.743332947137759,1789.8428976582386
2470,1814.0,1821.5238992776863,13.026297829642548,1853.102739765168
2611,2209.0,2216.3819760118454,12.495874530365787,2225.548003853108
2633,2319.0,2326.280067438283,13.882162255978146,2335.1078378869543
2526,2361.0,2369.1031798490976,11.740322570734879,2380.6954681570164
2647,2520.0,2527.4947372418187,13.362577732043865,2537.9146347244136
2566,2819.0,2826.5671704866795,12.421914539541154,2835.9428769278406
2580,2901.0,2908.0432746683555,13.334726029684193,2928.539893951802
2532,2947.0,2955.3253435300003,10.88043216246705,2966.9295674176615
2509,3016.0,3025.2253193068136,9.924226808434966,3037.29189618517
2460,3097.0,3105.401085330305,11.554313795685104,3116.122141948043
2450,3213.0,3222.184761537502,10.71714400104454,3233.8671552033825
2480,3240.0,3246.059369907563,16.497594686005257,3254.8641277111146
2510,3378.0,3387.206015647636,10.473303951494644,3398.7681635576305
2548,3505.0,3512.367256375966,13.232550634213778,3523.1473621289524
4621,3605.0,3613.1680930444636,11.917681724535203,3624.8239918806617
4507,3718.0,3724.2715682123826,16.30147855422177,3733.376908108151
4623,3852.0,3859.4633494282602,13.26655188391958,3869.848815471785
4598,3913.0,3921.4773895841313,10.606458908634059,3932.3588974802624
4472,4241.0,4249.44376415446,11.434152482154332,4278.556721535272
4630,4271.0,4278.22493277359,13.88902697883398,4287.249619083689
4636,4284.0,4291.429536667799,12.90523533122635,4300.384922476514
4635,4303.0,4311.061305642754,11.537208285929362,4321.90728278118
4458,4604.0,4613.095847218261,11.08425881592924,4625.561101515224
4493,4611.0,4619.432604213741,11.272096908323734,4640.983462628854
4480,4622.0,4628.620885159643,14.748875983228348,4643.147230670209
4492,4734.0,4741.365776648458,13.826064877241095,4750.478103314221
4540,4872.0,4879.011310394864,13.715008990873738,4888.993178800203
4454,4920.0,4928.407609947097,12.116584206245106,4938.764527640828
4561,5095.0,5103.442072662483,11.596412287811239,5114.336079489574
4554,5191.0,5200.119218023488,10.071432076238223,5211.5648443559885
4417,5368.0,5377.180717340077,10.543867655377213,5388.910947504085
4452,5394.0,5402.391952306348,10.930509317256654,5413.796718718231
6463,5552.0,5558.651681916832,15.044981547862104,5566.683450914383
6641,5572.0,5579.369808258761,12.977077931615169,5628.811931324684
6593,5607.0,5616.193291931246,10.764124528188258,5633.482806411828
6592,5687.0,5695.050017186267,11.776245198846057,5718.152434331777
6611,5702.0,5709.277591056061,12.900116494496435,5720.570654322793
6557,5806.0,5815.3328314003365,8.779834417831461,5828.546499302018
6510,5876.0,5883.543817207393,13.463438098365954,5899.054217132821
6558,6143.0,6149.364935442724,15.477642970670257,6158.8039033186
6598,6395.0,6404.389509357473,9.7259944846673,6418.11565951513
6532,6487.0,6495.541325307589,11.596938923041659,6507.158030269442
6627,6646.0,6654.007125762104,11.474094835987424,6664.8587306362415
6541,6668.0,6675.473992922291,13.202156018682233,6710.833406994702
6501,6857.0,6864.137932215888,13.305939816847545,6873.980982610268
6533,6942.0,6949.433718834532,12.472906482245403,6959.876952698754
6589,6962.0,6972.001148826173,8.941656053177933,6984.96190014878
6465,7132.0,7139.313158924645,12.972766795809758,7163.170781746148
