1409,389.2201508686248,394.4740149968005,13.215820674980241,400.7438932848067
63,440.07906107663854,445.45364885467615,12.528505401890557,453.38882078550256
1394,575.1509853849938,580.2157912783604,12.824216352542463,587.0169492289363
227,880.5136037718692,885.1131671320574,14.411906191104626,891.4869271726052
239,1155.7472570989605,1161.0433506612776,12.556286385776325,1173.580972702782
1570,1627.4321245991403,1633.042135920611,12.01162435162814,1638.567992536189
1403,1651.18234787986,1657.3779329805932,9.964330583340606,1664.9792148145843
1552,1807.7766711365216,1813.255670025686,11.703271955066326,1818.7688902769028
1585,1823.1519600305662,1828.488833050923,12.02721849954451,1833.9918808340767
90,1877.4005553996797,1881.6637624695936,15.315718028627396,1887.0281851049276
2215,2148.4278322215505,2153.116532426973,13.917145145616008,2159.243260528971
2089,2152.331574486513,2157.395911750098,12.564872497764565,2162.469146547461
1406,2165.8356517902653,2171.0094748654988,14.30132182554337,2175.6729396362043
3396,2190.6301517816337,2195.313436413954,14.33529146349953,2201.871677934143
3411,2192.363511062957,2197.0561122093254,13.780481183695183,2255.0104642714387
2091,2330.263233663432,2335.2450043600493,13.182696927252923,2340.6037734405004
3244,2551.864713643503,2557.045764498552,13.170937437493468,2563.375453902741
3826,2724.3808280819103,2729.5931256709573,12.638099674119593,2734.846607763265
2065,2868.117859353627,2872.2838672687258,15.820487977804298,2877.8762069646154
2219,3055.572339864243,3060.3030301687595,13.945006560779149,3065.360557357657
3404,3067.7574864498742,3072.449505418105,14.620569079469545,3077.0847080304166
3825,3264.3480694674095,3269.4667859344154,13.52785729424714,3274.6892329126053
3811,3695.0279818257277,3700.1087151555244,13.330594739024795,3705.0918375099372
4077,3773.1012280040295,3778.251980267954,12.49715288974935,3783.4933943713386
4229,3775.6642766002356,3780.633349109063,13.881732411794614,3785.6095506361858
3408,3809.829428233932,3815.0376949348024,13.391258925823179,3821.747294891948
4065,3866.880415723971,3871.624742545794,14.881768533960926,3876.2225354882967
4236,4308.1118952192255,4313.417265793102,12.81680308122334,4319.745616064244
5555,4420.032175222078,4425.229335219548,12.619642334825107,4430.80473061571
5571,4687.366206018673,4693.2501283321235,11.000817009294249,4699.176754158617
4066,4750.39589774466,4755.027624377171,15.144027730807915,4760.853166828003
5804,4775.142661811983,4780.100582779716,14.120802797212292,4785.00844461026
5564,5047.247721663074,5053.194707374325,10.67483474330348,5059.16074327301
5419,5071.936238569793,5076.465571147961,14.294875285893744,5082.570947863427
5557,5225.474948135698,5230.609957992972,12.822325795157214,5235.650551420465
4230,5384.995774735422,5390.211695749454,12.49355886389492,5396.781423463446
5391,5769.055019684315,5773.579767581923,13.941785251551659,5778.320915725734
6072,5786.3896934830445,5792.120696955931,11.815622809751094,5797.821187196514
7400,5789.631026598999,5794.441775337909,13.620678231925075,5799.75022037116
6073,5810.114461568512,5815.568156421636,12.048631454188312,5821.798247304627
7239,5962.111046642603,5967.178804650039,12.82072791933875,5972.387116498007
7807,6322.892397426674,6328.537846182499,11.53481800518794,6334.265333252208
6226,6374.047181849981,6379.420094098825,11.941685950327845,6386.454170215532
6228,6473.033609839854,6479.16152581676,11.278077178171213,6485.4295049461925
6239,6561.547333496248,6567.011352997292,11.814287198869938,6577.398310964648
6061,6733.677701334491,6739.203810179634,12.11025638459524,6745.711610079926
7399,6876.545171636032,6882.111971447947,11.959451356798208,6889.023811031691
7844,7046.015634923025,7051.528149940504,12.180365503133546,7057.029768113895
7568,7220.0983157702885,7224.601272864986,14.404869636568291,7229.219903301828
7577,7296.920267212641,7302.216182842696,13.150253026531177,7307.241755123424
