46,48.81646137829111,50.30053563666908,11.911854376690592,51.20642111853358
71,141.19595739567504,142.4555285587735,12.459457040576057,143.36114674151165
114,1490.8000150279236,1492.3178587734972,11.853886699477838,1493.2502167920836
2041,2028.6636592625894,2030.172607156637,11.800760979746892,2031.1297652508706
2066,2478.575422349878,2480.0730377838936,12.830191304706613,2480.946176881457
2117,2540.0879760774537,2541.4009158658605,11.872054853973584,2542.37277908916
2072,3020.7036587304533,3022.003539175994,13.368556563031108,3022.841516081319
2058,3558.5625470102336,3560.084466022852,11.44443981078578,3561.0592444931253
4069,4278.572488428826,4280.061268812964,11.793266917634579,4281.0111390394195
4061,4458.6844210593945,4460.172492060323,12.726949427094208,4461.047960633995
4056,4638.948398743851,4640.450763683664,11.509246846437906,4641.37581372077
6049,6348.65683858162,6350.213926836287,11.88998523573372,6351.154091868124
6059,6798.631653711293,6800.19422493503,11.508831412701765,6801.164468429492
6045,6888.415483284499,6890.008710345906,9.4804471053301,6891.177775914363
6033,6978.530076708955,6980.0199489176985,10.67530103419963,6981.066827222675
