1975,123.9148390157798,127.15306770894537,14.571538715968636,130.08537684689588
1750,190.54364694045876,194.34532997389263,12.009245538062897,197.85850810252705
670,254.88815162085166,259.1195388404528,10.145161064193818,263.32764452143846
1960,302.14043812179364,305.3220029081538,14.148876556178662,308.15335454500035
663,426.67006446450216,430.01640183377907,13.414461823054667,433.25665780263705
422,431.9908669567569,435.22592642319273,13.398312925623774,438.69702286630576
676,515.3651923776565,518.496967565067,13.770096344294215,521.9331717162509
1941,608.1513776271402,611.5788074322829,13.199533704156115,614.7404013067271
434,625.505673809325,629.0622384848651,11.928010848543746,632.4789910819172
692,627.4100730689215,631.0749606498944,12.298349071110156,634.7466327155705
1998,919.9363298066255,923.4104385909309,12.294192863392716,946.6375692684511
412,975.0494322836503,978.3544419236158,13.556398903142954,981.5983917934641
680,1065.5449716368832,1069.1807080635595,12.356266530858669,1072.636442526567
950,1164.377285096915,1168.4127606275722,10.719523734315944,1172.430020345495
439,1326.0905928913044,1329.348012847551,13.023595998577946,1332.8318046932814
944,1421.6063707143235,1425.00378541175,12.433417708218636,1428.3263908254362
433,2061.4566493368516,2065.4222360425524,10.956856851249738,2069.4415057799997
3988,2083.4747219302485,2087.3231023489916,10.74011399437984,2091.0920677322915
2953,2138.631525492101,2142.1500003136266,12.33764571156624,2145.840959179342
2419,2148.048975707766,2152.505432877831,10.161136955687276,2156.8795371559822
2952,2589.3781992090753,2592.295077339675,14.323235218887058,2595.6670250805455
3929,2680.884349144076,2684.0301078819957,14.117367789310224,2687.1031388212273
2675,2696.29475621087,2701.4018203829037,9.036781569124956,2706.6028243139067
2938,2852.3733220465083,2855.262320125381,15.327623170500996,2858.102719989144
2671,2946.067833328204,2949.3103122958537,13.640230365881743,2952.4922188293117
3997,3000.9201632030185,3004.3934997275624,13.100843581439927,3007.761955226417
2674,3057.3454238405006,3061.3696083505356,10.287524597011377,3065.215351949936
2662,3125.9592823965695,3129.192403644537,12.901003603096722,3132.370424875006
3979,3174.080264463431,3177.1188844128037,15.347211466125994,3179.810684758061
3956,3194.428237535554,3198.20715955016,13.085597300707184,3201.4883249053146
2413,3227.132088538992,3230.416623601521,13.430344414844924,3233.776985792179
2940,3288.5662319378043,3292.393659202272,10.81330160226051,3296.1799019534783
2665,3399.8016729949295,3403.1787599547383,12.424061552991645,3406.4164205795378
2672,3412.7806318250477,3416.53674318737,11.580165068413274,3420.3205159318845
2660,3498.6904377009832,3502.0931149713074,11.771271317113996,3506.3258039281454
2684,3669.7561628872627,3673.368330663076,11.794142122460048,3676.8961207971665
5951,3722.90942539545,3726.525611456075,12.2745802101189,3730.0112432076917
4413,3859.2495531966943,3862.2235963979656,14.994710729121541,3865.4851950642646
4948,3885.858562998132,3889.373892881922,12.144802773129436,3892.738309327049
4945,3947.8399775953158,3951.275656761354,11.987298686875311,3954.9237661372226
4685,4037.993131347897,4042.281297851715,9.748853480309988,4046.7879799397965
4429,4039.987082745584,4044.3067773207526,9.208404888864822,4049.3086981308356
4435,4044.651729864754,4048.143160400155,12.358060959198792,4051.8204771626674
4421,4134.928461442071,4139.398755834994,9.644758196476088,4143.8558090752595
5932,4184.205179393934,4187.466082874609,14.89852091338225,4190.310279460099
4431,4215.532884690504,4219.22414959462,11.714667456505586,4222.826705855542
5981,4222.811411339257,4226.3849565108785,11.627440987788312,4229.930444245559
4416,4307.160669247677,4310.564747543168,12.894686077989174,4314.209969741005
5934,4666.065605781644,4670.279220674213,12.436464843524522,4673.7797946685005
4947,4809.379567475009,4813.082479013532,12.094896289789741,4816.842057443744
4657,4927.064896789166,4930.418626392846,13.360896280667038,4933.711556198346
4677,5107.673431799037,5111.179167238454,12.027408923952455,5114.578891573654
4951,5156.851060355683,5160.285710754841,13.113738863703711,5163.7768809635445
4666,5199.118404390548,5202.391528969439,13.089468259334033,5205.563983170521
4408,5295.850824291059,5300.08556850701,10.363463048526215,5304.174858592689
6665,5655.50468627184,5658.618176804952,14.64890099511215,5661.899227894048
6678,5849.199388055786,5853.071733387426,11.335533311993311,5857.068471514965
6669,5929.440919284708,5933.386693759753,11.344981572087951,5938.33471470769
6657,6027.3831287569665,6031.21401039334,14.084699362053032,6034.528507344943
6408,6094.880798478965,6098.124448678614,13.246156404524143,6101.623946983906
7952,6108.331690181115,6112.1667310702915,13.361864254592092,6115.552788136
6656,6453.139228257917,6456.102917763149,14.240203616429703,6459.009963522674
6932,6509.326793002063,6513.500931132219,10.564890230047782,6517.711140685991
6423,6554.255784380895,6558.226280197238,11.078598401088984,6562.118989475779
6683,6558.166246281328,6562.357832405489,10.481563029588045,6566.529022587092
6935,6696.941185627113,6700.263561646159,12.842706150769292,6703.758467464022
7927,7110.8626658850235,7114.127407846559,14.381025817678985,7117.060603378454
6424,7272.6439798136325,7276.302259732135,12.699913379831411,7279.423626107947
6948,7277.799607490894,7281.166708977857,15.128314393359515,7284.338701188999
6944,7284.535676751544,7288.051872399293,13.36861625445006,7291.520867010313
