1189,147.48149437037472,153.22604997992494,14.787947104620713,160.92072582631306
1197,237.53436358244863,243.41338835113342,13.138089324287485,251.69262210264696
1198,417.8828278249281,424.4207223275112,12.656165149613638,432.912129327529
1334,693.3941664395275,699.2491719318971,13.030560886685004,723.7228760230186
371,1026.3122156000659,1033.134214616003,10.77463367177406,1042.9145020754088
156,1102.3535086004595,1110.2915658154689,9.776898374276355,1120.7367615613011
1331,1150.7386123321232,1157.583801856576,12.07214723790851,1177.5788643061
1326,1589.7965248763162,1596.5814833762495,12.15160140289468,1625.7213889633306
2140,2124.0498413929276,2130.557694808263,11.380198284452904,2139.6914751018626
2389,2125.827223797791,2132.396373387993,12.114606598310386,2163.3364179094
3334,2407.71152048737,2414.08227408941,12.650323700047826,2422.7208799586797
2395,2751.5099473004216,2758.517548296015,10.783472902114163,2796.764464890362
3327,3122.5881030512824,3128.5720291986886,13.57479284964458,3136.7672570601667
3335,3125.6657747219156,3132.156861967124,12.992187679928135,3153.370376899741
3329,3309.86800608123,3316.5548222408465,12.378713824608818,3325.729458033791
3341,3311.988900288516,3318.367900223179,12.316979270134269,3333.179745682627
2130,3919.661852526997,3925.050533285256,14.265767533816673,3933.4165018581093
5190,4021.732995819062,4028.0666099285745,12.752365871800775,4036.872738937879
5196,4023.702357786514,4030.009616444389,12.217233160572636,4053.0296031011353
5331,4133.633851957975,4140.415782194361,11.364966607737925,4148.877249084214
4375,4196.092913142279,4202.245867319927,12.808732919839139,4210.975914445509
5315,4287.50025952741,4294.383209617176,11.770429980872676,4303.892540063085
5322,4477.676932252861,4484.005974545628,12.690960844782525,4503.5368686324655
5330,4557.485140399273,4564.22226103953,11.54999071673037,4593.165366549878
5339,4586.768547156,4591.665334933861,15.95291188666843,4597.852506414956
4401,4826.690212086948,4833.433986318617,11.01426413750723,4842.778327381804
5323,4936.485694333735,4941.502386717068,15.411210734724659,4949.948990558579
5335,5190.631954718962,5198.137274421979,9.72301864439161,5208.754271774868
5203,5193.896518976511,5200.499040833675,11.283723917154122,5227.201902969319
6370,5917.091016368112,5922.460757822735,14.36228319863621,5930.719583919989
7339,5930.450252123376,5938.164933402281,10.026469266564089,5947.592181325974
6144,5987.96839088789,5993.549305672606,13.820574647434999,6001.880000213117
6143,6060.980031199232,6067.301983772391,12.817867223139109,6076.579331929365
7320,6290.354847851646,6296.0149522368565,13.878333984556003,6303.133302384317
6154,6409.2046475606785,6415.2928135558,11.818157574766786,6423.1702211889515
6150,6681.625447752245,6687.610613817863,13.183836597057471,6695.192748979209
7201,6727.742803343162,6734.148003223837,13.964613680450572,6742.784115479354
7209,6827.580450609503,6834.086299885565,11.697628176948937,6842.786737271147
6135,7089.875019472225,7096.144266299831,12.414731549656889,7105.451927016571
