1131,98.22252948274993,105.01144940452788,13.98461600343507,112.85599192553889
1175,103.05423516727667,111.5220914392894,11.285856682770136,135.40769918816818
1064,184.03128823669235,191.15059043742139,12.607629475722412,198.5873364259159
1141,190.57111334351004,199.47173358063847,9.556114833969172,208.52096704229035
1134,365.0,372.29141153705433,14.501423722971543,379.8615216052302
1116,521.2207955108929,529.1363640725788,11.794595484178688,537.1344960029735
1084,528.7408996939196,536.2198062512041,11.645920804424968,544.0417612379115
1101,676.5930153683355,684.0284796030405,12.622720819864675,692.7150929965289
1123,745.9332180919381,753.0831998562803,12.423635897464619,761.6060223283265
1069,853.0462217491707,860.2783487811614,12.088892105411869,867.6032419232146
1133,1201.8051683938681,1210.050070178571,10.825931129931499,1218.4823523085486
1105,1211.0581567460804,1218.0125131893155,13.088717349165357,1226.6815180138235
893,1276.002036595852,1283.3475035298202,12.376771835920904,1291.682253328609
894,1370.8906889914465,1378.2986507675598,13.218520869089708,1389.2602931495385
1093,1420.9279015280836,1428.1264384104888,12.244218679636028,1436.9218494946504
1126,1459.4091917442097,1467.4075379383767,11.035446415523554,1475.6405076475585
903,1474.627353272026,1481.2052033844516,14.265085726300688,1488.9212046335704
1106,1543.649471469921,1551.1592839302607,12.678307736215476,1560.2721193462476
1153,1642.0714708495318,1648.3856739926562,14.584343029607629,1654.9323216008347
1107,1745.83894110903,1753.377112777293,11.953947761001418,1762.4739382892437
1075,1769.8915899538927,1778.2634693523619,10.629921258866752,1786.5324898013162
3140,1813.7286418381138,1820.5137383955898,13.369131339812888,1828.738044247262
3085,1851.9372839988991,1860.2770094205061,10.396293962643618,1868.9481591387246
3065,1884.2560735682914,1890.0869875803385,16.02236114727925,1917.3945362672034
2909,1992.5419264360282,1999.5200551885316,13.974670863368653,2006.3877912645537
3145,1998.396181733516,2006.3477444886537,10.835102388753377,2015.6446896777024
3146,2213.359352685901,2221.4492696342386,11.513023331961396,2230.8577034497252
3136,2317.387455255459,2324.1232496967523,13.691146298409741,2331.0478106947908
3122,2572.2970759351674,2580.1831348258493,11.845741856487555,2588.249561526216
3117,2648.0753761591523,2654.3457742068936,14.916023206413923,2660.857859422344
3128,2770.0404308742663,2778.451580082483,11.192041087541075,2787.0588253392357
2915,2914.5645084308335,2924.0150319037793,10.060327213782555,2933.67135217161
2887,2987.6135148150615,2994.206475676911,13.504640605133972,3000.855876020514
3135,3227.4954960145647,3235.0368658112607,12.789487273407783,3242.767881900834
3156,3507.105702687421,3514.481431031721,13.02707550252625,3521.69703841478
4860,3713.080904517962,3721.449889093914,11.339557130715566,3730.478308594838
5063,3831.031254280129,3838.007867216227,12.461801794353017,3845.125210841271
5112,3920.694309381846,3927.529712584003,13.78830011506792,3935.80856999023
5142,4370.074680070539,4376.549182793094,14.19551456856831,4383.10969229011
5079,4375.0,4383.012575212599,13.497877233796926,4391.716439107064
5132,4413.8616318547465,4421.557563740308,11.419589901437892,4429.470473786065
5081,4509.654782974982,4516.53115094716,12.745809289058736,4524.853994394674
5134,4521.66676298257,4529.046493749496,12.245390638901739,4557.45494406247
5090,4665.489590639336,4674.104408835725,10.84754611340559,4683.854455974237
4837,4694.102205231122,4701.224413101036,12.953218301173239,4708.2387900711765
4843,4696.752924684935,4705.210372554563,10.182507958131277,4714.06126776459
4852,4876.8370291539995,4884.0844953945225,12.289322084374517,4891.541533478924
4838,4963.722470737993,4971.123242624743,12.44616443548185,4978.3774497480945
4849,4965.65994756576,4973.307846050362,12.65706701833017,4981.809438581613
6870,5877.829412810373,5885.278514553328,13.278384382641917,5892.67785949456
7173,5908.7891133648955,5916.337031713282,12.327416052301716,5925.073312306099
6902,6136.614253530437,6143.339332605966,14.149253213521492,6149.866210606573
7139,6215.955192505803,6222.26966033418,14.984276090008118,6228.515640729373
7105,6268.844362746118,6276.496622224712,12.39031366073624,6284.242038187257
7101,6411.861527138652,6419.558034475458,11.77831184835589,6427.563746588235
7145,6435.198132396629,6442.518220164117,12.181812230777425,6450.9587261982
6834,6590.985492568189,6599.462822862501,10.921892053462187,6607.630884421691
7142,6613.219388676805,6620.415792551228,12.29187752690914,6628.039744034879
7092,6660.847640058165,6668.287761466274,11.487767300106173,6676.236800043928
7121,6694.88339381831,6702.495220881945,11.323423773747873,6711.6109144716875
7131,6772.423773050676,6780.404554557382,11.11568107930857,6801.466384591264
6843,6947.836467241064,6954.246139222095,15.953108148858428,6959.994642386965
6880,6950.710605211868,6958.141549711961,13.44717546899371,6966.5267913911675
6883,7059.999616700672,7068.312200375891,10.653863430086826,7076.62657646059
7138,7199.245770016545,7207.310287546169,11.134789848982125,7215.275279530277
6872,7212.563713187852,7220.032805507671,12.256198196821144,7228.562818008274
