1971,289.8029857185561,299.2922630668583,13.128055839984967,309.4514096502176
1706,337.36073526233326,345.09785515135314,15.298081770996395,352.8459633272796
1707,453.4708501429494,463.32194381493804,12.96086233121474,473.57698916589885
1728,498.62526072883594,508.16351017997283,12.778566151445377,517.3625601619295
1676,593.8129709832698,603.5817966205474,12.240991270948475,613.1514554822814
1732,723.7833463652297,733.1259972333114,13.419070044372587,742.8818592906722
1723,756.9334111133888,766.3582311955192,12.757176321758099,775.9620962843468
1979,916.0477708284106,924.0087471929467,15.431992040785257,932.7673074074297
1974,1009.9929292866414,1018.2414305219858,14.196616338453412,1038.2599272847558
1684,1064.5780634997918,1074.1182666332372,12.666450345056083,1084.65085251146
1128,1285.708957128355,1295.443567711322,12.294171072053471,1308.5106508769263
905,1385.5562935805742,1394.1806331702142,14.065808766261013,1402.863573256231
1742,1580.6049739513257,1591.2463996862625,10.78031982268408,1601.690460584909
867,1743.0361741387892,1752.2336639911737,13.46847610320647,1761.1304383063639
852,1744.7425546282589,1754.0282719434192,13.550981998911915,1762.9434853514329
1954,1827.2839553448348,1837.4713230973514,11.330474330986121,1847.7863865574757
1985,1829.0864447553524,1839.3745584830442,10.47832755753828,1849.5013614657578
3720,1864.6260432325817,1875.2826827135973,10.793954282078447,1886.5886656221553
3714,1893.5188617701572,1904.1290172225301,11.038296262007945,1938.2453185039783
3959,1998.3362474895466,2008.4011796861066,11.95575501568375,2019.415482412996
854,2090.789358886463,2100.3894995364685,11.845928195433553,2110.740103923634
3690,2305.334316611653,2316.4035518101086,10.451283141686114,2327.299146929405
3711,2323.392653019812,2332.0182140620313,14.312767907315893,2341.4858356748186
3706,2526.3080854181635,2536.312740265143,11.596090956839072,2546.965707343446
2864,2551.0758862359544,2559.542872236016,14.5562266621204,2568.798557981263
3694,2588.4874314242247,2597.442521986224,13.120625409226102,2607.5379527946366
3719,2638.9218642190367,2649.5425599343143,11.400444182781744,2661.2632918528548
3168,2640.8681253062655,2651.549560268957,11.240627915915255,2663.32074217693
2865,2703.8362472992744,2714.5276963094257,10.773277184027604,2725.384030053707
3982,2716.3548642908636,2724.5088193408305,14.135018729946353,2748.3490314954984
3986,2810.082356422593,2820.4428269685623,11.321557213472095,2841.0775345219367
3996,2811.9668119204653,2822.250774963232,11.840412501266327,2843.37699898705
3701,3571.7447551825308,3580.475816787848,13.905229917417417,3589.1617835928337
3159,3614.3464457223035,3622.3889870202347,14.642827225879374,3631.406064788443
5722,3788.7193592834906,3801.2056028612124,9.890698227323417,3813.919017211942
5981,3796.602165972264,3805.272912135653,14.256043034052361,3827.8665474859254
2917,3814.345387110619,3823.5362126123837,12.667626655836584,3832.814874186538
5977,4075.5076066762954,4085.213901646461,12.642148277324738,4095.250939174897
5963,4077.231677030661,4087.0004195405013,12.599941569724987,4097.144591981053
5729,4143.450926032514,4153.2046552640795,12.572419703260787,4163.560521031993
5975,4164.251584863457,4175.183009706883,10.170918339954834,4191.411851969993
5738,4192.826425753454,4203.4937601279935,11.151617348883326,4214.039523892389
5703,4392.340762404157,4402.089482096283,12.328143985072915,4412.711422597471
5961,4606.917651368719,4616.188206653451,13.227580861496723,4638.158944132876
4888,4863.847006182608,4875.291697805095,10.76916488823092,4887.011911937801
5744,4883.817621638994,4895.028736296361,9.34449636919783,4910.3388468484145
5721,4895.594759994162,4904.21013209025,13.885148769434304,4913.710602897231
4896,4953.306924353782,4964.182805722472,10.84821305021249,4975.29484263133
5743,5046.400461742712,5057.364201581524,10.76326689337663,5088.249807518347
5717,5136.101820916352,5147.333056627894,11.274702500530797,5158.682216055924
5978,5327.359299729379,5336.61248943805,13.31858575653328,5346.6536744101795
5144,5329.948577439222,5339.546669659897,12.191950042587813,5358.285039285789
5123,5333.190382766643,5341.39076962421,12.302820788632314,5360.871985312869
5976,5420.686142280275,5430.331795689801,12.635291426046237,5440.7613303359785
7124,5788.397476736512,5798.267570602823,11.801211266224966,5810.8761661224335
7749,5830.398023982076,5842.4731145276655,10.120078146725092,5855.441505576203
7970,5866.65399691226,5875.435890019321,12.993799441644871,5901.2862071723475
6884,5957.721514400679,5967.5656800004,12.116957534139761,5978.426723677885
7991,6138.60640021344,6149.203804929287,10.935911994958232,6160.643061930183
7731,6182.015239476918,6192.1573248872755,11.867846908655082,6202.104887321473
7742,6217.568759594567,6226.480845195002,13.064435386860115,6236.2291170990065
7975,6229.077587384329,6240.215846376876,10.616275177164766,6258.372433581956
7972,6679.161899508921,6688.5525795732565,12.639338608779154,6710.757193532487
7968,6765.695077279938,6773.591749951666,14.811223181688392,6782.375753148754
6887,6857.653488141255,6867.537962576489,12.332811284754207,6878.17625273379
7129,6864.123222650281,6874.180926315238,11.818765064320093,6896.622618736781
7736,6917.533047269978,6927.331568619534,11.909995404437085,6937.781222418424
7995,6953.8823981778805,6963.26302635792,13.128501445923678,6980.786454731555
7711,6995.521102498903,7004.399507355202,13.614053010338234,7013.246708073644
7713,7041.416023732707,7052.076816755531,10.99840105386167,7073.259009120138
7689,7068.326740940602,7077.204779510733,14.331274645203925,7085.5517627670215
7123,7138.423208188727,7147.61063437088,13.140547360697552,7156.892174275548
7726,7164.73403978811,7174.566752499465,12.56564164103927,7184.143254012857
7715,7166.84070431731,7176.2708748139,12.609424846799634,7185.918169274753
7688,7183.5459141604715,7193.154188558111,12.138055249642752,7203.49782387759
6867,7415.997417615866,7425.329283688251,13.091862618583281,7434.589072356103
