606,465.0538267878283,468.51221107199353,14.05023857080623,474.5711535249727
344,559.2347220092477,563.0645013163837,11.874019503707391,588.2100590353014
1116,747.4929058132537,751.3499604318537,12.097887379817791,757.9093953926613
338,914.7222328412794,918.363879035707,12.275437618106004,948.5195457123474
608,1004.9343390141843,1008.2925709190827,13.560005003863655,1014.572780640258
858,1006.6813821189281,1010.029350762004,13.409113544954376,1037.8250151527952
1468,1085.5698091054603,1089.5022828232586,12.88880886726999,1095.634920357017
588,1452.9717268391817,1456.4905558919609,13.456886030037948,1487.9221214514607
871,1455.238076861342,1459.0167454410457,12.6868314616274,1490.8361276167755
1133,1547.9257338357118,1552.1129275658648,10.395314900327794,1558.8763743219283
868,1637.9537526999713,1641.4561501275148,13.212319585909038,1647.5887374411343
1122,1816.424880232792,1820.2771080008386,13.084476829795138,1848.4475350272003
3495,2523.2628999318554,2528.061837659884,11.183805946892495,2534.950019589379
2858,2532.660794297798,2536.2213755295197,13.687072270811115,2568.4109791245955
2619,2711.5373734919026,2714.3989305470673,16.173718748940065,2719.7563739357706
2590,2894.6732639527586,2898.1236078893526,13.109365278139697,2904.6631235242644
2348,3111.2472034236216,3115.3141629176926,10.725048540959586,3121.563545315496
3119,3615.699183315618,3619.2654406359484,12.770115853268416,3625.772424598188
3133,3708.701892686264,3712.024298357528,14.41365358277014,3738.073036700164
2600,3797.5421569985324,3801.4424685561185,11.361947263871722,3807.963093513191
2343,3803.0317034443206,3807.2875690038777,10.367965428092662,3827.875347363272
4872,4063.758922688191,4067.3644587031254,13.06014954080935,4073.7350264187767
4591,4152.386973928149,4155.5249544046155,15.102075500987109,4161.619749039369
5309,4638.746207130418,4642.523184802369,13.879946311606004,4647.425149739233
5132,4706.453735889486,4710.353628095874,11.461117268442557,4716.89073445037
4604,4886.965969372134,4891.1264649693,11.677258249334287,4898.0182802530035
4609,5058.7167878025675,5062.080708615202,14.281501017914515,5088.180671270554
4603,5142.240881344021,5145.297413207631,14.688627407829047,5150.826742673821
4594,5422.125587922229,5427.163981173352,9.52630419295903,5435.263377205568
4590,5869.943085412709,5875.215070518029,8.574544136044748,5883.547929580691
4598,5872.043393837116,5877.23184810334,8.54937033035307,5898.323861621368
6859,5873.932054421115,5879.294137607565,8.813546380029141,5900.772423312499
6871,5876.025879638583,5881.40145983311,8.738672511309064,5903.006075988994
7122,6043.390276839149,6047.301300722913,12.225926123563307,6053.823939942989
7135,6138.70226863951,6142.225132759584,13.689339880219746,6148.5468665559965
6599,6406.305858821796,6410.44592977752,11.388428552222575,6417.407656811744
6852,6865.236911334574,6868.239214588079,15.956304027832793,6873.748038857873
7493,6871.258733818587,6875.324095961781,11.52823772465854,6890.503353609909
7472,7069.033612126578,7073.073649010522,13.614036443397495,7078.256092221817
7120,7127.400119545835,7130.410048999524,15.851961742296696,7136.102585911469
6876,7219.654046593783,7223.152095533507,13.392471063133874,7248.211099764897
6358,7223.973843750479,7227.2294566240835,13.699354267779805,7250.96467774357
6880,7225.800824194197,7229.287806586628,13.420274013051518,7253.150344420919
6336,7482.187311598813,7485.402873784181,13.75684471826912,7491.215493474591
6350,7483.966550048058,7487.27579351829,13.418955486659092,7517.932725265228
6874,7575.628046936489,7579.291154716397,11.903295322493616,7585.792894208172
