306,273.228413732232,277.2539541738815,12.410180601547827,280.8425027967929
813,416.9182028218533,420.33301969840693,13.074815256159875,424.9854094622453
554,488.2890457450502,491.47480170508504,14.441551708583399,495.72608742313406
290,501.17773399736893,504.48818322104023,15.241421380957378,548.4181183644336
814,600.8712418406736,604.2355382441413,13.475405277743615,633.1602848267027
280,1310.78283364137,1314.3545842441688,13.214973321641562,1318.8160010778138
295,1383.1861999996122,1387.1596677341886,10.803728178147166,1391.965284598491
296,1583.213687902106,1586.528329188363,13.756614466029855,1623.3956426515447
291,1679.9025558647902,1684.079801135646,10.971093430391747,1689.640784392404
298,1681.747269858215,1686.0058594089182,10.820705080122597,1713.273773308205
534,1713.1892345238634,1717.451399994366,11.898844429069898,1721.144410585749
1058,1767.2293077853833,1770.1119227374993,13.850097976939319,1807.9446681054173
1911,2031.5020776853455,2035.141210414826,12.94936188959116,2073.158790347823
2285,2119.2615069114827,2124.0367130008563,10.01598826313253,2129.853667330742
1066,2209.026306359789,2213.246302772109,10.509507689014244,2253.4180154720107
3061,2481.179205141909,2484.6116228106425,14.192246059342558,2525.0325832975777
3082,2491.247694084173,2495.377149802754,10.981278939300838,2527.568820020015
2533,2613.245597256938,2617.447560870548,12.759433917854079,2620.8992258729427
2290,2749.251159656582,2753.2174612983235,11.7730392416771,2757.77867519808
2284,2751.236746762708,2755.018341977716,12.43714422846263,2793.5675056188247
2531,2883.310885063818,2887.4384863526243,13.65127192152677,2890.702513504265
2544,2916.3725459127895,2919.136442990188,15.719229736664591,2923.4814772799623
2537,2972.9883979647125,2977.106104091338,11.502461007735969,2980.9387128673366
2297,3029.2021147116957,3033.3297736123573,11.082624541543288,3063.014843426298
2798,3201.4008601877426,3205.0330685476665,12.902338368885426,3209.673779201345
3900,3290.813303842853,3294.334422795687,13.772156034802215,3298.7626214631478
2789,3469.053751661085,3473.288880483709,10.88186132279118,3478.4307695695747
2542,3535.7219161886474,3539.1137919813773,13.52473336700092,3542.487939721368
2523,3603.076107800695,3607.2683454950534,11.702994203738694,3611.0169306054318
2301,3651.5793024331583,3655.0464718364015,13.915138676561627,3659.652478571427
4285,3928.9088181763336,3932.1591314538537,13.66791089183205,3963.0475951113303
4524,3965.3425729319088,3969.08344803301,13.758883122184045,3972.2802843016593
4536,4345.212396013336,4348.529208469376,13.113628633447961,4351.862041418013
4813,4369.377930600505,4373.1741652862775,13.894224643371423,4377.7827429027375
5058,4465.2236544209545,4468.561989264767,12.989103821664145,4473.10964933879
4787,4470.768126641281,4474.21677813199,12.627696463822383,4503.227864147624
5055,4555.461654822117,4559.012324625126,12.792085145310148,4595.542559987651
4278,4826.655653620506,4830.316933788606,14.391645373582762,4834.7346541840125
4523,4888.326897668876,4892.459125343732,10.246686530766542,4896.6695009668265
4543,4953.169728581617,4957.406042006156,12.425044241336133,4960.94999243798
4281,5095.506989382899,5099.11669840255,13.869545452100331,5103.7744456275095
4530,5339.594510488368,5343.072963499311,13.327721441122234,5346.396719742856
4793,5377.725829263417,5381.116265818458,14.157113986942466,5405.85431702846
6793,5545.089904049367,5549.057162424312,11.927705349180899,5583.2214733824285
6293,5582.928694091639,5587.162487258212,11.612961130613803,5590.864864358603
6295,5813.445197797645,5817.472139175464,12.910131599984034,5821.9883787287645
6325,5866.708133183908,5869.561073172181,16.0786180866526,5872.369394463711
6531,5943.138450171198,5947.282880145394,13.013031215296989,5950.798912529258
7052,6619.141014467886,6623.146731797636,11.268842350942048,6627.897954864839
7076,6901.70063889811,6905.070903852991,14.181359172125036,6909.766112734871
7067,6903.495480987248,6907.178828401052,12.253512588665382,6933.429816234513
7653,6905.447687577516,6909.264101451094,11.403512337651051,6935.843817081229
6813,6985.823694471279,6989.424452937933,12.6303796243252,6993.926131404099
6812,7075.096692483011,7079.215277252475,10.730061272929897,7116.1239181770225
6818,7077.445104106422,7081.167163417431,11.62706268787968,7118.214813418945
7060,7342.930897930578,7346.437460103411,12.239674272712081,7383.551426116031
7074,7347.121589050135,7351.333177745281,10.371298638389817,7385.9936146591235
7907,7429.395978787084,7433.424478849949,12.079336678638807,7438.340139254426
7078,7435.552768243706,7439.281977980317,11.652738589447582,7473.660785762325
7671,7437.721401791909,7441.3622593765895,11.578216344390793,7476.025379868312
