1211,182.37418151069352,186.04507757667002,13.887121484126766,190.7588596654428
1253,210.57496137313683,214.00559093630142,13.055228571039283,231.35007552103937
1280,273.78103282490474,277.61294440040507,13.546980846558258,282.42830517119694
1342,318.88653387796535,323.314735600887,10.418309411026051,328.32881179215167
1205,368.37084637067363,372.09693468684543,12.189428631757044,410.87943249697963
1254,397.272800051933,402.1760715095244,9.51839807953431,415.059090606306
1372,407.8284230157148,412.1103653254379,12.267556101885623,417.11136816517336
1299,456.1794807192387,460.24173947389806,12.111752033234685,500.32162965721164
1345,470.8536080806067,474.47349680660227,13.167490009447864,503.5725185574236
1195,480.8244927671481,484.1618587941339,13.885671025604656,505.7988396542691
1333,498.30670380002437,502.2129748804928,12.96552361715951,507.88212441971604
1203,543.4190071060724,547.346005065809,12.716877037846963,552.4291042245314
1330,723.7940644732116,727.1169201182305,13.580646483825937,731.698666239336
1196,848.6854180554968,852.1644782816076,13.461206273864496,858.1747339245118
1298,1262.963975815993,1266.597408149613,13.146346393649443,1271.702606817651
1255,1625.7565887829528,1629.538034985057,11.837212728163038,1634.5522917313801
1210,1638.6966457219019,1642.1327479621473,12.60752088832804,1668.3346999244325
1194,1720.4164801634965,1723.5093365870812,14.366543536252042,1761.3927347644699
1200,1805.7767621280468,1810.1148881974193,10.93337833482389,1851.070378823182
3316,2525.6711456556236,2529.3720407361157,13.318246946451774,2534.4940105109945
3281,2794.0811211424343,2798.340399366769,11.31896194477479,2803.4947281548284
3202,2805.7374887051164,2810.026823849631,11.167096535182647,2838.287983527613
3326,2991.5164519776017,2995.193382166878,11.702776330190241,3018.1010161128684
3383,3021.8728393661,3027.0068435387234,9.59457289119506,3032.397045556071
3215,3064.0306008354078,3068.3430769044353,11.278867874605451,3073.7436374520184
3315,3108.524904524157,3112.5440423321666,12.735795025165768,3116.7506115167207
3190,3156.0908535092494,3160.207263363264,10.810469867402693,3198.142110287341
3248,3181.4936415155776,3185.1813610301674,11.542939340050152,3203.083207533773
3384,3203.127167031157,3207.010264083855,14.24930275892651,3210.778094250703
3219,3247.827480792322,3251.3277188337706,12.50545422992991,3256.3433849639628
3266,3352.3078769236354,3356.004173856568,12.11802028713609,3360.918521678414
3317,3472.7854749683647,3477.094145082852,11.00281497198719,3481.8544206072943
3290,3513.749114980398,3518.179089198336,10.97238193016997,3523.801710732403
5246,3783.677287220422,3787.5769084172634,15.810204100524443,3791.899430685464
5251,3963.9083861582435,3968.00862422863,12.156902909617099,3972.9113212939874
5206,4233.557194788546,4237.464326899764,13.520100194365389,4241.885516802581
5199,4235.702675147704,4239.338569980646,14.5859916218738,4278.495425175272
5216,4238.053954693261,4241.558177396506,15.60599882040445,4284.1678115222985
5333,4280.914472417849,4284.443996651953,14.563791067658792,4289.066251307602
5320,4371.400268031152,4375.467487144357,10.973501084919826,4379.916720048352
5289,4418.169988784258,4422.166437130737,10.718894814973043,4460.988024504703
5191,4420.287159696143,4424.11460721261,10.725779898199736,4463.3015343215875
5267,4422.345408739426,4426.320081575319,10.241905078080649,4465.379990059972
5200,4427.2695371560485,4431.50159326845,10.33108019407359,4467.3951125209815
5263,4594.101835517541,4598.415992006937,11.744630808325931,4603.388628932582
5375,4640.338115419075,4644.490901800944,12.576128782085947,4648.761462217355
5338,4773.615660063091,4778.012819231772,10.983838345187996,4783.485058430773
5391,4824.661830863404,4829.411593332946,12.378582817071422,4833.613038883579
5207,4863.93259939293,4868.110924431776,10.857753258701484,4873.630116792854
5275,4865.979932432941,4870.143617691093,11.315087886425161,4908.263907675387
5213,4981.695664849522,4985.288023304054,13.353220022357695,4998.158464433332
5192,5162.016839490701,5166.24925872511,10.63027532365912,5180.917957781415
5374,5177.962146186114,5182.079512705823,14.068574351075355,5185.880439996192
5248,5252.075273302215,5256.275188669085,11.220275668183449,5261.727556042065
5208,5313.9925404699425,5318.318749237336,10.961196461211921,5323.781081284549
5205,5316.237405863274,5320.29332356411,11.36087033572209,5358.036928247487
5204,5405.9699800331555,5410.125944812657,11.969053025026447,5448.342383904926
7203,5700.658854039228,5704.560229920935,12.16183969298028,5718.214760657215
7331,5721.36417702663,5725.091291989861,12.447612463026083,5729.201244727371
7273,6123.933436210511,6128.045541709084,13.245724832152993,6132.818631868643
7342,6173.556996863538,6177.411095322614,12.33451839146094,6181.862853897429
7341,6213.925801001652,6218.22650611624,10.430100105184193,6223.853793695232
7219,6303.449983468472,6307.561104637251,12.50989485435363,6312.741360718044
7209,6305.652726493966,6309.424429849531,12.62834208954967,6347.802795800468
7334,6394.228847026355,6398.286915725289,11.822798176888794,6403.401377828186
7336,6514.767386135093,6518.174787055251,13.413611745980491,6528.2592609477715
7318,6577.6190220862,6581.486479228826,12.485481386597188,6618.6530313182875
7271,6581.511808928363,6586.379578925401,9.83011138793654,6621.8296347113255
7194,7113.623013705973,7117.409548123624,15.080534356819792,7121.965766373792
7268,7203.4648923755985,7207.525724621983,12.1408492956145,7212.63516281415
7392,7248.418101541486,7253.035973044573,10.887424018180862,7257.705194343112
