1380,204.4567300149813,213.08338783618296,8.840689697616652,240.7366819134222
1358,206.5472235024358,215.1411760304187,9.094825558861787,245.47606083914653
1434,277.04456667018167,284.27374456581026,11.904026540688138,291.6176771003886
1374,279.1948216129455,286.11545718818513,12.800126744560476,311.6353003247717
1284,303.65716125534186,309.35612563804096,13.67715596876003,317.00519902739387
1378,320.2618035273634,327.42962483550866,11.498653947073018,334.15891188980964
1428,408.06591889422134,414.4856264675486,13.020103822945746,421.5882982183305
1410,498.13151564832435,504.54175545994906,13.963647610843127,513.1262690242548
1441,565.3273226455703,571.5335336098038,11.678115819989154,585.0054655393701
1195,578.7794161067069,584.1343400301135,14.809018512905766,589.4821430657718
1423,680.4812091822475,687.0857055880151,11.29491201412157,719.9436299160249
1447,903.5358212496599,910.5323037209495,11.473540611487074,917.9576303781632
1287,993.6983389610789,1002.1065632834475,9.641872115802805,1010.1652325203701
1414,1083.8346490950182,1090.319171362489,12.20617388353784,1097.454313763527
1421,1092.6235475706624,1098.4759799146295,12.718824965315527,1125.312759678437
1201,1118.2848606664697,1125.0938764626012,10.817440968066682,1132.0351399785839
1402,1307.9738437490516,1316.0004173226407,9.464398511759734,1324.2438658166393
1400,1488.117528578675,1495.2749261214014,11.192251418369707,1502.8138875635902
1212,1509.133294190164,1515.0788030100825,13.920340218167894,1535.6462854912206
1435,1550.4773944352828,1557.3868734806615,10.502867461781047,1564.915026126144
1398,1578.2308682608607,1585.0798223121965,11.759931893030407,1601.09302045744
1452,1628.805253561732,1634.6348884817025,14.369821367047553,1671.5741709817407
1453,1731.6735953761768,1738.5111169336747,12.69340465396384,1744.6710173252725
1210,1745.3965610896244,1751.2546982682393,13.538219709146162,1757.0099509715787
1404,1758.2732878581155,1766.0460879784098,9.827376756718477,1773.9422098171624
1194,1832.3957369053096,1837.5376741105329,14.614143204569086,1843.595456796687
3352,1897.7623947963339,1904.3234564543657,11.907796230326433,1941.2345590598109
3439,1988.0272028413663,1995.4347372018078,9.959417039955536,2011.5950078095182
3201,2013.819338177558,2019.560536063603,13.598538852339907,2025.4276504195468
3199,2015.5795600927502,2021.3456255155597,13.451068520580554,2027.1945245482746
3429,2027.9639682890268,2034.269291377686,14.126698395453287,2040.572912973718
3385,2165.8596152630867,2172.3532342443536,12.249834649807559,2213.3381764803594
3400,2167.861407218151,2175.113970299022,10.363491565304862,2218.911165952767
3355,2275.393601980831,2281.506191712462,13.011933126591062,2287.746726011207
3411,2569.9630471384357,2576.3855943798085,12.796958077020191,2621.5479757690287
3206,2616.0464736855456,2624.461623963486,9.651308034976646,2633.29350848674
3424,2747.9035817433423,2755.007305065484,10.725505961695061,2761.910970826082
3330,2768.2724023714572,2775.1338138578108,10.947913246619773,2782.349437850376
3413,2799.989768116469,2806.484996200327,11.220365532218267,2824.8453033663977
3188,2823.2341416574736,2829.1967345683474,13.524188665280992,2834.9398685202877
3281,2916.214027781494,2922.56163560675,12.287927926887578,2929.7395391612877
3394,2927.9890966441967,2935.244648361051,10.473668678869128,2960.896872731017
3409,2930.0489416984947,2937.0802940460853,10.722374280461258,2963.809110658444
3195,2945.3605530535224,2951.1838159529475,13.939396573999815,2966.0485383394534
3345,3093.146860886519,3101.249083010167,10.22035973064467,3108.8990522822883
3435,3333.8755742691555,3340.5886545540297,13.386265968419169,3347.4574927323965
3395,3378.1177895754245,3385.1001891834308,12.586283587513062,3391.3473892193456
3403,3423.6831196032763,3430.5055091747327,12.016725086845671,3437.3661494025014
3405,3425.798685233913,3432.359572626531,10.850919499932582,3439.572973601322
3421,3467.926302363042,3475.4384872516107,10.520991101778492,3483.5080636658918
3425,3470.2219842372087,3478.0589886464036,10.1992227385221,3505.013703113559
3415,3513.9822810601404,3520.1456792504996,13.769686640293008,3525.8141424042005
3422,3740.22209729442,3747.2440770892686,10.849327432173027,3779.676533063601
3412,3742.210838559579,3749.097602879105,10.932667116536932,3783.127608834059
5450,3785.813543996059,3793.301151732585,9.846033845100115,3800.9214856836743
5369,4100.487759839838,4108.466951713687,10.049712626897211,4117.217013107503
5422,4102.55479733096,4110.459442753973,10.052281590181103,4119.506781383964
5404,4104.485120324545,4112.335769208856,10.762548076866798,4121.448131650713
5430,4143.783294271935,4151.327225799742,11.180865670231743,4159.161190687199
5418,4233.763864578278,4241.342484021395,10.65092552339303,4249.041084414131
5206,4351.280369842916,4356.641269359307,14.279694097090148,4363.357576701582
5199,4354.136774066597,4359.4725737066965,14.54970250453201,4389.369055903471
5406,4370.605830456985,4377.4273988222,11.04420234142212,4391.994505433277
5278,4532.794427286285,4538.319458542235,13.901144395740245,4543.85086920628
5191,4537.16704667585,4543.393874508017,12.187732493919425,4549.448400775426
5385,4547.985672049935,4555.102809201851,11.551245974225335,4562.569662555858
5283,4625.998984589086,4631.523754590849,13.492333686169534,4637.8795858408375
5416,4907.939528238056,4914.514514383938,13.288867738858519,4921.0519806491275
5207,4989.334597639404,4996.27424146845,11.760632331390886,5002.9350853743235
5376,4997.70394937809,5005.086968819165,10.05712433803922,5012.285321729013
5402,5000.233513085764,5007.051328088362,11.238446695091763,5014.110246371692
5349,5043.738520306013,5050.062312748265,13.628349566346513,5056.542678336098
5449,5134.314358513328,5140.243528807738,15.31585229762217,5145.057770413299
5441,5248.9694568677505,5255.376470423964,12.02795208664107,5275.1042086031
5208,5438.428704208541,5445.530831667509,11.044471113564972,5453.156092288747
7376,5587.3568909888845,5594.420727452449,11.669205528445067,5616.315541148192
7409,5628.179847355131,5634.602185383141,15.40740297407995,5640.642588263234
7404,5718.072990626252,5724.009091074728,14.365806867954364,5730.155616129714
7203,5796.0227622428065,5802.425329568021,11.382072230860535,5817.110283160007
7410,5808.039725704965,5814.189180880528,14.947797805976172,5820.102192339058
7192,6065.227966238256,6071.001948040319,13.54402132695994,6091.395583748573
7450,6123.716397990936,6129.542663375843,14.41498113517353,6136.120199295706
7449,6126.190223277043,6133.330584009494,10.155417172276483,6156.68113940569
7401,6168.4288907958735,6175.0820991857045,12.78981023185176,6180.7974331354535
7406,6214.340125076008,6220.558572621757,14.496373002082068,6226.1530686627275
7414,6527.749330224388,6534.441001545569,11.929424377439803,6541.428562173922
7191,6638.331955801767,6644.502949488557,12.286621714763045,6650.5573666938535
7356,6666.836868855975,6673.353910518716,12.804847945996475,6680.432272892096
7391,6673.202789032595,6679.040362990154,13.642749958312606,6701.0084798561165
7395,6708.041712890536,6714.510191251873,14.27111784512795,6719.928218763855
7422,6753.612341363939,6759.503646874124,14.670559119152106,6765.643617754928
7187,6787.620348336703,6794.407229452178,11.8224289594165,6801.8006252099885
7417,6797.856962188233,6804.5662164078985,12.760144407317288,6837.058457386999
7196,6876.026057741742,6882.3372062404505,11.613374976621206,6889.740041766021
7379,7026.028578508148,7032.386436143806,12.94761287625381,7040.816435104733
7431,7036.261628905025,7042.503838649671,12.361725535978282,7048.767879721816
7416,7118.025788528746,7123.184843751676,14.771535934530625,7128.270574826714
