201,11.0,16.075739779430748,14.63456747208052,20.625936817911928
181,99.0,104.348603345212,13.971277927272299,109.10291454651248
282,108.0,113.41206242512305,13.097904758018464,118.27042359961176
277,112.0,117.3294374283073,13.564924119748685,121.89631295712894
403,202.0,207.47485817959983,13.686235825093359,212.20590854783808
339,308.0,313.53860527656985,13.046072640124892,318.4796521169724
278,335.0,341.5321407555973,10.951962011170664,347.50701672058375
157,464.0,470.0199088078385,11.440871984799406,475.42715426382176
213,489.0,495.2486231200343,11.474940918526963,500.9195673163018
210,724.0,729.1398643224392,14.694248166364545,733.9406324373736
236,858.0,863.5168601678706,12.838717565650102,868.4821310722737
322,1146.0,1151.5539460900125,12.605522532616641,1156.3713269717425
343,1242.0,1247.368772944529,13.12915506822586,1252.1707750495716
373,1278.0,1283.57484134888,13.430472547965044,1288.5413910858567
364,1321.0,1326.3415148721413,13.365607638886374,1331.111690779078
167,1539.0,1544.5132062041725,14.103330733015193,1549.1908938204374
262,1549.0,1555.1476686700246,12.253797893543691,1560.4696808945448
249,1607.0,1613.0083200181098,11.608685002134795,1618.3462856465926
182,1637.0,1643.0174855430303,11.96772883625252,1648.2856565964662
227,1688.0,1694.0161554310432,11.776106145459062,1699.3794453212354
2270,2003.0,2008.4704730952387,13.381405327072738,2013.1868698954952
2386,2009.0,2015.4919209827945,10.642613593598336,2021.6350766324724
2252,2019.0,2025.3082659707554,12.698177696327832,2030.335116478923
2388,2029.0,2034.2935617397773,14.390533770143882,2038.8548779463774
2319,2048.0,2053.4702279893604,12.966647263613801,2058.363075370551
2200,2101.0,2106.045805014246,14.683760546075456,2110.3203039767245
2367,2187.0,2192.5757462075853,13.478394361192722,2197.5024226430874
2169,2197.0,2203.1190654172347,11.058742727034543,2208.6855474323847
2321,2211.0,2217.1198798084492,11.963734940605478,2222.538212545684
2361,2268.0,2273.317556359505,14.210207715364545,2277.9137195339404
2179,2403.0,2408.2923466801158,13.703812412892884,2412.9883546049696
2261,2599.0,2604.4262870878993,13.59939184635994,2609.2441857774124
2204,2619.0,2625.1004391700485,11.722577454975728,2630.572767595216
2402,2858.0,2863.2639822296437,14.112622778644777,2867.784709379273
2359,2864.0,2868.644346618404,16.357179210709273,2872.5816359768905
2343,3382.0,3388.130550408321,12.206846620983699,3393.5292254629585
4270,3689.0,3695.080269167053,11.555074878156681,3700.5094503851205
4368,3716.0,3721.3720709417184,14.173623384358011,3726.086080056817
4160,4141.0,4147.166768162045,12.81340045524971,4152.0842046449025
4207,4194.0,4200.0574462404475,10.99318534038727,4205.856756720296
4271,4482.0,4488.493442077976,12.316418193588795,4493.814584319528
4252,4715.0,4721.099509965764,11.160098590233611,4726.480736628087
4353,4751.0,4756.598340198322,13.361704319162447,4761.648138327802
4173,4766.0,4771.213152518105,14.61859200681421,4775.57243910773
4171,4874.0,4881.4399819031,10.111285079085395,4887.298813544148
4362,4888.0,4894.043886184248,11.428596358753156,4899.457991273587
4180,5148.0,5153.558836308832,13.303791220787346,5158.494648666858
4391,5189.0,5194.342044678254,13.499989870426868,5199.068535476553
4184,5287.0,5293.016713738139,11.214568638057843,5298.535331378493
4156,5356.0,5362.4757176835765,10.512891497482501,5368.316833708373
6214,5470.0,5477.025516889951,9.615156245116932,5483.461152716995
6379,5597.0,5603.034276862951,12.27180201449196,5608.360619921045
6376,5689.0,5695.46149600292,10.880153308417194,5701.147372931336
6190,5736.0,5743.190523923823,9.52092269052668,5749.839428093428
6278,5780.0,5786.1757067683475,11.611359955674645,5791.754064977914
6262,5838.0,5844.0654064679975,11.47286802730726,5849.558735435308
6206,5987.0,5992.544631143453,12.912956710510592,5997.382447926697
6324,6188.0,6195.168846657123,9.664098178373393,6201.7639926637
6194,6285.0,6291.318928584069,10.872202928016435,6296.829975591476
6272,6302.0,6308.085007977026,12.026472946918926,6313.53290330191
6325,6524.0,6529.013267101708,14.675932176194936,6533.299188133795
6253,6688.0,6694.272349714785,12.026227108537551,6699.805754344464
6243,6701.0,6706.5084799168435,12.86994624509353,6711.162431024211
6246,6824.0,6830.446931150667,11.189147128106793,6836.405856361715
6162,6889.0,6895.409006171919,10.934226048774914,6900.963839777738
6160,6903.0,6909.230976712472,11.136407985473022,6914.947629971169
6392,6908.0,6914.177859815251,11.55500469261048,6919.506666907364
6192,6975.0,6981.556929605929,12.589524669299825,6987.355876212205
6299,6993.0,6998.365961192531,14.513933276239483,7002.8915479635825
6281,7119.0,7124.216727549879,13.942149144420336,7128.643191591506
