1925,173.7188878435502,183.18936629631096,12.914886960462203,192.67638308169055
1944,316.77368632625104,326.13744782069864,11.462692565692164,337.9276856694544
1934,329.2278375153038,338.3969603796243,11.600806342086877,379.8503165005241
1977,331.04484232011407,340.2220076327707,11.329328921225821,386.080614924988
1922,377.68417572798677,387.28221605084684,11.945929610434842,396.94120093139713
1979,454.28552211938745,466.32279157761695,9.379002802088065,513.1203746069424
1897,519.6373424440901,528.4949056132233,12.345896113110925,539.0
1918,521.472640551612,530.278922707626,12.079309485394402,581.1163719552778
1973,529.7849639890463,539.4128369061249,11.281307260595778,583.5255791090892
1937,722.232880710197,731.2664469723529,12.449508917359038,740.6562850421783
1146,742.4261725819346,751.4394001482217,13.032238975192469,791.4004566529418
1967,788.7013068765028,797.0703081829116,14.513939046244236,805.0979223957838
1980,790.755060908508,800.0635999407433,11.551852853562604,809.8114071481538
1955,1125.6724806534373,1136.3941784203025,10.379256232427508,1147.8093285107857
1097,1127.5835892563193,1138.3349114230296,10.622974199748926,1149.702404666795
1932,1129.5206424455175,1140.1844376091003,9.505705674894916,1153.0140488422928
1960,1152.138837481428,1161.1876699374823,11.679805771385027,1198.7066811229372
1983,1193.6668782576148,1202.0989512149672,14.817833748031699,1210.2098453458982
1920,1196.0342635774596,1205.2837269679474,12.657513937395136,1215.080242677047
1092,1270.5679491663466,1279.4909040836167,12.89421929575111,1290.243184564474
1984,1347.9169273630844,1356.4514817546133,12.699909132837718,1400.0024838346462
1133,1397.5472994127085,1408.3187999294184,10.743956338084768,1419.4004236481157
1946,1401.8864099289635,1410.4783722945674,12.76487545074814,1421.337827838302
1981,1403.7107834523208,1412.2124082461266,11.47203910068247,1423.9457673609927
1891,1409.0529702978818,1417.5226800243397,13.833876809456363,1465.3627019283692
1957,1607.9471198382612,1617.4151138831508,12.822267936973894,1628.7520159559976
1951,1737.9427557159293,1748.126358079602,10.780183866555921,1758.7367463580042
1933,1753.0877326590441,1761.3210558102944,13.200530189479473,1771.7715403445138
1970,1877.8471229880656,1889.1809673902242,9.988450356898111,1901.9241827102694
1931,1941.837098492663,1952.2807461713398,11.166336897262303,1963.3133190423493
3891,2012.452547582723,2022.4771795704564,10.956063025152426,2032.8413470220523
3125,2014.3347082910848,2024.3416246329814,10.778006934733101,2035.7910674971633
3952,2034.9296221791033,2043.3802767021107,13.746961425881377,2077.5344284351504
3968,2077.9752122379714,2089.0481428675434,10.69397115454829,2100.406056116092
3949,2080.0910227558406,2091.0077555338817,10.984431968406382,2102.7524198797114
3920,2171.749283430755,2179.397861941513,14.785864609348987,2188.9119782179196
3137,2365.0360796970854,2375.537392866204,11.033181303227122,2387.6515176643393
3145,2375.229403220247,2383.076467020564,14.775815634900352,2419.71689057968
3947,2495.4272673520436,2505.2654739800614,11.323860913861559,2556.928103745408
3127,2625.944796098161,2635.4459845969727,11.547801524770268,2645.6644973432158
3957,2707.400392633266,2719.28022041311,10.09827657015352,2759.5285504001513
3958,2762.1920194748163,2769.6090575100343,14.022789113783308,2778.439066820966
3890,2831.5263252934406,2841.0062079178306,12.231301825838472,2851.9162140535
3970,2894.0350327698807,2903.0562337469937,13.088930181806873,2912.7006879972246
3146,2900.594736911916,2909.4224051408073,12.275475329327579,2919.6342631084317
3936,2971.6826461516075,2980.5001780481884,11.878472386552751,3031.9039888482557
3903,3029.7557318961785,3038.5946792588215,13.235206752155861,3047.6105127689148
3974,3033.8975715831393,3043.2127611587184,11.789001782566524,3053.078726164591
3896,3097.8349667203024,3106.0126543063116,14.611521852838573,3113.9536483725074
3927,3110.773315046926,3121.0300365879475,10.399220048426995,3132.7006031869446
3950,3117.7269807506814,3126.512221095685,12.569916008859094,3168.0409828358197
3131,3179.240236822235,3187.0077191116584,14.116742871917406,3196.773317846135
3933,3241.939222660294,3251.3799449989506,11.58211882592518,3262.8982518075627
3132,3301.91077732646,3313.1777935768246,9.873789865104962,3325.3897089502716
3102,3303.990799298578,3315.149944432998,9.799261221595797,3327.9498910973657
3956,3777.6211944644065,3789.1413928308475,9.233809298427856,3801.053076873076
5892,3848.145090680854,3857.0955363503317,13.009844764007465,3866.340846298133
5951,3850.167804634514,3859.460653329517,12.423022614382207,3869.473535873042
5930,3860.786231591115,3867.6341964401113,16.83934075734829,3916.75981226321
5963,3869.1421513755645,3879.3499465613063,10.336635659526868,3919.1822865086037
5914,3920.270307465703,3929.3155701013548,11.596769440784456,3940.242912725276
5939,3981.801246644821,3991.097841031035,13.002516557791193,4000.4977572198927
5142,3986.1916790722776,3995.4810961904036,11.53074943042908,4005.402683760749
5921,4133.807394589546,4141.167283837931,14.940375864245096,4150.537817781239
5944,4192.654464077171,4201.081320611585,11.86095241572584,4212.125526252009
5952,4321.769689876607,4329.606159397053,16.722500932287744,4336.807263880461
5953,4326.099482006887,4334.374290259887,13.74851433664112,4343.091966614851
5927,4395.459404601733,4404.147960330623,13.460116462426067,4415.81278001398
5904,4661.919586700035,4671.3860309471065,11.404994761961776,4681.330022418015
5922,4663.846035168099,4673.229305515286,12.197306223979208,4683.086383375794
5949,4797.3963425379825,4807.150750611264,11.899339699775899,4817.449344838978
5977,4799.941763377344,4809.283121347612,12.113462688450078,4819.2985953571715
5085,4811.92205900461,4821.089178044668,11.571432213007656,4867.688647019928
5955,4865.583202554072,4875.238193878644,12.325308843956712,4884.801483199215
5918,5205.566059642349,5215.088554760248,12.53781501694801,5224.897363832353
5934,5210.259408418394,5219.0935201369275,13.380070577888047,5228.272887495117
5920,5212.1384259064025,5221.005517845591,13.26576921035469,5230.92449145528
5931,5294.207341485602,5304.142526908814,11.493249793247449,5350.027340279855
5948,5342.026736728661,5351.198542037994,13.809099755813294,5360.1773396577855
5909,5413.933716172436,5425.290666040003,10.35865573750155,5477.218557413068
5898,5481.621858721263,5492.243786128526,10.284386966387084,5504.558529752568
5986,5484.061758980901,5494.21879609076,10.673464870871545,5545.247216170798
7944,5613.519410431319,5623.203491362695,11.015178005166774,5633.520123685771
7120,5617.667566259294,5628.100539003639,10.79666876154269,5640.42834784747
7127,5687.0276681997875,5695.262525188621,13.278834770689238,5704.04422149268
7896,5820.09321865933,5828.456455958602,13.556849362393931,5837.29486084339
7955,5822.118725492857,5831.014726701966,12.84847293174028,5840.450900034547
7899,6160.397070721628,6170.48918756308,10.815345801569517,6181.129540982273
7967,6177.5219632178605,6186.54981510298,12.849515885288964,6225.627165299411
7902,6369.202443983179,6377.208056203715,14.546829035246242,6387.64366758443
7977,6375.431012998183,6385.307620362644,11.575800018347548,6434.512848449432
7959,6434.007277489927,6443.334697265456,12.538803700463989,6453.31090303049
7976,6497.641521513923,6506.588290938044,12.571870686220256,6515.6429133111715
7973,6771.846567142125,6782.247232227331,11.250342150776088,6793.347062788534
7941,6839.5096502255965,6849.305446316335,11.299379135121715,6859.741022288205
7931,6917.12993384596,6926.112087297334,12.456878039682667,6936.4921661748285
7952,6929.121318520286,6937.380210607666,13.64223877129869,6975.650179713988
7134,7044.051893267891,7053.460735436065,12.228171590116709,7063.097440667552
7980,7066.619881688367,7075.595949906316,12.581956874272224,7085.775655065003
7906,7109.917973971157,7118.3160255587745,14.934569151908208,7126.430090045716
7939,7337.632325466831,7347.146674821473,12.096410009629363,7358.949414953375
