872,345.42084281953197,350.49862003728515,11.10938513388179,356.70482347099954
1342,387.87281834503625,393.23241070291283,10.700100317634927,398.9553410898669
618,432.67978541543135,437.03903564299117,12.880616054637802,453.52535436211815
597,435.6413384279344,440.30022328150216,11.684073735783496,456.03415008158584
1490,498.3920314785995,503.4348407327134,13.909400586367402,509.2893020616781
1333,572.8395356471594,577.0501131358333,13.465382522206855,583.0611557551874
339,608.8538852180491,613.2990315281875,13.340577543055522,633.5150271941052
1489,678.5411751220431,683.616915358466,14.351572297542281,689.5102890535264
1487,767.986208944072,773.2520235639925,11.954400019256628,779.3728075729463
1334,849.5109024653228,854.5463354406498,11.508553986994087,903.3382835883287
1324,851.3092409949692,856.4264429368876,10.735571521818994,905.9440569738737
865,875.7789277686861,879.2830561285995,16.183293803947233,908.1594190411649
878,1067.2983241771972,1071.4255847339207,14.21511255079405,1076.8480644829556
378,1113.7487015652093,1118.1585874307132,13.073160664864275,1124.1563326896287
146,1117.931377017829,1122.5254972837117,13.103439189887823,1176.0368659778217
1343,1209.1850192420382,1214.5316753326983,11.087909755283913,1221.839469983954
1141,1433.205248515682,1437.495745180207,12.731954742782573,1452.1014285311805
1128,1523.1298419916413,1527.4469523529365,13.413925976657541,1539.3402562536069
392,1743.0368662054861,1747.363440868006,12.355096893890758,1752.9573452401044
395,1744.7834804966785,1749.0896884716462,13.179222886142494,1803.2258803847396
612,1781.546160297407,1786.1644627562996,12.005088794322122,1808.0663218427
592,1961.2048831992809,1966.215052144154,11.874395094449323,1996.1105335111515
615,2146.615323099018,2151.4318070399104,11.79962908744567,2167.2146207029446
3129,2298.842230132859,2304.1876335023235,10.876045161704475,2310.747838561024
2612,2501.876597352982,2507.068664660968,10.784943310289506,2513.6940284435286
2583,2509.2779840469425,2514.521092841011,11.68048285248559,2535.0788364835216
3122,2597.396880590029,2601.335531553899,14.755887459765065,2616.097439779731
2131,2642.2370288353313,2646.0634028266827,13.100078001279558,2651.935629917621
2397,2736.190748172717,2740.0685539668652,14.456668612961005,2745.682512504525
2592,2770.436601143101,2775.046516289511,12.304589257593975,2793.6368129677444
2394,2793.428617513303,2798.0907094077456,14.400399255850852,2802.4526346296066
2155,2824.0024144106874,2828.546568491175,11.992793182412303,2834.8971597081354
2875,3040.5829446236853,3045.4809123991017,11.362086107413475,3063.6170787461956
2608,3042.4535223200064,3047.3376649125435,12.456246323394526,3069.119994819909
2379,3263.3011584783158,3267.5905159024132,13.607617380272911,3272.1283745608216
2599,3315.0994874371245,3321.1280781450523,9.487691661743838,3328.9839584373153
2876,3317.040911864328,3323.0174546314656,9.620315299673226,3333.1625922267026
2594,3399.1235507068463,3403.5262293000196,12.882512249032287,3409.8367562045096
3492,3423.822555010062,3428.3548770912553,13.453657839189988,3433.900560262556
2391,3537.2395143125523,3542.449961759383,10.702113237153613,3548.166912216172
2861,3674.6129871475555,3679.0709466711005,12.807171710436071,3693.3888531226316
4851,3943.153759499836,3948.2218773764175,11.154013091037712,3967.6685419038386
2353,3945.2435200909404,3950.3726429339936,11.796433265204527,3970.0324433887276
4586,4122.35302751237,4127.457686800668,11.561397974034698,4133.832728386116
4152,4177.087144730087,4181.505412759887,12.706329823024598,4187.844722551017
4607,4227.668384405413,4233.247104853559,8.990703693951893,4255.920668648715
5492,4323.52024586738,4328.0524057025505,15.018031878649975,4332.166917405194
5333,4351.199089081542,4355.187112382966,14.278382284648547,4359.439130530043
4876,4392.465291789231,4397.314156911779,11.441014099234096,4418.884617438705
5336,4531.828068096023,4536.538489551343,11.918413561210732,4542.832668085617
5319,4625.416188617099,4630.480922465935,10.934128014248934,4636.795963455086
5139,4638.783818890181,4644.212441641154,10.626518198124502,4683.913030021877
4874,4752.774397256411,4757.426157588895,12.304494124173349,4778.370802223179
4387,4894.29642821118,4899.014133659285,12.003149787409914,4904.900128994122
4402,4985.835685554413,4990.568571231444,12.21507754115253,4996.794844484081
4599,5025.160550397789,5031.122202637931,10.023871521998165,5044.844406237732
4137,5072.907427825202,5077.254671281141,12.891424638757949,5083.561127280649
4612,5110.756312623357,5115.0572777239395,12.709534789614915,5138.21601823501
4600,5113.882919239236,5118.472644103889,12.523543788160913,5140.122623067588
5486,5133.64228555115,5138.29777149626,14.263357725188191,5142.580005600613
4146,5253.8325895969465,5258.368940155198,12.235836697564006,5264.737009481589
4367,5561.335680992781,5566.339485845117,10.869955121159878,5572.963461657132
4611,5651.387863240467,5656.296290319744,11.783063193372227,5675.981491353224
4883,5656.644900028217,5662.140728409436,9.833352748964803,5681.398253742184
6859,5741.194304384927,5746.172404512403,12.151972977135573,5763.727077624738
6150,5794.879196657858,5799.4069266797715,12.457511948911137,5805.532268487661
7338,5801.566282857502,5806.505051333134,11.68075675323125,5858.5349491372335
6139,5872.421821322566,5876.309687479523,14.69498030695589,5880.557205533134
7493,5897.846152564399,5903.197260923784,11.504615280240348,5909.616789297616
6596,6009.831274403675,6014.503255903441,12.55106725022477,6035.7644314070385
7322,6057.393185260375,6062.10800330274,12.751213007928465,6067.105826813244
6363,6105.847171969225,6111.0412186338945,10.323217647201757,6129.258558419829
6594,6189.026397822187,6193.494831866361,12.96966361879254,6199.771506688663
6591,6278.963903038191,6283.21218379073,13.259790589298479,6303.615546569066
6861,6460.237927509337,6465.006493060239,11.591235192478559,6470.970387848094
6156,6607.03317968457,6612.045673396216,10.815107154995461,6618.4619536969585
6592,6638.223257494169,6642.436239459492,13.811951925873146,6663.416491101974
6602,6640.082884788157,6644.200818420424,14.421676306333936,6666.209128802836
6881,6649.35188632216,6654.305703973046,11.595782803447943,6668.28667778536
6612,6730.449572622143,6735.101892398216,11.685086007575276,6753.417350258305
7482,6798.2483271635065,6803.139937873533,14.30008136558776,6808.538945346263
6140,6875.995090364729,6880.56611548922,12.064050720101386,6886.6433855682
6874,6998.994215530502,7003.436626806797,13.275976533829228,7009.597916893548
6878,7000.767886754363,7005.219294356855,13.174602074944405,7026.77133904321
6862,7091.146698512352,7096.021621151314,12.151737166226233,7101.975183729843
6618,7181.031309967496,7186.011115515515,10.834052956334501,7192.704648754514
6876,7266.369758299169,7270.0930543294635,15.673397425910853,7275.6438316005215
7139,7279.196893716167,7283.529176814019,12.981480084985035,7297.264222009895
