437,95.61766801582782,105.02231652607064,11.003768791885713,112.99246946289655
918,110.06530438630635,119.21033972678637,11.724067406567627,125.95397688623571
657,367.6033530317955,375.4965991520331,13.394098619740873,381.69353588098073
810,590.3774736597472,599.016949807443,12.80271172161783,605.4438561705549
843,1132.4408528503136,1141.2338984736082,11.96221768909055,1147.8038178433367
2592,2448.539187516189,2457.22847079507,12.667457145130939,2463.8107415537615
2890,2904.577746087951,2913.0031883096212,13.280471415913134,2919.9806817462777
2561,3442.104303621653,3451.5015869443014,13.542763221407947,3480.033118673346
4845,3740.700570553247,3749.0014089753818,12.598840288785409,3775.6839649094204
4598,4597.315882670704,4605.2607493688365,12.711981315145884,4612.402646391025
4583,4599.412203762641,4609.101887067362,11.837601439293367,4623.653248604072
4883,5332.398559359703,5343.009468732931,9.85356184567009,5350.90935143233
