469,170.71288780891538,173.46503035662823,12.402080412974762,177.57662500672555
61,330.0573798437835,333.0180115651989,11.619739899875944,336.89369784147937
213,610.4002097055765,613.2327577472792,11.13216160359046,617.7257265200142
53,688.40038350406,691.303513680659,11.826802540410982,695.3044978206274
215,1762.0305908515106,1764.2688342413,15.647549630043915,1767.8455611435274
2216,2095.95641302578,2098.313984271646,14.657507315288958,2100.5988442136413
2207,2302.7146319777294,2305.067357954603,14.378310881477349,2308.8403587120715
2213,2397.9286206475927,2400.4916906935946,13.041128197674851,2404.0013364940983
2066,2488.699099414539,2491.5510929158622,11.793472306686501,2495.3010682496188
2456,2774.0981139710348,2776.5329342242853,13.689190246326842,2780.348344007359
2463,3601.199452667125,3605.4414554741115,12.750038164665984,3607.9601618996185
4212,3759.8373620897564,3762.3393628096755,13.24162116556781,3766.450344534316
4467,5201.583990087692,5204.217464439251,12.912362023617646,5223.3032999203
4211,5539.7251606515165,5542.134229229517,14.281197233629104,5545.920047514517
6214,5565.960642218287,5569.1528796880375,10.272562215059024,5585.093423206682
6064,6707.238233386579,6709.552135728382,15.052427464211977,6713.41366358065
6072,6897.220479479985,6900.070985320249,11.70982304175414,6903.915072728145
6063,6981.778425410698,6984.344660180122,12.922537654202781,6988.556298508037
6215,7089.347118609574,7092.064248168493,12.517556939473362,7095.813985062816
6467,7181.480060928217,7184.4491513987505,11.170590496464909,7188.361908031422
