673,47.88082626862532,52.31400619267607,12.683041171946655,56.26455227697386
947,66.40052171460806,70.3720262564564,13.90216413315724,74.01240424970374
672,139.53372520805848,144.0629937433258,12.513392862786832,147.8101495103386
671,229.16727101730217,233.46752971985515,13.514999202975636,237.07812308020993
681,318.86659514394614,323.3050852372792,12.473086256429367,327.2269138312742
953,326.0374909916259,330.19632661994723,13.68872358952643,333.8734677121663
674,408.76644474694456,413.12436180174717,13.176531240276965,416.81940528078724
930,412.957287400275,417.1673123227676,13.632970639639368,420.8957569302816
683,434.54743417245606,438.15006968820603,14.257326207710639,441.6171719270159
678,441.6016556497795,446.0892577969937,11.3175255384618,450.4774325464387
658,589.2421846043095,595.091162729218,9.824903442852651,600.0341694463779
954,770.0456389414136,774.350596698238,13.013028267117146,778.1110629483067
932,772.1034276790813,776.3295473808896,13.6076361423173,780.3384878749802
952,947.8542602490845,952.483732467735,12.69735684165026,956.4705890725842
948,1037.9474300144911,1043.180613353515,12.063898812707244,1047.3804967364797
942,1040.240616381503,1045.369501100583,10.189101049954335,1050.182037866908
692,1042.1862216472377,1047.3198647505087,11.759733751675103,1052.5942627646125
655,1056.9927481349614,1061.483104839837,12.22711398704152,1065.5702217274227
682,1128.989581695817,1133.45301663637,13.508909969503593,1137.2677894169785
687,1219.1972817807334,1223.337168964923,15.910845971924378,1226.67967527192
941,1224.3479024922271,1229.4874398981538,10.688949013594277,1233.7664130598064
937,1246.5492418613578,1250.500237442282,13.198443138917495,1255.158385782096
663,1311.4144837370552,1317.3422754328622,9.610051068511615,1322.3683786404076
685,1317.6561768842457,1323.1662301106187,7.980509369736798,1328.0172659911595
686,1327.6750341335637,1332.1199836374599,11.455438389247522,1336.0844200162228
661,1340.7007987232178,1345.2668467368042,11.733486895798096,1353.2036626226209
928,1401.930430597099,1407.209667579798,11.58555030025465,1411.3700696682483
659,1404.4362904910881,1409.4057614598835,11.542403244652476,1413.9893499809384
660,1406.4999955247072,1411.1673131464474,10.837438725061782,1416.6615462399861
943,1577.9988504456069,1583.0405840905626,11.672847529246416,1586.9815411858071
690,1580.8016935987184,1585.3917417669193,13.507887743524646,1589.4316719555763
172,1730.35787673865,1734.508081526915,12.783533075043902,1738.4009364935462
657,1758.9172818882535,1763.4785222259266,13.727834602814662,1767.2235668494861
2657,2028.7151463902433,2034.263918837605,8.899539378680364,2039.4589088650785
2668,2057.9407596024103,2062.2264386813345,11.912263888676877,2067.2855282670166
2165,2094.7864235799534,2099.3133797356236,11.305417304749284,2103.41872326396
2662,2118.957223025355,2124.1173377947475,10.783771214763586,2128.6025185844187
2685,2208.824659993372,2213.24440681982,13.065142426567782,2216.974396694417
2678,2227.0559317752372,2231.5259060411663,11.68941689814872,2235.633767013323
2673,2229.7595669346474,2234.4830670472406,10.93614330998949,2238.7135604997848
2666,2299.2019432974353,2303.643068190904,15.251562770734989,2307.019703084234
2656,2482.039703549727,2487.2174334036486,11.010402966432329,2491.4803279046337
2661,2484.091295312512,2489.106970294992,10.896535540508145,2493.7943281244784
2671,2507.14061759422,2511.3799320908306,12.675348859096816,2516.343639605564
2660,2510.047799065411,2514.1619298374885,12.279584288154167,2523.5715381767827
2946,2579.008659530143,2583.262918802035,13.492518572254246,2586.9273680000338
2690,2593.6634239435666,2598.4481055629503,11.250394563190936,2603.6902187226146
2681,2774.387535154604,2779.451335372906,10.063000152738404,2784.6683283577113
2407,2808.7962025285915,2812.522476275928,14.30891662524819,2816.064535773952
2672,2838.96311843561,2843.40285642923,12.943826037418441,2847.0932431503584
2677,3137.7183546779092,3142.1123400530682,12.657823104934106,3146.8611210156982
2167,3271.661602139571,3275.6331532308086,14.039936157884934,3279.2561426072466
2951,3288.126132054144,3293.055381282864,12.91397322574117,3296.74974417356
2691,3305.905683928124,3310.0263408899777,13.493620907330785,3313.790077969321
2689,3313.441259970042,3317.233563034874,13.870319218093535,3320.9058072719686
2932,3377.8390062989974,3382.5991499426336,13.526888809215135,3386.217608092522
2679,3578.3779962776416,3582.6098206654497,12.934082361737213,3586.4910476310115
2936,3582.077460037971,3586.1519681997884,12.704789573282326,3589.9289125402347
4679,3829.090242048373,3834.039005576948,10.713372569975501,3838.500982419612
4935,3848.771731647541,3853.381659911292,11.867826021129773,3858.2932887070283
4937,4007.8704128263216,4012.559931519593,12.66534895810851,4016.290453764753
4668,4014.907092705217,4019.575084855996,11.821226393674449,4023.7183706978235
4669,4121.999334132565,4126.520825220687,12.348777326316643,4130.600456862472
4686,4281.715243367033,4286.059973149565,16.016772797328056,4289.330114651362
4934,4293.533461613907,4297.530104893923,13.830727337867579,4301.2886087149
4944,4457.819503185703,4462.495278505815,13.412652352990063,4466.138724205997
4426,4607.228935936341,4611.139856464917,13.938525461550517,4614.7700926693105
4933,4659.407934519348,4664.25578294565,11.374434608374125,4668.589948469633
4654,4666.595101147659,4670.5951176196695,13.004129946353121,4675.668913528994
4406,4686.599321583541,4691.330326399506,12.371468662485423,4695.107447264768
4170,4718.037856815469,4723.051202409716,11.359701714393807,4727.418337203253
4680,4756.944631850079,4761.091429866037,12.935974430021846,4765.723944013068
4660,4930.943094763949,4935.253934052626,12.279428432869427,4939.026268014272
4435,4968.093789473374,4972.281571274791,12.574503964799005,4976.237888020063
4941,5000.538127639605,5005.032287261217,13.666751462774048,5008.653040229456
4689,5105.152286293866,5109.190519628563,13.604391292643948,5112.795335645871
4156,5134.131624390805,5138.246779358381,14.217446779556857,5141.783965134581
4676,5179.218678718625,5184.1287699476425,10.407515452865354,5188.507275296289
4928,5181.338470927358,5186.263393150666,12.03032831376713,5190.845674694407
4688,5284.993519830947,5289.007973098536,13.692144167797204,5292.577659857749
4943,5357.6449864979,5362.237799517559,13.471051856025726,5365.988500708831
4656,5360.38609526155,5365.083391500237,12.832360987027554,5368.97534972214
4924,5373.197051301072,5377.473999028904,12.086799540251427,5381.382099132157
4671,5375.137780965901,5379.315480617144,13.141631662746432,5383.942413320626
6935,5457.380453997287,5462.291979850118,14.408261471957296,5466.195156611701
6670,5538.553987886359,5543.244301107773,13.244074503803484,5546.862646732846
6661,5571.233406197312,5575.449434325757,11.802120169775248,5580.124641805925
6951,5995.851007129556,6000.012912923132,13.438523521367822,6003.827453904879
6688,6078.864740270017,6083.403060299538,11.722831845517268,6087.326807092566
6440,6228.313548917633,6232.160109629134,14.501651433041786,6235.700690840479
6685,6284.02670337721,6287.497227614954,15.654768612722194,6290.832960277074
6669,6348.95370474801,6353.162406537514,13.721528920631407,6356.867164241257
6156,6409.862653003728,6414.142332483386,12.795891757159707,6418.270978087368
6925,6528.117189205279,6533.238610425822,10.11352075161472,6537.685023428165
6954,6532.813532033601,6537.197437694374,12.910231803000757,6540.976837951395
6674,6740.607893654224,6745.266236135839,11.499281192910129,6750.071867591012
6681,6797.394846089691,6801.535163392154,12.456101322570362,6805.49727416365
6938,6800.552147115358,6805.07930626135,12.091910731279201,6808.971438858426
6677,7163.552763667341,7168.296083143175,11.066385503341184,7172.457754379118
