1474,318.8364442471161,325.4140336327918,10.77390032650951,331.0784433063957
1461,321.0607683810353,327.36559256116936,10.1015345815396,363.4574845157608
1371,410.65410373519313,416.3804890993994,11.807025276415407,421.79183395228256
1384,412.56716125884947,418.22126200878307,13.065507201896981,453.1544257649069
1372,904.1459672977063,910.2380927213123,12.413835623519489,914.6057092449598
1377,1128.6961427875142,1134.2952496543555,12.584260761385336,1139.6108765467927
1460,1488.43195077104,1494.040385902463,12.177686821007264,1499.183541021009
3383,1987.9170900075776,1993.0276038429079,13.919501856175858,1996.7777141385968
3463,2176.2148795652824,2181.2540947331804,13.9887243827643,2185.1292253266042
3460,2470.21995165001,2476.250196390282,11.805285192549738,2481.7148989035054
3373,2525.825415662327,2531.531131223861,11.228725502922929,2535.9287231460876
3371,2557.3581784842195,2562.2643632711665,13.36650017674935,2566.086833807714
3467,2568.7223215346735,2575.452818967632,10.298738498857652,2581.762528404031
3461,2883.6283401545907,2889.067630952684,13.34311151314608,2892.9451488888594
3389,3334.1222099405577,3340.2863474092755,11.290722023440424,3344.9179632528017
5456,3828.462087010423,3834.061302045059,12.942281723326255,3839.3245492734272
5453,4012.9840476705003,4018.2727157439303,12.028887910991289,4023.551216488809
5461,4052.6782026396745,4057.509213962424,13.52011719150565,4061.2296471758546
5382,4098.8628876720795,4104.354660037262,14.10757347099666,4109.344942326843
5379,4503.5004361463525,4509.3233522795645,12.520609130867662,4513.662041875209
5465,4997.5751710849445,5003.161971712063,13.082673993966843,5008.4393807493325
5372,5403.600615532564,5410.032703627377,10.359370110070106,5414.7911790362605
5371,5410.227208505213,5416.452056707174,10.42087870635526,5421.381096906304
7461,5493.929595895098,5500.0940692571085,10.933783406251111,5504.681849437552
7460,5542.684536017168,5548.489028209351,11.130644380576346,5553.816250187692
7383,5989.085600597481,5995.492353754746,10.775621554140633,6000.992434043975
7458,6033.502414665673,6039.054786636421,12.149467842090312,6043.353819328682
7384,6170.820295267575,6177.096533780363,10.3027440932803,6182.970797648984
7465,6259.316396969123,6265.453300848804,11.790977213600854,6270.767229801555
7464,6798.652161952266,6804.521052566316,11.633635534090827,6809.901504057358
7473,6933.49580860071,6939.478609049989,10.936633495949936,6944.13579032101
