950,68.37928755785708,68.48767682786348,9.941673322421863,68.68684368384743
672,150.32973178319233,150.42827726805112,10.934754804882944,150.60935602602768
671,239.35590307715748,239.44126782211893,12.623135166001255,239.59812677932786
953,336.349219603345,336.44399672599303,11.369523403456661,336.61815106374166
418,406.31926786358054,406.4031553761149,12.845424563259149,406.55729989730963
406,497.5635827795377,497.6341016733264,15.280595825675304,497.76368116364443
1858,693.9596621404075,694.0375422882445,13.845626164288625,694.1805514808481
954,780.4026484573765,780.4964066012894,11.493089230302763,780.6686885508306
433,1047.2405523503057,1047.3322194064062,11.755266939940526,1047.5006589517575
1851,1057.1523821297521,1057.2699278514979,9.167247417052973,1057.4859198203808
687,1229.4062771353574,1229.5090531708493,10.484649547950394,1229.6979056269843
938,1250.42352152169,1250.5221925234137,10.92084498217019,1250.7035019204502
685,1330.3946284646213,1330.4908301607704,11.201161280883062,1330.6676021729925
943,1589.414752172297,1589.506951010109,11.687465261299522,1589.6763677120696
1859,1852.3774911640062,1852.462143671059,12.729342007371462,1852.6176938807791
441,1954.35969112561,1954.4654426728926,10.189644896454759,1954.6597626751072
2685,2219.3946308484597,2219.487703347196,11.57775635860457,2219.6587254137794
2934,2326.356860492893,2326.449439492844,11.639472392565558,2326.6195547482494
2664,2328.3937872238857,2328.48310436158,12.064545974884522,2328.647225897771
2430,2484.441334837461,2484.522812327293,13.225379381247558,2484.6725283968112
2428,2491.260951869634,2491.3602392149314,10.853051925526525,2491.5426811522257
2946,2589.4008612868734,2589.496048613396,11.320527148184192,2589.670956706714
2405,2843.505227918245,2843.577585990244,14.892197709108814,2843.7105449972037
3849,3291.9589118438353,3292.0412143927033,12.492026145025086,3292.1997196500456
2691,3316.342443619027,3316.439947184973,11.051603124526892,3316.6191114018325
2426,3482.3386878944643,3482.4439684017425,10.235234820940315,3482.6374228611157
2936,3592.3981619363803,3592.4973896062074,10.85957894544478,3592.679721888959
4672,3673.355521868311,3673.446484436664,11.846309240888147,3673.61362947556
4417,3840.2053567173107,3840.304748327619,10.841666723359035,3840.4873818533833
4163,3900.3607616851536,3900.458538420666,11.020727051420986,3900.6382045905666
4404,4007.546812788167,4007.620838810682,14.556647479450293,4007.756862700911
4668,4026.3966367485127,4026.502603266673,10.168973490541447,4026.6973182809943
4944,4468.337184001325,4468.427189569921,11.972267170410282,4468.592576107881
5855,4559.9415997980905,4560.03196438848,11.630512053850738,4560.202210703491
4685,4652.436704863758,4652.531831184805,11.327787117205537,4652.706627179677
5845,4916.936422385038,4917.008253460762,14.782196440472097,4917.142201878159
4660,4941.400853153539,4941.493968835951,11.572387015316037,4941.665070253163
4941,5011.358282517914,5011.466776908193,9.932040829792825,5011.666136924204
4180,5090.371447005812,5090.465253652088,11.487146773044406,5090.637624725425
4656,5371.345351372339,5371.4345085479035,12.086191686005847,5371.598336151361
5848,5453.161318579523,5453.246543570578,12.643834874244126,5453.403145727956
6687,5477.439499651842,5477.535102906396,11.271276475747898,5477.7107752735055
6429,5539.2204704808755,5539.295547951032,14.352784021784,5539.433503891555
6670,5549.328745237568,5549.426509836663,11.022095155435126,5549.60615370572
6416,5644.32413377822,5644.417468119355,11.545275843340224,5644.588971325144
6686,5673.428541554709,5673.52723914019,10.917903500904826,5673.708597385267
6952,5822.380582717453,5822.482985420401,10.522873742985373,5822.671151872571
6432,5909.228812997565,5909.324347319645,11.27940922803494,5909.499893022334
6685,6293.420191321616,6293.518202108312,10.994409395022515,6293.698298350657
6954,6543.411620358249,6543.505425961696,11.487274474577852,6543.677795118821
6923,6814.350392749595,6814.444666972701,11.43017336602254,6814.617897225248
6660,6828.400426166804,6828.503892419741,10.414707051594313,6828.694013160442
6410,6855.347545761502,6855.441657688477,11.449884713840433,6855.6145897195265
6678,6910.369563764522,6910.4798005395305,9.775056590503555,6910.682362212756
