1546,690.9881099052498,692.397318755414,13.13598417252659,693.8281539499708
1368,1772.7624180602215,1774.2061569457214,13.2930711413631,1775.5913246609352
3652,2223.844515777056,2225.4521843534535,11.512451319030976,2227.082178934127
3540,3030.947222738015,3032.3928742631538,12.253380337871747,3033.8373310776255
3668,3214.4420556543723,3216.2302851380473,10.14915802649276,3218.0157509511496
3517,3216.382147077311,3218.1484597571466,9.930849339512243,3219.955955539183
5512,4559.710856665963,4561.00526674929,13.581895730073393,4562.6223135428945
5378,4562.807398389807,4564.308991792535,11.023245620986215,4566.149003111993
5363,4650.830402590321,4652.211362250031,13.641591781197455,4653.576553589362
5665,4833.475926450705,4835.052816175631,11.215913255146248,4836.655633736129
7658,5914.609056989955,5916.374130400652,10.043364463274031,5918.4332114217395
7235,5918.082233900151,5919.474050455167,13.450515189686785,5921.350906345036
7642,6005.797867617344,6007.13462538529,14.007253060368026,6008.474273007786
7669,6093.395920195847,6095.138744908192,10.032800898576408,6097.011536153983
7539,6543.435362134752,6545.302336923783,9.530284644790633,6547.167181586121
7533,6814.597571520639,6816.217256141825,11.330420525564701,6817.838590677078
7519,7082.690688754725,7084.371558720956,11.079259558241121,7086.101381327611
