1533,503.86217588989456,508.6088429992235,14.343679316007043,512.1284814985688
1515,862.212008980832,867.224959535547,13.870718892931613,870.9840609748343
1368,1762.015910106311,1767.3978098194552,13.591866641366893,1771.2481884683505
3523,2479.893916053312,2487.2654431236797,8.939264280534102,2492.9865899129013
3668,3200.3107830316467,3207.2393203364168,9.657309402580632,3212.435433014578
3374,3289.8016287967257,3295.405581076053,12.69403389436322,3299.5866357630593
5378,4552.073854137548,4557.313025215471,12.53638474061284,4561.339125034184
5363,4640.064492152567,4645.32306547869,12.409029697839612,4649.334435826418
5524,5269.997517245608,5275.245101187033,13.266483682728595,5279.22023745735
7517,6169.864122957233,6175.470729136769,12.877345770759225,6179.741835458986
7539,6529.63875045003,6536.456141013784,9.795593106938249,6541.526974969967
7377,6800.261578853147,6806.193998935063,11.894728143567674,6810.5980354661615
