61,334.1534747414832,336.4915898453723,12.360015909149183,363.0392585014225
218,616.5496241489287,619.2028155099331,11.198635098799706,633.0278701726157
58,782.1436187349168,784.4120923312583,12.49826817362364,787.3506398295156
55,1322.1362416990132,1324.4499573930618,11.907285418989643,1327.5526547831846
2213,2087.38461911014,2089.4089081622456,13.934373173385701,2091.3654798023863
2071,3031.7252609239818,3034.02135346494,12.511497190920295,3037.1732491940206
2073,3122.9792925878482,3125.46983821588,11.843035190167164,3128.4698326427942
2066,3664.1882939372103,3667.043898139194,10.190718581387513,3670.271420150217
2207,3691.701785725781,3695.544482238342,11.283793459777044,3697.8564489123437
4052,4024.4116710040366,4027.1453795018547,11.088841428300983,4030.6546281679207
4207,4483.902734526742,4486.1970015720435,11.783426891442799,4489.5498313472
4210,4664.864649830098,4667.3472526265,11.112204697054997,4670.557199523905
4067,4833.602174132045,4836.094063830945,11.369484532425933,4839.4870210947265
4058,5372.0695866526175,5374.245753519352,12.867998563953147,5377.245777962645
4062,5462.085823213372,5464.3288421961815,12.914144210292212,5467.506739442942
4059,5550.585688221338,5552.6309059701125,13.859363953534181,5555.817414030387
6067,6542.829441191739,6545.199103813447,11.32455331902649,6548.4305258238455
6055,6722.889382758879,6725.28880033513,12.177178780566502,6728.741369980943
