213,67.08807974793174,70.54218720192767,11.854801248128842,73.87160931663949
59,238.53214054961344,242.30323494326083,9.759794326793378,246.12791304857603
61,327.3393457025962,330.57100687968085,12.684567047665201,333.7854336840081
56,416.6023703089946,419.5317962903704,13.473043616823198,422.436046787095
58,775.4342959271704,778.5646389886593,11.942001771867549,781.7950376160337
217,880.8231136614176,884.3520615281868,11.079589118644504,887.9056648280933
211,1158.0473575236967,1161.2673254141014,12.055369327541573,1165.9001743770334
69,1587.0576921774539,1590.319226315969,12.2538027978517,1593.599795778943
2213,2081.477921638675,2084.244481245327,14.400364682142557,2087.0581730784015
2061,2942.9897066103267,2946.2598093059723,12.686971365395992,2949.3835761153414
2073,3115.823860077106,3119.247279206461,11.982511806307548,3122.605440902543
2207,3677.1598402630507,3680.5060992447343,12.548739164102253,3684.737880913573
4052,4016.4286486160427,4020.235653858021,10.581285253315485,4023.999376424366
4207,4477.063600598701,4480.282379930874,12.09301005011704,4483.536603474073
4214,4574.194808385688,4577.215181249247,13.473779271722506,4580.23638882817
4208,5202.875030453375,5206.157112242904,11.538553762290768,5209.61562732848
4059,5544.5810465956565,5547.392280147385,13.994846748583653,5550.254606663313
6212,6311.051367969217,6314.1376365515725,12.401212912071532,6317.254815017019
6067,6535.741832243505,6539.158117410296,11.559677440685979,6542.4699957213425
