80,48.02758329078487,52.671292486738615,15.383243869641987,58.62595962069705
89,144.369117474733,149.09981689802103,11.57906872018076,155.9339813542038
7,412.042639517407,416.5698396711128,12.45636341476568,455.9320360585202
17,678.2388310440217,683.0360299713248,14.964176090058425,688.9186368209556
95,767.9973195011908,772.4866074434483,14.617674285080437,778.8759614593604
67,857.7702253366789,862.4292776138992,13.550346957521322,868.6965681670571
26,1308.0972092386314,1313.0726723337941,11.462273211553216,1319.7664581387453
82,1398.3104143264088,1403.191846170297,13.035704659027278,1409.8144691707062
123,1697.2524844474779,1701.301768921411,12.680918272073031,1716.0465623722996
2002,1945.964106349322,1950.4192200253103,11.323938296627441,1982.967501147305
2069,2063.4023376291907,2067.447272715088,12.801188160729746,2072.7050687359456
2048,2568.363646438407,2573.3631170337662,12.929253268896886,2579.9030706972135
2093,2593.9285927903206,2599.148149149809,10.457055063171868,2613.6373161209503
2097,2757.820244040784,2761.511744813141,14.231912551811547,2793.178123619442
2092,2838.236224891537,2844.0049262943035,9.251586493966416,2851.846948760768
2142,3198.2924296550555,3203.2430698307844,11.205247555322366,3209.8938137229075
2006,3200.6190514780437,3205.1261017256898,12.66564938337081,3243.3544846327327
2084,3378.0142133040313,3382.519921201191,14.657864262853126,3388.401270237716
4080,3832.149370095962,3836.550055691178,12.049894690784077,3876.295436301893
4116,3917.911845396354,3923.132880197682,11.028041993327593,3930.9183584542657
4145,3920.114576924148,3925.044827089027,10.747695912206263,3963.3567849205433
4119,4097.68724163966,4102.494596796393,12.069546494173604,4108.925671196532
4084,4099.954372065093,4104.411816228922,13.382884958772008,4143.493740023203
4086,4101.9941861121015,4106.078148432427,12.216309269196374,4146.012959078796
4055,4190.694971025352,4195.196620644791,14.071667169148373,4233.278683066051
4144,4374.943355858612,4379.421252387417,11.819574453528764,4413.475502453622
4115,4457.942354587409,4462.5521696489795,15.253100641096003,4468.358287010216
4066,4637.915725215969,4643.081372710039,11.975251710922555,4649.849956353473
4073,4910.576946415675,4915.135769494565,11.91006299248661,4953.446913926197
4070,4997.897628684773,5002.448794222494,13.919235828102297,5008.817107841235
4044,5000.3751162835115,5005.039506754302,11.79814608985426,5043.070688364411
4083,5089.912266707184,5094.35930865076,13.00500147450245,5133.171067791721
4106,5178.171333322927,5183.519718183549,10.771069480086528,5190.811080032012
4152,5358.373519404734,5363.370388212758,12.68564123518044,5369.899528482394
6085,5450.286121487531,5455.227996087881,10.768137221047482,5493.32344581997
6046,5538.3835285883815,5543.252793797883,12.824907240151482,5549.778599154782
6115,5540.859293671493,5545.251412515353,13.212740309359237,5583.408163302842
6065,5631.810893122178,5636.054664923559,11.822859958985456,5643.01330624164
6135,5896.860962219781,5901.126919556149,12.707211540776525,5907.691129744563
6123,6078.24063625676,6083.349103346814,12.859870142970411,6089.910102135413
6099,6080.3931601258555,6085.074972689978,13.361157963658357,6123.781301053131
6145,6257.3596683428905,6261.3909235738465,12.937654441217553,6267.826720257845
6109,6348.165614416204,6353.198828041305,11.956680682621183,6359.90391609058
6031,6440.42573490201,6445.108577180858,12.42010440650383,6483.462887366964
6117,6528.297323332946,6533.285447720256,12.51246678861089,6539.88962940751
6150,7247.993419801814,7253.4530487349575,10.590712246702525,7260.867374283351
