822,124.68756526155306,131.16620249162892,10.731908104665125,140.6758616806361
885,127.14353839669457,133.15661850542995,11.444723772934585,142.54709589971048
913,340.8641125277521,349.2249737046134,8.324680349751333,362.14389569667475
832,342.95433213011233,351.256708355121,8.063016996349367,408.4643097250423
893,706.4150064476095,712.3726713565885,11.371249188291145,772.5814618301532
846,844.567705938593,850.4661914696565,12.624623348844459,858.6948153974961
842,846.7374589221616,852.4328634890131,12.095675485223255,860.6382334949193
867,1060.337670811805,1066.025703651484,13.337454358248229,1074.9356322199255
835,1208.9941865746075,1214.2298536899048,14.044299768927818,1221.868929835027
873,1354.4341977334443,1360.297981389781,11.855973487880771,1403.374537337254
911,1492.7543650323921,1498.215020180233,13.00835011795747,1505.877571084835
847,1499.0288271852194,1504.4608955265958,12.817428565778403,1512.6464749880554
831,1780.7895143234016,1786.429355747146,12.995839482712299,1795.839172172295
2900,1923.2210694036123,1929.2225418882497,11.313643678424105,1938.1674626387028
2876,1999.1291669816248,2006.2237514420808,9.99057683439122,2017.8702124186264
2889,2001.1563441499504,2008.206210579085,10.017706876188004,2028.2130891450247
2856,2070.8203513807302,2076.1295499261723,13.799726028490786,2084.812208855169
2869,2150.3852499370655,2156.483594941739,11.106255494129625,2212.643160803197
2907,2213.017046735415,2219.2394442664836,11.335969278015291,2228.309568884324
2885,2428.5403036658413,2434.538698514208,12.627114045750034,2444.4973642362133
2868,2504.823085722282,2510.062080375739,12.903737088814731,2568.338737018024
2854,2647.0830053720993,2653.047910709259,12.132920128078965,2661.7604582694526
2825,2788.6522610794373,2794.2250499527454,13.024005783674708,2802.9716162514756
2853,2862.689231329739,2869.088569334398,11.1318666273293,2928.300422718565
2915,3004.4128282802703,3010.257246314936,12.047954172443424,3019.08176061072
2879,3006.6460410390514,3012.1030776272655,12.883360397803475,3021.051768487382
2912,3220.746355950137,3227.1105845101256,11.219187553373251,3237.597924015894
2867,3222.6007059101416,3229.208554344077,10.60860972102677,3288.401630255148
2865,3224.5457142830865,3231.024393470127,10.099838908008799,3291.0178564177068
2826,3435.147585695671,3440.4853846364463,13.59810299282136,3449.6433738969376
2820,3509.1213560521455,3515.5594220847374,11.594389366286169,3525.9776807011067
2873,3511.26576004347,3517.4372521035666,11.347284212872308,3558.307211630609
4916,3656.9396137797503,3663.1488479924014,11.582400823096924,3672.0206541506723
4889,3681.167052049745,3687.4973881660353,11.412212103972925,3697.732913733094
2911,3724.7845026478844,3730.3318379868665,12.4492198465463,3739.0159682963726
4867,3735.866306375084,3743.1312866885123,9.535390655047273,3753.857341878682
4834,3796.3944057968506,3802.517101137816,11.769394835209452,3812.988241813809
4856,4018.676972268192,4024.023238975296,13.006356024407332,4032.805155186179
4901,4084.5261587214936,4090.1539185826655,12.368321465358168,4098.384234191898
4908,4300.677274731365,4308.064471359497,9.918265318423494,4319.883955122843
4894,4333.160888517975,4338.446274928939,15.443974142053635,4371.235025599315
4848,4372.505612094553,4378.488405520689,11.66233530593358,4387.204722305966
4885,4378.293019279581,4384.564441234104,11.707136421994319,4393.95742748408
4828,4380.2766851200795,4386.410031206125,10.63259728603309,4395.71528730598
4902,4540.104873494839,4545.186738235939,14.494574189541428,4552.6298329311185
4853,4806.981865533008,4813.049418805109,11.6655592964918,4821.988432633456
4891,4877.748058439645,4883.590989579468,12.470474523697842,4908.451305702885
4888,4879.528892567777,4885.338682009779,12.246225682875227,4910.986162118993
4833,4954.451308298101,4960.373586562342,12.415698484195675,4998.321075849929
4875,5166.285513797186,5172.103828010029,12.328874148842655,5180.600429682917
6827,5526.871327939389,5533.066774997905,11.37590899293907,5542.007805316629
6856,5611.592326894495,5617.499344767345,12.100585075724721,5627.336856033112
6918,5743.342706386482,5749.170332259703,12.767466881155917,5758.5812831244
6898,5971.451679350038,5977.383786832993,12.474678242784185,5986.046202627396
6825,6030.883936507248,6036.486831734921,12.80267435294543,6045.90468828107
6916,6244.716703316278,6250.061648965424,14.28954139342623,6257.407275819641
6828,6248.174134999243,6253.045491040879,14.139541200501972,6260.253935372493
6854,6748.230201867352,6753.525496643364,14.493701577481712,6761.962603631799
6882,6822.788208430282,6828.531154478812,11.7877187915684,6837.911493252333
