349,316.9868286545317,330.1414268719841,10.93016812678178,338.3665992753545
862,408.0888743052727,421.1864631207468,12.070435415141638,428.7828797562319
1716,417.0953734168766,429.4804096687024,11.803907716870794,437.20395306592764
1668,498.6955641270697,510.2895480461995,13.223191680549311,517.2103890684597
613,588.0842036471112,601.2680038412801,11.379252849554472,609.2016891910058
602,590.2010696310506,603.1531416363034,11.895583655334974,610.9857059118292
882,678.360597312208,691.2824674326073,12.74158354231002,698.5978364004417
872,680.7720789340675,693.0985736081643,12.731211600954937,700.3413903604935
1141,695.021165263113,709.1802667916015,9.779724842974257,718.9921829663821
1728,860.965444167397,874.0376233126123,12.16597150661512,881.7575254446016
1681,949.0082869184483,960.1599038328334,14.30503102603867,966.585446311837
868,951.6259961523099,964.3313916100697,12.933118514130332,971.5022148844647
599,1127.915591884205,1140.283813667541,12.285879588344295,1147.531045246515
1710,1130.6439112774276,1142.1171073934172,13.033024128296024,1149.2208872565184
339,1133.7253565644407,1146.0831924899285,12.169490228592009,1153.2926404822983
600,1217.6834440073053,1229.6171195824675,13.108764750044681,1236.5863747074172
586,1221.9864382037133,1233.5314685634141,12.853597922844475,1240.8519930831928
1726,1316.6311086829933,1328.2240701296178,12.759653782563284,1335.349234714898
870,1488.1737471141225,1500.0499737537698,13.684837237960684,1507.0172446582699
861,1588.4880331053057,1599.547882860431,12.485986120987661,1608.0775543670507
609,1668.341392292684,1681.4347586691583,11.3093676262817,1689.153004601401
1137,1684.24004797681,1694.5976602981073,14.87370049699408,1700.9984016906315
3703,1944.9333969603867,1955.588547605584,14.399871210748495,1962.1497407459726
608,2208.078182218481,2221.1743592414878,11.205343941426987,2229.0089873716147
2337,2219.8924878775724,2232.152846941824,11.427525535563282,2239.9118180121573
2868,2229.157396151712,2240.2871960682314,13.701190531341034,2247.9337824940903
3702,2301.016414522652,2313.3174427261933,11.920821221263223,2320.9257466524223
2862,2401.0032465188956,2412.1760465417447,12.755257215610564,2419.1069696985583
2864,2477.9011139241284,2490.3641644290974,12.7978654557021,2497.747434756493
2598,2480.189621395495,2492.116718575927,12.837074883168444,2499.576850286624
2606,2482.3693880596775,2496.363514044359,10.563338670546058,2504.784697162913
2590,2484.3614596791544,2498.2204849414506,10.918001442164869,2506.655086139592
2860,2486.495685234987,2500.08443841369,9.867159784120226,2508.485422473567
2609,2488.46584723706,2502.042587022574,11.368944938854263,2510.2599353454966
2608,2571.8483484246226,2585.18509209607,11.697862807787352,2593.274870087482
2582,2657.9205856228796,2669.1804246942816,13.82746831262153,2675.64683717632
2859,2749.587757044276,2761.437139940974,12.592716623808412,2768.6398854667054
3725,2931.0863353307645,2945.1689759336796,10.78775948392383,2953.8867918596497
2335,3032.564755034268,3044.426060359532,12.597582183249951,3051.7877033710765
2350,3036.0511479286024,3050.2861068439715,10.178055415828323,3059.552285930768
3681,3108.477190254493,3121.304143674731,11.461552872317917,3129.0024115709393
3139,3305.2295967038717,3317.139533543983,12.091312912251531,3324.334318404635
2875,3468.3385427075173,3480.4621459260497,12.863302109166701,3487.5843218765176
2604,3557.719063492393,3569.579732646655,13.63948985343826,3576.5607936910997
2353,3560.2253421445034,3572.485710636049,12.2303441933938,3579.7088575336456
3691,3568.5294282541267,3579.4515458487613,13.268642330149259,3586.207105037552
2593,3652.7825155625146,3664.1966981640303,12.947894989116318,3671.1034025676495
2594,3657.1684120594073,3670.4828824582933,10.682699427149162,3678.6948471981323
2597,3659.035861661855,3672.3472186872773,11.291259963622762,3680.6115723536054
2584,3827.982271458571,3840.298877229719,12.766505113651274,3847.12301993878
2358,3839.3798356807706,3850.610442378878,13.8149098444305,3857.437244355715
4621,3917.9341317239305,3930.1334243829897,12.746486810527026,3937.246562575209
4855,4277.762245841748,4290.014627438025,12.69705183839617,4297.1624454870025
4605,4457.861427485623,4470.430171621188,12.71985755337937,4477.632620743629
4589,4459.87263894107,4472.183898607804,12.758831275050849,4479.32798201167
4861,4547.885186391703,4560.157461591374,12.48335889543184,4567.140424879014
5719,4550.729842343686,4562.474945349577,12.269502323578642,4569.754156602739
5741,4554.777109676108,4567.144397038507,11.603833279936246,4574.825947119528
5713,4638.49461750611,4651.169109029599,11.288268938203736,4658.948499546156
4871,4643.982384471678,4658.318948028072,10.072785988579994,4667.278194254433
5683,4818.786793453355,4830.123961576711,13.893608868863598,4836.738698092716
5720,4909.103783334197,4920.14419348443,13.80544954248138,4926.603560908224
4592,5000.719196143348,5014.366421314682,11.185174158315728,5022.7468149113765
4874,5002.792492838543,5016.366824297859,11.182721618236723,5024.791564094425
5697,5006.537350760809,5019.083103085386,11.886237946813775,5026.759810135059
4854,5087.733627532134,5101.151328925335,11.906373158643476,5109.085512421923
4867,5099.442312313035,5111.215400695163,12.569769531114165,5118.64863496789
4598,5178.072976592087,5193.231126553101,9.125706805739393,5202.564145628387
4880,5180.565615576955,5195.246058075828,9.874963090913228,5204.552540304814
4857,5360.152465770833,5375.328543713537,9.250828867823028,5384.524842681164
4601,5362.230473998916,5377.318517963414,9.780116888785402,5386.536467396517
4859,5448.223220895689,5459.574617797197,14.805046881409503,5466.00963178522
4609,5538.155663766268,5550.226798011783,12.673983346258295,5557.141126587752
5677,5541.551390574732,5555.047762246931,11.331592255977085,5563.254384052575
6882,5918.403377679019,5931.11498868495,12.086201280217502,5939.869019517195
6867,6078.063287177249,6089.461544219145,14.50413382577997,6095.851473901829
6620,6257.842009265604,6270.047378253193,12.144752922360897,6277.319436414333
6856,6350.479945988787,6362.083650068465,13.383800178454981,6369.234112498248
6367,6363.1512790336765,6379.314086481551,9.301668562800002,6389.639504055386
6878,6437.792559888829,6452.216675894882,10.643778679828268,6460.849312590148
7681,6528.433684259303,6541.149014120172,11.792157796955363,6548.902710360122
6608,6532.069267134422,6545.225251557795,12.410993572646277,6552.630514067041
6613,6617.863013400805,6630.154954720082,13.195451782598292,6637.067664225985
7123,6633.687940990514,6644.194044470135,13.766575334784179,6650.818646713707
7703,6716.69308811556,6729.471121777623,11.339127379687818,6737.428258919862
6611,6798.03025190201,6812.235916994137,10.608249072839204,6820.787902798539
7674,6888.397258361198,6899.576134046373,14.228601320528295,6906.073536976886
6591,6891.445891190873,6903.085421872749,14.4493759681902,6909.552410397252
7709,6978.844471236004,6991.174585966415,13.112734271569572,6998.416558218688
6876,7070.192103680939,7082.581959633132,13.030453661751297,7090.005983367035
7683,7251.087849713306,7263.389854813735,11.864350780679228,7270.974828764483
6594,7427.943128405865,7438.233292319886,15.91214267110807,7444.0356586886555
6606,7430.602696956678,7442.326367437498,13.204621724921376,7449.219709574686
6862,7526.307850936632,7540.544844118642,11.08152454543379,7549.407091139971
6598,7528.276491513551,7542.389810859457,10.100082531482828,7551.4132505433845
