1599,158.0,163.53529128982524,14.140267071492453,167.82527999064527
1677,181.0,187.04161529445255,13.217793526031711,192.72595954823058
1690,211.0,217.15403757798083,12.166154656850109,230.81675168423197
1650,232.0,238.34395335725878,11.965382779892195,243.4433032331798
1502,280.0,285.13894407141476,15.393472644084474,290.9073022829034
1660,554.0,560.1582294038635,12.461968471887847,588.657448097608
1584,737.0,743.0972803348498,12.700289434889488,748.8087426219664
1570,771.0,779.0763044565297,9.281907829873637,785.7599045680121
1681,857.0,862.561267210158,13.57231735957265,866.9014210214818
1565,917.0,923.4456396417919,11.06708063587453,948.4315234659294
1519,935.0,941.4815924374747,12.146067204822554,953.544252575903
1624,958.0,965.3421548348482,10.34003045082491,971.5491846629797
1710,1007.0,1012.5103997326637,13.819376278661132,1018.5840386111136
1556,1110.0,1116.2157667127103,11.425751193293165,1128.204457195313
1560,1131.0,1137.2738977825318,12.592306427624438,1142.3432040157095
1741,1150.0,1156.3553197524827,12.481460719658871,1161.4542451114032
1740,1217.0,1223.335023636037,12.548597648639028,1228.2044210934644
1611,1225.0,1231.1952042343914,12.052137055319426,1236.2862930203805
1712,1316.0,1322.027411070772,12.439251910074109,1326.8445562969378
1557,1329.0,1335.5372551196492,11.11518360712642,1340.694633863662
1589,1374.0,1380.559096115386,11.818399697313744,1386.831442603011
1573,1376.0,1382.282118609289,11.64578722278192,1398.633480982738
1621,1416.0,1422.112291130281,12.032785779761422,1427.0170973180054
1721,1420.0,1426.009828026811,12.588951708168478,1430.7553869833168
1537,1505.0,1511.1366107059516,11.892349319561566,1516.080732268886
1684,1538.0,1544.0984433565204,12.158207855009225,1549.8890908767175
1691,1547.0,1553.2687184179053,11.880634033410281,1584.0064213522492
1667,1692.0,1699.1986034148517,10.603260016877295,1705.763012283743
1511,1756.0,1762.3991988585174,12.341645232318879,1767.4392587479713
3600,1826.0,1832.0576617542647,12.293284776077673,1850.7074394101517
3579,1897.0,1902.583604851687,14.334095221350898,1907.8733003429525
3570,1930.0,1937.1882101178894,10.5270296990225,1942.873796210157
3583,1931.0,1939.055157679941,10.476858767386586,1944.876139497578
3665,1950.0,1956.0456899062285,13.247945268157805,1960.7288258411882
3637,2036.0,2043.0615527612267,10.340214946870045,2048.744484299961
3684,2081.0,2087.1854173426873,12.405840327832674,2093.32219024077
3553,2152.0,2158.058888313647,12.355876949255896,2163.7621330126067
3556,2164.0,2170.417920660758,12.302969185655298,2208.2318959540007
3506,2205.0,2210.483393712073,14.558299907549424,2214.794264496054
3630,2223.0,2228.5664409133287,13.554980778870439,2233.037941931186
3702,2227.0,2233.299008198629,12.181518648514453,2238.2434707392167
3542,2232.0,2237.304792699139,15.243052967113382,2241.2494578578066
3629,2235.0,2240.6206946752573,13.313105277435984,2245.9958717950362
3564,2259.0,2264.2790951877837,14.704086930475325,2300.7904090240936
3632,2279.0,2284.578236203085,13.760393605779962,2303.0041715266684
3520,2313.0,2319.081316654697,12.896142604221637,2323.899157986243
3559,2404.0,2409.583372769752,13.71412798624416,2413.97121770964
3740,2492.0,2498.30150886637,12.038112847007916,2503.306890026025
3510,2523.0,2529.1636612854422,11.990419391734546,2535.4975660990963
3575,2524.0,2531.0863823148898,10.669996495269448,2568.7661115262035
3620,2541.0,2547.0206960619153,12.46846724536006,2571.365566825497
3535,2566.0,2571.5393219444354,13.694309597885859,2575.9840450202037
3621,2620.0,2626.4601252601287,11.377726559245536,2658.2760934351563
3644,2690.0,2696.029020095309,11.785605399479898,2701.8425663200087
3543,2722.0,2728.4501851343166,12.253891258986046,2748.456465459556
3707,2776.0,2781.476281380884,14.102394446376481,2786.785592455912
3685,2779.0,2785.205792093811,11.79847326722254,2840.6641115429757
3582,2796.0,2802.0561301401835,13.102938822830312,2846.4998814096143
3623,2807.0,2813.352470342879,12.292940585147816,2848.4879291084153
3725,2816.0,2823.0768553300304,10.447920805296311,2850.4165653176533
3602,2940.0,2946.4560123561496,11.304823438607164,2951.591318755871
3608,3033.0,3040.034461699501,10.463236921714246,3045.9795279062205
3619,3047.0,3054.5034282904294,10.449646828836201,3061.7139610801523
3687,3090.0,3096.2377182945124,12.387429190737814,3108.1793979756762
3522,3102.0,3107.590177220588,14.283728765731983,3111.9262232248584
3674,3200.0,3205.0084192776353,15.662652351934042,3208.862801961601
3598,3229.0,3235.340969418404,11.861291019447517,3241.850097306542
3691,3445.0,3450.5451292257394,13.846236331393971,3455.9864414554554
3614,3539.0,3545.0142788839526,12.907616479738909,3550.920707282328
3709,3557.0,3563.3980386519206,11.14657001567253,3568.603249293508
3526,3568.0,3574.2683267203356,12.319866364184023,3579.281526641794
5603,3624.0,3629.629480976808,14.065886834809996,3648.1404686925675
5521,3654.0,3660.155408369535,12.626346345492884,3665.2368348078485
5642,3671.0,3677.2015373775284,12.70120419948708,3682.0169160539454
5600,3737.0,3743.4358737724674,11.133827712109683,3748.690183567689
5555,3759.0,3765.3994735768133,12.0991211650535,3770.4220590086793
5639,3893.0,3899.2235603916915,11.756076712897956,3905.5898114408515
5552,4035.0,4041.4210815297024,11.173248917074229,4048.0709942416947
5509,4058.0,4064.3201099168077,11.564484016873376,4098.506020775687
5546,4060.0,4066.445833472175,12.134238249341815,4100.857682791616
5576,4168.0,4174.418624907387,11.450281940065803,4180.858319339493
5629,4227.0,4233.00240389873,12.832939127341842,4238.991264283416
5583,4243.0,4249.422464166382,12.38788306146228,4282.710754439547
5644,4264.0,4270.110616338247,12.507113483188583,4285.911737570583
5678,4353.0,4359.216260071596,11.940487108247419,4368.414652875813
5632,4378.0,4384.530813160674,11.664225828223342,4389.850726152638
5636,4379.0,4386.27592898553,10.93620374319182,4391.775889097732
5558,4418.0,4423.312738407335,14.846819482911513,4458.471934943343
5684,4425.0,4431.150482486071,12.004814936310225,4461.318176894091
5580,4463.0,4468.256921407901,15.618621575212723,4472.1694219235815
5669,4509.0,4516.05412343986,10.185460572605981,4548.622299850235
5713,4569.0,4575.507382429981,12.231226606905993,4580.467147640977
5582,4583.0,4589.110783086807,12.08736265120482,4594.7647014099575
5516,4608.0,4613.387306466193,14.520143706905381,4638.549119787543
5683,4716.0,4721.542405045034,13.288323786252706,4725.978420132007
5751,4729.0,4735.195732119068,11.870500737707475,4740.024297989571
5538,4760.0,4766.0264443451415,12.127992778095926,4771.886843781742
5737,4773.0,4779.00454438863,12.991871219916648,4818.501774041764
5697,4902.0,4908.196280012542,12.699620413824965,4913.128577495861
5674,4927.0,4932.429490537463,14.243084403370863,4936.583684431769
5706,4972.0,4977.612105757155,13.956381950764031,4982.934853844694
5729,5120.0,5128.092296921272,9.28048055683816,5135.872920605157
5708,5123.0,5132.167567896926,10.206187358568428,5182.895659139755
5560,5146.0,5152.002296403256,12.426599522816515,5188.07099164352
5745,5254.0,5259.595980528013,13.085789586092396,5270.377790305075
5733,5354.0,5361.192275864919,10.699070846281149,5367.124271624681
7641,5402.0,5407.626150172579,13.897414793052144,5413.929188272858
7630,5471.0,5476.387545467801,14.608376619470969,5480.593346586437
7730,5485.0,5491.14887494977,12.238575433476019,5497.461402068657
7601,5509.0,5516.056347816695,10.474048529024678,5539.892511133032
7585,5534.0,5540.094059595767,12.152366289845366,5544.995037278478
7696,5599.0,5605.492113903746,11.884269057771462,5628.376548290248
7671,5784.0,5790.055008897186,12.527721049552214,5795.821018959533
7547,6045.0,6050.517392570968,13.584076183685992,6056.306759652764
7591,6075.0,6081.000447554129,12.503497506820256,6085.876821452798
7540,6131.0,6137.339050562252,11.952886979297697,6143.82631204766
7508,6194.0,6200.15502391091,12.858868412570933,6205.844751308462
7690,6203.0,6209.412894746941,11.497185113725473,6261.239433782618
7710,6283.0,6288.561764387483,13.587370531023577,6292.955089068553
7520,6419.0,6425.341776591032,11.818648447245748,6438.2985827992825
7577,6540.0,6546.327381216064,11.908486086461695,6551.356895746287
7566,6555.0,6561.47273914579,11.82559259200392,6567.751849072809
7706,6598.0,6603.291643161033,14.909634719786375,6621.4133638428575
7703,6605.0,6611.530529182473,11.163440296583719,6630.115661573518
7685,6706.0,6712.154840947522,11.773191161247366,6717.046387862071
7536,6769.0,6775.046382031145,12.342734416821163,6798.48070920652
7674,6808.0,6813.408864472624,14.648968657733937,6817.653368290873
7567,6817.0,6822.604376566161,13.874503321611222,6827.014920459034
7633,6903.0,6908.415115869339,14.061837999193118,6912.684862577247
7586,6910.0,6916.487230325858,11.412863609093513,6921.797654411075
7687,6925.0,6930.531749928567,13.506100275326041,6936.191423806781
7549,7014.0,7020.35001517561,11.529199611542788,7026.960809983428
7678,7042.0,7048.058787935129,11.959959833849227,7068.491460456917
7574,7091.0,7097.244338379926,11.849234188642678,7102.305788680999
7603,7161.0,7166.157588183359,15.459122187769932,7170.095011485755
7659,7162.0,7168.151152767619,11.94640525979845,7173.069251377715
