258,273.7871983875437,277.0657948494345,12.920553256880837,280.0381757422848
255,365.94555854847795,369.26300576894937,12.426893997978592,372.4381129768375
100,468.88899345233665,472.025940676669,12.45305866767111,475.2550189845204
1554,587.9903522921647,591.4653944008967,14.233825908564027,595.5408078380024
1237,614.1639097116545,617.0819184367157,12.711395548576283,635.6933071238539
240,633.5332460124012,637.039838266431,11.786457961290685,640.3455167543166
1579,695.2058667282066,698.0529342346586,13.396280085313593,723.5067515781265
1393,709.5622539780251,712.4902958937671,13.022953757920662,726.0799316633569
222,723.7526029725876,727.1039621794841,11.137310939667753,730.6859776033409
228,815.9660211399897,819.181551840876,13.131156484249326,822.112948670247
1568,872.2948892358362,875.388004917289,12.70959858414412,879.7910788397825
254,922.8696550781997,927.0578385490154,9.473711355576325,931.2869802515339
232,1007.3324975294998,1010.3072444713143,12.522526278913393,1013.4187968264094
70,1011.593941100688,1015.0757348181077,10.798212159968982,1018.5272166241499
1565,1232.9563607752632,1236.2928527601773,12.018604240184922,1240.6970169419883
220,1365.2351255959134,1367.6580224616307,16.05462961061205,1370.1421695338263
239,1386.2955805752738,1389.158621493086,13.244080721471116,1391.991504269289
1563,1412.9633715531857,1416.0845504951885,12.779467113066687,1420.4890033538895
52,1517.9637579369703,1521.3339607970704,11.78318659800978,1533.528110003853
225,1536.2157689359763,1539.2634505050614,14.238528632722442,1542.0533099396068
207,1623.4436295895034,1627.028666960419,12.618854529635843,1630.1612923408784
1412,1681.303997792521,1684.2199448749664,13.45116344009317,1688.3710160380087
1396,1790.867435354883,1794.1623285174396,12.155260087954412,1799.1246086769722
1410,1847.7357714782108,1851.3036871421125,14.776307355863633,1855.3634061917487
1389,1876.3793898329195,1879.4284496098176,8.849262277439118,1900.727743294755
235,1893.9848352489844,1902.076070125903,5.535436322050379,1908.1739600103638
241,1993.6231294810748,1997.211917237744,10.719127154125912,2000.9163179931763
2224,1995.5374239747584,1999.0676268809145,9.749944328190384,2003.7785595834914
2102,2005.151889114885,2008.5395191515784,11.77100596138775,2076.3417252525314
2257,2073.773359654972,2077.438806321592,12.673950792924284,2080.556569276204
2063,2178.960774035774,2182.228598256547,12.345592081005602,2185.4279495334135
2205,2343.5303711757556,2347.031894817786,12.359955739054785,2350.2277994923793
3253,2418.8658499734825,2422.3156267106056,11.431120566564179,2426.8784710334735
2250,2449.706018796733,2453.2002281032132,11.480306985295915,2456.696680793071
3411,2512.2364883259725,2515.324469589422,12.416279125058908,2523.3817249529066
2227,2523.6651413240997,2527.2234674851056,12.998787420816141,2530.344833973868
2049,2630.4612408242983,2633.295584715348,13.665712116485999,2636.1765250814933
3575,2779.9785982709104,2783.539336323653,11.511073208142028,2787.837948613916
2226,2798.1873962678987,2801.0324963985995,13.224494661682499,2803.8249091231846
3555,2927.686407870922,2931.295805654243,15.185276069018217,2935.900651168683
2232,2973.672995262327,2977.2913537761483,11.43675524425277,2980.7168098023003
3571,3032.1766039970785,3035.247591584329,12.182566570464205,3039.488834706756
2266,3063.510653272704,3067.2896561633484,11.567632160017888,3070.6726980583167
3582,3110.0920074455985,3113.486775245681,13.293580108057741,3117.879161644014
3576,3122.421882803653,3125.5860019966594,12.752367343570109,3155.595723481743
3565,3124.1587565929062,3127.3258252013557,10.486156475520511,3157.708550321786
2077,3170.7683441336717,3174.0022819637175,11.456752235859158,3178.7931080568146
3254,3197.9326469013126,3202.190599483879,10.362475869315466,3246.0695280977516
3251,3200.382949244656,3204.259354510934,11.037309912546565,3248.182533624383
3249,3202.431620167986,3206.1912610916424,6.792130972903008,3250.1088823699147
2234,3423.7326444407577,3427.127081809395,12.411759527946595,3430.2320002089004
2059,3496.234866695267,3499.136511274969,13.497530461354463,3503.5689710418123
2216,3548.603472525738,3551.5412971565634,13.558994969543125,3555.734502898094
2231,3613.5884542448216,3617.3980118954105,10.276864293418646,3621.1166253469996
3393,3671.913768861978,3674.404207111209,15.28339586860867,3693.0998454498176
3259,3678.507744784213,3681.226665414073,13.344524788388947,3695.7580264825124
2220,3698.102170027299,3701.4609680182916,11.52924619871124,3704.987968758314
4246,3699.9455587846883,3703.306753843744,10.797839168744586,3706.7697840705223
4215,3707.161731790135,3710.0053848589905,13.877340519802809,3712.8850740331013
4104,3711.0747001160476,3714.3889902961387,11.830512742912324,3717.80919723632
3557,3738.287575442647,3742.334356516052,11.72394870196244,3746.658860116739
2058,3799.507309832383,3802.2699523966016,13.314535114637275,3805.0587863727187
4057,3859.7888186087894,3863.0336421630327,12.395859909334238,3873.2710355129357
4258,3963.711368388805,3967.2235112625476,15.864085741563693,3969.581186723718
4225,3978.316848098168,3981.4198149377644,12.162653166540261,3984.673407781705
5249,4038.9655374317276,4042.344230423832,10.990191574465099,4053.274249748517
4220,4178.584002277864,4181.513924343268,12.936219451369434,4185.780230604901
4221,4233.752302695781,4237.344347057687,11.24874554650546,4240.780163702361
4238,4235.950969612493,4239.328712161251,12.013429866271123,4242.636495600743
5400,4309.932036823893,4313.5237857336615,11.01508491871857,4317.9127824747975
4235,4413.698630506943,4417.103893911988,12.692358684200096,4420.23635761429
4267,4534.343535435751,4537.040060563773,13.759319968430878,4539.826052124097
5588,4638.286403297394,4642.2741150784705,13.069932264872637,4646.626330761426
4233,4693.787849870153,4697.400399382974,10.912893422575275,4700.939453458127
4230,4695.778598094006,4699.385644720161,10.431597874862367,4703.01099858661
5240,4728.568834431816,4732.607714292218,12.887353567782512,4773.293454140467
5411,4730.833021536512,4734.291130416849,11.655045357251991,4775.86489080004
5399,4755.183907329839,4758.214716511987,10.540112315818774,4778.171415220812
4236,4781.720602305222,4784.354372615734,15.340973614779054,4787.015365047828
4077,4795.335351600985,4799.338417741573,9.375467638416492,4803.360356269485
5248,4908.044225486812,4912.399608476585,9.510272431217501,4917.09773890164
5412,4910.3458018605,4914.313514141526,10.552892161247865,4953.4150112399275
5254,4912.552596331461,4916.374294153292,8.856043127056171,4955.8250424704365
5582,4914.457072069462,4918.387343600296,8.88050068082935,4958.067618732662
4259,4968.381593708404,4971.494057030515,12.767683969161924,5046.078119748359
4261,5043.602028719125,5047.013786393909,10.931828639571426,5050.680953472339
4237,5046.093943144839,5049.4137429768925,12.33966730402313,5052.597343489406
4060,5063.748831475905,5066.505610378834,14.313449646457888,5070.569262030325
4263,5133.825718273306,5137.368305781459,11.758014467840557,5140.544698671791
5257,5205.362338106774,5208.150854010932,10.354963051960121,5228.302473097554
4243,5228.08440506194,5231.140134230495,13.643262237920478,5234.058718423624
5556,5282.113344636376,5285.127294252484,13.003160684836425,5289.536089891268
4222,5493.934747054848,5497.599053558062,12.81618857759603,5500.76919268444
5252,5568.830409581835,5572.103206781964,11.246416437665685,5576.879904354994
6108,5601.035774924691,5604.3546950435875,11.542141904305593,5607.671404748499
6252,5614.770464547055,5617.193112089381,15.534383321523475,5619.720164490642
6268,5618.687238510137,5621.336890907604,15.004882906683042,5624.9715293168065
5579,5645.091659793127,5648.477285468195,11.460901112283013,5676.015911987784
7580,5828.4136365986615,5832.498142641822,10.470617644829513,5856.355493897892
7585,5830.374576377437,5834.463444944352,9.409295611993661,5858.453461120784
6055,5897.74243676977,5902.078526655077,8.869093217744805,5907.570601683538
7240,5930.062415891476,5933.527775916259,11.156251622614993,5945.698125091569
6247,5943.690854518918,5947.302608545288,11.366342565121514,5950.81712563088
6213,5952.2586156766865,5955.521019784706,12.510227564592343,5958.716870774033
6242,5954.03678111733,5957.333369291068,12.127662372415397,5960.595864731613
7250,6014.5329500579,6017.357220320521,13.857963654964491,6035.9286309611525
6246,6067.500576568474,6070.497697302632,12.459410234874838,6075.025131101035
7406,6105.963795478692,6109.067770349587,12.952633269892972,6125.930893783244
7559,6274.312420966085,6277.456258820998,11.827640043505754,6303.194177298367
7404,6276.110330995723,6279.214431530927,11.603279769602471,6305.834321854823
6073,6289.8427506223725,6293.17068655891,10.718556736089532,6308.0759678552695
7555,6360.773716675943,6363.62021105768,13.950100716253163,6393.281211564587
7564,6451.3727472353,6454.225658491089,13.495540036651807,6458.111609534962
6240,6487.901505625875,6491.077431088408,12.791165129204863,6494.181760313988
6243,6573.852291704393,6577.211654664529,12.523172639381126,6580.191435224759
6238,6591.22457498625,6595.023001162519,10.662112784414823,6598.925557114426
7246,6618.154530155713,6622.217419627803,10.070238372889387,6668.206200007226
6267,6663.424441183832,6667.058845098134,11.036309054512023,6670.568481241979
7243,6737.8848130433435,6741.126792740774,12.33243630016176,6753.4561482284025
6067,6740.741003390462,6744.126773737316,12.013247901586645,6755.90463321591
6233,6753.827292269716,6758.02548898757,9.609474955822778,6762.070985170668
6236,6859.651148283546,6863.18788574256,10.865033988331515,6866.578291143011
6218,6934.055358699121,6937.556733364233,13.733837563362524,6940.344024924308
6245,6936.235977937849,6939.505465946459,12.384667348782523,6942.61447319792
7398,6978.330393026008,6982.342267689629,11.14713688849278,6986.6996909868985
7241,7009.490832609623,7012.588050943347,12.393547242434348,7023.198847662296
6253,7027.770807919645,7031.282799876605,10.822678670262006,7034.83838363184
6244,7042.9141687805695,7046.200430900966,11.989632525801182,7049.465152857097
6237,7129.082839291477,7132.3897980287975,12.402655165418143,7135.617628914037
6110,7130.904350499297,7134.200234051624,13.080208352175353,7137.4698485758945
7409,7177.662614433496,7181.211967560665,11.077904622030227,7185.741906658731
6230,7206.141060902404,7209.168414919874,13.375757564284026,7212.036726109055
6113,7312.511152324486,7316.344591441765,9.915688186871535,7319.940806736528
7411,7365.726079095731,7368.532538474857,14.736773092202862,7383.327405777468
