123,107.0,114.54329341185372,11.939285695002267,118.85073684963827
26,547.0,554.3684864470873,11.882845161915268,590.426404083256
25,603.0,610.2763381344785,12.017142047336614,613.4680636772162
104,617.0,623.2457316571036,14.787244872554465,626.983891189588
53,782.0,788.4323546973834,14.581042204762328,791.1850722641614
40,854.0,861.1585629554921,12.533916790115892,864.4194602802414
132,1035.0,1042.2355406809872,11.81552376288714,1045.6654864697823
106,1072.0,1079.2589610980383,11.784648716355385,1128.2959758661034
39,1200.0,1207.0341073242948,12.8275774194957,1211.5549346019218
37,1257.0,1265.3504690430143,10.315183652364912,1269.9469381963127
28,1479.0,1486.0980106900092,13.253938399211323,1489.347503178768
38,1566.0,1573.2771384414907,12.617072504241971,1576.4951849474803
109,1608.0,1615.1130247441367,13.009065145379333,1620.0659125620914
32,1700.0,1707.0051510574883,12.401658083820461,1711.8548943583723
78,1735.0,1743.3340797444484,9.825185991390537,1760.2308967145586
2097,2051.0,2058.545992536137,12.11326045659438,2061.8827460595767
2090,2166.0,2172.6198085902124,13.884512628986629,2176.781682096675
2028,2167.0,2174.3730634264166,12.364543770098617,2208.38400338852
2089,2236.0,2242.374454546716,14.433117586262414,2246.8722071980706
2068,2237.0,2244.4760271774135,11.791293740362603,2298.2573284568984
2099,2409.0,2416.217441394769,12.550952482020682,2419.440234535001
2049,2447.0,2453.5860830645493,13.672518389292398,2457.7718478175707
2076,2451.0,2458.0584160028798,11.999202670199965,2479.578738382784
2115,2518.0,2525.1970788896933,13.070939185379407,2529.770302268077
2113,2798.0,2804.147654077346,15.481545755741333,2807.9004875292844
2134,3023.0,3032.40276630137,8.976558402419789,3036.887987639139
2056,3080.0,3086.63010428411,14.145312385470826,3090.811683380034
2011,3177.0,3183.5989536089623,14.158246589365765,3187.8666062994334
2129,3309.0,3316.5065450270636,12.059371882258803,3319.9300246594416
2062,3394.0,3401.1894294190065,11.986532439208089,3404.447146118741
2111,3431.0,3437.199783178542,14.260748587449664,3468.392047711331
2148,3436.0,3443.504938885307,11.87673498719429,3470.9103098342366
2032,3480.0,3486.5170300968625,14.060736005641745,3489.4538501883244
2083,3532.0,3538.1758538212207,15.238024842386835,3542.7646463775704
2058,3579.0,3585.5590072662885,13.936379106772755,3588.47313608485
4123,3654.0,3661.110913177134,12.169420746715014,3664.3595557584317
4150,3821.0,3827.1481797549395,13.358064485091571,3831.1125088636923
4137,3850.0,3857.192578292923,12.559009599699289,3860.4050202996054
4080,3925.0,3932.295911012812,12.53456509200127,3935.6006598787935
4136,4117.0,4124.563232374132,12.06713196128278,4128.019730079462
4109,4124.0,4132.092074692065,10.32793166867379,4136.746424441651
4093,4185.0,4191.465619504137,14.518915625267717,4194.256416443048
4035,4207.0,4213.332360991618,14.226076486719013,4216.1579782547215
4144,4397.0,4404.021575986295,12.16898936157801,4408.6719520682855
4004,4426.0,4432.376871550149,13.548351483730201,4458.521420834122
4041,4716.0,4722.600408754362,13.23775746065961,4725.867071157589
4048,4751.0,4757.369957044767,14.559269689346946,4760.176040216293
4155,4863.0,4869.1456652275265,14.319144012400661,4872.909445145384
4049,4967.0,4974.096538806606,12.946771456630325,5000.318829574538
4153,5233.0,5239.499063294723,13.679463520918583,5243.981726933964
6128,5466.0,5472.564989002701,14.0287760654271,5475.526516716582
6078,5520.0,5527.210276495776,11.697386616968949,5543.097774465507
6025,5578.0,5584.447334610922,14.690033204410724,5588.801465910813
6092,5610.0,5617.301517897962,12.235368342715272,5638.332122545131
6129,5741.0,5747.568499834899,14.27325952301201,5750.470385482766
6015,5909.0,5918.158363846905,8.963854250635206,5922.344194399566
6145,6337.0,6345.074265775343,10.814370757681775,6348.829324011548
6091,6362.0,6369.035519487036,12.483913069549734,6372.2632688839485
6081,6403.0,6410.005456256893,13.073727572411771,6414.1952015411125
6125,6507.0,6515.143665626392,11.396827514433046,6519.9443329581
6046,6549.0,6555.416429027975,13.727001499686683,6558.279178258942
6136,6694.0,6701.227472265837,13.153013843031177,6705.313654133158
6140,6988.0,6995.481797692196,11.1468578621398,6999.011544902048
