830,278.44401541315386,286.23391575255084,11.484663027217291,294.54302719698825
126,413.7774290395679,421.0928589364066,13.799550746978367,427.359853118074
315,545.7871431328041,552.5440385553939,14.272353396174765,588.081936088879
347,613.0237365054271,619.5686212641959,13.65041976043965,626.8817737264571
130,768.84865347466,776.568608918501,12.068363147593416,783.7324758254542
1313,948.6110464562399,955.2333675642051,15.077034950018211,960.913631475414
614,995.7582327553581,1003.0972628499052,11.837005701451838,1038.4251285038847
828,1026.0470719609264,1033.577274074023,12.435844588899617,1043.0032426813448
612,1027.8634262197727,1035.34476294144,11.354335726592033,1045.122156023744
1325,1083.032748122597,1090.1502439579838,14.024844882393579,1097.3069281248759
335,1183.7564699359807,1191.1569045589802,12.06034435197425,1198.9823019511884
316,1534.0407553515545,1540.5630174459852,14.80521099332144,1578.2361975254948
321,1536.1128585469928,1543.0481600117735,12.787565920050225,1581.1776673548557
350,1672.0452089165797,1680.221119981962,12.033490755274366,1687.5452696020866
340,1678.2660091844698,1685.595167782987,13.350245516218672,1692.141464357207
596,1715.264476023962,1723.3902712381957,9.903667981909768,1758.3702532494592
553,1717.246075046033,1725.3642978849089,9.49441128476538,1761.0388803930741
344,1922.4575168043484,1930.1446036822094,12.19299150083168,1938.4981607880766
3334,2089.4535384896844,2096.127013787141,13.704255914382967,2125.0394210119916
2817,2272.1790802421924,2280.0619701000655,11.373764973330454,2300.901888103053
3314,2478.7598687661716,2485.4566629506407,14.15566770293887,2491.5238831647434
2356,2684.853675548715,2692.2032815862904,11.943667210999942,2700.6970028347064
2345,2818.4784093969565,2825.053751314675,13.800599241635696,2838.337288725939
3331,2992.94841433102,3001.2198709040263,10.858996170662124,3020.952688931869
2118,3207.490700544555,3215.0887306714903,12.1694275240013,3222.2738408131245
2316,3245.4813291928517,3253.1686387634763,12.19722251780387,3290.8238379036657
3320,3422.6487392359154,3430.0274920975166,13.91630828210962,3437.7450946643917
2549,3425.689656233416,3433.3792869515514,11.981518272110256,3468.2376241827033
2359,3562.5513924848756,3570.428536637296,10.848417716025713,3578.024300042414
2555,3693.3105115860917,3700.2752951044554,12.861849236055194,3707.937710704805
4604,3963.9743159969744,3971.0977742710993,13.31551109367304,3978.5448715552598
4831,4062.1617711001336,4070.3122003366666,10.635049414756576,4098.521548377981
4845,4064.0915196141245,4072.2069292134847,11.006180697872152,4101.173325854415
4364,4337.821328852697,4345.196832617667,11.205661646144776,4370.907524325086
4556,4339.567958742564,4347.09174213726,11.804643225653901,4372.918402963545
4821,4626.017551470155,4635.143970180853,9.843144641899945,4643.95349183085
4350,4627.916318997462,4637.066624431199,9.417173342821904,4645.945868981684
4610,4689.376431192071,4698.184172537471,10.129126797287523,4732.7197016669
4322,4694.8000978819655,4702.238690971531,9.947803433118196,4736.92799849302
4353,4865.677452392315,4872.57154098515,12.632716338621613,4908.4086100135955
4337,4897.4243950437785,4905.264280850252,11.770304506628028,4912.979794263371
4368,4908.370711458902,4916.2021644472425,11.687620677667484,4923.606125838476
4571,4962.3905454878395,4969.475767264651,11.93716209738023,5000.93897900708
4606,4964.100667566502,4971.2450736722,11.766319262151871,5003.32755914626
5320,5004.140216008461,5010.618970724105,15.14922837188297,5016.331204140668
4332,5026.437122607593,5033.03238663934,13.650109623334508,5041.282955704192
4120,5103.036111478466,5110.018306203157,13.453426395896223,5116.388375496597
4617,5135.624277813752,5144.136535121597,10.683141514994759,5178.588475593688
4306,5404.132630919902,5411.139900073953,13.340941874208095,5418.849757278684
4362,5406.152077172465,5414.105828992477,11.02320531042838,5448.392207810186
7332,5587.280832649421,5594.164239683254,13.94522433380406,5633.011097660579
6581,5771.100561165069,5778.405517391254,11.75708796349247,5786.540638334183
6358,5773.197750287586,5780.332590474498,12.473708707460595,5808.410219765117
6320,5856.094745920053,5864.4533895508,10.693432355093023,5873.203455328974
7313,6123.106794824755,6130.525711335529,13.615051935103796,6137.914307504083
6590,6132.32624188367,6140.149444421229,11.361157834564468,6168.021691499587
6360,6170.982241331202,6177.4706660515685,14.348179665984357,6183.504329753862
6574,6395.644524032078,6403.527420077807,10.881660009680695,6412.585222326853
6368,6410.8755372974,6419.195602407058,11.280519152060895,6445.022193356533
7318,6483.0778466669235,6492.059320863739,10.429935447877424,6500.7844727491565
7317,6621.124385599287,6629.506358883804,11.049531072752336,6637.594846411731
6603,6671.074595539805,6678.316066348842,12.983480624477913,6686.4235229922415
6338,6684.085947990711,6692.0937490966635,11.612855010242512,6710.492866316789
6883,6687.504432881532,6694.375327460008,12.447744373810274,6712.410826919963
6348,6761.3356407284155,6769.182310218069,10.761666948627342,6800.721193137536
6318,6763.223449853082,6771.026590977123,11.580081512617998,6802.942506655064
6313,6807.366353680067,6814.570846293153,13.780096041208916,6820.744122734128
6605,6958.4334881198065,6964.614426721608,14.94932047207269,6983.231871923937
7319,7022.787496516593,7030.489880298341,12.527980608073621,7037.839086524511
6135,7095.062621056701,7102.258736604358,12.63549318209252,7109.92790349419
6363,7113.764451975143,7121.316740821674,13.402711593639346,7158.427150121358
6345,7116.012666074996,7123.446137390584,11.616776301107652,7161.249528967056
6351,7212.791079670859,7220.422321463519,10.80172381863201,7254.722082299271
6593,7235.327543076836,7242.561705716411,12.034963829972169,7256.5513513608985
6365,7250.889800524338,7259.361613300252,10.524937146576798,7267.513168645627
6839,7309.259061954106,7316.264884954862,12.764238474829867,7323.836049967853
6589,7383.568003810599,7390.468886497438,15.382037715971366,7433.248062948326
6346,7385.630632881235,7392.185832538645,14.659493304710027,7435.215340069907
6350,7428.562680401217,7436.003765104289,12.228062033509882,7442.782157789087
6359,7518.823514579327,7526.061207531071,12.21170942684785,7532.770210483679
