1224,164.82461511313383,168.29525930271507,12.797265884053092,171.7711694051876
38,373.64422419910863,378.1618354019776,10.054622507070487,382.67855130561924
25,1100.2016631295166,1103.2319232693385,14.93676803904407,1106.246962916479
1396,1131.3752485135374,1135.094790705999,13.837492994272212,1138.472028025044
1218,1240.984332254198,1244.2085951227318,14.041429320711964,1247.3809093259506
1242,1521.1672277698935,1525.4585054562117,11.324565546352652,1530.230981056401
34,1554.439578554701,1558.3223681946852,11.922535070035217,1562.3070675090728
1386,1594.4895922208677,1598.1255270282861,12.970911216435406,1601.7097245435289
26,1993.9492521760892,1998.0702999134276,12.933469000976588,2001.5779213458331
3528,2208.555920068316,2213.0830248366274,9.706937430430061,2217.5843790524277
3540,2225.1226968285555,2228.3021376362935,13.779109692677704,2231.5833897075713
2034,2632.6350184470357,2636.507796826031,12.276596457785475,2640.3004928886157
3219,3044.27894480484,3047.6071875370194,14.29283295240937,3050.9023844139847
3531,3843.400967404405,3847.3122605764515,11.374465126753048,3851.1809046116405
5222,3948.7089949293368,3952.3387362775798,12.126695059122207,3955.955842687506
5376,4023.452366883832,4027.402793483235,12.172343423539171,4031.244926926466
5524,4025.2471750229815,4029.241881925389,12.834860802023686,4033.000938232036
5217,4307.548486807734,4311.042503051554,13.475311904466404,4314.520247633206
5372,4385.353762402981,4388.589523690147,14.323106326819579,4391.8760583186495
5216,4399.67104756621,4403.2339123077445,13.75497001134107,4406.717889286007
4201,4505.731354620935,4509.47930686209,13.606497523720504,4512.997315797401
4039,4940.689397866764,4944.197344920541,12.315521429833154,4948.892813423897
5385,5464.136066031883,5467.445653875487,14.486991317651583,5470.658079675047
5233,5540.708786424215,5544.424684793904,14.025393242718831,5547.610201439023
6046,5775.001049819661,5780.174639563253,8.9702627019762,5785.220734797549
7519,5823.22868532929,5827.080877886487,12.030066831881497,5830.970457079017
6031,5863.979854105297,5868.4595719880635,10.567920956062048,5872.988109520472
6200,5953.221602524913,5957.261313200351,12.33142712306205,5960.93587903145
7219,6284.966133848325,6288.3473933471405,13.894526785912872,6291.734102216618
7512,6365.02939794722,6369.428483987983,10.141489426538609,6373.7047369576585
7531,6383.7823665247715,6388.156935994748,10.421523367291782,6392.537821520329
6034,6414.386185890032,6418.096033697942,13.253407291874268,6421.729561484679
7517,6438.720564021742,6442.493577174503,13.507991400305992,6445.880894619566
6203,6576.179390512863,6580.394093658653,11.561464702004162,6584.233883736547
7511,6632.1044834188715,6635.585943708992,13.41373009405928,6639.030172493057
7372,6633.972367191175,6637.353240364474,13.34390355753684,6640.796614677803
7382,6722.37306822594,6726.01690121819,12.87020865545306,6729.687799594444
6201,6755.966293043201,6760.014270083905,12.079151997481679,6763.754563832554
7212,7011.515368498627,7015.295684945727,11.808524189234994,7019.842100141508
6029,7031.666703285779,7035.0117420389315,13.710849322972797,7038.392920731064
7210,7279.855493357613,7284.023926001818,10.699476994234175,7289.559930557327
