130,139.04925109561538,146.16005836378025,12.910870704598022,152.79687164638256
1315,143.31058957182697,150.44693624655426,12.763907705307286,157.18590116138293
1313,146.82701577095492,153.1257486293288,14.535412971366306,159.17490294096808
356,210.33823961408447,218.34298703172928,11.135052818969758,226.12612041726854
845,453.61782561395614,460.407129633823,14.154591696313354,467.874896429709
367,472.0843258775873,478.45804862214925,14.02691963125501,501.0103502730035
621,547.1061306709386,554.1611607311431,12.730559847895005,588.4757279280149
129,588.4839561260667,596.2913918840658,11.87201582632395,603.6458525836586
321,723.7591295467862,731.1030521767976,13.036787739300838,738.9519506793621
866,727.7762015536334,735.4346715474137,11.81461761719369,770.9100802963954
340,730.0091201654106,737.239597785675,11.043535538281738,773.0907958628325
1321,754.8969271136335,761.468272752337,13.002801908269126,775.2373376668211
1345,756.8230004447397,763.2369230267188,14.076462109860937,777.2736223544094
126,872.0774520618377,880.410233456839,11.113187153889248,888.2048347628066
325,1178.627485246017,1186.5116766605743,11.15639405341914,1220.8121344520587
1342,1203.0515478364182,1210.0154693927786,13.049572968109617,1224.8979458743568
339,1401.1342124553578,1409.0735155865848,11.294262426223781,1416.5463599542543
597,1449.5312818774996,1457.5331349609583,11.627190694073457,1490.9023511093615
361,1516.3227735171565,1524.1382488352444,11.9521201222216,1533.0483076931482
594,1623.6359406563788,1631.3279942171705,11.848098435602946,1639.3559102760819
346,1626.0588459441262,1633.157501728152,12.154342225886559,1668.8331848298506
355,1632.3632682933646,1640.0931194587974,11.151777556411254,1673.8970466983226
576,1646.2131270318337,1653.4234915699888,12.657470687015644,1675.8406079145593
847,1923.6636682042556,1930.1389542849474,13.962807179406616,1936.378390914103
2374,2002.714054554277,2009.3698079327876,13.15620588351078,2016.879692239676
2350,2197.5920704270115,2204.314585351726,13.45416736334833,2211.1620209658663
2582,2531.863195241824,2539.356498155887,11.583146519492415,2570.910404163878
2361,2825.629676553423,2833.4382906459305,10.988185478945041,2841.0958389915577
2606,3169.6336735646078,3177.3857188276916,11.339447797849914,3202.810889991106
2362,3582.948423154408,3589.561892497862,13.022684083234518,3596.907656774132
2334,3700.00348456884,3708.138644060844,12.050876882481445,3740.8884524810524
2840,3718.5607899340903,3725.4384389953434,12.627610830480592,3745.2239258782874
2597,3792.2386979372213,3799.3263658941755,12.541004166315298,3828.256865560202
4366,3996.7844194527574,4004.4669278786664,11.539636874169966,4014.992122415198
4824,4060.960641212227,4069.204825778748,10.605659852821764,4078.126113874912
4351,4149.4343525406375,4156.515660059297,12.955962038195501,4193.861374026984
4342,4234.056599779501,4241.195219151799,13.306772468210951,4248.691400887863
4612,4266.589844471249,4272.232660652498,15.12677757395186,4278.874051407155
4332,4284.550446036669,4290.623715039521,16.45472164183273,4295.8952293777165
4583,4339.865733858786,4347.29179471312,12.18977366350182,4355.5039129613515
4854,4691.856015828625,4699.368610182522,11.996280346311886,4707.900951836502
4349,4865.897792235093,4873.467324663167,11.674916360907593,4908.170763212472
4345,5024.155635159956,5031.139118991004,13.379961665184576,5039.1084040789
4876,5164.386164820963,5170.646903070635,14.311356184219731,5181.3339882374685
4846,5168.469281382283,5175.132432307842,14.154399029061098,5185.483054133077
6326,5790.332165476389,5799.105222414582,9.7601404395458,5815.299869972993
6575,5793.790394517068,5801.150125862434,9.729634425288259,5817.177479238631
6123,5927.238616803248,5935.294786618377,10.851479624492558,5944.0074068880585
6365,5943.845925645355,5952.067354397401,11.81011679910991,5993.009891905963
6607,6131.592980047015,6139.4341369174645,11.42120999714904,6148.258082339178
6569,6134.507313949241,6142.487747378532,10.795578737671018,6168.498214301937
6311,6441.998778347174,6450.151566041231,12.525643530966319,6457.191428141638
6332,6663.820881010713,6671.168100189184,12.385962374356092,6678.931008296379
6348,6712.2760629235245,6720.2600979732,11.339095636937584,6727.5040027523
6366,6933.420380012657,6941.13090137778,11.918066866427383,6949.3410639972635
6570,6959.909701777859,6967.299837154027,11.488927697966487,6978.004190998922
6341,7093.130170929623,7099.003419177448,14.744831755985516,7105.929210832596
7312,7158.972068486216,7166.175802965904,13.054100444367533,7172.643788011942
6328,7319.908235004982,7327.506381310373,12.17662352131538,7342.520361067649
6587,7563.7375472477,7571.039708608721,13.028127403710164,7579.082538813789
