1080,300.0,303.0461675409689,12.329442733885989,305.2218288816167
1059,321.4000627479296,324.1079322062925,10.49079297301354,326.73313034598107
1924,396.8725009460123,399.068353818216,12.616169265840519,401.25432500487125
1075,406.0,409.20797362515157,11.304674895999117,411.53005405562124
1070,845.9566954839415,848.4567717485913,11.781786705254698,850.8731631237016
414,851.7880813319476,854.2769001880163,11.966219480443987,856.5271092887681
1921,927.3119729670615,929.1805689189828,14.495493244797316,931.0665990215402
792,1100.35500580475,1102.4606568763672,13.045560730750818,1104.5130993013315
1062,1109.0883104324519,1111.2153757581832,12.035939346158418,1113.4243250521188
797,1164.1372610416756,1166.2922205380075,12.240145219735592,1168.5229133609007
806,1618.5257693032986,1621.118652026398,10.902097194262799,1623.7354218122114
534,1785.0850011050752,1787.1656601853565,13.82886253436641,1789.1472523160244
2687,2021.0,2024.2525803837552,11.173572517296064,2026.5751947655458
3053,2099.0130895040174,2101.4715881498278,11.52609586188344,2103.922062722875
2537,2143.7944483870874,2146.1210016652653,11.656797584262948,2148.42526434262
3070,2477.4329986874095,2480.0399270163634,10.01348582650666,2482.641817817996
3057,2735.5855648867255,2737.61016824511,13.530431470297065,2739.5568326430953
3069,2918.3348301689625,2920.4482389393615,13.209676928838016,2922.5009535444397
5067,3821.1991006847757,3823.3262417796877,12.872064541387715,3825.4370429123733
4551,3828.681873140964,3830.5978698153585,13.807753181490291,3832.531504289276
5072,3900.9152014802703,3903.124317986523,11.901109119298805,3905.367359190316
5055,3904.5218461752015,3906.320480046649,15.133448841263965,3908.137153702973
4544,3916.788568732446,3918.4700734629496,16.829835512358038,3920.087853337331
4799,4285.544386263913,4287.407492405253,14.991805371150768,4289.272160412232
5073,4450.216147497391,4452.515755920473,12.55037678210071,4454.8311974923145
4537,4655.642651321545,4657.47220861726,14.834670730098706,4659.380914610548
5080,5068.83733649977,5071.040228560543,12.319462665435855,5073.223237505191
5057,5252.002206778971,5254.056576860267,13.280172201651723,5256.066379323762
7067,5807.0,5810.2112229619315,12.014519607370774,5812.4988369444
6818,6215.53623406426,6218.3281483421,10.529634991264377,6220.934937326487
6555,6343.652011524288,6345.618296224561,14.403921174310911,6347.5530632747
6809,6522.033144849868,6524.3274977993415,12.109511301528016,6526.600457051339
6527,6817.555712427407,6820.161202848799,10.273611819633338,6822.876197156165
7084,6878.0,6881.152857491543,10.825468111391842,6883.638140092169
7070,6964.0,6967.41051589954,11.759162116078333,6969.667795074502
7065,7139.997758613564,7142.496774806735,13.458999936692061,7144.374402824501
7906,7235.36924833006,7237.35221728503,13.642355654054532,7239.341999339717
