1243,317.773627424633,323.4086925572891,14.448504979731617,328.5989543609855
1246,417.5217471178951,424.38842862863805,11.152031990788975,430.7309577963792
1245,501.2587585745828,507.5386675794753,12.36455002355019,513.5177303145758
1538,528.9534345526494,535.5477144113361,11.85319118621986,542.6760281142982
1528,611.0334069020391,616.183903122296,15.00720343794509,621.0232471373653
1554,712.1229454530363,718.4436702719904,13.052828588917084,725.5450613644944
1573,894.2265952526878,900.3704615867651,13.19295110317349,907.8558365389778
1250,952.5446729093144,959.0309311904047,12.584450162625775,965.066444626765
1398,1039.9053366863407,1048.3850660903481,9.492965146323202,1056.4140352398538
1545,1041.952595462641,1050.4180401716533,9.468825934415829,1058.486796621126
1252,1045.9963928221064,1054.4302707059546,9.246742383909309,1062.4174414462873
1374,1073.7905598870084,1081.4798070982652,9.691602637444335,1089.7182145025765
1255,1219.8958272491911,1225.4029059518807,14.04793031732923,1230.4493308231063
1580,1244.16107343402,1251.1979697212962,10.648770394526753,1258.7964866855762
1569,1246.039664321954,1253.064504519442,10.615887773692688,1308.151178792511
1514,1333.1372487564734,1339.1486661330755,12.55958116214222,1346.2682381946709
1225,1399.5847089574534,1405.589589062225,13.790088903978207,1410.9145555590808
1237,1401.400058129406,1407.3217465694388,13.307678815699049,1412.6534507462884
1542,1433.458997444047,1439.1681741261107,14.32363960267384,1445.955426033773
1390,1489.4019396096007,1495.1275136969646,14.111223015022649,1500.2794046757322
1405,1491.616770546998,1497.2033478928622,15.407914034440061,1502.1025662310178
60,1493.3440403687353,1499.4493691993227,12.19541434780942,1505.3437734183044
1539,1513.3156038063896,1519.555099386201,13.167761297853788,1578.6922575432657
1570,1579.179062058541,1585.2473203056445,14.088414823518717,1590.649471809977
1393,1592.7715779341934,1599.072328905984,13.264030815013847,1604.825443869116
1560,1608.4119823214148,1614.5497687455604,13.37621056360591,1622.224446021256
40,1759.0539513673364,1766.0576031976518,11.32251630472377,1772.639233263383
1414,1784.6134091033084,1790.305078917603,14.281575836900156,1796.8831177183572
1552,1862.4928241765374,1868.3252176558499,14.123374382375646,1873.7434294243646
1519,1883.8980990697505,1890.522377606144,11.219093396258996,1897.7836464152463
1218,1946.129801513308,1952.270249257717,12.913367574403347,1957.9600462148546
1534,1964.4966912201332,1971.0136787225226,12.771853543589506,1977.7862347154298
1516,1967.1471370248019,1973.0270950704714,13.127566169070741,2028.1236018524105
3580,2055.455108572957,2062.213394723129,12.33371358339618,2069.6989009790145
3569,2132.285223000613,2138.596973013877,12.996385235964627,2144.5257610493722
3556,2153.106841978658,2161.3210686104735,9.268814468222699,2210.75839663399
3518,2240.3847785186513,2246.3785945257646,13.602258948191055,2253.0085579851607
3225,2299.283359485119,2305.4077266366216,13.539736957543678,2310.8338114466283
3564,2412.7664310152527,2419.519330692078,12.043263450365307,2426.7707280177824
3393,2483.328226494626,2489.4595319262703,13.286086077768624,2495.138126496869
3394,2489.2021025630165,2496.178710828971,11.412358512337017,2502.6876766411283
3397,2496.625804983549,2503.149183115154,12.662243624452488,2509.2055614840638
3246,2570.199854867144,2576.3411392587695,13.312151303887495,2581.964806365497
3577,2682.50441191906,2689.1394110019314,12.341246360642783,2696.422029379006
3254,2751.8265498952314,2759.1150107082467,10.878427562310682,2765.9653798417658
3407,2768.4041682775364,2773.635694654437,15.580397189374963,2778.6609674606316
3231,2849.310725920399,2855.1622182584733,14.367868774166224,2860.377147966514
3392,2868.261816734519,2875.523001603535,10.948251424715759,2882.8043572826514
3570,3032.0593751791534,3037.5314710189,14.975024934508676,3042.6381499518325
3400,3049.4480853357095,3055.4058884383635,12.541272395625525,3062.381465755696
3247,3110.2397433507767,3117.256921431872,11.981425588614789,3123.6383203408996
3242,3289.3832657665007,3297.345301636374,10.400556050556803,3304.855819966658
3565,3315.072977024292,3322.359713110081,10.772234680643352,3329.960957235912
3534,3319.8562351853557,3325.091617210717,13.35130328766568,3377.99260989562
3571,3497.882145502114,3503.2409748497325,15.39950293482412,3509.4001038682663
3253,3559.3809933507728,3566.1556918670112,11.419763346806757,3572.457298104095
3375,3584.8934028128415,3591.572871218776,12.286854712165852,3598.714778358711
3536,3586.7027272515065,3593.3140137267915,11.833502316705772,3648.1602284591995
3516,3588.515092837093,3595.104708280662,13.104985814072117,3650.6125679653787
3409,3651.957033707861,3658.0999050400683,13.341323803306565,3663.948209382887
3248,3653.9422220431925,3660.0925464716856,12.709069692334864,3665.8057919717544
3406,3663.413335823766,3670.2677459434644,11.062068650014275,3676.746661485504
3396,3667.40111298154,3675.058951275745,10.557087796034748,3682.404425287588
3527,3681.087986764085,3687.256333426217,13.396901004802391,3693.847472399413
3576,3683.033977537207,3689.1251189300774,13.26827872977544,3738.5099648289975
3374,3739.6662690754833,3747.136536685205,10.502629703949044,3753.8909112393017
3229,3741.7997008401644,3749.0925577022876,12.002317908187637,3755.787838731008
5260,3831.1388726925657,3837.2302149699876,12.365213803773317,3842.90850009276
5549,3854.6151177920483,3860.51245873541,13.22729218127509,3918.2851405928213
3417,3933.163487074984,3940.087527816466,11.196212735766569,3946.5218693053816
5574,4039.501987715042,4045.0498081316227,14.610739094778403,4051.9145138269155
5548,4134.540211698928,4142.25246676936,10.53202390950363,4188.132496177506
5573,4203.636174660099,4209.416271558377,13.606946519142653,4214.660436801751
5581,4281.527148214112,4287.232033811441,15.010009171462372,4292.382917891707
5395,4312.066520686604,4318.093756172387,13.519374332386786,4324.771867191471
5537,4313.782857652397,4320.282624298354,11.771675071414839,4368.007786693202
5555,4369.338479712911,4376.032913062202,12.51781418745142,4382.160872400891
5252,4373.263731224759,4379.327247500294,12.623047870660844,4384.965067032082
5403,4393.737385957599,4400.156253007963,12.030217640322526,4406.91183343752
5242,4459.419292922763,4465.597230850045,14.1118087725105,4470.981520708064
4058,4461.8132456177955,4468.320748108688,12.517155833132996,4474.120809512861
5408,4549.537067215415,4556.0096099701495,12.386695032401873,4561.872779550843
5560,4580.835803740473,4588.2500680799985,11.064370061962979,4595.793158170287
5373,4819.627295134486,4826.107132469687,11.852944704153655,4832.117804335283
5568,4851.442161293571,4858.540746948489,11.397213731964431,4908.307483752795
5258,4907.475415852289,4913.1644990413315,14.270946516308701,4918.4480743704335
5217,4909.67023050287,4915.541570127068,13.149811010991309,4921.11704279742
5563,5116.42236056018,5123.077227886116,11.1810920747742,5180.904388750592
5406,5182.070369102355,5189.387505856049,10.868253712345114,5196.230117496271
5407,5292.908458950538,5299.527741760517,12.267384395174304,5306.7930135608385
5240,5359.511458467883,5366.343999716803,11.837178736113678,5372.658601487452
5556,5457.7213454307,5464.04253895779,12.836850387491001,5470.040101291249
5409,5483.776271800406,5489.101400935187,15.055664471586777,5495.9379640382995
5219,5547.7960069435485,5555.277273626104,10.376373073443263,5562.127793352682
7220,5549.713926904948,5557.200574402214,11.906710496984426,5564.054321768639
5216,5629.352681087389,5636.431860630632,11.486599671388339,5642.800238023128
7378,5740.1382209900685,5745.154152487485,15.665298762605104,5749.823863774724
7408,5837.677869071702,5843.448812615566,13.319233872601833,5849.95023327652
7251,5899.686323908589,5906.074260661973,12.405668132184413,5911.841587047294
7577,5929.665843612955,5935.090518018585,14.459833129201495,5941.6573768229255
7569,5931.808681824459,5939.224397480591,11.025858118896581,5988.20612152108
7558,5933.698864549839,5941.055774860265,10.297465820374567,5990.613472106139
7366,5989.846627150576,5996.27868407069,12.458614932450221,6002.086138441839
7376,5992.111854288827,5998.146095241651,13.209842394377514,6003.86270401428
7412,6015.274347979559,6021.008355606149,14.030674823733223,6027.766562653989
7406,6079.769693058761,6086.204030072752,13.087401897845655,6091.935326798209
7245,6081.698460733881,6089.182264816584,9.924944620602826,6096.156382278792
7535,6199.946334118022,6207.36386424167,10.310364006164752,6214.997439943512
7562,6293.482744131287,6299.2875510724825,13.79097928320229,6305.8038519365045
6065,6355.204873980461,6361.231643934522,13.1661629457471,6366.853181900774
7238,6357.086187976412,6363.229270214929,12.915137784966685,6368.8192246026565
7210,6529.814501522662,6537.024417194301,10.664225431539844,6543.645118093049
7222,6531.733601301037,6539.415448516898,10.957352509081026,6546.537069929137
7395,6650.873231670628,6657.143207759138,12.478884636087395,6663.8688317563965
7571,6736.124600426553,6743.092787538172,11.39837311555646,6750.849065058627
7578,6924.74414941507,6932.460304381102,10.482611112639024,6940.826912545808
7385,6985.176869682483,6991.030251804651,13.213399105616444,6996.5593302664965
6074,6987.116853351897,6993.248052263552,12.743702556854263,6998.96005272119
7585,7098.030187196819,7105.049252884998,11.148253762650626,7112.3743385469725
7372,7101.660548536305,7109.407968204529,10.152791288158157,7158.10060539041
7382,7103.584616162472,7111.361910681759,10.554459538611491,7160.526998809626
7403,7105.594144535357,7113.341712174707,10.007530747730717,7162.741844218502
7586,7186.171614343776,7191.505725666565,14.503373713901524,7197.771089936744
7218,7251.236790649533,7257.321548105618,12.85020144689166,7262.980443058934
7415,7269.401883933295,7275.118580129552,13.578092733162265,7280.449662529594
7527,7453.301262129117,7460.168462299539,11.043384617727192,7467.543268549372
