1345,140.0305494382197,144.02259857481633,12.194685858285586,150.5176953654786
1465,153.92097864077797,157.4518143837006,13.762421790213386,187.86172374543327
1341,407.9179201766445,412.3259136122303,12.941466309583777,418.4837859629725
1471,415.76527375434995,420.2182367147861,12.978685925290502,458.05937014064347
1340,594.7333298471436,598.1751697414543,14.3780151626027,604.14901880081
1327,637.10503717013,641.2756175003225,13.199604373192397,646.4423649663705
631,1219.2515032100257,1223.3284008826777,13.313488559731475,1263.1644625174429
1355,1398.1716835589198,1402.5591556016768,13.586844334878753,1408.6070298873854
636,1488.7373601528268,1493.47131208391,9.492305900591765,1500.819819600917
908,1581.109296727938,1585.1926639430753,11.347169150980482,1625.7150007109226
1364,1668.038759702802,1672.3564859177168,12.670931978051364,1678.6071232981408
1153,1671.0061996728666,1675.2461050815941,11.778351521417338,1712.9100931820988
1492,1730.1143683764,1734.1583191453456,12.045787288026412,1740.1814904546723
393,1941.7461622145318,1946.0019466913513,12.85334012434374,1952.1581632974744
3365,2028.3683179906886,2033.0334474296374,12.416976301678575,2039.3716077676333
3484,2210.1647394422885,2214.1441077254367,12.93326428397181,2220.0543633156913
3481,2298.051073159884,2302.50010098115,11.895414808480401,2308.9567471115547
2637,2388.8500630178114,2393.1536416941035,11.21583711949394,2399.709348784976
3486,2433.6445244323295,2437.5381876616857,13.536886035135215,2442.53593708251
2377,2613.5912338483085,2618.179185384564,11.154786781813051,2624.452694417333
2147,2647.200566698403,2651.2717410846153,12.279723579643896,2657.9862913129173
3169,2751.9465660227625,2756.3837324014557,11.186311138364593,2763.1318155457034
2645,2756.1096927336075,2760.067131979642,12.146702985545504,2795.6329610342673
2375,2883.5227887645474,2887.4925569823467,13.838330323864941,2892.512423670747
2385,3024.078005191666,3028.0054462976927,13.56192655097921,3063.22605968279
3487,3026.6766253391033,3031.4892880056836,11.447288561093249,3065.8569384070224
2380,3076.876568543659,3081.3548406140335,10.69660590254454,3087.6708066709193
3333,3188.8575303104712,3192.4830972737973,12.444902565942185,3198.6232071060085
2902,3202.886252854895,3207.381183985138,10.989405967323735,3247.1578576478537
2647,3296.5188341231938,3302.0888865727075,8.657214944550523,3333.0098074758894
2639,3298.5517311995063,3304.1444036602725,8.494752223750442,3335.7858383355992
3478,3655.4633891199255,3659.1814611283244,13.296869556379905,3693.249846396124
3182,3829.3450059904076,3833.5193914898705,12.704654593011318,3839.8980732490354
5486,3918.1042671544674,3922.568248396823,14.19323024631519,3928.577230647789
5353,4097.825475939525,4102.0625687001,14.43922707774714,4107.905586522772
4908,4100.629084311206,4105.115741147492,10.90688387760924,4144.465253100176
5494,4379.183008336688,4383.594397261698,13.85610738418186,4418.372176238126
5490,4464.139642761843,4468.467158236039,11.562650717481946,4505.8669950261055
4379,4551.203600517604,4556.162307686578,9.89305491771049,4593.089094064495
5338,4683.43773094072,4687.453526664112,13.571996030319148,4692.598034675587
5360,4730.537235799783,4735.083272144303,11.062616210675056,4741.825484862721
5474,4784.110602410805,4787.5601101335415,13.575154838627212,4792.615434899674
5321,4802.807547753094,4806.325111555581,14.076240222703433,4812.485164266795
4395,4960.377864599505,4964.573338615748,12.232069098510866,4970.404978153378
4653,5183.833449209813,5188.1396907356875,10.969556008132887,5223.178007926613
4647,5271.23656211587,5275.084469406313,12.899563798155631,5313.165126377081
5327,5343.680914801644,5347.21193165874,13.619544297615127,5353.446810412047
4384,5440.143107203339,5444.252735912575,11.663434719829635,5493.289834444716
5476,5493.859563227685,5498.052542641469,14.456109537192503,5502.904642714264
5332,5521.213113639756,5524.424135878342,14.764639899104795,5529.134133830999
7333,5708.234407306067,5712.39280581359,11.662883096404341,5719.494257037025
7335,5882.089200042414,5885.481183824929,14.144341312950022,5890.408423189981
6400,5900.980781463055,5905.074401982819,13.31476363608957,5943.141409826757
6151,6245.5157594468765,6249.31658504486,12.26706806293604,6255.487078802995
6641,6266.804079934026,6271.212170333492,10.424781090671788,6309.9329835918525
6144,6303.427671726835,6307.549715906725,11.938973515453206,6313.184938375065
7477,6437.904636380127,6442.444418797401,12.060437242863818,6482.742356738423
7323,6520.545460802288,6525.0193917687975,10.541656542642693,6532.149135214855
6398,6619.186231730159,6623.296035754826,12.595099768724545,6663.033245150481
6629,6627.344332822349,6632.053653084238,10.670278986011635,6667.867455339596
6894,6799.1812040747145,6803.156883571115,12.15920887819394,6809.619847323594
7739,6987.854249367582,6991.3317506382255,12.845163686011862,7022.95337264032
6620,7159.292121103674,7163.3464384105255,12.476956884072894,7203.176796703719
6148,7204.048699499703,7208.311485978319,11.168822669687298,7214.197703531951
7482,7249.9467567514685,7254.405569031352,11.20889115226377,7293.507117105125
6884,7428.986206534068,7432.595341344136,14.301300970487391,7438.438857124058
6139,7563.604084626868,7567.613211206534,13.602497861553228,7572.756423716372
6370,7565.716005793538,7569.400584827323,12.548504398689772,7574.488505763649
