967,54.88127414041332,58.612961431524894,13.560234072664306,62.33313906374367
1917,117.33830334099548,121.39803021565952,11.22801545262478,125.30703738031006
1008,144.68817554495902,148.30202144797076,13.212602058064844,151.90263672181072
1080,146.96033443929775,150.25886933477074,14.331797860198252,154.39169627254734
988,148.7095714678889,152.25275604220903,13.61550733054861,184.49637624865292
1764,199.1282844282147,202.59243265487265,13.728490749057787,205.9312992720699
1914,293.5663676623149,297.4926356503388,11.8839370142605,301.4499183551615
1087,318.8696072837119,322.63717038153675,14.105520751324129,325.96448126540247
981,415.09214763502297,418.5429412056778,13.928960256055625,421.89627135616286
1011,416.7961881464613,420.58705253760155,12.654894702139575,424.8442511468887
1872,471.9723968400006,475.0114138199717,15.67121232472478,478.01861930707037
1026,498.5000814981864,502.5335556329432,13.671421423541743,505.9548480350368
1013,500.73811168193976,505.17638602999176,10.15457538348228,509.54204236991757
994,502.6356182413312,507.141483047094,10.216501764329104,511.71120801033663
1793,572.9339293634051,576.3443456183749,14.391549984267122,579.5261983527212
1020,592.7372805640726,596.286531991419,12.836415543988949,600.0003542076489
1046,600.4619699781192,604.2513982825204,12.60861548992662,634.5997977613059
1892,651.2906823623996,655.2078901766737,12.196699446910428,659.1464738494085
1095,679.1229776359319,683.1836946784437,14.443542151383909,686.4930634844939
979,708.3115902016115,711.615291822741,14.297444899087877,724.4545662265114
1785,742.7390560882462,746.3403813846669,12.556704361326622,749.8175354898774
1774,832.6314048823907,836.4730330199662,12.891208352456001,840.332170557079
1880,834.390627416883,838.2617591823912,11.101749019794017,842.13474413496
1091,869.2556414128233,874.2274270550365,9.293086642975519,904.276229418174
1040,877.8413555749775,881.1663935563313,14.05315267434458,907.6668100815159
1045,884.8520054375524,888.1682784798935,14.134551732510346,910.0167022879422
1786,925.4501140405788,929.3475289364682,12.575488690342914,932.9615511822283
1871,927.2923287777256,931.0661273112371,12.940049773062803,934.7461489293356
1801,930.73561761576,934.5467360391109,11.332836148129047,938.2392718948519
1787,1018.1167106085762,1022.5276699239731,10.737824777933834,1026.9466459406449
1097,1039.0557695363182,1043.2218867061626,12.926784214881188,1046.8765762779508
1033,1048.029382630816,1052.5180070336232,10.602843027542448,1084.5151146696505
1032,1128.6044638625697,1132.407698718361,14.914348522823794,1135.4818334870943
976,1144.4417231697819,1149.1953190449815,10.347014476546137,1178.112142025792
1064,1146.4946876825127,1151.1425648563834,9.413844823984277,1180.5585157816065
1911,1192.0079177045964,1196.0532148803675,11.098380777993423,1199.9020540784504
1920,1201.365111279744,1205.271727403816,12.470160217936428,1209.0315418987036
964,1220.6767758310316,1224.600290868335,13.095487212308383,1228.7140899093104
1111,1238.5879125622514,1242.2029558434106,12.681958451877206,1264.3796819669874
996,1253.3684316046192,1257.190966801615,12.482827419084208,1267.558215414595
1066,1320.7453191329737,1324.3957623525898,13.168018123374823,1328.041093866635
1951,1369.8494161338922,1373.2683376882453,14.10211047500718,1376.615977432197
1035,1398.3802893488767,1402.2052143414082,12.783141543904575,1405.6681839867395
1004,1400.3376002864377,1404.275345505308,12.022312474734896,1408.1182369122778
1055,1418.6647243713387,1423.1871039615778,10.074177999389908,1447.5076262411433
1953,1461.732334008628,1465.4588733096612,12.290977846018706,1469.0859834325008
1918,1463.4670899598254,1467.225089633743,11.574576352347512,1470.7495808460412
1074,1495.1693409965815,1499.1182086984236,12.038150948657252,1537.7999622214097
968,1517.8554387229035,1522.3496528502806,9.16131356722423,1544.5365388090866
1102,1672.4922364336696,1676.5010921243058,11.471183079408942,1680.5198941571323
1072,1682.1822310617495,1686.0351314566806,11.866868562235773,1690.4163486770187
1009,1685.9136471755908,1690.0979312663346,11.474827391278009,1714.2291486512786
1791,1730.4569076902542,1734.1097355327508,13.126086322898484,1737.7571480196727
1885,1733.439931695948,1737.3269293499056,12.542609467401503,1741.0294794354083
1024,1764.6830979125666,1768.394896274987,13.28161063851586,1772.0536247038576
1067,1768.37020724447,1771.6164197445823,15.002316308247144,1775.2360268580471
987,1851.2891233236846,1855.2462682516268,12.082698540857061,1859.076634894419
3946,1911.1046747594178,1915.0789005142956,12.30604586456692,1918.9010469661935
3046,1939.033157983601,1943.0330528134964,12.2705739550708,1946.672477176322
3789,2010.162378801581,2014.4724628929134,10.740744070940218,2018.6932547649149
3036,2028.9703244092132,2033.099994324212,13.178388521418753,2036.70909029689
3067,2037.5190737872854,2041.1873179208417,13.116821825333616,2045.207648551794
3840,2119.147013945894,2123.108855743205,12.949246748463231,2126.943318856763
3773,2183.475981143428,2187.181456248227,12.49344471581509,2190.891296028586
3764,2185.3377384694895,2189.167182549081,12.36262515522053,2193.018315520133
3051,2213.331708033709,2217.19268810982,11.930716329685483,2220.995636656812
3006,2235.087012786708,2238.520304745305,14.169499733481942,2242.3457848936364
3776,2270.739242876387,2274.5152718433337,12.059528517436968,2278.2099976433806
3762,2280.2230546001556,2284.1739562695952,12.983729709121159,2287.800072644214
3851,2298.6597486366663,2303.128413307269,11.20962262701162,2307.3281240713054
3009,2394.818159427171,2398.084750079575,14.529522147418442,2401.515547453509
3021,2398.6587464280365,2402.0531756183723,13.968762054154833,2405.816925488323
3842,2478.6863798036925,2483.4034220487424,10.482773263656528,2488.114680765679
2997,2482.131735034778,2486.3035358529173,12.497719698530867,2490.3206831882303
3028,2484.368769238645,2488.2890955095518,13.420958445304992,2492.664981470276
3096,2486.497851092762,2490.2201296675375,12.903299418475212,2524.339640682456
3921,2539.8724733994077,2543.4656580185456,13.380399331287693,2546.997664918769
3089,2571.230136899871,2576.2856730194353,8.908074172125565,2581.1860071034503
2987,2577.3806601118586,2581.5189424548776,10.600314889976861,2617.8848831360706
3000,2603.625520150258,2607.207212578094,11.582037211218015,2623.0048351941646
3920,2640.7645629946264,2645.1222049457638,10.494290893021184,2649.542334441791
3779,2649.0359625792053,2652.562948290446,13.354693913278819,2656.050850203335
3024,2673.2863836390443,2677.0368570800097,7.173382105927043,2714.6192379061763
3882,2726.952410048051,2732.361408427061,8.851400858673983,2737.716292867415
3049,2753.2265379090454,2757.4818550897126,11.922202017735101,2797.942366110235
3916,2813.2151901080997,2817.56712641081,12.590509334318474,2821.3623012105845
3902,2815.1797327523177,2819.305167148717,10.952453449954806,2823.1261988255883
3055,2934.801871550013,2938.360443483567,13.10572424883108,2974.7984427734114
3015,2937.0487014414102,2941.412120477123,10.493638142227855,2977.652060675189
3044,2940.6816723107067,2944.4469283236785,12.383668097004733,2979.9643277379764
3892,2990.926476613228,2994.267215986434,13.621756480137988,2997.534463361771
3040,3021.063096354033,3025.10439123745,11.26524158268603,3029.0195990661346
3019,3025.2363403451977,3029.4585833671636,10.905553117691605,3033.9995730941996
2976,3029.2080295508376,3033.480172423384,11.208539301360625,3064.5379744419465
3087,3110.7062373085346,3114.4295091442723,12.683734868244239,3117.962543638674
3797,3176.6589211694245,3181.037543758758,12.476593568069504,3184.706306481682
3023,3204.327195038464,3208.55858016305,13.428325233667561,3212.662615848071
2983,3215.5259823638307,3219.547415107625,11.952168878940926,3249.5226959286756
3092,3288.9178466088124,3292.6056322019804,15.208462185481517,3295.825063676569
3073,3381.102635709601,3385.073074189313,12.245453700361656,3424.8086901722218
2968,3469.2752533397247,3474.453875746617,9.792482147886663,3479.398772728305
3005,3471.456799282578,3476.414152574077,9.847596374025406,3481.782683148383
3909,3531.412595023058,3535.2306652398383,12.875692242174322,3538.856158390882
3778,3537.3817729223865,3541.5686969179337,13.068569768058136,3545.1438248832756
2962,3558.6687552358676,3562.5918547860433,13.941232256620768,3566.07515795141
3013,3560.5875407876983,3565.109309757793,10.266441309414647,3569.8464895888246
3014,3573.8003206579683,3577.0212798530524,14.42125515193065,3605.005765457289
3875,3623.625304129101,3628.0771686552694,11.029375580088077,3632.3777445634
3839,3648.954111015926,3653.0406334334016,12.744189196751528,3656.709507508274
5062,3655.3692291146685,3659.265964909911,12.389557122366055,3663.2844664304394
5004,3657.5453086938437,3661.251758901919,12.208506429794971,3694.9279181793613
5027,3659.3102571305085,3663.1010009583115,13.20810932046837,3697.9736230870953
5043,3661.4385949629655,3666.0787787276677,10.662993922454968,3700.3288303305258
3908,3709.933838049243,3713.4983522493885,13.4976422066019,3716.949427283296
5042,3749.5615427867283,3753.3939254087272,12.84388680003508,3757.6224602360817
4967,3761.3197851433883,3765.4183355457885,11.962300105846769,3787.875959208987
5888,3800.637946587743,3804.278751443566,13.084487081913574,3807.9784543349547
5913,3807.331331026484,3811.5847556330996,13.591062092349032,3815.060800692041
5771,3811.334578708698,3815.2078219664436,12.541541892744467,3818.970447999329
5910,3890.674389949542,3894.554250031552,11.623446001650056,3898.3628581087646
5921,3892.513589708642,3896.3945724006176,12.15412778181394,3900.1441761215724
5080,3919.1386062890097,3923.2295745397164,13.865755994724339,3926.550391289463
5788,3983.767212091841,3987.590131614083,12.593710916507465,3991.288404409486
5899,3987.031417297781,3991.348722827185,11.361248049229179,3995.6209224587747
5116,4008.5857501787546,4013.2593940418683,10.29077703917576,4017.7034365807217
4999,4105.157320497522,4109.498137185485,11.592474218139781,4147.863458644931
5766,4161.790592350882,4165.280823424929,13.209623417996706,4168.778189359002
5824,4167.228145379918,4171.095918031356,11.905671457296059,4174.889553480704
4975,4193.4993556045,4197.5750750508305,12.943220032419216,4201.053199571201
5000,4195.436126376563,4199.513350357148,12.168021554141735,4203.527297010186
5054,4197.474500183516,4202.078183689447,10.894735724045335,4234.287134066694
5002,4209.314080302449,4213.059572702745,11.62419874030651,4237.321289409689
4961,4281.641942173017,4285.533764563751,14.205631926035982,4288.844571256947
5765,4339.050913898441,4342.637096708378,14.753436011063714,4345.697135709204
5777,4343.857831228269,4347.562401086353,12.41055880143281,4351.192426134042
5836,4349.850234548118,4354.051148131165,11.55369431064946,4358.164174037883
5877,4354.966006867874,4359.462493306521,10.228175392663495,4363.860069209764
4984,4395.798504268244,4400.131363071989,10.773627602007654,4417.665687287215
5885,4436.870633721605,4440.259340533781,13.123068743569872,4443.616647977524
5022,4479.823450443332,4483.522806292454,13.399914116162936,4507.918327061355
5098,4484.9892073633555,4488.47090155633,13.108287785894467,4510.345980223222
5871,4522.35960515224,4526.543470789559,11.090374005363191,4530.850617417659
5794,4524.185694702133,4528.434945696659,11.301713322911933,4532.769938731463
5770,4526.068742686043,4530.321171464255,10.154888272668483,4534.716346191308
5799,4532.469811079147,4536.064996061333,13.716772011508093,4539.489060818305
4983,4552.729765963182,4557.013606596656,11.578995866605926,4561.221915750443
5935,4611.221004790581,4615.073253086462,12.952883078366375,4618.8230838330055
5883,4622.287082616553,4625.528525050922,14.426138214400194,4628.755450608171
5019,4638.473196613171,4642.2961646923,13.721623894204397,4645.6534364521885
5093,4640.732084297151,4644.57589752053,12.320198894627099,4648.203413915988
5096,4646.689020998206,4651.075151229725,11.929313290892788,4684.599355852988
5087,4656.5156996089145,4661.432245343597,9.627650349992487,4690.135877089119
5864,4702.270619653941,4706.511657012458,11.459853951379301,4710.631193695479
5926,4704.67537735915,4709.05530933589,11.437590429997664,4713.225746501293
5113,4729.196414658688,4733.537597537323,11.169010379504863,4737.616476165427
5077,4742.640633407182,4746.428745348923,12.359448855805903,4750.047734727927
5882,4798.984699257712,4803.422147808215,10.399108823191451,4807.698595791048
5893,4800.879254952701,4805.274446804282,11.177014512419584,4809.535942743041
5866,4802.79763434665,4807.041920144988,10.607075207554303,4811.447198275133
5082,4825.234681264207,4829.014919220751,13.165765898043103,4832.976294093967
5768,4882.960693782493,4887.244888957754,11.519134866202512,4891.476734539833
5912,4884.973907530138,4889.1397259178875,10.470226704822457,4893.381090771784
5875,4886.84277492402,4891.053724809382,10.769280707117415,4895.23056467668
4985,4915.018129872658,4918.315034599048,14.68024616028674,4921.683977882735
5041,4923.599988790039,4927.551198221621,11.24850295724111,4954.634795910529
5008,5096.897981033311,5100.142636185903,15.103453402342506,5103.793253231684
5085,5099.233315101212,5103.028797099872,12.629274437740726,5134.347585313582
5110,5103.361384314248,5107.000670378577,11.733843053624286,5140.1071193793905
5026,5105.1324100887905,5109.081904943659,9.955716763076474,5142.074659441712
4963,5106.922585600857,5111.108074895024,8.487882744516886,5144.292868378517
5908,5154.601012583852,5159.176441971064,10.270020013882048,5163.675288173638
5779,5156.52151871473,5161.139785647984,11.319488083641557,5165.555810460444
5809,5159.051930110524,5163.369830991145,11.059045282555324,5167.613980985819
4960,5178.625880962943,5182.5372231193005,12.73489893800665,5186.125837829391
5034,5180.466966076005,5184.293558097286,13.10949066153557,5188.020162591533
5094,5270.8317220094705,5274.543033513916,13.359281480220295,5278.080583585196
5074,5282.535788257689,5286.2586640463,12.111652203148239,5314.344129951497
5830,5336.167737294686,5340.023172206241,13.912931584256894,5343.462436652212
5793,5341.694827010409,5346.365873315263,10.511378282961788,5350.797359721108
4966,5359.132665678466,5363.2321627387555,13.438289038427667,5366.683279251487
4994,5361.244032668465,5365.4309497598315,11.790915747933546,5369.782233863762
5024,5363.269465106505,5367.191621076164,12.163193628371262,5404.062065925092
5046,5381.6338204312215,5385.5553548286,11.751410002269138,5409.704414075394
5827,5428.401814519203,5432.455729667998,11.64047448801232,5436.425322257023
6990,5482.69143593626,5487.263301775834,10.434535754705696,5494.550192042579
7857,5540.761344613245,5544.4493433858215,14.856159433741086,5587.527285349159
7087,5557.460338455778,5597.046820008085,8.584231816347447,5601.662553685413
7031,5559.255843191328,5599.421738062346,8.923295157734287,5603.507407838694
6957,5566.795284746108,5603.416838806798,12.19721790583385,5607.214036938989
7044,5636.830639238783,5640.4168581948115,12.958317716327755,5674.090608263146
6967,5638.63485044459,5642.081997160124,13.164655340077722,5677.4959053133825
7059,5644.217241932479,5647.521790955544,11.38582745685722,5682.081721872973
7010,5657.167657800102,5661.382167418777,9.15739268891115,5683.9995699905185
7933,5702.380778063855,5706.3326148078295,12.876824342093308,5710.211825363217
7009,5751.45331954716,5755.191349023192,12.781828252187358,5758.848137658709
7941,5780.633937347309,5783.667975122021,15.244801332287123,5786.588069288303
7018,5830.276297090063,5834.092078577532,12.528838144911543,5854.34055500153
6972,5838.3503532716895,5842.371810102054,12.107934157575873,5860.029128408631
7794,5876.924416877744,5881.390335600831,10.772215103891812,5885.6030046599635
6984,5902.61263233341,5906.217104223887,13.041386276900722,5909.751712181268
7936,5965.564144729702,5970.102906335581,11.334975387113452,5974.012484030851
7884,5993.37386869778,5997.312755317348,12.65916516056559,6001.079464585098
7035,6016.884564527079,6020.617968253484,13.109409710935743,6037.486254939677
7086,6113.957698762628,6117.307002167177,14.239360767516468,6120.569002891224
7944,6124.19046036706,6128.414857767894,12.048462895589328,6132.327892846908
7951,6141.750569449632,6145.383128690132,12.109458179816654,6148.918777589862
7848,6171.598707794353,6175.417854346412,15.180072200112763,6178.675793391129
7100,6177.14884980239,6181.096533334544,11.623234279584302,6214.585139394107
7004,6189.382717743606,6193.493619778772,11.426505552966495,6220.409708160442
7912,6232.301868975988,6236.277623014836,13.16012781953359,6239.744233602037
7821,6241.954976964362,6246.485545362873,11.887976254296579,6251.09473199461
7787,6247.593446137754,6251.289902832718,12.628176514477754,6255.049402154647
7020,6271.576654421818,6275.5420865514925,11.569025165164428,6307.730306673438
7054,6277.553786706773,6281.39339855467,11.945082703365415,6312.191598591601
7047,6294.906720146345,6298.441912350385,9.940172952423385,6314.183000871348
7080,6349.121971911989,6353.262737001351,12.145614382583004,6356.921032036946
7879,6351.098785458424,6355.051682534404,12.353312975656015,6358.774518786821
6961,6370.59877317417,6374.29734031005,13.068902341095276,6398.066448495064
7874,6415.994977344284,6419.327239693499,13.2744190934288,6422.686193663254
7764,6417.825729146503,6421.293301104375,12.803931721088441,6424.764661222404
7026,6439.641373241079,6443.228961092116,12.684123113565065,6446.841997879868
6966,6529.1587533868205,6533.218587929611,13.546616234296048,6574.851199748544
7028,6531.168205711368,6535.183828341774,12.697700816593153,6578.044770538946
7769,6595.443334257705,6599.435718304628,11.033708760159568,6603.516697407748
7781,6609.22784989621,6613.140549667955,12.237201194957418,6616.952659955748
7106,6626.5421399728875,6630.556648811111,11.333965487611701,6664.869922708657
7792,6687.317493831159,6691.27988385956,11.68705912961477,6695.207468935653
7801,6695.103764776256,6699.106208371361,11.588029952176793,6703.02019952422
7096,6708.576256625593,6712.428296936489,13.793926161782673,6754.093084483544
7033,6803.070998385186,6807.070965658535,11.119565198756506,6811.019674347742
7025,6889.1119103194715,6893.063108741724,13.06707227436535,6896.497885648376
7057,6897.064542051947,6900.29596039256,14.239524144895347,6903.624131953112
6971,6902.343854891315,6906.533652735373,10.76897196625926,6910.972469517496
6974,6913.588673202879,6916.5440772232405,16.362456572116816,6934.772808903336
7868,6951.95283180628,6956.083186223405,11.889959518412224,6960.079424995869
7011,6984.982155649116,6988.278862933585,15.239350393675577,6991.987605243692
6995,7077.424177651395,7081.003097687877,12.939392250884854,7084.866446047482
7897,7139.5327941461255,7143.444070264803,12.557431105667847,7147.404101693534
7778,7144.795523063343,7148.319281237922,13.205497827922423,7151.803072532081
7886,7162.3334970213,7166.342472212638,16.26047104806578,7169.887774047333
7085,7164.859453426613,7168.532138095574,12.803513369904996,7204.4985372945675
7803,7222.135136203013,7226.052743061086,11.709519097138053,7229.921559768474
7765,7226.527611648138,7230.454476758159,12.782545490509337,7234.015874896108
7789,7231.270394347719,7235.360683064742,11.841651616239904,7239.31169264354
7063,7253.786107329679,7258.3466020924625,11.322585385455595,7262.849325032188
7875,7312.117996506781,7316.363391570848,11.172552672202741,7320.399624113728
