1291,102.73364279295376,109.1652763581039,14.431112952883119,120.33875146673407
1452,149.26014016120033,156.51243525361286,11.956015068888048,169.80078851356757
1441,229.40154201240398,237.39697895078024,11.873146175916425,252.053400872494
1419,333.6316932372877,340.1988041490764,14.243724140378,352.88519798984333
1290,375.2187940728548,384.0526263458159,10.626515221098137,399.51681490494246
1368,543.8509688867344,552.3206269810051,10.248092911230033,566.5549681282812
1448,597.9543452322195,604.2804304901912,13.97346973753999,616.7176227691901
1430,600.388451322795,607.2217838322297,13.724622179696478,633.3343394532533
1450,602.2391975509107,609.0106533903854,13.02743864747464,639.3918221426968
1374,635.4962797492641,642.5727161401092,13.60967385002348,654.5471932060055
1283,1003.446048817062,1010.5219302224874,13.172681891558755,1022.6448271980618
1380,1049.3931619288655,1057.1383878709357,11.858670241441166,1083.254525813651
1200,1093.0028763258833,1099.5091312700158,14.12830902967559,1110.5842638091342
1190,1185.4845815672052,1192.4643064862175,12.979320183687856,1204.3264916480312
1189,1274.2977976192083,1282.3783934695132,10.575554401728485,1296.156046456625
1209,1362.9375317294825,1369.455850951818,13.859218128460135,1380.6117086518766
1424,1590.4757804661733,1597.1773316926794,13.671435613451902,1609.910153366181
1431,1669.0599329461663,1678.0925826660755,10.391949224319585,1694.3287524133482
1396,1772.937640646003,1779.0261031230027,14.278162692897736,1790.975295337301
3382,1949.6669679696024,1957.034100380656,12.67320299680646,1983.301047610563
3439,1983.5346037280233,1990.0142895798683,15.570906013502427,2000.2366759091356
3450,2039.2790416116163,2046.5857212852725,12.695879359930979,2060.61980751022
3353,2163.95361440922,2172.1742443029348,10.920875532544507,2186.0790217656227
3398,2398.386439801454,2405.161036438952,13.06743296177049,2418.343089912912
3342,2433.5810598719736,2440.44834581912,13.746849185283324,2451.5002974283166
3192,2532.532980724445,2538.603334491228,14.339252184701337,2549.103539208714
3279,2713.8204766453696,2721.387119839205,12.402070782532638,2734.3780067992466
3190,2715.7427435546506,2723.1854368780473,11.028391258143566,2736.1747286656605
3415,2758.726158272066,2766.133776006447,12.282254048355083,2779.714139169291
3373,2883.3643862023546,2891.165408627746,12.630887950231294,2903.216979888149
3413,2943.0099415889995,2950.4651158077427,11.778894869630658,2980.0475701675605
3343,3027.7532330273925,3034.2692738537585,13.293301300003364,3046.9170730491883
3186,3163.512241915451,3170.1384936285676,13.117334254932139,3181.4702241197265
3451,3244.0614839883724,3252.493626353003,10.188585003571864,3266.7876506996245
3377,3313.1976031819067,3320.185751068291,12.524941004905054,3332.416789696078
3375,3336.966610731974,3343.233894011602,16.435249726869603,3352.5677665638113
3205,3343.3095553803164,3350.408893122047,13.085908012322674,3362.60400055712
3185,3523.484649759412,3530.375312164097,12.717665527451075,3541.9826669956
3435,3568.030838189999,3574.5210649140613,14.121875598239749,3586.7605056006983
5442,3658.484024448109,3665.5614369953246,12.742205027731679,3678.7303184706466
5396,3660.239084046389,3667.2509812984417,12.338524103363724,3693.281628481427
5401,3842.206019207539,3848.50646751808,14.437479221366903,3860.8344321923423
5416,4121.585567138536,4129.3901034107275,10.710460214156525,4155.55787208798
5354,4202.550678206568,4209.515055801192,13.125560662993655,4233.463046086002
5444,4326.027250594423,4334.0056433308655,11.836855640691468,4347.132811949237
5206,4334.118013814795,4341.5772751974,12.098207708117489,4354.328567959562
5371,4731.5570948973555,4740.39058386856,11.02875806027168,4773.5303460507885
5291,5053.128994153944,5059.505574631621,14.045593908460145,5070.700189332762
5203,5143.625956679102,5150.572370534882,12.485188487196671,5162.6089917688805
5383,5369.0296890083255,5376.153392580502,13.017541128038788,5389.677675515784
7413,5559.880112640058,5567.459970961056,11.437685188044696,5589.230704365582
7388,5745.950644818073,5752.5581116944695,13.9787059866142,5765.919508315794
7208,5780.2105957178355,5788.307097875374,10.91505381056044,5802.937269567225
7348,5853.467483195369,5860.607222737345,13.310375262150647,5872.322561002793
7436,5855.639249359355,5862.426339372008,13.339262711556328,5874.097361532256
7399,5911.05419222841,5917.440535948409,13.691768014709174,5929.744017944952
7412,6000.890093062686,6008.07252118003,12.302324694748991,6022.132635410389
7288,6313.260628060632,6320.400395930091,12.551750435841882,6332.67312875653
7447,6539.181125010147,6546.330165939714,12.976034111910108,6560.284265427677
7428,6555.313474854833,6562.488565159668,12.610104156277762,6575.013287665642
7356,6629.121920990247,6636.1597422487075,12.785372402945525,6649.839902340073
7417,6648.028090099862,6654.085642653325,14.169603473397924,6670.2634109502205
7197,6942.956522047647,6949.3628838060895,14.36582099162329,6960.431544169951
7404,7097.279416004622,7104.12960710246,12.572624654467479,7115.951334372214
7437,7114.121729134659,7122.125545622854,11.180454485113215,7135.472426408639
7425,7159.29042212415,7166.005800545904,14.433198692383977,7177.892381080911
