1845,324.0274000385861,327.0418126373436,13.791625054192632,329.12195433384727
1041,443.59687601651797,446.43627384846434,14.288539252756742,449.72338814255573
773,506.1761132819486,509.2819653132869,13.27573990724621,511.48620297434275
1594,551.264535228544,554.5732832904731,12.017731315736807,588.2322804336081
1590,1179.0932915810658,1182.3012554853942,11.854467989745581,1217.8019210108469
1860,1317.5707567157795,1320.5764668166387,12.94965037846688,1322.8253586605958
1857,1358.9531537013806,1362.1570482838254,13.020484001778634,1365.4342521258766
1269,1369.401927167836,1372.5534684668614,13.153396240187623,1397.9155342747674
1605,1627.5422580527027,1630.5425989386144,13.31508136817447,1633.5610585175414
734,1719.5309067883645,1722.5852547878,12.942883157609796,1725.7785946453807
2762,1908.8266095087831,1912.2737949724458,11.45282650589076,1915.536026568253
3038,1963.8896013317499,1967.0397674933972,12.538430692892817,1969.2639150937764
3042,2144.7328592722693,2148.1876470118186,11.08792061455284,2150.7849262423474
3606,2355.242873220386,2359.435135845024,10.016822828447646,2362.865367747106
3277,2365.6708569815146,2368.4904521493845,13.892054405892265,2388.2963058256064
2735,2630.920607227726,2634.3113955448966,11.498260647309003,2658.1231313922785
3275,2707.996992400996,2712.102306071856,10.336060568120606,2715.5389814638625
3271,3172.69097424554,3176.0296981167157,11.490262351045354,3201.69150951449
3593,3428.6701467767894,3431.572722609055,14.218540839541342,3434.753135888828
5039,3885.4459520527557,3888.3892740856923,13.377955386625837,3917.865033955787
5036,4598.957497893801,4602.009511619179,12.905438117550439,4605.494384100335
4778,4778.286233813916,4782.09029914359,9.82378234517271,4785.527111501371
5856,4783.101741887948,4786.405579972007,12.082439022178558,4817.72950656396
5608,4959.1057836114105,4962.52458386308,11.690738827921475,4965.768679386154
5435,5136.790561037785,5140.269905566113,11.217665720285716,5143.631364305753
4770,5183.875949188043,5187.061016081847,13.147566725380747,5189.241593525337
5427,5243.778652022318,5247.4291295216735,10.78705550636537,5250.800677232654
5267,5247.154270147866,5250.465210214847,11.851048751291001,5267.929253354924
5841,5318.85937774438,5322.248080398971,11.51692029013022,5325.475278204559
5610,5412.443741146349,5415.136852670492,14.597024135800146,5418.1372772033665
5612,5590.488080975627,5593.574603285795,12.734031726917715,5596.560263254747
7594,5684.724388788084,5688.116382325796,11.953068877569946,5691.387640199059
7857,5769.157020674599,5772.191605499094,15.004997512002216,5775.207162763633
7603,5858.85860236345,5862.158026923189,12.783395733301305,5865.512299692654
7422,5870.918375394555,5874.095403913064,12.644585496856251,5898.128416673276
7606,6130.048967720917,6133.158527373626,12.827115440991182,6136.44929724599
7421,6325.5509799822175,6329.04134178768,6.1737686253789,6353.431947662558
7593,6490.836812934035,6494.110287637608,11.56974959092994,6497.665982773153
7427,6861.198063264221,6864.247775912673,12.747603325609848,6888.237962854469
7841,6892.592687065336,6896.103693534776,11.326084825227538,6898.696585711722
6742,7150.04291324855,7153.162259315731,14.21276839267653,7155.617824714733
7854,7164.232147276102,7167.392346725538,12.621677571411277,7169.669828812813
7844,7166.071374977341,7169.204402503328,13.063069213303514,7171.430715965602
