1014,53.253734601362545,61.34890229223502,12.611935228700853,68.73230312737154
755,306.0728491032479,313.140271039568,13.529045453774541,319.73834633155093
1042,321.33612650648,331.4723755022128,9.581357219005204,340.4751774599362
1858,543.4213641632366,553.1614943615898,10.417680871533298,562.5616311771147
1854,545.3724509196278,555.0583462717464,11.962654238709979,588.6434350203892
1036,589.0193599753336,597.0452600107284,13.145446164859537,604.0726504275492
744,757.647887743645,767.2460022226448,10.2076582597522,775.8162312624025
1010,791.9817180190219,800.3032983656358,12.823005755534359,858.3357426048887
1023,793.9996940720354,802.2112086852699,11.835714925977548,861.5439545872377
1007,799.4377606104694,808.2349213889631,11.91810400514288,864.5246367476319
1021,865.0415504908367,874.4775777386361,10.819439988766556,882.9561959106476
1860,1263.5639876249004,1271.6188151852143,13.692523655888099,1310.4899654254389
1853,1353.663046276768,1361.3269089786788,13.765361458581927,1369.2416019594841
1863,1447.90472786798,1456.4987920542305,12.56299633991227,1488.5843155937412
1855,1713.7632888876583,1722.4852303154553,11.996163394104126,1730.9889120969724
3849,2073.3460074355116,2081.294773652758,13.153782589158276,2089.691645936818
3841,2617.357295941161,2625.258099251152,13.173953789133197,2664.80383994445
3020,2840.9691273790436,2849.1031063455807,12.458976643019454,2856.336216759885
3035,2934.752591567622,2943.1701763526526,12.194572763743857,2950.5108631964736
3855,2975.8291919112676,2984.099343919421,12.650091188301309,2993.2114666904267
2756,2977.7950204384406,2986.058698752209,11.820329351624121,3018.8009420728526
3027,3026.2115036955242,3035.0372084115725,10.86143276575425,3043.1192013274076
3030,3111.4544268432223,3119.5866653504836,12.811945193853596,3126.7196884003088
3026,3233.620076749558,3241.3493458598423,13.023216572246028,3249.6023339461467
3031,3569.8863531389547,3577.3970943926397,13.113916735249624,3584.687351473998
5029,3745.3883186882053,3753.2254147625854,12.355861242331333,3760.2725834785683
5018,3751.9338174367135,3759.3498445605355,13.381532770060486,3766.0837558588546
4750,3811.2885235933954,3819.5645161431485,12.766551892289725,3827.536920892896
5009,4464.8738307729245,4473.397340385073,12.234858220414647,4481.004061330643
4998,4836.030109882712,4844.316626132413,11.702756286867476,4851.808369693287
5855,4863.289317727564,4871.105613868647,14.229558411791713,4878.871906155644
5037,5014.042323953082,5022.4564658845175,11.658489161295652,5030.097351518903
4770,5139.829442962765,5147.535799700498,12.66022573186064,5155.790393422497
5032,5362.013253203323,5370.3247831356275,12.026921312604074,5377.736993659487
5838,5405.859906644151,5414.110230816368,12.365108919270014,5423.172668988503
7019,5448.821472541744,5457.303631128281,12.79538012564843,5464.8794250321
7023,5541.698321463371,5549.106650717201,14.183560733358563,5555.466719896867
5857,5586.27011668015,5595.490023595822,11.077041365572809,5604.542429803598
7001,5647.723517829402,5655.510547865395,12.650627487310162,5662.519974618582
6768,5674.017292882191,5681.631364541605,15.163396553550392,5688.855208095452
7017,6081.006708384068,6088.525626536529,13.555432915329465,6095.155138400869
6745,6143.127510419848,6152.1131549938145,11.452905688027618,6160.952533927444
7016,6261.020866360726,6269.057408864063,12.267764659890517,6276.365181419054
6730,6400.142669058543,6408.0520966133745,12.893415135555506,6416.6809347372255
7027,6621.225591466674,6629.546805901877,12.283410218436995,6637.018463170063
7007,6647.409501284244,6655.309956083234,12.817927904305867,6663.556263606358
6761,6663.5848567045605,6671.522109573728,13.965482402807252,6708.784653678265
7841,6850.121677568449,6859.154909329461,11.447469646751099,6868.397615553455
6754,6961.752284585261,6971.160255391684,10.326355692910509,6979.73268318175
7854,7116.142807182459,7124.277825111293,12.887868208791316,7133.043081838953
7856,7203.470162856162,7211.333322194484,13.815997039194091,7218.873099652925
