63,137.6912670841617,139.13321578697946,12.055707757777823,140.06141490681586
34,228.72259061682274,230.39887623715816,11.048377404524954,231.38851486594982
28,1671.0071314574436,1672.4247385582012,11.155203688274527,1673.4601756624568
2060,2118.7290784456077,2120.334383895404,10.403272678566731,2121.3934276074915
2031,2298.557717609037,2300.104094458747,11.796526676137969,2301.0563405505645
2040,3288.5882914897747,3290.1515143104534,12.30895345869494,3291.056047718267
4064,3738.701091888383,3740.196438714622,11.574228140424239,3741.1561609891396
4066,4008.575682104983,4010.1972720847066,11.20368813004777,4011.1748660994385
4055,4641.009755132361,4642.397993360548,11.89776186272052,4643.300347792214
4047,5268.680353201939,5270.27369548694,11.550341383981795,5271.220833424836
6026,5808.550072598354,5810.154770534596,10.799199270736302,5811.195365457144
6042,7248.725886765166,7250.196660094125,12.175755500081051,7251.109977521407
