43,127.0,134.50039358268475,11.75857338902835,137.97139804519938
152,221.0,228.20493387614036,13.082414353921624,231.29331077026092
30,589.0,596.1683646270532,11.98586975312029,599.4583981662477
118,658.0,665.1609127236733,12.559784111263335,669.9915284142629
109,1009.0,1015.6135580649052,13.863427771838122,1038.7778411577242
8,1066.0,1073.1673649122074,13.12776954131775,1077.650147586564
154,1123.0,1130.4799736094299,11.654869011268497,1133.9602899599315
111,1221.0,1228.068854678657,11.938104052505311,1231.2946036514136
82,1341.0,1347.5902013094565,13.259462870368587,1351.661747239587
4,1459.0,1465.1550196563262,14.680855385385977,1469.4134160288163
92,1517.0,1525.109365951497,11.143201614862155,1529.7371865920786
134,1566.0,1572.5206162408708,14.257601233584788,1577.9136827996724
100,1571.0,1578.3939536662058,11.719210772130848,1581.9294589385345
22,1696.0,1703.4307823455279,11.56328557802141,1707.89130513605
126,1756.0,1766.343004623952,8.030194839044848,1771.7864065837166
2101,2035.0,2043.3671940035222,10.653249639107585,2047.25461492306
2124,2093.0,2100.3174509596956,12.037598403188856,2104.758312515227
2061,2120.0,2126.5679429542515,13.470837020796383,2129.470971642201
2136,2554.0,2562.3175687081284,10.268244334102063,2569.7947738960484
2016,2782.0,2789.1978968848252,13.0425416062064,2794.1338805636065
2144,2876.0,2884.1793970158983,11.122887095210478,2888.907452371125
2132,2883.0,2890.0978533585194,12.822679017232096,2928.015959748394
2065,2969.0,2975.4890914680923,13.779512544413873,2979.7106723437305
2071,3096.0,3103.2275397586536,11.471652469726349,3106.668397297761
2074,3141.0,3147.1817502853337,14.856231169874118,3198.525658451118
2022,3243.0,3251.2281810069417,10.932615902824061,3288.17157198535
2146,3279.0,3286.0545045749805,9.820116669526833,3293.49521367811
2029,3469.0,3476.0762045365946,12.312772940023402,3479.2672177645445
2014,3540.0,3547.150548488218,11.821896986300084,3560.1683175091716
2085,3559.0,3565.6304763381204,13.915249787337418,3568.5929902314033
2030,3595.0,3601.144347352218,14.284812075418957,3604.9546802424306
4075,3837.0,3843.501870549132,14.280478267776521,3846.346375796909
4095,4063.0,4070.217607978779,11.665518168500329,4074.6188458315037
4106,4197.0,4204.548319776922,11.32632331978349,4207.890693378903
3999,4265.0,4273.098359493538,11.418181893607013,4276.676792241431
4024,4314.0,4319.400377499439,17.834981259467156,4323.669569258983
4070,4348.0,4355.2241433968675,12.000987788341503,4370.146370473789
4056,4511.0,4518.295319989654,12.485328058754876,4522.713757163509
4129,4762.0,4769.475893071276,12.123187925703228,4773.743167047823
4064,4802.0,4812.059702565729,9.154029971744922,4818.046941762636
4067,4855.0,4862.11079692215,12.560771329737337,4866.673383829463
4029,4945.0,4952.137162935053,12.025129572697942,4957.188768537734
4058,5028.0,5034.403899376019,14.377147537419177,5038.5388114045745
4071,5061.0,5068.313345468417,12.211802399207304,5090.668702865687
4124,5106.0,5112.547892322909,14.270372862037322,5115.448479819934
4114,5198.0,5204.498524891211,14.205380695007813,5207.300801310924
4030,5285.0,5292.173496613614,12.798089229804827,5295.417488928478
4136,5305.0,5311.387150270621,14.264091055385807,5315.470256274378
6037,5520.0,5526.174113279173,14.57704593769571,5530.198161207923
6137,5573.0,5580.116536531532,12.575463007027695,5584.92036889183
6143,5656.0,5664.000458879116,10.75801596499772,5669.0631191771035
6144,5777.0,5785.065570919758,11.10488538749697,5808.087353064265
6128,5891.0,5897.609546585895,13.644965611548065,5901.266331647366
6135,5956.0,5963.228676075536,12.379903209837382,5967.873933960756
6074,6339.0,6345.119861603525,12.336174238576435,6351.183918074622
6006,6418.0,6424.1850755746555,15.162040400909898,6428.283343426943
6109,6478.0,6485.49098134742,11.45094423966121,6489.9793655483745
6071,6643.0,6650.049475043529,12.496006078134297,6653.13427750847
6019,6824.0,6832.451717293367,10.429313199852162,6836.946377961353
6084,6923.0,6931.022464956409,10.738259386775558,6935.867404007657
