1146,64.0,69.26657849843731,12.117462063151216,74.12741448977478
1067,1597.0,1602.0794927530085,12.71512632537644,1606.6799188874847
932,1696.0,1700.1906123563217,15.858414253192661,1703.8654227063735
3159,1856.0,1861.4164364661904,11.197822478685717,1866.5367901176853
3152,1900.0,1904.5752957502807,14.42222044777,1908.7108428881807
3160,1986.0,1991.0056282225785,12.169137715668224,1995.7621376475367
3179,2366.0,2371.0320113816824,13.043604764506085,2375.6297088132724
3124,2548.0,2553.17492670987,11.884513910705842,2557.882662568743
3128,2679.0,2684.3030991059177,11.679400825843816,2689.379489127703
3174,2899.0,2904.432675111215,11.510772714183457,2909.4076933360193
3141,3009.0,3014.202704801467,12.598686708005943,3018.876594504684
3042,3212.0,3217.307816845678,11.526807181355812,3222.2610885513773
5144,3671.0,3676.0742590193563,13.08589383793918,3680.6654565274503
5130,3806.0,3812.0197658899247,10.4557482784202,3817.7308861870206
5156,4256.0,4261.2872033055255,11.482507336568787,4266.103735735066
5160,4520.0,4526.174658350625,11.609836856533738,4531.220118924045
4952,4620.0,4625.412717956436,11.90408214609218,4630.598978828421
5095,5112.0,5116.565862651492,14.075120467940087,5120.652634765294
7144,5834.0,5839.274313985898,12.679753589423875,5844.165711780161
7154,5967.0,5972.406617759477,12.178061043740838,5977.458463923586
7078,6557.0,6562.187200673841,12.561634237986489,6566.900794213993
