1315,183.10952010824377,190.59254568462154,13.621965913702516,195.99730469173497
1178,302.51614279354374,309.3943446803429,12.507792979615044,363.11203653412986
342,333.48948456209314,342.2459579972318,9.830095838496895,365.77309909059665
1134,363.2107554067741,369.4363597029103,14.810833821879251,374.4445362236257
896,397.76253097046094,405.28118311928654,11.628624965866061,412.5076778880985
393,423.6489078967522,432.3355671717952,10.75446144561273,453.16249504962275
137,427.0739900370459,434.32391128856244,10.061038754823342,455.6096740965922
397,512.5642252083229,521.0971580251793,11.280847711612239,528.9032986358635
871,636.836808333456,644.5565595974467,12.06780567160919,650.9160933303339
1157,904.0552869166731,911.0878503308888,13.244084557866433,916.4023414763014
367,1243.250108758273,1250.012357075307,13.175524821436369,1263.8395437810939
1122,1279.5519709698212,1286.3046253884818,12.982924841895318,1291.7852509215072
1177,1448.2948904704945,1455.4711607067616,12.554548379452203,1461.4524795605387
145,1512.7046408977258,1520.3926536435768,11.524578757993927,1527.7912392014116
341,1681.0558189521978,1688.1139342110762,12.402866226896553,1694.8256520974949
1135,1721.3303417295579,1729.0050630984833,11.6067209426221,1735.6534186736487
862,1745.2115047802836,1752.3975296212966,12.788033283659027,1758.2458315755014
151,1790.5991141088966,1799.0253471490485,10.664729250749964,1805.958514161704
1112,1839.8752323170047,1846.1324360313274,14.61523053604764,1851.1472842306882
3153,2074.303949288991,2083.159981395474,10.000540476509407,2090.2513994452347
3125,2106.635866111943,2113.096829064085,13.202250077252522,2118.5629460690034
2150,2142.6836262323995,2150.3981765457143,11.514187913428778,2157.7993051224603
2382,2144.507941326752,2152.289876656154,11.665120703075077,2163.1242371271064
3139,2167.9925807105737,2176.139415250525,11.165541642731565,2182.722786005996
2380,2310.688248631478,2317.4358298757256,12.987713401674997,2323.893315259673
2400,2402.1611782422538,2409.4828082389963,11.44530548911908,2416.6632014341867
3179,2453.865858387833,2461.0684543247935,12.586864013291509,2466.785029567015
3116,2711.660910831459,2718.565655720416,13.760194132750323,2723.7415287400663
2857,2737.957109225433,2746.509927522548,10.553853706386759,2753.4278552710907
3127,2804.6691848059277,2812.2679225014576,12.175375861608526,2818.4159228735575
2360,2850.596605753393,2857.128432525908,13.148083701656867,2863.743074742528
2340,2864.792750658694,2872.517956116714,11.696638632269021,2887.9434515839794
2391,2867.4215612496782,2875.209526228271,11.275391228401228,2890.0914127292226
3129,2887.757957701954,2896.1395172390344,10.189734756216467,2902.8075435219002
2849,2974.021076723895,2982.4190388809425,10.285348599747692,2989.2762747315883
3141,3168.038355916824,3175.4980051616794,11.510052047790445,3184.646379437257
2875,3245.917915335447,3253.2031810632247,12.449789631545341,3258.893599017564
3137,3334.1039950908084,3342.1437288603483,11.421242472029666,3348.545738056308
2860,3336.6005276968976,3344.045520475151,11.913793639368672,3350.3870646498344
2863,3338.7201026571393,3346.08098776818,11.954087287013547,3352.2748382807727
2149,3392.4555960549487,3399.3062757947014,13.353169713619993,3406.2065606867873
2822,3698.5023387603455,3704.3216283054503,14.519560481685396,3709.4456948987395
2893,3705.707663789527,3712.164286795171,13.588629251311906,3717.4935893339007
2128,3759.6309784176874,3766.459930905857,13.349849222905528,3783.662203116446
4835,3979.1363628079416,3986.3655341661924,12.841558503808818,3991.8307146096427
4385,4033.5439066644726,4040.1830074943723,13.099773563770679,4046.812865539444
5124,4062.866443882427,4070.0615192377477,13.470859013920334,4076.2569792337704
4887,4235.62480916267,4243.367034366007,11.071887504959387,4249.685898242749
5119,4326.305451686622,4334.254013057436,10.704985824186547,4340.652221097724
4140,4471.851326985249,4478.224926453394,13.415241952086387,4503.912049320406
5148,4525.953757943325,4533.252075166559,12.206972358185284,4540.384391380756
4854,4599.523751756326,4606.3279638612175,13.882242189822355,4611.8578821485
4341,5011.283516325237,5018.316071157026,12.993352165421738,5024.975385115496
4145,5201.62536352995,5209.073278214028,11.473056197170244,5215.950064095354
5125,5227.255399542026,5234.132934066278,14.607002298011208,5239.118561827064
4870,5233.328369510973,5240.3683293462045,14.292494645765654,5245.483547082544
5183,5321.829678622018,5330.162913601239,11.139723818537405,5336.765960359336
4376,5371.501302474261,5378.606989111689,13.002163077345559,5403.539691237839
5170,5427.73747307286,5434.268220828954,14.11740756387648,5440.790461938976
4370,5461.207865451262,5468.442336001225,12.715064842660261,5493.4726380723905
7118,5584.2003353270975,5591.026897512434,14.302464900335883,5596.136717662048
6369,5721.855444277174,5728.483877352552,14.000471872694707,5735.481947725737
6833,5764.265645583049,5773.074471951815,9.882085828437596,5780.129697621922
7128,5944.163837505778,5952.08454142208,11.62692752971235,5958.441539890522
6842,5950.325423037641,5958.337171787852,10.436740764239845,5964.901281108384
7144,5959.903129574377,5967.259295977339,12.373860799281491,5973.239641235427
6364,6001.30718657136,6008.287534052175,12.307328908611142,6015.00038567492
6155,6013.168678559286,6020.378689532315,12.733343281342322,6032.976151677869
7133,6039.725050283068,6046.3330447329545,14.287463427709337,6051.658970623335
6144,6103.468480147151,6111.402628726646,10.402332917745179,6118.9923244260135
7173,6159.791422370126,6166.213459117124,13.244695566674332,6172.687545555986
7142,6230.924506053429,6237.4597415328235,13.935559215607128,6242.697677008052
6139,6284.4840621258445,6292.008855955467,12.173726858165228,6299.1483298395515
6825,6335.417932924989,6342.299870646843,13.633607044450867,6347.776743227877
7153,6399.977909956203,6408.3835814339745,11.236421181419587,6415.141428320608
7125,6401.966989199321,6410.270359923634,10.388013309338888,6417.070187829774
7161,6403.8172126811005,6412.158454175956,10.65690081797723,6418.94743646059
6140,6551.440431821093,6558.000052339265,13.514984055402703,6564.805699254487
7139,6576.2195105846995,6583.529183288523,14.19729033628104,6588.681814593878
6398,6645.823178647207,6654.391727755179,10.043585737979239,6666.138773634999
6402,6647.775574137353,6656.263148281709,11.01505969017743,6668.342321312561
6899,6675.820580449756,6683.496807420288,11.749234921596873,6689.690797147386
6342,6719.9482003551875,6726.400533909371,14.059328224305714,6732.962566021616
7122,6867.693775078911,6874.137356405792,13.341741699368258,6880.670289967202
6141,6910.968415785428,6918.310621356064,12.665448815616594,6933.373610454862
6857,6948.466034140483,6956.255965504874,11.993633478895683,6962.681220737921
6381,7004.517552221904,7012.152520323573,11.452306150517943,7023.367367858278
7183,7024.426239939936,7031.534126436586,13.714101260887714,7036.9934343608475
6862,7026.378514964777,7033.2273370732255,13.603222439918806,7038.67738667827
7338,7116.966327533773,7124.176690451786,13.701543443754865,7129.329874780648
