1293,183.96024342336526,186.52104620462978,12.699023304980908,191.4260360137064
262,454.0051339500708,456.40266851194343,11.7722380631506,461.818216754784
95,548.4971513633227,551.1598202042308,10.36407247776826,557.4997049201088
174,1353.674391705867,1356.2758180304388,12.345540282333895,1361.638086613243
96,1358.245171041155,1360.5243126596417,12.741999810753073,1365.6967620410414
186,1371.5631053615864,1374.1824067153477,10.79918287290194,1380.4067188618164
157,1625.8473005321978,1628.4831390901402,10.849914798974188,1634.1937076113334
108,1713.5184989368615,1716.0989554454225,11.037933429007456,1721.7569829963861
100,1893.4878558527453,1896.026764319016,11.40200814312357,1901.590248676336
2242,2167.6907308143946,2170.122777452143,11.970857356425743,2175.562507924419
2019,2253.890780478493,2256.4780251742277,11.810172449465536,2261.7733428453766
2172,2255.7962923531904,2258.304209025153,11.952951048329785,2263.5708068792646
2017,2343.643655006064,2346.118765385815,12.321682666684056,2351.3096172692026
2174,2523.9844793203138,2526.5509039225217,13.215294587581617,2530.9955746328883
2095,2793.5987729016806,2796.202098457133,12.756576330096777,2801.4136887551663
2249,2883.6324912085242,2886.280061548345,10.854897206309019,2892.509792029709
2263,3517.9317951382786,3520.4221580231233,10.802562532972157,3526.360165245167
2103,3605.9258482524965,3608.4537830336844,11.496277978796286,3614.6838096754504
2175,3607.9128812059366,3610.4455013500747,10.490203715995927,3616.564626377674
2099,3694.003295263687,3696.5053174144564,12.021883993978067,3702.09303182623
2105,3788.51382780361,3791.3154472493875,8.821678754685156,3797.9821508673576
1997,3792.379101054857,3795.3987696233066,10.120954716219341,3802.1471772192854
4104,3965.7176435378283,3968.0960019400795,12.865536446854623,3973.4257750854244
4102,4053.9822177941223,4056.5485228718107,12.072291383536838,4061.922272084854
4006,4056.04247572058,4058.4260484571028,11.51824271961061,4063.7182703083063
4255,4413.58774539268,4416.406570906787,10.319605654026105,4422.86884051266
4180,4593.620665581619,4596.083426015923,13.762943915353093,4600.864080354065
4099,5583.861315566782,5586.36638520822,12.334891527624583,5591.501564660287
6166,5682.8555504633505,5685.185759271837,11.699471017648555,5690.77648645372
6249,5766.3395191270565,5769.237737228185,9.876628831445997,5775.895516507345
6159,6044.504058594083,6046.425592916996,14.59162511928596,6051.326184400892
7282,6130.380047502859,6133.219600505566,10.119849898992168,6139.843603647353
6190,6667.561812516711,6670.158222992086,10.889360590424795,6675.971876258026
6006,6756.144968834245,6758.455254278,12.044195062606914,6763.751788090424
6109,6843.495233097749,6846.155581454293,12.190075128774257,6851.551709052595
6183,6935.443219404356,6937.308838627311,14.660237961535184,6941.798584476964
6108,7023.748448483615,7026.422174826917,13.058126707883451,7031.390730682958
7289,7025.9518254279565,7028.198319102534,12.762689460245543,7033.1524745562865
6262,7119.804391425394,7122.2000612808415,11.837506138950088,7127.871998999225
6267,7121.717602183873,7124.152482339171,11.720802134058198,7129.765683807771
6002,7293.6274134959085,7296.074451639312,12.133210070694025,7301.352296503536
