69,367.2697670042302,372.45690287254234,12.187451135743334,377.6182937181383
1243,383.3221288326211,389.1915382543652,11.968815365074756,394.90155537426625
72,570.4091279291172,578.0585970630557,8.472767029524867,586.6848435559924
81,817.2267752711274,822.4112034195254,13.135652472559645,827.3913329196616
71,820.3753091652741,825.1387098650265,14.09934593252283,829.817719417889
1249,1104.1414104394635,1109.0299717354742,13.996534798368378,1113.9841349043627
1237,1355.0189026655519,1360.456402083738,12.488155695320527,1365.9973133658073
51,1448.5847274656708,1453.3649190714877,13.727914717395798,1458.3654296811558
1570,1463.2511091575177,1468.5659265067711,12.924372156483075,1473.808582822362
88,1539.9491684905115,1546.3530132443618,10.152615370227034,1552.8167400124958
1253,1897.6637290715373,1903.3406470966324,11.065212040546447,1909.1349829940214
1578,2080.9424733232727,2086.034254415057,12.768975512263534,2091.086524533188
3414,2185.3412805248486,2190.2012002113775,14.340418586939423,2194.978045516472
3580,2365.1324083946947,2371.064553742566,10.657350317646964,2377.1033302726287
3566,2920.155463658807,2926.392554533527,10.043875524930927,2933.577735250121
3582,2977.398578752644,2983.296351987997,10.86075526093823,2989.254605008884
3253,2979.6464624767286,2985.28919290616,10.938028863028537,2991.134093938823
3560,3444.340582647017,3449.4294867148105,12.945447345163382,3454.617754776427
3409,3605.4770050553184,3610.6039069026515,13.80804120598201,3615.465420384479
4063,4055.0611256924344,4060.198919357934,13.269595050370986,4065.145213489243
4050,4164.133684491435,4170.033578057586,11.40805267034926,4176.068051749459
4077,4343.649215044032,4349.350790108826,11.657075397316582,4354.965473384175
5238,4417.005964782178,4423.004884635645,10.911091914694518,4429.041151240572
5412,4420.064545630161,4425.031632385223,11.507169663802596,4430.823724896435
5408,4537.27101540659,4543.077809068465,10.860239639207569,4549.72921433899
5427,4865.157909206396,4870.049530683709,13.723735221468106,4874.755931469792
5404,4900.007449401888,4906.077109360848,10.947797819160566,4912.882670076411
4057,5064.4257690793065,5070.446681509892,10.880217470077325,5076.507302459447
5414,5069.740790173836,5074.496041562304,14.053499338528106,5079.332734381718
5423,5253.245061329721,5259.002826579545,11.123950483661726,5266.286568460521
5607,5428.300837846706,5433.249337332544,13.958695864803921,5438.304725533095
5409,5496.7503677634095,5502.186881520015,12.259263425839709,5507.553213880432
5425,5618.16865571414,5624.3493961975955,10.721740565044014,5631.574113266363
5405,5769.082173467646,5774.385199189832,12.159128988069945,5779.639135400053
7252,5962.71395742079,5968.115258985162,12.556102453323811,5973.360023222385
7585,5966.392502119418,5973.473295360354,10.19782186262739,5980.95381784963
7413,5968.614044134129,5975.462695372284,9.714459561887406,6033.067813942641
6774,6092.179634430876,6097.236336436333,13.178339338555134,6103.999701075356
6057,6142.221421851581,6147.377949612762,12.575821332591524,6152.626700075025
6074,6622.074126810777,6626.619352928207,14.531567459804714,6632.334545302626
7601,6665.438170348055,6670.325854751584,14.746016734835383,6674.960290942863
7260,6678.0566335867525,6682.578134225022,14.615467202730475,6687.020996313747
7397,6879.0191331477845,6884.1015275945665,13.106881509864138,6890.176297847441
7259,6937.0448867613595,6943.083157271177,11.391159502785895,6948.971889859078
7606,7042.649974477512,7047.347472806871,13.98398986122377,7052.022093582998
7402,7225.159558517987,7230.024481376496,13.358603653863435,7234.9421644496015
7568,7386.877964332628,7392.467859760243,12.062208286183834,7398.057468336241
6055,7389.1948304597045,7394.309546165126,13.006990965311665,7399.865075968169
7414,7421.930474784811,7428.003164078947,11.41139398585921,7434.833449362642
