68,186.55306136503532,191.58822622476342,14.126128627148097,228.38865897669336
213,782.9056629908383,788.1017513627469,12.2828078858759,793.1222110881962
2067,1991.8443403835927,1996.3472007475743,13.192112150250988,2001.567073016191
2055,2073.424486686956,2078.441374459682,12.706958788497197,2083.6423284022976
2052,2615.613136567938,2620.3949585339315,14.34005063470343,2625.632204249169
2056,2897.215195366797,2902.20986781225,12.311142764316255,2931.046540730708
2065,3155.6660144931916,3160.3770014792744,14.620764211975066,3165.639902024654
2068,3610.446769033883,3615.32588993606,12.143467168224214,3620.862912571222
4060,3889.5617711575374,3895.001183052536,11.628524457238807,3920.7746974369493
4048,4151.689174665408,4158.181841537165,9.448269861933372,4164.961086023269
4069,4505.7618772233745,4511.396826437429,10.479467285811221,4517.673573263842
4215,4829.834911158384,4834.22364399753,13.470529655213875,4838.607442767622
4205,5212.448139386692,5217.322208190317,11.852468967027342,5222.894357187706
6067,6769.881924088301,6776.318145393653,9.360963854134143,6783.090199280277
6052,6848.032252944733,6853.074709387373,12.569534229902883,6887.727855024302
