1066,152.76444768083311,158.09103710347463,11.618928685499728,166.73217404892418
793,290.491884731261,295.2976324378246,11.981196224361517,304.5247719695036
708,340.34183186929505,345.48994625169604,12.246840463042883,353.23257842121706
726,344.52692585475774,349.08994896411764,13.182160149431354,357.5999719060396
719,364.319941116077,369.4634288121658,12.163021288302522,393.3659133569709
1056,510.33371150479064,515.1596369947474,13.014598583031914,523.0280135377612
810,796.228695342255,801.0290873694452,13.039287052835567,813.4340115071401
957,942.5823853045877,947.2302802460728,12.912082287967772,955.9427637636821
712,1134.382607002602,1139.1243895623013,13.692690555690689,1147.950005959873
1073,1158.8869918285068,1163.5985171626526,12.95029476603004,1175.8553266272595
1072,1230.7260213129491,1235.1704914861089,13.704393193539788,1242.4030706650813
991,1371.0693954101127,1376.3799336872992,11.53533231976262,1386.6680794615336
1057,1376.825361541328,1382.074838875105,12.086216362673342,1417.9041919549913
763,1498.4087855384873,1503.3144145015592,12.279362219912052,1512.8899441570127
717,1649.8192971171418,1655.2407905046805,10.84701074788502,1664.0296757968267
959,1660.7002648493853,1665.3212005541977,13.769950650678553,1672.3842701372291
979,1736.221818847594,1742.4294167463397,10.186690314072766,1773.5287174364112
818,1784.3012228839007,1789.3913575042502,10.540360617864057,1833.6845578441933
2712,1948.3309547586684,1953.2165210813725,12.70956656355007,1961.1819539638639
2984,2020.6671956140888,2025.48239336358,13.205747822679154,2032.988573917326
2724,2068.274513544892,2073.208999622433,12.212383825387077,2081.0786510050457
2732,2164.70049574149,2169.5333730705984,13.20475627671363,2177.9628641971976
2966,2236.7514483749596,2242.3716178571703,10.594882469318994,2251.785583147763
2963,2238.6628669289316,2244.189825264669,10.234436473019647,2253.683888592538
2967,2381.1507236975112,2386.145393798801,12.30364502087157,2394.0037124277583
2964,2599.0039417760668,2604.39589455436,11.567580693673007,2616.134577465711
3065,2670.5516559191424,2675.4192567884998,13.138687518954146,2683.183237991716
3004,2956.918097782921,2961.366003333676,14.722847418276015,2969.5237670937004
2707,3296.156497525326,3301.3061217049494,11.12781633572569,3333.4728035642815
2790,3472.9619068485595,3477.5871190016605,12.962161288673872,3513.311485197912
2789,3678.8405869795993,3684.3821041817046,11.317728437823428,3693.363075783917
5018,3979.338110848375,3984.08042588658,13.301318508462073,3991.8357974525907
4967,4180.687562007445,4186.002136409565,12.496318495484536,4194.348684803903
4707,4300.10770357699,4305.008508230057,12.608427388471206,4312.839964306223
4794,4660.028126965037,4665.525019370761,11.640893935191789,4674.47797545593
4718,4666.145238565305,4670.618352890648,13.752436103079228,4678.886937276675
5011,5190.261310534505,5194.580851937325,15.463975088385425,5201.225480394759
7082,5622.259701453683,5627.23743770917,11.54010034101155,5636.834812365639
6703,5626.37736348816,5631.220148567205,13.332513508662247,5675.9825152981375
7053,5692.398475793388,5698.25592645655,10.624777163615718,5708.8341816267875
6967,5696.379957648753,5702.158720384653,10.721990199807097,5738.178042315023
7058,5698.272669434988,5704.068412864041,11.142509188991955,5740.37912392201
6974,5836.01242086079,5840.572962343586,13.376771716932948,5849.336711862982
6981,5838.180644474199,5843.0399631311775,11.889184050518425,5853.03586385108
6712,5913.647817725542,5918.3437845747085,14.652207665978057,5925.400566434706
6966,6053.634139793861,6058.1748126792645,14.285621353764135,6095.717376262096
7055,6410.868794148151,6415.40942796829,12.747300061674554,6424.0432777377
6725,6427.396349601514,6432.5564131777455,12.156022467690564,6453.175096479222
7011,6635.19161219811,6640.045022738003,12.113074090849377,6648.089948792482
7083,6700.290728577195,6705.411747477647,11.8465981879299,6713.7749059425005
6962,6702.246816694535,6707.224734950611,13.198839730789766,6716.63240618982
7079,6704.496627516469,6709.561646591841,11.821064744432816,6754.599527191522
6763,6706.411284726107,6711.362409053114,12.261447140794242,6757.334520801688
6994,6991.033400511484,6996.219011719418,11.904697623578489,7005.112224393241
6973,6992.885763632582,6998.074224087555,11.677935596836656,7006.97769559515
6720,7276.574516619104,7281.262507190868,13.418077944725521,7293.154744206913
