980,217.62674120748366,223.19043382438724,12.526290360879688,229.49998820537712
703,228.14530356386692,234.21889866411018,12.873859875897077,273.28068110625577
718,247.85342184602112,253.10144265894462,13.538772712453838,278.8247737686274
1767,370.31201165327167,376.3982008631537,10.458791048002567,383.21057134842135
1832,392.13723798387286,397.15076507664463,14.31214873412709,402.92168878760253
1082,410.1067591269805,415.4708227502751,14.279613350023265,455.901433265125
1779,578.4553294733269,584.3338018527537,11.950272167044504,590.8348332282742
970,588.1258208771735,594.4722776830871,11.046649365929857,632.9985892161897
979,594.7697516174187,600.5626481168163,12.704427955336163,647.2425223050657
1768,642.8085596964452,649.2990572177545,9.888491317195509,657.9260081501805
1831,666.0220388682994,671.4496622329781,13.484312095787711,723.3268885364721
1770,909.7530890307505,915.2365732341535,13.36011518299476,920.5241734711016
713,952.2575186664716,958.320621695412,11.496749089687492,997.6281440613485
1915,1002.225133181359,1008.1441943394096,13.767367660900508,1013.3473660739982
1769,1086.4372249569055,1092.4494391271983,11.412220870607984,1098.7431491651168
1785,1097.5355450673562,1103.087772241857,12.194679883955965,1108.716734243102
723,1218.393882344193,1225.1404937152815,10.999193862941505,1232.4197811613078
993,1220.6109742515641,1227.07494205467,12.122254184995777,1265.26177370635
996,1263.9990831773634,1270.1723204117604,12.057265412044144,1287.2371858463289
1822,1291.1920951272593,1297.2615357340417,11.749629803479472,1304.1266541844802
1909,1364.1335110147018,1370.4055118618246,12.041700954909524,1376.123172351417
1790,1451.540229014035,1456.569767535149,14.440586775633276,1462.3423763312576
961,1492.1462683852806,1497.2923723087454,14.813368948836757,1533.03725403617
1030,1494.1208419502645,1499.17124787026,14.372626347353767,1538.1502686880733
960,1686.0268043924684,1691.2350658330322,13.475104938497628,1713.04197039329
1776,1732.81511625281,1738.501150344696,12.338003459361728,1744.0527143687393
2963,2049.4102176364163,2055.3349780172116,11.26240998799811,2078.249714922808
2701,2146.783706997994,2152.3045657434113,12.752556481786986,2163.388302370877
2956,2153.0778620536817,2158.522901708483,12.490977256698303,2165.9341937220315
2718,2298.549626006303,2305.0225759481273,12.158823337005746,2311.6003368406773
2961,2302.783538117618,2308.1050934638474,13.80209777769414,2343.1225261774694
2974,2304.903164698958,2310.2096011467847,13.227756627944126,2349.0891355385875
2988,2392.3234260625786,2400.123070752123,9.37835239315926,2438.5450705904755
2971,2408.34142604981,2414.0829708424367,13.099557208508253,2440.9517542819126
2729,2480.3739381544788,2486.454599541013,13.200534410170707,2525.354273778016
2762,2505.5028484204163,2510.4730392745164,14.576442302333682,2528.5119907772278
2979,2513.811424397257,2519.4346049110386,12.426179007719929,2533.861050632748
2990,2574.9106193535235,2580.3950305734597,13.140174789013818,2627.1917362304152
2713,2692.3613428310014,2699.0117578462755,10.514198612077742,2706.2122261606523
2973,2752.6034646536946,2758.502963244464,11.62662523585831,2796.1880489936493
3779,2814.1952629409293,2820.364916077134,12.65339512414164,2826.1073960104186
2954,2827.4132088535307,2833.1858751337168,12.677983994961807,2839.5832232182656
3004,2867.682006644647,2873.4248376104483,11.699420738645832,2883.1088814828936
2960,2869.397732790428,2875.246140034472,12.044039649315541,2885.8373021928164
3648,2885.690579536601,2891.576548464754,12.30164800690109,2897.3266519775184
2982,2934.72840353641,2940.3166150786237,12.473339585182384,2946.4778326964156
2970,3065.7786166307956,3072.4589892011177,10.371660562450074,3083.375535226952
3816,3078.2210559475097,3083.563859515383,17.07403009132001,3089.484207288879
3007,3108.3716688322274,3114.480957707696,12.559918298078767,3152.9977689047664
2968,3110.4753117876035,3116.3603857376243,12.792561244337469,3155.4107217492956
2690,3202.666400188941,3208.0217132600924,13.4618285900754,3248.494972102856
2972,3274.5617700151142,3279.3828695152133,14.377863809284664,3285.466403463306
2697,3380.0908609621483,3386.1317456571337,11.725327814356456,3392.812342216013
3823,3429.8167983998937,3435.509933948978,14.794067765931477,3440.408603231543
3061,3486.660072666275,3492.087830770483,13.072345079248375,3497.954974527586
3771,3615.577257560554,3622.329304330821,10.914682827917082,3628.5269458323346
3792,3710.8758005889886,3717.1756269833963,10.644628714331159,3723.419284212575
3775,3712.8818114422515,3719.1013885788907,11.95251732951219,3725.2360817348763
3762,3875.5778975816515,3882.398865220889,10.037678970659483,3889.0728205815635
5011,3877.9655729504407,3884.407657304214,10.885707696164602,3891.0444674023493
5072,4058.1198375786457,4064.234432909283,12.082406910610175,4070.123740118218
5765,4086.096977372263,4091.4893959558954,12.470097600181811,4097.94336609331
4725,4098.083160881241,4104.452269936217,12.388593637405926,4143.418811474064
5560,4146.007585414344,4152.008056421648,11.750404968404249,4161.308946461866
4964,4148.179078271478,4154.217413714465,11.682330075285222,4164.739508852308
5828,4247.86576348427,4253.597335500057,12.479810753060496,4259.235008693722
4978,4282.287817825146,4287.547609396101,13.8936917858466,4325.812953782113
4963,4306.6795164844325,4312.271155926953,12.934300384087006,4328.634231068378
4982,4414.396543621729,4420.563071084238,11.832717349145263,4426.293080492125
5759,4445.763737983409,4451.152680345869,13.037426170320975,4457.441976608046
5790,4509.163609794906,4515.05550777906,13.697870012068936,4520.640608621094
5776,4515.319170618192,4521.560192179673,13.42011294342189,4526.7818296762425
5524,4517.545507273832,4523.460763653846,12.261514023092944,4528.898910360687
5830,4532.555245643651,4539.034774134573,11.297752894152834,4546.097987489766
4957,4629.387054613735,4635.1305323263805,12.646475850464428,4684.579476324584
4730,4668.004510676262,4674.286562099539,10.790638964309709,4689.3639731900985
5771,4710.717509518976,4717.292639537739,10.064040587869629,4724.8934655787125
4726,4818.0832349809025,4824.369567237981,13.04404527159465,4830.620929621318
5795,4863.477497883805,4869.032796301554,14.231245948501806,4873.782320325522
4983,4916.366918645741,4922.483600128797,11.149742453465922,4959.405585411177
5534,4981.714987613352,4988.036296789055,10.48010080123727,4995.393895249538
4992,5025.975365650396,5031.280644854068,12.843420457507817,5043.012257385815
4967,5045.749085900356,5052.241783641943,11.387876644423267,5058.603000331847
5545,5071.105267489348,5076.519285494226,12.679943561986638,5082.851863575341
5762,5169.156724999969,5175.178190732362,11.609564632218172,5225.448054745136
4705,5205.549219512212,5210.588122843027,13.977877497244451,5250.333951178037
5774,5234.320917571036,5241.027687264602,10.0926661436178,5259.576179663808
5778,5329.020996656922,5335.236942551544,10.47318785892983,5346.530191438134
5773,5330.950286441961,5337.252434727239,8.065055428294809,5348.3749382888445
6718,5538.755236275678,5545.005770040611,12.86032759539816,5583.188053187474
7015,5707.871568059474,5712.531499277682,14.895006385325118,5718.218415606797
6746,5718.1953247067895,5724.079921143334,13.030921383406897,5763.501635443101
6978,5862.571183462,5868.450386229268,14.62466001234204,5873.27402881513
6695,5898.399173449471,5905.386287704162,11.182976417273894,5912.267670901183
6991,6078.189163574875,6084.1425080048075,12.962205086053253,6090.478778070789
6808,6170.4327822410905,6176.512392069124,11.587500722254745,6215.46276606696
7790,6219.3735357763335,6225.172885317754,12.61904614536881,6230.813437222166
6979,6260.412424450955,6266.573972882845,12.161960551192454,6303.165557043361
6989,6262.344604489814,6268.399827199695,12.181057374059181,6307.164215096537
6957,6264.300443463418,6270.2866383683395,11.495636871560524,6310.727462429754
7814,6323.516603422241,6329.52885828794,11.842561255755053,6335.119986967542
7768,6405.239863945064,6411.369699594148,11.920700202378287,6417.386902941451
6959,6425.598632292734,6431.005424707105,12.887108840576797,6437.555705132663
6963,6428.164766063213,6433.067154854827,13.725497193350016,6485.477577991543
7004,6516.04103236369,6521.231010224299,13.315215207552905,6527.543928596422
7785,6573.631488739505,6580.101465805293,11.310096954521866,6586.318409578055
6988,6605.341060683014,6610.472120069,13.57822355245981,6616.6211238741835
6970,6622.553851740541,6628.5451947294605,12.407544308273224,6671.000547819317
7772,6692.030425074598,6698.537823192149,11.571141243797058,6705.545775897096
6983,6710.839570961136,6716.11777045886,15.287871436240557,6770.493132162944
6956,6754.389875449811,6760.3987841344915,12.426232767484876,6777.605021941438
7812,6942.641167197463,6950.020865831727,9.46606359050405,6957.388692423279
6696,7072.697714537752,7078.28715773168,13.24960574529837,7115.392216332785
6967,7158.41440879052,7164.306693877251,13.419627156257949,7170.632072171815
7775,7206.217253862253,7212.212615242807,12.584417866446575,7217.859587595438
6972,7212.33976936513,7218.193156275402,13.115243879495551,7223.379317112087
6732,7248.082747926204,7254.2677403921325,11.420582164275062,7261.203823776759
7571,7302.31694223346,7308.472880414776,11.82399846368135,7314.654274055794
7523,7306.271849254804,7313.255544377852,10.661490108676297,7319.73553750218
7774,7325.022038076783,7330.047564717766,13.97668221456134,7383.140500106335
