1488,388.51127320660504,393.21365272500645,11.742102487221686,399.0
1477,568.0371014258839,573.4463039993002,10.77822610008322,579.868273147368
1166,783.0937889431805,787.5274127615425,12.863313932776927,816.2246244169786
1182,1144.3038424339784,1149.1983082783806,12.458166635564124,1173.3130932405547
385,1390.1166503056581,1395.0300783463565,12.270082241184598,1399.8853361867345
1173,1861.0505757484975,1865.4497875055251,13.227222195288364,1893.4536796281031
1339,1893.0158467167041,1898.0530422337329,13.208733592495934,1902.5629282976843
2902,2134.4504834161235,2140.0962854241725,9.48756743697637,2163.590420501558
2899,2136.33915082807,2142.037795807093,9.919820772176188,2166.20520740689
2142,2221.954277299482,2225.6429924095796,15.90939025136441,2230.9989839662894
3328,2615.0632309020007,2620.481307987256,11.733830420200638,2625.3934337344904
2151,2855.180803340723,2860.4247448108486,10.86161502181118,2866.8508818015653
2375,2941.75528095236,2947.188365160426,10.21884573101904,2954.2594505902134
2635,2977.364625034464,2983.1477355872144,8.74665089262081,2988.877324868007
3331,3122.6281824610305,3127.4831339322177,12.193404804125407,3133.775464769634
2147,3300.5032683336303,3305.4116055790873,12.370694693907625,3311.3451858649028
3148,3665.191851767189,3670.3131125816953,10.151321404516894,3693.4011451901215
2393,3756.4804719328413,3762.108592090113,10.490843373946188,3783.2190527233683
4140,4381.900726909733,4386.338643969453,12.253148291569488,4391.8175566965965
4915,4470.673158838738,4475.387167007382,11.800406743656007,4481.038999796639
4396,4649.397441504002,4653.596471573999,12.945322673925793,4658.996434595728
5131,4775.822762937436,4780.471313494946,12.355099935686264,4785.168835033392
4381,5043.639961453108,5048.459608208097,13.224270340362489,5052.77907580758
4386,5371.683335177616,5376.106260647795,12.712803008579675,5382.097863415392
4898,5555.549703516196,5561.0388701616785,10.91786738642722,5586.268939620921
6897,5730.459734930746,5734.294063526098,15.478206239181869,5739.471448735647
6911,5821.664332407425,5826.291810394596,12.742741379410884,5832.219837001712
6630,5882.2756254148935,5888.257017329001,10.119679696157501,5895.050484806912
6141,6093.0178036024745,6098.28185825266,10.979866415234302,6104.855173635384
6397,6094.954845185053,6100.130885072141,11.34165803527812,6123.012701010542
7316,6213.101168608347,6218.1802114243,13.951303544408121,6222.352678886223
7324,6429.548005004518,6433.554090938574,14.484737989177214,6438.831892903859
7173,6631.837783846362,6636.122492661594,12.902471655177715,6640.491951772204
7177,6634.114864912143,6638.588640539122,13.17420966699287,6644.532438155493
6380,6724.677551564975,6729.499553775963,12.934005415273184,6753.666276590898
7158,6996.012927013888,7001.2323511044515,11.61730526008978,7006.2692908193385
7325,7059.165393148397,7063.169581710511,14.279499518012484,7068.765727507401
6381,7079.93962889344,7084.285968225202,12.731088015085938,7113.362365596384
6646,7382.407178127939,7387.143368808817,11.971067527674151,7391.806891932547
6129,7442.10724106947,7446.423755389682,12.98317061755409,7473.458006168653
