1094,98.28067053541476,99.26946369619347,8.438390994476972,100.09229921571279
1769,121.50093544027561,122.13688951088358,11.275986932964516,122.770932348982
1776,210.35928275375073,211.00011269523716,12.04694061975237,211.59357945024178
1905,216.8450969934237,217.37092618301745,13.62627014339333,217.89560818932597
1919,219.16337040297438,219.6554884687763,14.656534151163077,220.15020259888837
1875,224.39013232058312,225.1995969292552,6.295888012486562,226.92232657268084
1787,297.8442261883334,298.40942253235994,12.45060734392793,298.98364823556017
1766,303.4888723116537,304.09159306659086,13.058835228183165,304.63907365214163
1036,366.02535617234213,367.1954452847236,7.495473371027862,368.11764342380167
987,372.7884614874002,373.4573367893131,11.074723977430414,374.10289201738595
1902,481.5121100423971,482.17536632381945,10.885705001080067,482.8321413105225
1832,485.3840530968502,486.0661120358054,10.898889733885168,486.7220925009632
1782,580.573728976007,581.155103669749,12.499097884941541,581.7271016509753
968,636.0268698274457,637.1145673380914,8.754365237415556,637.9312409133246
1015,638.5081472649263,639.4087191472004,8.82624954353354,640.1980780192168
1120,640.588694904993,641.3632052571087,9.8982835531166,642.0779713984406
1785,662.4864259525594,663.038667085002,13.95692515496667,663.5509187935951
991,815.9052398115142,817.0988168880451,7.704214857865,818.021421460673
1898,931.7996665906824,932.3325677956409,13.495490457477606,932.8623342965224
1013,1179.0448458726746,1180.0155802470724,9.524751119826464,1180.7661992047115
1876,1181.5189452581822,1182.33935127396,9.793817197205316,1183.0611304939223
1799,1183.6783697959595,1184.3717457029795,11.213075635271364,1185.0087933485402
1922,1203.8745412878595,1204.4554073021427,12.335905705681856,1205.0326531248681
1770,1294.8357978850938,1295.358622632996,13.828963928205969,1295.8756142741959
1837,1296.5673273523626,1297.1032255884027,12.817483688214242,1297.6610151617112
1803,1298.741987385246,1299.2742733895477,13.689800206530652,1299.7965205114542
1786,1384.615273177876,1385.256733223588,11.944234088957518,1385.8553031029196
1783,1474.8527923503264,1475.315093694224,15.739572869948182,1475.769328305062
1817,1483.3488115800103,1484.0403550682017,6.192520674405059,1485.7130416161756
1088,1535.897450569923,1537.2124960384476,7.112054197110577,1538.1614111083256
1115,1631.2834771905045,1632.103130362653,10.186238494718815,1632.8050046375429
969,1635.4709319078938,1636.1958353685984,10.760809258452353,1636.8602332392068
1039,1680.5887198445862,1681.317013610195,7.42124104738923,1682.712317844626
1868,1743.497052265434,1744.1789203845676,10.724953607849114,1744.845539469251
983,1776.5143497153695,1805.0441216128115,5.9897551703850995,1806.182781762783
3779,2011.7836317546398,2012.4351975321817,10.752817997287858,2013.0943725934546
3792,2099.982620892284,2100.5028793867145,13.869195576340775,2101.0203269220297
3763,2101.7291799551795,2102.2805572871657,12.26056973348059,2102.8636834316067
3762,2184.799893630518,2185.277089915613,15.207348668331873,2185.7472217520867
3060,2225.4230662929754,2226.2066549169317,6.463385521808248,2227.717860096128
3921,2281.8387566065853,2282.4457682561983,11.809322112788296,2283.049819888767
3068,2345.931723194537,2347.0356490618233,8.192524758630856,2347.908329824833
3020,2348.167520921854,2349.0874343875194,9.305319336356057,2349.8557539366834
3055,2350.4025794070053,2351.1741011527074,10.475770839713304,2351.8565768260232
3045,2356.756719955806,2357.481599371465,10.10256516467603,2358.183502601508
3786,2374.5792184828492,2375.167217357175,12.560197205786224,2375.7364328432222
3772,2462.5356150067623,2463.1861385877414,10.595184451360486,2463.8609223812805
3902,2464.441301742341,2465.1289301172537,11.584643582073019,2465.7460797694366
3062,2502.30624926331,2525.047050219527,5.874139471364813,2526.2342991293285
3869,2552.5764242165737,2553.0747067730076,14.832618024911415,2553.556716000598
3765,2638.695891348707,2639.2409867872902,13.135459862647576,2639.7852736894692
3788,2650.8498962985313,2651.4727026082974,11.680085595710516,2652.084284540153
3069,2796.070779302535,2797.255422041402,7.229151441329295,2798.181650386941
3870,2822.5200285167675,2823.181869266934,11.034872145406055,2823.8297661037186
3881,2824.360174012237,2825.0201725771567,11.060843767213889,2825.666548107614
3038,2886.0360911535145,2887.1719717293972,8.379004340261465,2888.0200471943567
3000,2888.435537332275,2889.2997123720006,9.365133304239427,2890.0513175164897
3107,2890.4899263579073,2891.2116340260177,11.67084529441356,2891.8242253659746
3900,2911.982984289081,2912.527991392156,13.21517643669364,2913.068370341772
3824,2919.383510851773,2920.008807849496,11.211845943621265,2920.646477934626
3868,3027.590005761341,3028.3112157753326,7.442729662280117,3029.687465112214
3098,3068.2758785248525,3069.2586877112954,9.101029551220137,3070.0368428869706
3770,3086.8910613556154,3087.4321554399503,13.23808795765879,3087.972222765399
3101,3246.241194694623,3247.3426583267956,8.227343379615537,3248.1818979320524
3778,3266.9365545229234,3267.4640983262548,13.66662277314749,3267.987231134997
3911,3270.5601649112905,3271.139907057732,12.77290435281563,3271.699643399589
2961,3335.9237962685347,3337.047140106228,8.626491033620676,3337.8759195867233
3043,3338.1461588158063,3339.0449696655583,9.93489247758739,3339.7646008818465
2973,3340.5712624777066,3341.3065402484626,10.942915141841974,3341.9598815807008
3106,3342.6639090530252,3343.317364589318,11.855374705007932,3343.920420919062
3926,3366.785115915816,3367.345710267263,13.059615130427453,3367.893158158027
3061,3388.4521258553104,3389.228641239477,6.489300799225368,3391.135775848824
3018,3426.069683457821,3427.266268454844,7.0533838214634885,3428.2060708096005
3874,3453.610154430587,3454.147193321523,13.085277823457137,3454.6935675639193
3049,3515.9633294496925,3517.1523985001954,7.447866845468483,3518.091790147743
3085,3518.3262064341543,3519.2136575345476,9.289992031055721,3519.983244713249
3052,3520.595721129778,3521.334674694323,10.954570873353285,3521.9873208673216
3774,3538.873420298723,3539.4298226372844,13.00242711898483,3539.97967834437
3001,3609.097194091113,3610.033190921048,10.201328704523819,3610.734026955688
3021,3611.365717318815,3612.0678515729614,11.626082540829582,3612.6828015126534
3029,3613.6473235571325,3614.327503225691,11.73553501010544,3614.9367177822646
3036,3658.398165636467,3659.1041970526417,6.380014399838796,3660.589276412006
4958,3752.5024305076113,3753.2468993507273,6.9828838557689465,3754.761471136627
5913,3903.006685111023,3903.5526054908105,13.212082759462303,3904.088697802219
5795,3906.88418464268,3907.4908122771053,11.831477573830552,3908.090463604394
5043,3927.986012808632,3965.026910317299,5.2771634329227375,3966.2735784512615
5058,4058.4123272350375,4059.297095372888,9.686284860582573,4060.0315266401753
5796,4084.9756927375383,4085.5296260444043,13.052874779212313,4086.080857614625
5798,4091.7182062371357,4092.2603039994406,13.316820521955831,4092.79717830405
5780,4257.475977099205,4258.0255384018765,12.810003923770125,4258.583653668654
4982,4328.082649290342,4329.003379662502,9.430318061933583,4329.761515147476
5051,4332.269279566945,4333.009494903972,10.23013425388869,4333.708357556201
4967,4377.38058217928,4378.137171327412,6.725787373872619,4379.583976612749
4972,4506.023034145081,4507.130554462468,7.467830065760643,4508.071234053754
5940,4536.787826516945,4537.348138984543,12.711514813071405,4537.910578541313
5009,4598.298722099234,4599.203744841291,9.771315117190797,4599.935423092539
5871,4621.800229460634,4622.452430144726,11.253904227881872,4623.090794513695
5937,4625.500030943463,4626.185690538407,10.986098606735522,4626.836463757659
5048,4691.1999320329805,4692.000383105705,10.903927303883977,4692.65606051056
5881,4713.614436067601,4714.263716887968,10.671040733833966,4714.933703905698
5788,4799.814824849454,4800.417745932728,12.223241805900939,4801.002657808144
5042,4827.252318614702,4828.046437250631,6.210391893000788,4829.70133349326
5792,4889.659884303494,4890.179089543278,14.523855905497381,4890.671345787339
5907,4897.890859758734,4898.543016172702,10.986956799131125,4899.202638400155
5884,4899.802206144676,4900.472387529097,10.58348197384109,4901.134223600758
5905,4984.446354250624,4985.01434913386,12.978416557267604,4985.5652220948095
4963,5009.281966065521,5010.026568087373,5.347276015683359,5011.717624678395
5076,5048.251289326368,5049.115599327156,10.160745125815952,5049.8192346087035
5810,5069.489101718482,5070.066876218394,13.56057619538168,5070.594100036493
5873,5248.628002161265,5249.208689399542,12.330366532900388,5249.788514722516
5077,5318.208195930275,5319.092768300259,8.601550047972431,5319.9239509030995
4987,5320.24151953506,5321.128122674802,10.18345158885733,5321.830189031671
5794,5322.6261865674705,5323.27105153155,11.665857042847199,5323.883904811946
5032,5406.005046986099,5407.102264425911,7.984153760183949,5407.997720471984
5088,5408.3728632478405,5409.296748777607,9.304341733525886,5410.061962576848
5918,5434.650125725678,5435.282163417446,11.370307265415313,5435.910946667577
5868,5523.55883051919,5524.265031744209,10.65485046837776,5524.936036821057
7801,5535.37107980822,5536.094622670204,6.630852177591858,5537.537829667664
7058,5590.581124134494,5591.3792462152305,9.707057577056176,5592.100855120253
7020,5592.605686948132,5593.291909201576,11.07534811905773,5593.937438234206
7931,5614.669424325917,5615.362996045269,10.477726411793878,5616.0471351043725
7877,5616.542613247817,5617.234610427807,9.646074649532517,5617.975788473499
6976,5675.800166074987,5677.1745321474045,7.573917339659787,5678.091026636269
7880,5697.488404877436,5698.02948647581,12.69125218083883,5698.592824013782
7802,5702.662869877335,5703.293337674103,10.909948728497804,5703.948653197141
7879,5706.73709294569,5707.359044451656,11.771269716519383,5707.9664095812905
7019,5858.407110944123,5859.363085076466,8.834935441799638,5860.135176761797
7773,5879.795121374666,5880.3459782672435,13.330199315985439,5880.882313740394
7778,5890.7708463275485,5891.326088534265,13.03225728821421,5891.874685649809
7059,5946.239831388167,5947.337277540638,7.751040061476793,5948.238010144004
7790,5972.784168053087,5973.470975410449,10.528289685044248,5974.153337508215
7791,5974.758785216759,5975.44588175914,10.754269343139093,5976.112323911938
7082,6040.223776989585,6041.019831551675,9.18367808066753,6041.798327781023
7892,6058.880090689844,6059.427608403614,13.261125219243068,6059.9667375226845
6983,6086.342252573056,6087.043799602872,6.062147847306688,6088.866006748738
7096,6125.803200458326,6127.027812879837,8.31321709760972,6127.887823952975
7888,6154.940347060461,6155.535215452086,12.117847411462687,6156.12387223685
7795,6246.600565934649,6247.224840769497,11.036999015841884,6247.87261275417
7039,6305.946454041214,6307.253776014802,7.627016829802849,6308.146794357499
7042,6308.423150292805,6309.392651654822,8.300303046939613,6310.218329509317
7785,6312.666010881644,6313.25998702432,12.39954143620679,6313.836577601812
7796,6325.543692000355,6326.005254586696,15.559513305815594,6326.464745742802
7115,6400.490832675658,6401.200494646062,11.787866940372767,6401.807004610375
7905,6521.422814074168,6522.231680531347,6.511310905755802,6523.708800821518
7048,6575.949766202213,6577.173371807964,7.525721695463926,6578.099471724022
6981,6580.5653490347795,6581.368067278403,9.039487478826379,6582.140762658106
7871,6610.6383451882475,6611.263909551143,11.268504637681119,6611.898373394148
7901,6612.417057807945,6613.158237464711,6.7167697720828565,6614.674645434037
7783,6689.931287895294,6690.489307805648,12.860827674984769,6691.045848677847
7788,6783.036864165935,6783.591190076905,13.011741098672045,6784.133374566144
6986,6807.452902012244,6808.176178709806,6.581504549856436,6809.659443596897
7092,6813.35188647596,6845.052963020619,5.331883133088049,6846.31304267849
7899,6874.881484212768,6875.409626208009,13.682306920974105,6875.932159345047
6994,6940.266124478509,6941.05317201332,11.042307629751424,6941.700632580175
7086,7026.087333206648,7027.246266756893,7.292030767589456,7028.168663280867
7887,7122.621596325947,7123.244067817206,11.88279100257886,7123.845732759036
7881,7143.596024197331,7144.304215183241,10.748883926267117,7144.969350169011
7904,7147.469565687482,7148.139185087486,11.115369997343436,7148.782389835421
6971,7206.027433806288,7207.086627319724,7.23130676403461,7208.062325805659
7098,7208.395286651257,7209.291247729911,8.624311661774797,7210.102238948089
