1069,94.00661536114366,103.25238221578711,12.812548495673305,111.96217236509261
1082,184.33607327648596,193.24015950346748,14.01014721063798,202.89315370469083
1956,216.33009665159216,225.5439037205044,12.017605246792375,242.55132167202137
1058,275.99480124945524,284.5554065663373,12.667998069086854,306.1412953152858
1788,364.0798492652575,377.1975949466022,7.943336923102809,390.08468594167715
987,366.15917153095097,379.34336048826157,8.519322916714835,392.7450834720244
1872,393.89533228731176,403.190549519362,11.638161207725096,502.9790484901791
1001,453.8044625335961,462.1438456852184,13.713215741440848,508.94732741947945
1090,455.87638516144415,465.01607974629616,12.446964515146231,512.0076191461909
989,458.05725075750735,467.0799414133531,12.355750352866881,514.7199923984375
1037,461.9300036274297,472.42483914217684,10.888628555253375,518.8393114212469
1088,546.0107549077331,554.4499491136388,14.081243840419752,567.4035546734169
1778,569.083721676776,577.453766637222,12.874948170106476,585.638433780104
1067,634.1284568559324,644.1593185599014,11.689728715407304,653.7204102067687
1873,755.4090103964207,765.5207459096185,11.02672855904916,775.5746841806056
1044,903.8000616150999,914.117521328251,11.356199849291988,924.8724328604557
1929,940.25100709577,952.0599608616793,9.003872892403502,966.0025388128009
1891,994.2587650818039,1003.4111123234065,12.798636627445719,1012.7887231827102
1793,996.8143540143429,1005.2396972917275,13.463076163592914,1029.6003038719634
1003,1000.8949008770733,1009.494839117678,13.45342466081039,1036.620581213255
1045,1002.5882166232112,1011.228250456079,13.867811820383608,1039.4384310023506
1019,1004.3567429538114,1013.0683786860883,12.875388725137846,1041.816514105147
1795,1025.5436429114247,1035.1916036117595,11.620283468726894,1044.4251758686705
976,1083.7993304413455,1093.2103824497754,11.909641957326258,1102.1192495741045
1878,1085.7337036069346,1095.0440933038633,12.336642329185125,1103.8510418514345
1943,1111.411024400001,1120.313889971204,13.09126416282174,1129.8718376278953
1887,1122.9126418829148,1133.4809987168849,10.217209526321193,1170.3485911174669
982,1176.7044307863644,1186.569435190465,12.017135507168147,1229.0284357026428
983,1178.6768533848262,1188.3497138545406,12.666426708240156,1231.996671914642
1884,1180.4638125722672,1190.072448355884,12.09435764938845,1234.2213589797268
1791,1209.4019003035057,1217.2612230576096,14.592595161554039,1243.819412221564
1802,1212.959857095396,1221.2630042768442,13.17231712932993,1245.7496369042983
1018,1268.273139052643,1278.450846694585,11.450864249202558,1296.0153846500284
1056,1270.1306288743424,1280.3283341392118,9.95756073673639,1298.0868761402726
1075,1274.2255790232757,1284.1233010843173,11.646800841393622,1302.1127092835727
1906,1294.9431264638404,1305.2282298386654,10.448538778860533,1316.5635965122776
1926,1296.7034610308315,1307.1459766622008,10.736339238179166,1359.2389352676316
1882,1354.032645990761,1362.6240607698348,13.752901517852278,1372.2056883256082
1849,1356.3582261703687,1366.417496843623,11.531124296694303,1376.1957589296592
965,1358.2890985237489,1368.229575849373,10.291961279629508,1377.9856807949448
1089,1446.0498216234612,1455.471083615834,12.653618465461827,1491.5873194423264
1786,1473.7142645584875,1482.1173154441574,13.87170980644414,1494.677406955928
1897,1534.3452507853963,1544.0783275001213,12.04523875849803,1554.1633501288322
1820,1557.0635979541116,1564.441773311833,14.781508001942948,1571.6501184573267
1789,1563.4478425504244,1572.5005032229246,11.83303262820516,1582.585538089205
1879,1571.880369913032,1582.3662725738868,11.315434713370374,1623.332550002637
990,1632.2298746664555,1643.3805770492352,9.894782748809748,1694.4617777284152
1040,1717.642502283001,1726.5029108504903,11.619751554975231,1758.104281415259
1081,1719.877104373346,1728.3870708829136,12.762153479451772,1760.3997903089034
1027,1723.5621839463984,1733.1967693858098,12.155654073753755,1764.6204301702069
1047,1894.1201878482493,1905.0069938976455,10.321934919130776,1916.7385688995143
3884,1984.2913303265113,1993.0675735784148,13.085241799362349,2002.7198273476827
3787,2010.6424355706263,2019.2821567971246,12.534812086901642,2035.4415814711133
3767,2013.5675826876673,2022.5630991222192,12.521019749864415,2037.4175364859266
3949,2018.7371249615055,2027.328059785264,12.968184522104261,2042.7178904005173
3912,2020.4799091504497,2029.098976348366,12.914701321247824,2085.5015293658407
2969,2075.9380826590186,2084.242376400826,13.652800659515561,2092.013071345043
3081,2083.812547710283,2093.474647642699,10.943474128884658,2103.395014160445
3045,2085.6778190420996,2095.2636648596895,10.085404571966427,2106.422688015705
3854,2166.3366697329425,2175.1987772430703,12.971234221402348,2217.461914541662
3055,2168.3916528318605,2177.0115781151085,13.979272868178043,2220.1443300526494
3100,2174.0733180999623,2184.478047991591,11.236684844713311,2226.3811971613572
3077,2176.1148365308545,2186.33022922973,10.62374092318191,2228.1589210680786
3050,2178.17858346875,2188.203938668547,10.650241051939027,2229.999064118263
3089,2180.0353986289983,2190.1324995852824,10.490399888726085,2232.2320673876607
3891,2196.4930374660066,2207.4638003802033,10.387567324572176,2234.5082683306923
3118,2254.0778468642056,2262.460654841181,14.983185630701657,2271.565297702864
3920,2289.2066283098793,2299.4083449199147,11.627789483542067,2310.0625898007493
3092,2347.83231483615,2357.558591886252,12.585048504918865,2367.024443557558
3069,2350.225064355303,2359.402125874945,12.07065275025665,2369.337627971489
2973,2352.25715698635,2362.3747036467234,10.66669072171717,2373.419934947481
2989,2434.2732349870553,2443.3786665814955,12.593129099449559,2453.2043558985833
3882,2464.0571954174493,2472.217360163124,14.386329417526875,2489.1395534865724
3869,2616.5023452336823,2625.3840560630933,12.597212824592843,2633.9833483233124
3060,2618.3689954668603,2627.5197768883754,12.522856734047512,2637.727149418596
2995,2620.6477498010486,2629.5752616649706,12.199865239423326,2679.3835517719517
2967,2622.513433355249,2631.3256391619284,11.582304650318646,2682.1660190491025
2994,2624.4300057517094,2633.1075542173803,12.827769617964377,2684.4485821745316
3876,2640.9183067709205,2649.016031410842,14.125000497102103,2688.898469679648
3769,2646.580677480065,2655.2005041428633,13.600090924354522,2691.0289780888806
3074,2796.2576844620107,2805.4229662167095,11.53440795206924,2814.5668409023424
3101,2802.1113000332593,2811.4928946336263,10.905240726130105,2820.7926160874076
3954,2824.185588611757,2834.1409315672554,11.617189372968392,2845.2895392435034
3067,2886.4776040926577,2896.1830035241587,12.42026568467715,2943.119090511255
3917,2914.7016365764443,2923.5582206724016,12.12131668202398,2953.7997268497093
3778,3097.1884162114,3108.084562303292,10.745636615103777,3141.569874557112
3950,3099.178759423059,3110.0339597951274,9.608478473206539,3144.1844703900024
3815,3101.0509344231086,3112.08552945993,11.203847169699294,3146.3140020999913
3952,3361.4021279613326,3370.0787389372435,12.426578220510107,3379.746555244784
3010,3428.1181872807847,3440.1132037593616,9.246514293682662,3477.68550909478
3063,3430.1260797326076,3442.1750473631096,9.167813069757148,3482.6514257685003
3018,3432.0524260688126,3444.1933201402094,9.743379641159564,3485.3033310096935
3022,3434.205068185631,3446.15318228279,8.726654733591078,3487.989380774789
3894,3451.9115592319904,3460.3937550996757,13.291501189739165,3492.0931233105684
3895,3455.329774600413,3464.1013292979605,12.766754570128162,3494.9662054601386
3086,3520.531337658766,3529.577126785568,11.89017502333363,3546.354030170105
3044,3522.499551046504,3531.381962447296,12.130306118135552,3548.143317198994
3791,3551.6621497087285,3561.5063269319016,11.04225499390953,3572.417159943267
2991,3603.8213402451042,3614.24149851331,10.559902980112666,3624.307516549349
3838,3605.879716906289,3616.1395228610695,10.602417214126328,3626.993964118632
3042,3615.7083724329286,3627.527209696122,10.587009533551406,3678.1336079651337
3781,3705.335770626433,3714.5495313163733,12.172606551400637,3737.984202950144
3865,3723.1786670714773,3732.2171675792806,12.012740909790516,3741.178751224869
3770,3729.7924325418435,3739.0364955891696,11.738737756328309,3748.1062000312663
3831,3733.410388985718,3741.3304454428567,14.657425726431468,3749.940211113756
5055,3796.3425087341816,3806.405443088408,10.1732131226676,3816.2245294221298
5010,3798.256712989149,3808.3295332530943,10.817420986760535,3818.0417353417683
5915,3800.148122222066,3810.1589453255624,10.901091667735656,3819.8195124307294
5793,3802.3104027985887,3813.427135300462,10.097770946467207,3824.895854399407
5041,3876.4952916825396,3885.427225306003,13.225767948950011,3933.2319570217496
5074,3878.6318842807837,3887.184592922322,12.997701258526096,3935.809796472751
5060,3882.2999437095646,3892.446927508928,11.086179274590993,3941.0706579050534
5901,3902.392966385608,3910.3914124180274,14.572637045198874,3943.789039415374
5883,3904.9668105277938,3913.284336755398,14.224972207962686,3951.9566212563614
5926,3995.866655263026,4005.092483397237,11.933230774118275,4013.915622306517
5771,4003.9878398031965,4014.0787925544555,10.657896920723003,4024.6824019855044
5903,4090.6487397516867,4098.465391287343,14.02879138458257,4134.124411484144
4984,4149.933638903873,4160.186717132496,11.388840947713428,4203.053110803457
5016,4151.865863435842,4162.048278652369,9.859417048587463,4205.084420035376
5779,4181.693000310606,4192.489537183949,10.272742216727432,4213.007958716328
5775,4183.540075773591,4194.387740871708,10.453400502369291,4214.932299127468
5023,4236.112940659695,4246.185809241031,10.891998316450863,4263.064520535401
5873,4264.301369376848,4273.144585093812,12.392849627316759,4281.775754350669
5900,4272.450218239227,4281.3245452535075,12.336099283077395,4331.587191255107
5003,4323.94953664433,4333.323534130897,12.764878637510414,4342.198556729734
5825,4358.721042171147,4368.502638831622,11.68749620314654,4397.877668120852
5895,4360.707774994804,4370.459492293313,11.40916693904316,4400.027772853055
5795,4363.11414308682,4372.297335380868,11.673002671512224,4402.083473377284
5918,4413.899673045776,4424.214732463109,11.15715671386441,4434.836543765971
5098,4415.982090287643,4426.134930862804,11.354917525982206,4461.539403395543
5801,4424.807066502576,4433.548987836605,12.265634952137662,4466.408257653828
5807,4440.513692637759,4449.157240553897,13.330785804259909,4470.38620034966
5083,4510.202700566107,4520.418456812426,9.973805147898435,4533.4740016908645
5004,4511.965416128218,4522.372412958038,11.99827077862361,4536.147642094985
5782,4535.513378949698,4544.398189582682,12.295195645600458,4553.88980249612
5917,4540.053025693529,4548.571643957917,12.977177035939858,4595.501406679974
5063,4593.850571195508,4602.472380020564,14.423269910349022,4610.3713179572205
5038,4599.566529090277,4609.117448262367,11.331736483216964,4659.624811451234
5031,4684.1203909359,4692.556844913074,14.301072367112637,4701.655500796256
5075,4686.085566230656,4694.310866870178,15.140315306099001,4725.11142773205
5047,4688.082725305126,4697.394860767655,12.051891513780028,4727.848887099559
5092,4689.903220905212,4700.449385557552,11.390024552721615,4730.065401410485
5892,4721.2312216660885,4730.42769937138,11.723132501834439,4739.932437057914
5021,4777.9313481453355,4788.119531156877,11.377160347266841,4798.200793668815
5081,4780.075059386114,4790.185221756459,11.096224374532834,4800.931557587541
5062,4782.3258255879455,4792.497234751963,10.91924094342469,4805.480302331386
5929,4802.737894803065,4811.586972071077,13.244988919303378,4857.315155487069
4992,4866.178619718989,4875.397840781181,12.208579003738652,4923.6312275978635
5924,4893.348621090915,4902.414161531693,12.948121685070404,4939.354191861406
5792,4898.953256043079,4908.260019522055,11.812362245778422,4941.471336567989
5000,4954.467485897042,4963.406948073157,13.816080530104406,4972.82559449806
4991,4956.7047612312435,4966.094983157973,11.988066780183157,4991.052940558537
5963,4979.589068497498,4987.051844725584,15.230531468035174,5000.095095837351
4970,5046.088607583952,5055.446345442637,11.593491044261798,5064.398823005565
5058,5133.838888206468,5142.145336536235,14.795021765205783,5150.891431981888
5913,5251.168383147032,5260.18754039122,12.353776967887244,5268.924428949662
5899,5316.44375748053,5329.01279549536,8.164535277006816,5342.087890766872
5011,5318.754710915608,5331.13378537073,8.51199566955572,5385.537060554066
4980,5320.67938442358,5333.1769670836675,8.021619512721118,5388.214040077254
4987,5322.67431987914,5335.2065264861385,8.566424875894588,5390.49258794639
5104,5325.083787862434,5337.210620208633,9.638477797359466,5392.539825747174
5785,5346.96943029467,5356.13340553993,12.663201295823507,5394.353830665231
5914,5351.865799664494,5361.089876960714,12.843952839140549,5398.468494592534
5057,5406.838257590073,5416.078758142147,12.625589087408244,5451.623766266306
7020,5507.434694385716,5517.418865773647,10.543895262578905,5527.959740122412
5774,5509.411680816135,5519.331772727829,11.159778753178905,5529.820896858297
5881,5519.908243713815,5528.5905213381375,13.520072881578487,5537.063257921437
7100,5587.811236710686,5597.543707149626,11.346731257114683,5649.58663693662
7012,5589.929459848525,5599.366324673822,12.212624408425754,5654.618054724257
6977,5591.740068795944,5602.18482123019,10.704116611109457,5662.517772282446
6995,5676.182208031509,5687.335355266567,10.503870242625766,5714.9624271922185
7781,5686.2003628147695,5696.005386592484,11.982707066957438,5717.445661949361
7871,5708.58449176096,5718.154377552214,12.376235039716706,5727.293633243079
7939,5767.948211064031,5778.2300164204935,11.678201870857949,5788.966196726085
7122,5776.000908849781,5787.431413919946,9.965132281761312,5798.814937154971
7922,5791.380956610954,5800.3229987777295,13.089694660733795,5810.253976214682
7869,5799.229183292314,5809.27882705582,10.620033934599832,5847.497630545244
7769,5802.930221370967,5813.003074462304,10.337383315548065,5852.318801946002
7074,5858.091391359898,5867.447129452478,11.60210775582371,5916.0638078051825
6988,5943.903148271791,5953.390923407098,11.819998655359992,5963.568384610347
7047,5946.05669480758,5955.145814178666,12.4092929258357,5979.421167531684
7906,6036.0912408590475,6046.5492452995195,11.589866407673142,6056.525148741632
7788,6044.803664238732,6053.501131476366,13.11208698288755,6061.93506634996
7904,6066.813522295327,6075.581861127979,13.007733606311577,6111.36298330573
7031,6126.904397300547,6135.511469429301,13.675757045272197,6177.427884759957
7034,6128.944246797134,6138.432755411238,11.86704286327982,6180.0258418999165
7915,6154.048722536425,6163.507582733995,11.199157288554378,6184.044479582473
6979,6218.888932417513,6230.053918607502,9.318028560649354,6245.842233814687
7023,6220.719287172679,6232.043327513061,9.499176479213835,6247.968288063783
7108,6222.6382180324645,6234.145323293615,9.414414193204768,6249.848670561233
7792,6226.917820156948,6238.1554880098365,10.526018713043287,6253.993097713478
7787,6228.752749647002,6240.135309094563,9.450952746790335,6255.74637235466
7920,6247.776678747877,6258.317029316837,10.192360079255137,6269.645136215532
7799,6303.789636829429,6314.438059145759,10.35712905827171,6324.599840325122
7772,6327.871896708502,6336.280879930758,13.393992706341974,6345.886885619377
7916,6342.331823750648,6350.075677675435,14.342333233724128,6375.214884311103
7072,6398.300884991813,6408.334100451927,10.257740237126304,6444.347016385374
7033,6400.268674114402,6410.2495885838325,9.641519295493815,6447.755541604208
7015,6404.057423056922,6414.079148672829,12.066677545462321,6453.369817702343
7053,6486.14295269647,6495.573523606423,12.385630535630282,6507.365460088464
7013,6487.989707335129,6497.374852772995,13.2480194125268,6509.772004421909
7027,6489.792653980271,6499.114319323895,12.190782070752514,6511.8778658682995
7913,6522.250205593582,6531.430809269336,13.221724279672642,6573.551762957056
7107,6577.969961988742,6588.379794944689,11.353503731264409,6641.64369409022
6983,6580.088654195822,6590.130962802561,10.724206317110648,6644.112650359361
6986,6582.120288688857,6592.036663418644,10.162025733351227,6646.0862775651685
6985,6584.143231987823,6594.231555437164,9.47473486542679,6647.871665421971
7105,6585.908431518356,6596.148793685079,11.639311772194946,6649.771678463924
7908,6587.731544553251,6598.066638856028,10.633729380528866,6651.681497111454
7049,6668.149790569506,6677.351565710026,11.869059987368345,6709.83277405392
7044,6669.9759775574385,6679.185740777262,11.411707886848065,6714.547593015212
7088,6671.758859271939,6681.0821398965,12.232283215584674,6717.258402547037
7868,6688.50495983294,6696.502250532976,14.416743880333918,6721.552357521055
7910,6699.663943806508,6708.538586554519,12.351222790231375,6727.9693955820485
7000,6762.253326652496,6772.46312498938,11.598565278646497,6782.820393583712
7836,6871.496957652297,6880.367208803305,12.785479137411151,6907.6107937219995
7028,7025.708794174663,7035.312757439577,11.567002381089932,7044.49038857519
7045,7027.667489680455,7037.159619430642,11.809242048992973,7046.559569799273
6980,7029.654668684175,7039.010998208238,12.147840849376593,7050.01760015843
7098,7035.680359047064,7044.514801104329,11.685801140513048,7057.812997344904
7099,7037.563065361766,7046.314315800261,11.536411118892259,7101.1309574565985
7905,7057.03985565209,7067.3379107967185,11.118975112594333,7104.752278384279
7016,7113.8092520317805,7124.045918819519,11.05042906192338,7134.913473818618
7779,7137.937443294094,7145.564666013109,14.281304959708706,7167.3889199367
7112,7210.319795924048,7220.377870536805,12.46447013366338,7238.209363506721
7082,7212.645436123729,7225.050870609479,9.608110964875433,7240.366823591585
7877,7233.270115042788,7243.027779244583,11.345058217436964,7252.385307047445
7872,7241.581615571982,7251.348648764575,11.613246102656024,7261.788670842509
