788,138.73149904511007,143.3395654994805,13.99031173037325,145.71947249025138
709,285.86661009867015,291.3361720695097,10.896724360140432,295.41579029871974
714,292.51168232148143,296.44821863839803,14.676980923495229,318.1523111390588
817,373.96567454719315,378.5276860352878,12.335501581653256,382.54592419333426
718,480.2179154254628,487.2552969621875,8.750785950458752,491.9128844236722
859,633.7564732648126,639.012779487019,11.413177877815952,642.7396705163745
892,746.8634359857801,751.20441504916,13.017313828286056,754.7397129074077
720,779.388749756287,783.5508622845429,14.809204049024496,785.844849142697
713,1003.7696754010015,1008.1114359670676,13.31485751992531,1011.8487674834539
850,1008.7635829152895,1014.0333228575031,10.967282988272778,1038.3101866701065
717,1184.7920256712714,1189.5349980535216,11.75255116654911,1218.612561699468
921,1263.8160416337164,1269.1205749292433,11.479682963411781,1272.8276484312382
913,1367.310937028117,1371.4996924052916,13.992757644590823,1375.8583157553128
849,1456.5740010631275,1461.2619263828099,11.583451939504947,1488.6682695104428
843,1458.3103249694389,1463.08467033545,9.963300828660206,1491.0125566373813
789,1713.7681623209949,1718.4615669218847,12.98113496887283,1721.8109189480965
2730,2358.6073185284,2363.3983456769943,12.596024829247321,2388.2198421624544
2860,2443.912860837173,2448.006740375945,12.937705970530235,2478.0941250745936
2723,2538.086290212264,2542.4640735702333,13.122481257000466,2546.0132763790357
2724,2631.7435916964732,2637.2646077080653,10.45445495823136,2658.2347305030917
2851,2806.5338573231875,2811.2277126003196,11.66092122498178,2838.46483987523
2883,2810.258952273414,2814.262523442766,10.845213063944888,2840.883952052071
2878,2895.940116777593,2900.0305717485767,13.122418381823783,2903.7058305174774
2819,2904.49265726309,2910.2548797932704,10.453560190553572,2928.437020262597
2914,2906.4816145959812,2912.170390563079,10.108357798234191,2931.0369760115746
2698,3201.5072878719384,3207.0851128865957,10.858753795743823,3210.2275008432575
2795,3345.23580807475,3350.0946722435374,12.124144623883973,3354.528311634153
2853,3434.6735907638017,3439.2785283834814,12.737303279441667,3442.9836706618817
2873,3437.839283601964,3443.1373178699714,10.104296888834275,3468.3114657228325
2703,3471.1847733114378,3476.1861489511925,11.6322721699676,3479.013160209021
2709,3480.44081334491,3484.4601773543695,13.991802277313015,3486.8415179633525
2816,3525.968677196659,3531.2381163429127,10.506974533354557,3535.827892392996
2901,3547.991855818728,3552.5721713954854,12.416721648908279,3561.0255656185445
2721,3654.7198450899177,3659.4037676161693,11.65015886457906,3662.171399024867
4730,3727.0725715076983,3731.533068402345,12.28802382920423,3740.6149294123375
4891,3797.4335251341345,3802.38930716969,10.389328495941255,3831.219888828715
4863,3977.660001107719,3982.4371915761226,11.383398134523457,3985.9889432584637
4845,3979.390013807095,3984.201007585823,11.314871464383172,4008.113056013895
4797,4245.329941621764,4250.2395004382815,12.141286955354701,4254.3143002844645
4731,4247.063630026171,4252.010914006984,11.476093193610922,4279.786756840989
4711,4333.407102145651,4338.131397778209,11.548846797916953,4341.794501152923
4791,4608.4758615305,4612.371437755895,14.4626357055453,4615.816161439304
4821,4697.337673037377,4703.247100378664,9.984038519193236,4707.630092969853
4709,4699.427067019499,4705.186435025955,9.945873643861006,4728.466527481275
4806,4704.05740181552,4708.337578750396,10.405294337414556,4731.008135940995
4798,4802.861480627842,4807.571164532374,12.223056814483867,4811.677891231021
4878,4873.455637158037,4877.629617689898,13.841616665187933,4881.968067162609
4723,4924.700742105046,4930.269870328995,12.24830599835114,4933.036687897363
4849,5053.913134518227,5058.206152934073,13.551682914566117,5061.756996908265
4915,5133.621584398672,5139.113117830849,11.093357155402794,5143.477305668756
4710,5145.939086096027,5150.05350996266,9.674768727147274,5180.718664769832
4713,5324.1440668150835,5328.560055106551,13.305295215834876,5332.209474549529
4901,5332.666338671876,5339.001606509474,8.488285406500184,5361.219057233814
6842,5502.942613604273,5506.423200606098,15.738850441314336,5510.30199418768
6855,5595.962983459362,5600.425884116006,12.703107007028244,5628.530484804137
6720,5633.048263319718,5637.28709006519,13.919324424635306,5639.663654657808
6799,5866.176067212471,5870.48426022874,13.216421418049809,5898.288453513314
6804,5967.102427237486,5971.469596810517,13.072610048331589,5988.262021998066
6798,6213.651081370395,6218.323399912481,13.764888967438546,6221.777109365039
6696,6777.456443903636,6781.356738941737,14.806879051571858,6784.920300900976
6725,6891.3029859926955,6896.09112375334,12.656434502047333,6898.743002638694
6706,6893.435973708909,6898.319568136032,11.137447133672934,6901.1792543688625
6691,6895.244674056602,6900.216522478281,11.539734691414427,6903.022881399291
6860,6947.885005606747,6952.169568321194,13.253173181813336,6955.742182736296
6692,7164.370321771402,7168.008476875927,17.10660355572105,7169.957097209585
