455,246.87772692409652,250.0380107960177,16.74451615322637,252.56849946231802
606,866.0,870.490307834871,13.729239993981372,873.5364839147487
555,1087.0,1092.1740910520791,12.340711593165661,1095.6463788130347
643,1322.0,1326.6355349313585,14.252792407378156,1329.698879126442
627,1557.1125025866068,1561.5575540614934,12.874848140632439,1565.0477363413706
640,1559.003314836565,1563.2674380353312,11.608914699863602,1566.7901743281138
2572,1868.0,1873.1657376957783,13.478389868793256,1876.3832246823126
2650,1912.0,1917.174531645135,10.899592894782629,1921.023377421834
2453,2222.771122634726,2226.609917039401,12.932575440923912,2229.8162017911995
2458,2231.0,2236.3594080140674,12.045612417992908,2240.082397588262
2584,2435.0,2440.2320015503665,11.882815085039029,2443.864732251483
2608,2472.0,2477.099715593272,12.658292652561526,2480.5577201252463
2558,2887.0,2892.2052919564317,11.448288730229779,2895.9048864406836
2454,3114.0,3118.6019402037573,13.271628947520753,3121.7455147951378
2645,3212.0,3216.6200198737697,15.333526174129421,3219.3506894380353
4601,3937.0,3942.1861600679317,12.641829578827775,3945.4792084770006
4646,3993.0,3999.3388637242356,9.347105253357432,4003.9918065252027
4603,4094.0,4098.481094100941,14.418927911231215,4101.4515091415105
4452,4330.0,4336.116307671403,9.985920662185595,4340.491945529582
4624,4798.0,4803.257213855906,13.911112744995418,4806.423850435636
4644,4932.0,4937.1508773466685,13.993145498022248,4940.275963348203
4652,4959.0,4964.270807611235,11.049365252087087,4968.0639074479805
4557,5011.0,5016.401262988411,10.95100275945109,5020.2283101314015
4641,5108.264152172248,5113.18416421415,11.60762785464257,5116.842090148032
6595,6559.046247908187,6563.252556508193,12.896826958402404,6566.431810373641
6448,7002.0,7007.414385843173,10.811681581224665,7011.346721626094
6442,7171.094095367406,7175.16207812759,12.421775762910087,7178.524218659956
6445,7173.36703360726,7177.131650545583,13.051492815519056,7180.360671078732
6632,7209.0,7213.52310587953,14.210648618460912,7216.612180152445
