55,456.8728167654176,462.2526808885278,11.979416004436612,467.56948457370214
1599,727.0535852980793,732.0302974896877,14.024292854814348,736.9149970316789
51,1072.1613443405452,1077.0715021532308,14.627937190579773,1081.723710915997
1391,1447.2351666221978,1452.1079735584747,14.13932974693645,1456.9200067146983
1239,1460.579722113997,1465.0902553389142,15.014543146072052,1469.6829288663814
1555,1471.126889084334,1476.2921218897789,12.308641519337955,1482.6846584848222
1390,1627.5499301426148,1632.5826910557585,13.098066454895276,1637.542843323917
1248,1629.4455403233562,1635.1187557081512,12.505542125039323,1640.6874769770939
1577,1805.1563715063878,1810.1038872720376,13.572449796921829,1815.3103568064184
1404,1838.5206302454146,1844.336255095119,11.818847095224744,1851.3803634372093
3848,2180.4589965533387,2185.2208313486403,13.553632100177717,2190.1047544057255
3412,2255.2679815229862,2261.010363801872,11.307347524901987,2266.759373960219
3423,2556.7771314640704,2562.0611874897522,12.388259896032334,2612.92208603108
3404,2707.0773858028174,2713.1510737015033,10.7383644486973,2719.0997170713517
3247,2708.8455222888,2715.007498593139,11.108807327913604,2720.9491156254876
3615,2885.436832576221,2890.554731708821,13.057969009684697,2895.5851299458
3255,3098.011334959581,3103.0498254913177,13.09483796633181,3109.089166790959
2091,3263.1097683807957,3268.532960208259,12.72152450710485,3274.074397855028
2060,3444.3721165656953,3450.2638404833456,10.82993372969879,3456.393949930259
2087,3621.5709567373638,3626.5280544866437,13.552831654657398,3631.591714573816
3573,3789.182715335708,3795.3581398233746,10.780906284776073,3801.498606939126
5581,4057.6418710269345,4063.4378717754353,11.069981218717292,4069.3003342934994
5398,4145.1323698168135,4150.537038878354,11.873627077791118,4155.877703352544
5550,4149.585727864389,4155.293802272561,11.705757615955902,4160.850852262749
5566,4597.588423980882,4604.503247615498,10.324892392852139,4611.470299197967
4071,4706.472677407339,4713.038129674787,10.585206085624247,4720.705132666329
4069,4955.1447953749675,4960.17270625114,13.72220424084094,4965.1250014754505
4055,5135.257279743268,5141.257112227765,11.807742319777299,5147.070303447425
5432,5261.0020520796,5267.365644105966,10.453383736557349,5274.389548503587
5399,5495.232648905775,5501.430185124993,11.026710442575498,5507.666754602243
5257,5497.303804563335,5503.368585944225,11.922778366618703,5509.520812194676
4067,5602.584072310807,5608.082588667966,12.678451217658287,5613.513175446692
5411,5618.486774686547,5624.425634485046,11.51478184648363,5631.452680606166
7268,5857.219005384616,5863.232440677962,9.899063030293192,5869.419492586812
7267,5859.192758283216,5866.017832297856,10.041298061420466,5872.991214312435
7405,5964.441805720985,5969.416125354861,13.471988966457081,5974.3284355431215
7584,6323.5257829453485,6329.070269179184,11.756527048749808,6334.758164420596
7242,6581.771071701802,6587.089205821176,12.002654428748308,6595.975906952242
7245,6867.12417802357,6873.266155928703,11.55426719710348,6879.323438848309
7274,7027.500335629596,7033.202900819098,11.329850057277135,7039.000695656365
7572,7059.399389246822,7065.285080023127,11.28993450598439,7072.13376114038
7569,7387.044386483334,7393.061553078799,11.126094315088253,7398.964893656023
7582,7406.04681999068,7412.324640721499,11.10860933090652,7418.642669974713
7412,7418.154628741301,7422.6168685264165,14.86266646230554,7428.277791012131
