717,126.76318225391539,128.55623762865886,14.806031433660984,131.76504066150736
705,217.877137263666,219.641682386239,14.55003476023046,222.9138607145924
711,303.78303713212887,305.447431767043,12.24653641396983,318.4697252793792
451,400.0416939968876,402.35741578665056,11.080469771030458,405.27787701222195
726,439.825294810423,442.11193398868335,11.512174724445556,445.6554388204435
719,680.3640769299005,682.4467872245622,13.266173445642648,684.4844860580242
702,1161.7873176460364,1164.1594101011012,9.740354941027801,1221.3624294318747
2709,2053.776863780386,2056.4460592247788,10.061173471152827,2059.128704424715
2702,2151.6579391700616,2154.0012635152916,11.052111056336866,2157.1889230975926
2723,2213.050069177517,2215.008569603783,13.474973548547206,2217.1831243567913
2721,2923.2405831961314,2925.4981414282324,11.516496066590392,2928.0976132723526
2714,2953.059049642944,2955.4171868806984,11.254110611193653,2957.8535018077773
2458,3100.9202837696375,3103.060719116133,12.422773249005122,3105.54452016419
2715,3311.986470391247,3314.279786032522,10.90696828865502,3316.588529181435
2719,3462.274888660093,3464.3148886772424,12.776879626849288,3466.5779354766364
2712,3472.685235756429,3474.5842243278266,13.699698224552362,3476.9360723308127
4709,3757.221517154293,3759.202823981353,13.583553004379594,3761.169905849979
4702,4188.03075462447,4190.17912209163,12.10701592604506,4192.398632556075
4716,4298.366801769144,4300.426914504605,12.805193908902693,4302.49607949326
4703,4813.622476289755,4816.032983642406,10.434432221212038,4818.693437331686
4697,4837.495143825261,4839.462126145193,13.145616680830368,4841.429225380755
4701,4839.650532397925,4841.4941504336275,14.530710665381811,4843.340258947986
6795,5653.089279244879,5655.405795096782,11.080763688884385,5657.6976105590265
6726,5705.787454633438,5707.618902092943,13.638816378552903,5718.631935261489
6698,5830.502940699427,5832.24441155724,14.444625137949384,5834.035117130896
6700,5918.522106299214,5920.269081700603,15.052315796219697,5921.989902949514
6721,6066.591418487545,6068.290212910938,13.348174369723221,6072.006996269491
6788,6877.09433782742,6879.090508291892,12.818586146112642,6881.92527278598
6805,7098.639685808436,7100.430924741448,14.2382108924353,7102.218829219592
