16,201.1943879322122,208.53822769374995,11.463713681067636,214.98020295301666
130,203.00796212543477,210.42360228537277,11.360261121757938,217.7345711784204
105,211.2634508118334,219.42651737045318,9.8134466836102,228.0063219693027
93,215.15220343810628,223.22564466401369,9.973188938342037,233.28468389911112
174,333.52920567779773,340.4213003970694,12.849449595933082,346.1836171465746
5,386.0549563749751,393.0040219949659,12.184644307001046,400.78386208591394
13,563.5281714076096,570.3835870275668,12.787403953671287,576.7362275162822
188,607.2723295359222,614.4239598410311,11.84155258251166,620.9239223509724
187,692.9811005397252,699.5795149349844,12.60082871641878,705.6418059793364
96,831.5219093926695,838.1385174193933,12.08774095850296,844.752145857867
248,920.8856743708451,928.1960102348233,12.292895761104829,934.6450530802161
89,936.9368529758729,943.4168365046401,12.936883577270235,949.7197534011044
166,1011.6034069347601,1018.4100765192924,12.178453295279292,1025.2694743152194
170,1142.9653443771315,1149.604156881312,12.754366666969252,1155.943304779371
262,1288.5147422570049,1295.2752250528474,12.83625890237634,1301.1735350733613
162,1325.8833516138452,1333.03577590057,12.24786230315883,1339.064620612397
87,1534.0581788758057,1541.516868244527,11.068187851720355,1548.0528033285586
18,1556.079125343338,1564.1381981630232,10.902692531866125,1570.9930945758783
151,1558.058007228721,1566.0336005118081,10.465715656128527,1573.5726537439764
23,1805.9376893660199,1814.3616114811905,10.581005930800943,1822.12526596219
377,1826.2034523710818,1834.2485814237893,10.288060099808114,1841.0121716841047
171,1864.1231329589311,1871.3302401402807,12.180663508452659,1877.8934996100459
245,1952.200312514978,1958.2380752452557,14.6565784363329,1963.996794861814
2186,2274.866472325202,2282.3705591599037,11.949113969087302,2289.608061970722
2392,2315.36632055807,2323.3860856462506,10.056188509280492,2330.0784149959104
2084,2358.5047582858633,2365.0289618116344,12.731851572138613,2370.916855374387
2175,2362.4427366216696,2368.629419121877,13.502168024757571,2375.633603437131
2261,2367.0787711149933,2374.404554487223,11.77096489863363,2381.0810602230817
2002,2452.094898532451,2459.048642050964,12.871700676582817,2465.645502270706
2026,2547.954771069337,2555.55732670531,11.455322002852776,2562.176615683101
2108,2549.816015216473,2557.411038489441,11.122650510417474,2564.825553631719
2111,2631.623419916817,2638.3242338128234,12.858476988025831,2644.7549955408017
2005,2633.396444303916,2640.0581330768377,12.406757410710714,2647.7927449744748
2023,2902.822591328928,2910.202374208747,10.924936157086025,2917.723040816889
2248,3040.450052091863,3048.3147141909008,11.064465756295684,3055.183024111353
2107,3079.002331532208,3085.429718646635,13.472958671425634,3091.198196892479
2058,3080.7298190568845,3087.1281650271508,12.841120670752165,3093.7195190576313
2091,3188.5411994100705,3195.402878245595,11.733521405514383,3201.871948303712
2188,3213.60606662623,3220.379909014604,12.864315427769538,3226.255665129454
2163,3305.680030631786,3313.3878155623147,11.019192910735269,3320.0227361983507
2187,3354.8320123292883,3362.4370037477406,11.354043539005245,3369.815335898664
2391,3714.906666887217,3722.2530641574813,11.974166917083101,3729.73109946231
4373,3716.715031101049,3724.0634795378955,11.119897106001467,3732.126678389525
2110,3720.8614888021584,3728.199125768417,11.456752077433011,3737.1509286652695
4079,3727.419970548681,3734.1898772943646,12.314133621488942,3740.1629342408405
4191,3754.361453467572,3761.5267906694544,11.85697500894411,3767.9203262044457
4188,3756.194845540062,3763.366285224788,12.122835882270655,3770.136806302626
4401,3802.8878968301897,3810.096712847785,11.969991564405998,3816.8023337018326
4101,3893.414270420467,3900.0086428092072,12.446163877498499,3906.0453600075457
4249,4030.288373249364,4039.3220067055486,8.770074604973155,4047.037085230451
4255,4111.563286930606,4117.532739398078,13.77697082124501,4123.143116592241
4106,4165.577232576788,4173.364055867582,9.491700452537147,4181.3652380410085
4093,4251.075724610663,4258.536731235794,11.561085293731127,4265.233971803896
4023,4256.179118714767,4263.067053109648,12.416683754140935,4269.302390812713
4189,4345.38480413823,4354.411459099642,9.324081035144115,4361.973415840616
4011,4440.983955297171,4449.038351869959,10.62536951153933,4456.1819366006985
4017,4518.258834527593,4524.504418820533,13.189654529263661,4530.115792909524
4092,4519.968271283985,4526.234090859654,14.341543625949432,4532.243946512302
4007,4522.772697788322,4529.2612780754835,12.73551675294894,4535.217295981498
4178,4527.812347137487,4534.455331599145,12.803723780057584,4543.806086166962
4071,4614.139794877096,4622.458913699307,10.018374356017539,4629.821259021251
4167,4708.312853859479,4717.174976803825,9.393935401086704,4724.713533451698
4003,4710.310092122528,4719.260449217289,9.825700248894984,4727.577838793168
4158,4792.271103913406,4799.299969482311,11.794572660806166,4805.809643286278
4374,4796.290055991842,4804.08323022981,11.36363349143403,4810.692798977133
4104,4880.787460798101,4888.339198807717,10.817811279237638,4895.034364322501
4180,5106.826932596945,5113.533909023067,13.554697566405613,5120.147341602487
4080,5135.564575231853,5142.501083481864,12.30176279690087,5149.770187739506
4173,5148.431197861092,5154.366235680482,14.898312250232594,5160.025306329221
4008,5239.540739661688,5246.2034988739915,12.471819127791097,5252.166859790578
4183,5282.394598086933,5288.487777096589,13.411806665901873,5294.197379278757
4021,5418.465622877697,5424.529146017143,14.342125591705695,5430.738786653639
4174,5421.370685885627,5428.107177994735,12.336569113766139,5434.221590227091
4251,5525.807182841459,5535.281461122097,9.015420090360267,5543.152606688194
6190,5611.772843299841,5619.408374785461,10.513048345809004,5625.966358056535
6103,5674.022177691675,5682.193165425397,11.082853444829144,5688.8510982756
6023,5966.140812030883,5975.0662868322925,10.198274944662028,5982.706188774871
6178,6091.454138596272,6097.349508546381,15.049743336316098,6103.003289352463
6108,6213.502275093181,6220.143156148988,15.656855452512636,6225.211989686815
6380,6239.221179081955,6247.46556573944,9.66801403981787,6256.047668886542
6160,6241.209353100022,6249.435808073493,9.400924536354545,6258.781211037481
6173,6243.118810856611,6251.426693308297,11.4042647097997,6261.250214171835
6132,6410.047116613803,6416.311992481185,14.208189315831474,6421.912439295303
6012,6417.242684437344,6425.099246607896,10.368343902953427,6432.271781591465
6068,6499.659825801905,6505.320703263695,14.608404124618833,6510.891697579947
6268,6506.052571906629,6513.084380879625,12.123794809508514,6519.740856178758
6177,6992.79066613003,6999.341347824648,13.401516928107874,7005.23733107968
6152,7048.519266174055,7058.345215141115,9.342963743972339,7066.13314982872
6007,7050.582724016826,7060.277209748922,8.305191458765583,7068.748632117039
6016,7052.665649248383,7062.31355469094,8.654614791832499,7071.305487684698
6014,7054.653427953469,7064.271329788792,9.601239376245529,7073.879416051044
6193,7085.891750397498,7093.229547029491,12.06786638828871,7099.829962395951
6070,7219.610082988384,7226.545676329135,12.76733031532256,7232.788448609729
6164,7226.264677172369,7234.4857350856955,10.035081446465828,7242.092994401811
6157,7228.052360589647,7236.395491195239,10.852231231812945,7244.252660150633
6140,7232.087637343182,7240.331804272453,11.607767475072908,7249.343558967062
6093,7237.6883566760425,7244.521881672337,12.75914842019249,7251.879303144451
6181,7315.486708136817,7323.112156106296,10.571392904669187,7329.594425877014
6098,7322.780963383102,7330.534533592625,11.556215101608318,7339.667088430154
6258,7400.218743381486,7407.12755150466,12.23742269752881,7413.23493216453
