1686,183.8310980899944,189.21515271037836,10.754268385457733,194.3310727341455
1549,274.1064544432669,279.0183619939585,13.879622994251822,283.03840483240924
1658,287.80233918175134,292.0192684893363,14.46847858821929,296.2100853246592
1729,363.69107917428965,368.42134381741255,15.101424427441737,372.27977395751867
1397,601.739395961872,606.5562527936936,11.346960322563483,633.0604111619592
1689,633.414011443248,638.4792612470337,13.39230476253777,643.08679782989
1410,681.7669263919661,686.4976707406075,13.941673710950335,691.5677717911423
1668,813.4594330987404,818.4395443729574,12.48203725084683,823.0952403737404
1684,838.9775996878301,844.1647865474937,10.917570568733337,849.1607813566538
1428,869.4046543096315,874.4942163766791,11.835236271841078,904.0643039706634
1682,908.2325398174728,913.0434902685096,14.783616530726363,917.1717987508208
1670,929.0546927956798,933.611592145701,12.979465621327869,938.0669922549409
1414,958.3363371324252,963.0355755061368,12.818010890479952,993.3651093173861
1692,1088.2918842702345,1093.291211976899,12.889475727479494,1097.9754592991462
1716,1458.8321957117125,1463.5185965463872,12.741349216419326,1468.0598158576734
1673,1730.0380655284453,1734.1086619768816,13.343282946498432,1739.0353731669086
1394,1769.2497585971719,1774.4123625191125,10.751767980094693,1803.4092701282304
1700,1802.1907694813515,1807.1560151269534,12.260100913895558,1812.1129939189277
1435,1848.9061874492677,1853.3841552270483,14.977318562883921,1858.4002890327436
1719,1850.8029112187378,1855.464873827187,13.918996922328192,1893.0540590346395
3411,2120.5007075092267,2126.0979191380306,11.020985455869992,2132.336804730058
3382,2313.4217482757476,2318.183269238123,12.121327000614416,2323.535533806857
3435,2389.1246377241496,2394.0061712895586,12.299153267669595,2399.5188419529627
3396,2479.2780744451115,2484.3762436130655,13.249960658960045,2489.5925344464827
3658,2907.534243502988,2911.5332975608953,14.115762515221554,2915.418830159151
3736,2934.1181921969337,2938.4938284489212,14.88234800230445,2943.8763562095955
3644,3167.5130285283008,3173.123245807154,10.698327523845837,3178.8041997131595
3410,3198.9188136481303,3203.402178051817,14.70806120552069,3208.7549398207225
3390,3208.41886827819,3212.6382032775964,13.99556861545981,3246.224749721228
3416,3212.5068824632017,3217.213929189588,12.034180704737475,3248.9176461921256
3399,3288.984116521383,3294.0669280204465,11.291228214552751,3299.8436632732237
3650,3349.9882641679314,3356.1794562010036,9.21086986933701,3362.258382841087
3673,3353.288304455785,3358.3263226647073,10.518548810918881,3364.232317901283
5379,3648.9402382292456,3654.323468868254,11.26877970963179,3660.3222038362996
3721,3738.078559244959,3744.227884370078,9.502589776091176,3750.5204704829807
5676,3794.424417727726,3799.0130219929406,13.439353349522191,3803.460196910734
5378,3831.0290768423233,3835.3452624061865,15.185940558089435,3840.2491573781035
5409,4020.353459318123,4024.3736418561284,14.016504539230922,4053.3988069924185
5696,4154.904721372054,4159.58004865229,12.616844769685061,4164.152791680154
5698,4166.199797810113,4170.520380811711,13.334639757749882,4174.7669590363375
5396,4198.6733254244045,4203.165865317908,13.494052366275957,4208.576843864042
5707,4542.2732640572785,4546.197426891292,15.010959825474364,4550.989150836722
5413,4551.155401679266,4556.074270860628,12.485841017952959,4595.740832022728
5430,4553.148477357146,4558.025771239845,12.055492915864507,4598.159684659408
5397,4560.1569835541095,4564.586497301934,13.582373564472045,4602.326018373689
5535,4789.863325616502,4794.410112673714,12.798087827011342,4798.9976572505675
5711,5088.3860938196785,5094.419294324584,10.701402852338202,5100.513645748995
5428,5183.200805362896,5188.004785248921,12.606857253825847,5223.342287028396
5391,5278.444328625071,5283.279483261055,12.890104432697914,5288.5690372136005
5408,5281.141423238116,5286.391501850362,10.782875709100116,5313.234396249406
5683,5419.0217999308725,5423.1719004539145,13.956741246324446,5427.291243757772
5665,5423.16321494212,5428.267881644522,11.951607511199764,5433.219275326796
7396,5546.947712053673,5551.017684814194,14.76849137398177,5556.379203660104
7711,5681.345171722005,5686.371202445451,12.01646318929797,5691.18044196414
7728,5948.181799317551,5954.122256343655,9.599716584057006,5960.124544649518
7375,6089.589636749315,6095.179734531401,11.274168842035802,6129.141272874575
7548,6232.258437720921,6237.225483745282,12.337823017746393,6242.050620293232
7682,6313.970512936335,6318.181875158712,14.094843096633173,6322.42902378855
7383,6450.9716055548515,6456.214041076949,11.789559525809338,6461.946742419695
7405,6539.814621055327,6544.535104965057,12.094454190171634,6550.102423777842
7679,6575.585520402441,6581.296492204661,10.363978159343315,6586.708743563964
7720,6627.454697738225,6632.490867827209,11.65879110527848,6638.038680053028
7678,6843.326366152396,6848.164158447613,13.539025455805099,6852.388083201432
7373,6894.663218592458,6900.193483102238,10.565114969492345,6933.327835923877
7404,6984.86807019381,6989.520361111674,13.969734530108052,6994.699892293751
7391,6990.755565338866,6995.350499734849,11.55320028853882,7026.057317541728
7697,7217.384854276043,7222.124818057747,11.716032809714596,7226.840555084275
7411,7254.804566776164,7259.03620193332,15.441841719360717,7263.812899196847
7406,7259.904356662827,7264.418431043252,12.794502058096949,7293.1306184136165
