185,190.11518231500267,192.57228034587314,12.183355323079054,193.76331209498161
373,289.0009338029653,291.3738901775811,12.731543139588002,292.54905829079155
386,369.91824611063646,372.4932680752237,10.805553641412745,373.8440922812058
381,546.2346197222358,548.6359894006524,13.946648627982608,549.6675756087085
384,636.0691749441265,638.5046465981155,12.11011934020693,639.7431764647978
370,643.7327502068841,646.0307514113321,13.466199603273404,647.123436090692
372,845.9179543376478,848.3769763111941,10.525561617384172,849.7577391986815
376,924.299829783839,926.2674969889297,14.5236659133513,927.2770480319764
175,1030.678810286162,1033.163573827835,11.313176880748358,1034.445296524029
248,1267.7861788582877,1270.3028757777333,11.75786440184731,1271.5701313730663
170,1269.6443220069189,1272.1629252687317,11.195348857805367,1273.4256165663228
400,1367.0291215219036,1369.5137993324333,11.142437038429788,1370.7995117393164
244,1444.5122106627618,1447.1705387435627,13.289562293607661,1448.2776751395756
173,1446.6258667648754,1449.0812506927543,13.279916593873521,1450.192875329194
391,1476.6402989209814,1479.0514351456973,12.556143881960173,1480.2368270295497
367,1533.7022942831504,1536.3489629859398,13.506818904940559,1537.4333426461899
399,1548.3243137495451,1550.2960550522225,14.41516819052553,1551.326913276652
383,1623.6659794462862,1626.4007445989855,13.494054051509034,1627.497608280265
368,1715.7607726379938,1718.2292081034798,11.528278531944764,1719.4491252588941
2399,1996.6076071049374,1998.6007081879472,14.003432437809405,1999.64109486513
2392,2163.460293739339,2166.146700567003,11.063888332423549,2167.470836644918
2383,2626.5289197932852,2628.600108578775,14.298508265689007,2629.643213034156
2373,2890.155105685993,2892.477817606506,12.095937845262558,2893.64953466177
2162,2921.0594689745635,2923.1894378511774,13.84287841827998,2924.2528800207983
2377,2980.0466657206293,2982.1951893786154,13.164063303744106,2983.2941207315994
2249,3065.9418528155115,3068.5104900604083,12.19235715146938,3069.7220048818795
2315,3072.9683220866,3075.0788536850023,13.797575763376662,3076.1397240249185
2385,3076.528981831275,3079.2180494708323,11.406940524847304,3080.495382533567
2317,3078.4386791307516,3081.0703641155064,11.835389667984721,3082.339642470064
2361,3088.4165681557197,3090.548026417049,14.005878760088324,3091.612862481862
2394,3269.7948132010188,3272.2255644397583,12.263160675019645,3273.4241023281365
2374,3352.981855715027,3355.110393441284,12.849897994497667,3356.2375198880277
2403,3423.7669991811413,3426.5109474653136,12.69973340441032,3427.6800218832404
4176,3877.822324021575,3880.0406155696396,14.605042549318911,3881.0410255144334
4324,4068.6677370780435,4071.2491579336265,11.392393893555836,4072.528239894941
4376,4081.2848739079714,4083.4000539881818,13.929105963615383,4084.465463415442
4247,4149.78521789457,4152.212021730399,12.270116020083183,4153.41715474272
4254,4154.057520795084,4156.429032335647,11.687836735288487,4157.666226225079
4404,4237.628246795308,4240.035708288072,11.242302554163908,4241.319648084419
4158,4332.501417289148,4335.010145581922,11.916699213416384,4336.2459631505935
4394,4357.9496384775375,4360.505503029701,11.411929764959618,4361.793177930331
4403,4596.025096064141,4598.394148953023,12.623266309264745,4599.536573594951
4391,4598.041085750594,4600.31358812759,13.126081341959956,4601.428939062215
4310,4787.904085936514,4790.014791224157,13.38325435138866,4791.112195623987
4163,4789.884950805424,4792.054347139904,12.988479277079366,4793.177407125421
4175,4962.803954245309,4964.660216169979,15.615103489656027,4965.597895890845
4168,4984.751214422818,4987.04388924245,11.922558763661238,4988.256537107431
4271,5152.954889939217,5156.338099445891,8.491478996393761,5157.953747254307
4249,5328.161727320509,5330.266964164576,13.230893685285277,5331.359673234476
6187,5517.860211879482,5520.201548355797,11.35357033976756,5521.441964687005
6162,5602.916123430251,5605.1644061144825,12.228055754814005,5606.327371596163
6333,5610.247036530792,5612.338329669575,13.376752169357077,5613.397663286208
6355,5685.728588372704,5688.321532419931,10.350210709338485,5689.649143525535
6261,5764.138193883797,5767.006588574759,11.060572465423958,5768.327888110675
6340,6043.720372571117,6046.184412910184,12.217108999921185,6047.385104863034
6376,6128.037291917265,6130.359806803163,13.567231545519618,6131.414576811234
6399,6133.667389427732,6136.104646389419,11.991686325820568,6137.326299306188
6380,6135.673823264779,6138.3205454281515,11.081624454303274,6139.700876352236
6377,6217.818873385943,6220.374081520036,13.887772174431994,6221.44034012802
6246,6219.687956780006,6222.048658645651,13.506230099019874,6223.133144419821
6254,6221.747420984302,6224.4036168372895,10.821723947653453,6225.717069432379
6338,6232.16049533102,6234.351310158551,12.708522762370842,6235.50546256989
6344,6329.884214739981,6332.102247236978,13.207431599718301,6333.202334944022
6172,6573.743849696624,6576.421593326104,12.995068831085275,6577.55774228281
6372,6577.999318552649,6580.467964523476,11.05481116030501,6581.7908295505995
6248,6604.489148531731,6606.490550015698,15.311361136201342,6607.474491365641
6184,6753.71973750873,6756.3557098247875,13.587307889257625,6757.446395503726
6304,6762.269142690113,6764.236709632703,15.198612901467486,6765.200517991799
6342,6854.820475876581,6857.424679868213,11.610025549154129,6858.699239590979
6385,6944.077459739878,6946.46955881071,11.34153460444957,6947.755104061332
6394,7035.986664201841,7038.163012236518,12.499887699883004,7039.302632615469
6375,7203.736725871862,7206.281577947108,13.677439189936527,7207.364854882568
