394,79.34308925824729,80.14651361392694,10.774420231093655,81.99581507282093
212,103.70689984089184,104.38527724741753,12.45847748884502,107.56559177439999
265,106.53027926282618,107.33547864587219,8.887600670547345,138.27432813441553
256,173.4064582576921,174.06068645975685,10.421975175259591,177.12969186859374
221,203.42009902528622,204.21369657506898,8.947105264755333,228.15257647672055
189,268.7200989847107,269.3762229341478,12.733866966527255,271.8096627666025
1393,366.6890637202493,367.3987213492354,13.156731601235723,369.8100305352444
57,369.47652407097485,370.35290455391515,9.375349146094472,408.3742286053827
262,414.00916106941656,415.0685496949652,9.178452172879473,417.007121430281
89,416.045043540455,417.0025257556066,11.595510408696414,418.6869226406934
187,418.4789835156381,419.29730758895363,12.406550750060218,420.8969880037553
1394,456.8678396435788,457.5682800127676,13.180526287562689,459.92583466665207
249,466.19752129150953,467.00267130286375,8.923614537650089,498.1485756597506
1573,546.811179959059,547.5220794927753,13.26311252630986,549.9194213172221
248,554.5594402081707,555.4039421269181,9.097501530640123,588.2749245360139
227,594.6359166368345,595.3733482059015,12.919660040451122,596.9152177035173
267,596.6275041054807,597.3832371992933,12.57526837242309,599.0106336274598
240,655.572891936358,656.2583801877544,12.247127431214494,658.7500133272518
260,775.0046324214692,776.0005492298974,10.976582308222811,777.7602271241175
1236,907.7714083026412,908.4886405970253,12.635110992237014,910.9631374348312
180,1168.3027596265422,1169.1027235262454,11.657088887935549,1171.8173517029784
264,1177.51526832164,1178.3018462699295,9.918579235081987,1218.5482100508261
1233,1266.6021702760786,1267.3141010215113,12.435249779737186,1270.052195040377
1388,1357.4892372855852,1358.2325273488032,12.111052117132767,1360.9242230630418
238,1364.598640279869,1365.4188152012969,9.998109052316863,1398.2776352860155
1398,1447.4959483851671,1448.2253977548319,12.132451175159218,1450.7959185062998
1386,1450.4116216840016,1451.343315135042,9.79857780257733,1490.198414363252
1408,1536.795894865723,1537.5140511093136,12.406613531508743,1540.06416391495
1395,1627.5326905783304,1628.3003662938745,11.31037303952452,1630.8875002899244
164,1676.3910358771607,1677.0754484915517,13.813432726401661,1678.5523942023444
231,1764.4593968199238,1765.3294599576948,11.493139151161882,1766.9373764013421
244,1766.7162886040944,1767.5179054481434,12.151988676883335,1769.2180172648505
245,1769.350790910156,1770.1607935405927,11.629248730929827,1771.8374071672383
253,1771.3388614191053,1772.1227813720163,12.409769276310486,1773.6856422514206
220,1780.475816455648,1781.2003343108463,12.914905836860198,1782.7508072994922
92,1807.364640924213,1808.124177898061,10.870573435198153,1810.9057884457898
208,1809.4075477706883,1810.2877672397858,9.025784403520175,1848.4100732783193
2253,2167.2632621963917,2168.0646836504106,11.52957069439081,2170.838603280311
3251,2257.1943532308314,2258.0209803876264,11.5136776882678,2260.645369559341
2251,2307.269049448096,2308.0764657659124,13.261567386964723,2309.644356145286
2156,2317.356308165752,2318.053720257057,12.649670840947683,2319.641756240653
2170,2323.188368248413,2324.0424137471737,11.942429468555805,2325.709919596434
2233,2355.5559230519752,2356.3773080928213,9.99081026162338,2388.761346409392
3574,2527.4091144160466,2528.153602061153,12.008100897995247,2530.752282014437
2245,2600.7771683545943,2601.4741297729392,13.348632599454229,2602.968680422236
2252,2662.464151795351,2663.1790556663323,13.549841611121698,2664.648241075066
2174,2684.5890043296754,2685.218687761349,14.638902481617524,2686.59104377852
3406,2706.845820330883,2707.5944221838085,12.481131183179539,2710.2434704690077
2241,2716.378121005346,2717.2414487385304,9.687217638479334,2748.5683189907304
2225,2804.4335240502,2805.1526563684224,11.730862415038557,2807.7384099041296
2202,2893.8675961266204,2894.556517457519,13.364338777204887,2896.9825260904186
3398,2976.8556518928185,2977.5498461476514,13.198521391061025,2980.8486225493357
2151,3022.082556901626,3023.083069893688,9.773607805912782,3025.1512291550935
2165,3057.3856606979534,3058.081396254938,10.941286598760351,3060.8576070715376
3409,3067.5897600113153,3068.4427826862893,9.908749357919845,3108.0888793867475
2150,3112.465134488705,3113.2515148073617,8.72750618285108,3116.174271416201
3566,3337.5400409936037,3338.3152894967952,12.330522023709749,3341.4154853894397
2261,3385.0660344957178,3386.0269236048857,9.190129017526978,3388.0938383086122
2235,3563.1934088459866,3564.2497135016592,10.189608206782072,3566.0440895550764
2228,3565.2963647551137,3566.1827969890683,12.334276654155355,3567.835858186841
3408,3697.2415330353097,3698.065544504415,10.818696472285954,3700.807321046891
3573,3699.4905041842094,3700.397404386259,9.268089101428881,3738.5641836988357
3577,3789.286069274004,3790.117211252983,8.019784434661569,3828.2748723581285
4218,3842.639802937821,3844.01486455971,8.552736766645396,3846.1255535085124
4231,4056.8604838826127,4057.564881772933,13.25218487627677,4059.9497907751115
4250,4245.637841236826,4246.396706116308,10.068089413866165,4278.287988013269
4167,4303.575288400793,4304.3997006525615,11.147186979900027,4306.119535448508
5407,4327.565723045729,4328.274358525601,12.418575206984006,4330.783474749375
5553,4329.38717347145,4330.1091823361685,9.019715454649955,4370.78070465835
5559,4417.36209018032,4418.130948230756,11.894166926135906,4420.76148310376
4227,4462.425832155972,4463.451794833368,9.69478408149402,4465.322391792128
4059,4532.585426369534,4533.43547363099,9.316084180002935,4548.482897265709
5565,4597.371335675648,4598.076387425177,11.582044343645016,4600.834728812637
5235,4599.249487857604,4600.04547397002,8.169291323567322,4638.324313523859
5394,4689.349810459099,4690.239840999149,8.551234437190292,4728.73047682578
4236,4732.351961991605,4733.37328310667,9.710473385454815,4735.487074101505
4205,4734.427623195805,4735.377399790499,9.027867176775507,4737.371047777388
4057,4736.4627163852965,4737.438572127208,9.881339527212473,4739.286797808841
5413,4777.4007009644565,4778.138371022763,11.756005245159464,4780.768065995243
4225,4825.697451168434,4827.201076613404,7.274568078241229,4829.417604951478
4239,4828.210101095903,4829.346639145235,9.09375395035493,4831.25995994292
4242,4830.446463697787,4831.375570614961,10.525726562193588,4833.157912006123
4251,4915.121764432478,4916.044031888088,11.502566195274719,4917.726767828803
4087,4975.632827107438,4976.336267662219,11.734496328644488,4979.197463651008
5411,5046.800410910693,5047.486473763382,13.050267709382954,5050.514534337261
4064,5171.071428930301,5172.105888173403,8.570201002119077,5174.893612573918
5237,5228.024519125388,5229.009698920309,10.023554930656507,5231.810859721197
4230,5274.469495880116,5275.368845988764,10.545332764237353,5277.122740143036
5252,5317.644657333016,5318.50359433957,10.487470518927674,5321.56556966498
4400,5373.424636658195,5375.006882286942,8.131615480452602,5377.0974025598825
4257,5375.968459269367,5377.073292151134,10.456332781790064,5378.908000994395
5557,5496.780597995388,5497.561235678267,11.839301582416109,5500.945557473329
4233,5506.35688015099,5507.262731467936,8.974492528730968,5538.6247147039585
5254,5587.409922630339,5588.057493564894,10.631049139609237,5590.827640668383
5239,5589.128984385263,5590.044759133457,7.4049807349076335,5628.656649134594
5568,5676.452712029732,5677.102537402405,11.050842897814283,5679.775787532385
6082,5698.494481360773,5699.311411711317,9.125147559883976,5718.395978703834
6188,5731.412130130298,5732.265066558217,11.015629402397135,5734.089851278718
6266,5747.682316979895,5748.326080007033,14.618951890015701,5749.6823310615355
7587,5769.438796246847,5770.296555002372,9.268930307255042,5808.401685036809
6242,5865.601756002474,5866.382014278632,12.381544830050338,5868.820866751108
6063,5972.5948158138735,5973.336967949684,11.958042128845488,5975.9230273143985
6244,6047.352723644345,6048.147016356575,11.13231373376665,6050.942656843916
6232,6211.696304190264,6212.431378484893,13.13982512778409,6214.884036760812
7573,6489.373583431246,6490.248629442789,9.055026827123925,6528.55622997929
6091,6535.142647920673,6537.069486103744,5.809972629339202,6539.757039536045
7558,6667.439198968501,6668.254965012401,10.948918621950162,6670.990461287294
7582,6669.282764691228,6670.160283923224,7.774212091010399,6708.597126082571
6246,6802.3196483703005,6803.378034511209,9.163562888356557,6805.285616119207
6239,6819.685165475159,6820.443006623303,12.648464368465776,6822.109097477855
6275,6841.834000230029,6842.530329041558,13.546664384023721,6844.995352491294
6270,6899.368706869849,6901.216701754152,7.20112240492088,6903.530155335595
7570,7027.209663218857,7028.035379321691,10.439380369350669,7030.817930852867
6228,7124.621667839185,7125.420672486413,9.90559424764499,7158.387974598791
6245,7163.272286554799,7164.349345038428,10.196938287340666,7166.102093251763
6220,7165.438396760508,7166.316597610566,12.087047147998701,7167.807989442658
6055,7167.531178446075,7168.400365999594,10.817047577958618,7170.263692237414
6216,7212.630720737384,7213.29310949232,11.803685821625708,7215.765292612663
6230,7297.606783612418,7298.3457900854155,12.611890691033315,7300.988944193911
7575,7299.545089412928,7300.423950968308,9.52551940522581,7338.005751080096
7257,7387.415448058994,7388.00792920162,11.206348492401156,7390.936260435683
7579,7477.130747880692,7478.013054150189,10.408675192667909,7480.79333781989
