518,544.166029359017,547.2031716712719,12.037903450590631,549.9703479388713
449,633.6371733951304,636.5198593223752,14.307043022432717,638.8673543214913
731,1427.0,1430.3380667966344,13.45483181740492,1434.6852673979859
2736,2053.0,2056.0524502432345,14.048868768394774,2058.4762275898183
2451,2118.0278249466373,2121.5689939939775,12.38151010079257,2123.966558810104
3814,2165.812491592807,2170.2421731469713,10.124136049811653,2173.219345818691
3837,2168.461901307162,2172.144752623139,11.442348627583762,2174.983474685937
3815,2895.62976771475,2899.3179439733995,9.376414690724946,2903.0952290458727
2529,2958.4549287253835,2961.2187273409695,12.089420388700944,2964.9371155377266
2456,3424.0283576505053,3427.061373775054,13.329105073683111,3429.6402010096435
2543,3513.7288674551146,3516.815527137222,7.429526688355125,3519.1581061919264
2730,3575.0,3578.1207124169846,13.8207257199445,3580.62179285583
4546,3933.976879117336,3937.499755253647,10.17879959812142,3940.818922642751
4466,3963.9646745722325,3967.039040964752,12.973312314724241,3969.7081193684
4444,4152.533384331486,4155.280453039727,11.296902379230369,4158.174624174473
4461,4282.90484500646,4286.389856207011,13.27284807053892,4288.803005435163
4462,4431.01289184291,4433.489396739066,12.888083097058196,4436.013131173418
4525,4729.048631605555,4731.94093382687,7.274147570276989,4734.804612189331
5821,5044.037653690573,5047.26630860864,12.652639504700353,5049.954780323124
5806,5498.12643287431,5501.489713610467,13.083189809449756,5503.837185938928
6755,5664.004394924191,5666.380994293427,14.497739796284161,5669.830664386408
6534,6530.229848978312,6533.019963017457,14.434523229298152,6535.413114475004
7826,6664.250420116793,6667.378451283239,12.046722533060493,6670.186110515582
6549,6851.208569259823,6853.348846598951,16.2551814959105,6855.496418548446
