58,309.0956722885352,309.13555086382496,10.351662832164319,309.07828377782744
1009,477.0,478.0178397538389,6.3738695893168265,477.0
53,490.0628861615404,490.1060476139556,9.56431126682143,490.0440661968845
1550,761.0723690499392,761.1197577553421,8.711138278982032,761.0517058490766
1247,849.0522898460927,849.0943184296287,9.822114639468618,849.0339638535129
1563,943.0033486191752,943.0476148232433,9.325614750965892,942.9793355342234
1793,1043.0337132957663,1043.0846333572433,8.10701231800335,1043.0115102950876
1545,1125.9600825719858,1126.0250361379542,7.554621697277193,1125.9279588877673
1407,1203.999416167239,1204.052286570433,7.836564501975773,1203.9651009177862
1578,1377.0046480627261,1377.0554866078405,8.120011394886275,1376.9777556073198
205,1647.0748176811996,1647.1329601266725,7.099969089182757,1647.0494654581494
737,1787.0330455228207,1787.090918722938,7.133000504354759,1787.0078107005477
3819,2123.0103082090045,2123.057903955038,8.673244985693225,2122.0
3814,2128.1158846452972,2128.1626402293,8.829096554545353,2128.0954975084155
3253,2206.061287984687,2206.104309019484,9.595528503145971,2206.0425292472255
3568,2216.0546993583876,2216.098867468498,9.346326220275694,2216.0354404543264
3392,2292.144921850789,2292.184915551022,10.321864774267688,2292.127483141415
3833,2311.1250715559227,2311.1703187950284,9.123419987232936,2311.105342112331
3256,2648.980570016671,2649.0356710978585,8.12333428130832,2648.9521454420415
3411,2739.176689094796,2739.2212035422986,9.27360865493509,2739.1572791750227
3805,2748.0,2749.0098279751687,8.180164390421583,2748.0
3393,2839.1353847990295,2839.178955201027,9.47454112657542,2839.1163865174667
3815,2860.0,2861.0159317526177,7.614584077682263,2860.0
3238,3016.0869536665855,3016.1270893673254,10.28534591442568,3016.06945303982
3808,3029.122349730972,3029.162007154409,10.409389462392712,3029.105057650524
3554,3100.9396392070666,3101.0131132809597,7.679241389592334,3100.90482789187
3832,3111.076746228536,3111.120127058084,9.515944483505692,3111.0578306074635
3243,3464.0558046932647,3464.0989537450137,9.567059967566314,3464.036990135751
3580,3556.093988620413,3556.134612603366,10.161720629531768,3556.0762750848257
3010,3722.0740142513805,3722.1285254492846,7.572931461776739,3722.0502453844747
4073,3906.0675307374604,3906.121278343793,7.6805200043533866,3906.0440948242804
5250,4201.118066089697,4201.158999627002,10.084873988465521,4201.100217577142
5562,4366.088297934421,4366.1316783127095,9.516043471831734,4366.0693825101125
4730,4395.088713388716,4395.132666505318,9.392043102910138,4395.069548229653
5820,4467.052235955298,4467.101477817531,8.383305319997321,4467.030764710588
5826,4469.081980622824,4469.126383612696,9.296886691853265,4469.062619302635
5821,5002.0,5003.010326402463,7.106473155001103,5002.0
5830,5005.131430142342,5005.1769327324,9.072221275694606,5005.111589356437
5575,5172.95862133289,5173.027091159169,6.991316569938128,5172.925282313848
4056,5464.146987923835,5464.188008599952,10.063451037327026,5464.129101415585
4755,5519.175992798552,5519.228319112321,7.889139056414504,5519.153176620676
5811,5553.09363710923,5553.1401732587,8.870728892064514,5553.073345653794
6774,6015.0,6016.039884922985,8.984943875776079,6015.0
7802,6169.096275552405,6169.138155079648,9.857073200177172,6169.078014553796
6750,6191.025494718803,6191.07115770565,9.040353996433517,6191.0055839940605
7809,6349.1714526853,6349.2150736217145,9.463564965761226,6349.152432368892
7826,6626.180320794397,6626.229484099294,8.396700882886742,6626.158883803547
7805,7045.172389965658,7045.218377000073,8.976651155732046,7045.152337944378
6055,7323.114115498424,7323.15725269707,9.569688774077548,7323.095306109295
7408,7499.952560657309,7500.030958008652,6.512264874721851,7499.91212993789
