95,274.1122189479739,276.5481342235192,13.870206093392463,280.9026427601107
254,363.745750328792,366.1971822824424,14.262450704556091,370.9461738753646
174,367.3533449610187,369.4469376173191,12.444517679950136,374.41608835069906
186,723.9755833128149,726.4688018291721,12.2286491236928,731.7757899432
19,1299.2907810370916,1301.3436572738033,13.21294414567868,1306.0611131492578
1194,1568.553238489038,1570.5629877609774,13.368045909924504,1575.4122589746019
2,1623.9878011177339,1626.5574017131325,13.176570798415238,1631.633922368928
173,1630.8347253085847,1633.1128359230402,11.860491134874085,1638.526852875058
102,1656.5223811193048,1658.3944496418562,14.470322878380493,1662.835415622996
94,1893.5994385756856,1896.1153583426856,12.61407230042178,1901.0794718439759
266,1896.2076259550347,1898.4438487958778,13.933838019809802,1903.0847711174858
99,1983.9258083298691,1986.3966661997351,12.357515628008642,1991.5528600825842
2005,2199.452978781039,2201.4787703856964,13.633960679363929,2206.210957893918
2265,2256.0802058106838,2258.493142337531,11.819235420275719,2264.161634382492
1999,2434.2331130876287,2437.058051036832,11.622177939361382,2442.581267826151
2243,2538.5756712417174,2541.063315070859,11.348018049354407,2546.721005980513
2166,2705.9408213442857,2708.037206595159,13.515510997094133,2713.0271228592937
2178,2895.023274418106,2897.4972163448797,11.416292411478935,2903.223211389576
2010,3063.750354293536,3066.5095128230864,11.401965177352542,3072.094007264851
1998,3153.797263485462,3156.339943804997,12.311999775241487,3161.6314869342473
2182,3156.0696048984023,3158.2880217788284,12.211539928872295,3163.5062788893333
2183,3513.536447141749,3516.0700852957016,12.654926437082317,3521.3911091716063
2093,3693.929920435745,3696.5299055678424,12.02664273234127,3701.688168117025
2089,3729.50950083132,3731.3383717607203,14.80188116458876,3735.76061629412
4173,4503.7016562801155,4506.342004199572,10.957703133502894,4512.460910917674
5289,4596.568470399993,4599.048410958853,12.548973347785553,4604.43724435132
5280,4778.169138289788,4780.363085386347,11.591595463094112,4785.698486534064
5285,4863.849455084902,4866.344075859287,13.359445072875301,4870.869696752773
4096,4897.488739337658,4899.425660488571,13.899035105178042,4904.144077342305
4106,5043.776096329112,5046.1264807928765,13.713150146392422,5050.960007221488
4102,5260.185834444654,5262.236450172659,13.354485551607352,5267.2230083750555
5188,5583.7324477409165,5586.236917072001,13.26989178523818,5590.730630393571
6255,5858.435517189886,5861.278110532657,10.062949677197603,5867.997194428653
6187,6033.503609662597,6036.017504491681,13.09957321540679,6041.038194967502
6168,6393.746120303116,6396.323364541058,13.060192603819225,6401.4012796644365
6102,6428.525070336996,6430.571776865978,13.99706748869334,6435.2694015629995
6109,6573.7017077617875,6576.1937438056575,11.849413701183128,6581.610668437082
6105,6843.648297200578,6846.261448668303,10.783782851515383,6852.266583030064
6026,6845.833776195491,6848.295503152711,11.667284641067749,6854.205030532508
6167,7025.476947841278,7028.356894085365,9.730205182346921,7035.070765246465
6193,7027.395666807754,7030.2987532326315,8.460437920886955,7037.04538512576
6005,7059.106112988964,7061.089154701031,13.442624169672051,7065.883435751921
6014,7293.858305295023,7296.456316430948,12.524722302836526,7301.488084842798
6256,7473.90690261591,7476.524913012578,11.142414733120722,7482.164221841012
