429,94.07884291575844,99.20346219178408,12.504136368255095,108.52575701664732
414,96.1624624700721,101.08366487449801,11.971170234145173,110.5079721387258
480,278.02671394047593,283.3484626131085,10.396962243197846,294.19069401037467
438,580.7795290627361,586.0356758158099,11.107594015728692,596.8658172312589
439,815.8560416590985,821.1242068042125,12.526541753870303,831.0052943544559
431,1019.7208842108225,1025.175443211145,11.0185147753917,1036.7254383871357
503,1353.3639574031326,1360.2073659536857,9.12954646261827,1373.8384820842175
515,1479.6747506273052,1484.583248570638,12.548424485651536,1495.5108206124792
498,1631.8405739481175,1636.445986975296,12.530161845459135,1645.6289785228928
2515,1895.3791809853483,1900.5479284236085,11.274079107297359,1910.7597255844807
2417,2189.3046643743182,2193.404797723295,13.895443050404756,2202.8965997715495
2410,2433.4318294983104,2438.335526800736,11.67547019516676,2447.956176861643
2411,2618.481132752207,2624.2277375523863,10.277178921853643,2635.3929654769026
2423,2637.27056751452,2642.2442836322575,12.22027865864001,2653.4553674733074
2428,3243.996998708003,3249.467602408949,11.240124870547945,3260.0156953991664
2405,3280.8507444968322,3285.4913509792477,12.710272859784054,3333.2943250072644
4482,3720.6329840152507,3724.3866340349027,15.333133094808865,3733.2229383513954
4420,4055.422405068271,4060.3853577618715,12.180799161784963,4070.080451993396
4421,4146.506340162915,4151.255323641376,13.585974027450426,4160.152216995027
4442,4148.44360971426,4154.10015813228,10.239045571583077,4165.033209867007
4435,4150.706109306703,4156.089473306213,11.888534795815291,4166.913328265359
4433,4413.923791356398,4419.235895394252,11.910567034060598,4429.408639381074
4436,4506.125521019339,4511.095536160319,12.677379268543753,4520.431903551664
4425,4593.911303257131,4599.05469852593,12.33703525120493,4608.444078701465
4485,4808.507615669402,4813.179695376097,12.38331613675377,4823.48224266583
4440,4953.600808176961,4958.362581247863,13.243847034551798,4967.295617369025
4414,5134.045263485908,5139.206380211684,12.285694339030572,5149.072197789226
6426,6493.39551609527,6498.049190399622,12.704392770308845,6507.2065229136415
6491,6610.257944757552,6615.080886662793,12.671512013208075,6625.723952645789
6430,6666.606172919381,6671.544920719287,12.423123925679334,6680.900634720057
6412,6774.6630239742135,6780.0174601692015,11.210452701034065,6791.771303419442
6438,6873.033511554528,6877.499900894422,13.482375712605231,6887.405412839507
6482,7056.740780412627,7061.234479925177,13.093737471612712,7070.933869625009
6420,7295.408143144237,7301.064883467604,10.98644106695668,7312.115893482243
