300,112.47525250386916,118.12419410191774,12.520486043915124,121.6468734149777
291,183.64561874485653,189.3062317798676,13.675917151942151,192.59651683211192
277,571.1183684152783,576.5464326505063,13.80756766893959,581.3078567137634
1515,783.5700514671026,790.2139594137709,11.066564536655205,795.7579197754458
1511,948.8503786257196,954.2661138393261,14.239795574437572,958.670603570349
784,993.7026751909217,999.2670758755146,13.6849446961569,1002.5290504175154
541,1194.1400861840002,1200.5137086003474,11.532255637481924,1204.5306335050232
1539,1785.4186295204893,1790.2053486553084,12.767065263715745,1807.8279179811343
47,1848.4955624613776,1854.5084055019138,11.50143560638135,1859.5793898820093
539,1923.1065329196188,1928.4819971380562,12.477499849426279,1932.7898086711514
2524,2193.7985710399103,2199.2336818236518,12.255601518363344,2203.95118281322
2282,2343.6163559978145,2349.2022745475124,14.22608425449189,2352.3583643066013
2536,2379.76449341616,2386.0768696053897,10.662433277738582,2390.8044937428367
2544,2623.358130939172,2630.0194000779875,11.15412083558521,2634.076261815843
2541,2641.97755522692,2647.1959955863767,14.067534115963808,2651.8767283054
2032,3108.55528363583,3114.356977726288,12.891548179299729,3119.292929602334
3537,3126.066138289533,3131.1144717050147,12.993168532259983,3153.4949303938383
2526,3361.843940824607,3367.1098257715753,13.18858068756977,3371.8604465064486
2543,3705.594638762358,3710.369669072048,14.192163677665855,3713.399014591649
4548,4444.381844780308,4450.004491133897,12.551102978594319,4454.776114383822
4272,4594.235949140739,4600.336634207235,13.02290586409518,4603.778233902826
4792,5043.587193680082,5049.546291564136,12.441802599234748,5053.043368826331
5902,5403.677313801453,5409.286071830005,12.654208170626493,5412.707843018533
5063,5493.555193448904,5499.099861415775,13.518948820266752,5502.318658507102
4789,5497.550286533989,5503.287365586705,13.22927346195506,5506.957039525168
6798,5583.688754496161,5590.002534065337,12.028646945107303,5593.754419294395
6544,5763.568993493792,5769.033621456883,13.431755823707531,5772.315793467558
6535,6516.313178496058,6522.507567890981,10.965782969338576,6527.845703048155
6530,6781.509275153862,6786.162314937301,14.94700151690123,6790.981374049827
7536,7358.954152084971,7364.378120995255,13.293445849768931,7368.7991758645885
7897,7473.412976530137,7479.11156442071,13.087360374328084,7482.531975841984
