1305,544.051352030135,549.3011929535393,15.824590730962655,552.6298649977502
342,1623.3859678578256,1630.176413946678,9.271660968414949,1635.4933115890192
1491,1668.1736720244148,1674.5002659497502,11.412158809498067,1680.5265445342475
3486,2930.2229963564278,2936.0633848613093,12.49072350590027,2941.0662799284205
3499,3382.0888790422173,3387.377411404142,13.169357961699808,3392.77152419096
5493,3738.1359592792346,3744.029670586228,11.887502828752273,3749.7218366066345
5492,3774.6012424813366,3779.157744847311,15.054809399253017,3786.0495707666337
5475,3861.1591888762937,3866.329501527841,13.035932512117018,3870.64200284635
5478,4098.6615750588935,4103.221072243957,14.647740475777782,4107.949953743061
5496,4386.243580075188,4391.2458210688665,11.906962592042214,4416.097185608019
5477,4671.791409269925,4677.345920685225,12.194875303521682,4681.635934878451
4344,5493.668701194634,5499.035565355697,12.694997882916514,5503.013177181127
7491,6106.187571783353,6112.229049772858,10.593626667159487,6117.822931693878
7486,6527.936039180176,6533.503955774516,13.933696859704979,6538.651519299165
7478,6789.975672116564,6795.188599170508,12.790165221517086,6800.49388100869
