1079,212.08437699727904,215.46497066007097,14.815474201986575,216.99768190224503
1076,457.00183773756333,460.5652510780823,13.721874844329964,462.2245985238828
1072,652.268856810491,657.1575363137741,9.866729256826384,659.481437321448
1673,674.4929483805766,679.1231843264594,10.75806275263746,681.9490044113955
1921,848.9291983409815,852.5908840873263,13.668585729264612,855.506347147611
1670,864.8682027453174,869.1970607519754,10.714350680484083,905.8929630692958
1643,933.11273472629,936.4877531598063,14.49792127192977,938.0413767361293
1302,1222.456646960403,1226.0803801765965,12.559533302884752,1228.7475275235718
820,1267.0750618741497,1271.3353938329826,11.86851662429309,1273.3346972694603
1299,1313.89283185947,1317.3943245804294,13.513860677526935,1320.0995344118526
1901,1357.7479008148773,1363.0021616779961,9.119918175805182,1365.47342435121
1912,1369.8674212825945,1374.0104741755972,11.256810848946861,1376.0843773891143
1055,1446.503382471629,1450.3963502478057,12.530618567671349,1452.2815461830933
276,1581.627295040365,1585.5141299010156,11.007536264296048,1623.0791730701674
1902,1662.4199924144891,1666.1349005641832,10.730319754777375,1712.8897264035556
1897,1807.896697234797,1812.2838997741856,11.5824071385612,1814.2386891284114
1903,2019.042920699356,2023.30927374756,11.653239765160084,2026.2783374541852
524,2077.3751188767606,2081.2159888105066,13.258608871542611,2082.970820386327
3665,2192.6980906677168,2196.1924928989433,14.603350374937964,2197.833266575656
3081,2346.6339706793183,2350.333204762959,13.692450764112662,2352.070239568568
3304,2572.4824553634835,2577.449720906835,9.571552840911462,2580.543997821335
2541,2617.098372270217,2620.490993256429,15.086585953668742,2622.053468481288
2527,2618.681989638148,2622.176895123746,14.619312604441351,2623.787427261198
3667,2936.1992025215177,2940.5243822469706,11.112847305946154,2943.4615914572864
3455,3024.601980501798,3028.5722617307038,12.145125631081447,3031.6103404368323
3649,3247.300271116957,3252.2336800669977,9.693196558045202,3254.6378595207425
2789,3251.3393134432913,3256.231511541907,10.578840685986899,3258.58760332645
2807,3253.3308866243774,3258.211156255735,8.65288697858633,3260.540256727438
2817,3257.861976640687,3261.3665460367947,14.385794412176626,3262.9828193185167
3659,3294.592506218845,3298.1853786210872,13.31607905978459,3300.751172664651
3644,3484.787969980444,3488.4383077817706,12.745327673977767,3490.987319032731
2816,3537.719512867346,3542.4155921525326,11.57561073647007,3544.3092171574303
3642,3659.7895192492,3663.0378903325004,12.059200746984901,3665.6125872551297
2280,3741.5038848640456,3745.3019841260802,12.5514652864817,3748.233214048509
2293,3748.334569322865,3752.256253886522,10.039037770502507,3783.059902510328
2554,3750.096758690341,3754.1531981039016,6.827223023277188,3786.804387140298
3460,3835.67972583496,3840.1157457206236,10.683372220968376,3842.770441813957
2530,3838.818219895538,3843.497466286486,10.904191908202566,3873.4081827989353
3911,3913.128964539176,3917.5274376435273,10.998444010830713,3963.107713622137
5649,4057.607964326168,4061.5731956458103,12.54772625058498,4063.4283918348237
5074,4093.184186996982,4096.456041356944,12.093873205325929,4143.243759386331
5306,4105.127234355942,4109.333572201594,8.63984896137054,4145.935606805398
4304,4371.393603468917,4375.383552320219,12.300991648592012,4377.9700344059265
5067,4417.364576937823,4421.133268714948,12.90664607456583,4422.93883974415
4802,4507.177739057939,4510.622525612312,14.642373698323158,4512.192284200949
5930,4535.989682319699,4540.091459037027,11.743001350679501,4542.884690335234
5083,4792.909385661281,4797.469361439019,11.685378276352155,4799.603766116078
5079,4794.831218936875,4799.343764053031,10.759613538862402,4801.494781576743
5077,4796.738424363588,4801.277450181558,11.503817705823382,4803.410356357973
5085,4868.571811754264,4872.417271210964,13.27621787195419,4874.213503566362
5925,4895.417810945106,4899.118336708618,13.335246579583844,4901.6026264796765
5671,4898.318852197423,4902.330826852953,11.332181608208995,4953.370568432548
4282,4911.264163099398,4915.06876366932,6.935919140912291,4956.02411070779
4543,5057.693408313392,5061.276547495316,13.97285831317382,5062.92242571573
4301,5095.201944164289,5098.388809422008,13.023976242662211,5101.337312657097
5458,5184.61857368789,5188.401249739244,11.632187575707333,5223.233325464076
4554,5318.856378101615,5322.531625789553,13.246637136485077,5324.276244720968
5457,5452.473260211729,5456.448915968467,12.376100324231253,5459.375256291137
5913,5497.3303333486365,5501.347473600123,12.602819951095345,5503.21008834317
5919,5523.153498320241,5526.591730048794,14.79348597057223,5528.176674522603
5914,5599.573938430732,5603.550668614874,12.351663479785005,5605.43295094009
4532,5602.016132021969,5606.263812396522,11.335754091547363,5608.346396295133
5676,5729.8243550644565,5733.441984525258,13.711537682960337,5736.40591728173
7892,5973.497620021904,5977.030263716643,14.214453052547167,5978.66397464742
6812,6048.256318207432,6052.036689934792,13.205705260364319,6053.777856822658
7069,6144.291400468415,6149.128575193809,10.609354579742886,6151.336362344745
7074,6146.314665081495,6151.098264777827,10.864303778955502,6153.309206943915
7904,6310.5618077959625,6314.424441316482,13.39846064244071,6316.16600491742
6797,6342.707794859708,6347.298893064046,10.835686199115903,6350.058287080293
7902,6703.836342625872,6707.022883775879,12.77151354948493,6709.57088001012
7308,6982.360588354148,6986.226570090073,12.575950975153873,6989.164813698455
6823,7043.666349186747,7048.357404649509,10.502542490665684,7050.565952284197
6305,7071.8566986078185,7076.296177671287,7.769821897710867,7115.5861769233825
7658,7174.194970339929,7178.4672791594785,11.094489196747862,7181.3668586905615
7665,7522.740065795173,7527.145524256658,10.836672422278085,7529.917574723144
6286,7611.915700047994,7616.460429325257,11.06984665207259,7619.176877460692
