649,55.189928258561686,63.54035645821019,11.651088057821738,67.94860690070158
513,229.56750752128727,238.2241608662722,11.533397616310118,242.69035893340927
482,253.18726407548806,261.0339169800586,13.332124608166795,265.16047245828094
581,364.6058815633124,373.38324921291576,11.666626789632002,377.9285466343824
418,413.25062158136154,421.51329124905067,11.817992092124333,425.79207426479724
430,590.1864833983169,599.0584258667506,11.081274398929727,603.5738276031561
620,640.6188159578581,649.0770842542776,12.733596714108725,653.3540482187417
602,758.6211056334793,766.3819487093201,12.67973076322169,770.4695198984364
656,829.899757271974,838.4831379892114,12.361494517991087,842.9619216159698
571,908.7733012994618,919.2876438128197,9.518375685479924,924.6661103844135
456,910.7591911292673,921.3224164351304,9.825568600775181,926.6337408274927
419,1225.9437638240781,1234.5258280174214,11.539538972251114,1238.769328624905
601,1276.3427427031897,1285.1651248895798,11.87845652787273,1289.7224621808002
617,1326.1692093398913,1334.3612569821398,12.496273026194856,1338.5926659788113
502,1491.7497409211544,1500.1516383933065,12.695715735884002,1504.4636939395698
509,1522.4563566397335,1529.6221217511875,14.338687154402805,1533.307788671296
623,1535.8005062883155,1544.3797820122193,11.80523805556273,1548.6590344896224
624,1671.6949701379356,1679.4169889520117,13.353076613700159,1683.341776341486
597,1717.3017376738335,1725.0220823924049,12.279972193555723,1729.0260156262714
2609,1858.3747175255892,1865.4345289480548,14.110553480786496,1869.093777747541
2635,1870.3856087679742,1878.4132949940276,13.044311477222537,1882.4942218178164
2426,1884.010574659433,1891.4107789949283,13.227148188353603,1895.166752089095
2595,1894.2468063155745,1903.2970229766065,11.149784727519105,1907.8469171912454
2614,2119.7047128745344,2128.2691390278324,12.01857016456635,2132.596415665073
2601,2121.7963303653364,2130.075143923236,11.502873427452874,2134.3461097673007
2409,2134.6200834264228,2141.4281083741885,15.146955360899913,2144.905160503435
2627,2164.153052668645,2173.174619495207,10.873848333062355,2177.800682807327
2646,2300.149885944506,2308.0178863501214,12.935785993236573,2311.925220471619
2444,2704.4110940615133,2712.502273416171,13.67156103611717,2716.4349573806935
2424,2753.901897888753,2762.031483278476,12.705440913067722,2766.172632494305
2626,2884.4061270339907,2892.5444195084833,13.195865731364199,2896.6972908433636
2606,2931.791109422484,2940.2434445288413,12.211488401744171,2944.488102298795
2576,2962.5417193333537,2970.2446095363625,12.926488936495488,2974.1207105538056
2578,3019.9324393141073,3030.0793339741062,9.616070532210543,3035.190879160896
2602,3065.9587694194415,3074.5872831504907,12.440427899515647,3078.845098750924
2610,3109.853514978177,3117.3297241432274,13.360778675654343,3121.1371157942945
2588,3218.6696112049062,3227.304447732427,11.86262638941195,3231.776327240806
2581,3310.3720214659356,3319.0248748615145,11.510563135525787,3323.2988638446454
2562,3471.107201837701,3479.3530299257136,12.052987516438746,3483.5342987416047
2408,3493.599611485475,3502.15518137204,11.38693984000841,3506.5443705847642
4627,3699.4572238464825,3707.32041007238,13.343557797204465,3711.36473093746
4424,3854.558085696633,3862.298583161134,13.687986227428791,3866.180625862781
4589,3903.0516862129884,3911.028554188235,13.307406863742747,3914.9822662878455
4614,3966.8495098372855,3975.5124256651357,12.172805892087737,3979.805980461014
4563,3968.68353815864,3977.3394044643223,11.966614833204888,3981.6559491589337
4611,4009.752462019519,4017.353183856333,14.09308881813584,4021.1582345917527
4659,4099.905840845343,4108.507243944027,12.389947762924486,4112.818056155956
4571,4146.466535310864,4155.064563930448,11.882615762755465,4159.521904945535
4433,4290.76812925762,4298.546293486911,12.540863300139511,4302.532467666593
4439,4306.323369278262,4314.284337538671,12.529258874038193,4318.335166758757
4581,4463.648799440324,4473.251361938589,10.959598536900833,4478.072369423015
4559,4684.051343327808,4693.0685899139935,11.940240150637617,4697.657624765785
4561,4710.328769735159,4717.39525364764,14.015628050322274,4721.027719983054
4629,4820.072842632774,4828.364411206351,12.891418369540764,4832.565692657886
4598,5318.70642466155,5327.4120323384695,11.47638877283266,5331.91924897374
4635,5340.500293293419,5349.3133464818175,11.457851455627214,5353.764356533279
6498,5450.014313616646,5457.483228170928,13.80837667650124,5461.035392328223
6460,5480.929684356313,5489.583736153126,12.251484786292718,5494.010920167377
6454,5612.562225934896,5621.507693599788,10.906564439230072,5626.1621178950345
6514,6024.772288071066,6031.628909168108,14.82542459058514,6035.1613940019715
6449,6175.8649946671385,6184.229505604447,12.605302375640946,6188.380481606342
6588,6286.71256540669,6294.423493417064,12.985298250687688,6298.293475506151
6586,6394.3649309491075,6403.302204490977,11.746526491046346,6407.8379439662685
6451,6560.975285076601,6569.237058874816,11.886384390991084,6573.522385208958
6619,6591.6823132569025,6599.3703195059015,12.88056240405553,6603.378127996686
6438,6699.576356188011,6706.200760956165,15.485519658207092,6709.630410724296
6422,6754.5893747237815,6762.359513663891,14.24583760095424,6765.996490388099
6416,6812.323209410795,6820.239652681416,12.139095535944586,6824.337671819381
6616,6831.3635774518425,6839.247919709726,12.699536406992602,6843.416680859847
6652,6981.407556215647,6990.397776726339,10.769859210038687,6994.89900250276
6656,6983.4585056349715,6992.263253350696,12.289871011161281,6996.6358873338195
6583,7069.87937033439,7079.451660086728,11.016922723058427,7084.342998363788
6527,7167.829226572811,7177.451730782176,10.508081830347818,7182.6441276698315
