1529,325.27701409296196,332.5533706511899,12.282206792304441,340.4056598313992
1594,327.33757065355854,334.3745482906245,11.92484856718184,355.51579354792216
1610,465.4746094040266,473.40386028491673,11.918990278459564,531.4171682539283
1664,467.58480681867974,475.21032398118564,11.947867734977411,533.9766093251308
1574,471.0548372917779,478.4374343227962,11.990327011192246,536.2122502353504
1577,472.8474719066431,480.22504555321757,12.337246363093207,538.5082094029189
1889,478.88869815863876,485.4144911475357,13.936989624243473,542.1651450354744
1801,532.4781312227088,539.0246945200396,15.384664735573928,544.7385102977116
1862,608.9112030372496,615.5463668142582,11.524134328875666,623.6143372588746
1654,741.2221326217038,748.4630685799569,12.11011996635846,795.5151083412036
1554,743.0086736986909,750.324409030835,13.085881118540906,797.7346395001568
1789,815.9980525232706,823.0973379053604,12.02874229524877,830.090825378153
1537,1091.1475854215003,1097.44023360727,14.260947835317928,1104.7464079213612
1540,1157.9415783618672,1164.4599958787805,13.696647336537154,1170.7026966406866
1599,1230.2196601175228,1238.042915503091,10.666224842736932,1245.3896500004357
1604,1231.9815232709839,1240.0036863270293,10.70417102625402,1247.111542286361
1769,1301.163724524865,1308.5411949462073,11.52861563925701,1328.162740269309
1794,1513.3112155354854,1520.3255736867145,12.303026077070765,1526.9826890485047
1591,1567.274037428177,1573.6524544659512,16.18739725159066,1580.9601181205985
1842,1573.3027583014348,1580.3413397965269,12.229462516594873,1589.6110926919598
1596,1636.3857235293099,1643.269977279004,13.290920007034234,1650.8475688855567
1585,1640.346231616796,1648.2353821859651,11.916136686896811,1675.4348574473836
1541,1642.2680021869892,1650.0619668771365,10.965559509698448,1677.8777756035058
1816,1649.9138557946296,1658.0808955306445,9.836000570157697,1684.3566557062836
1557,1705.5407847661888,1713.0119258653458,12.330272181596921,1721.0773875463362
1555,1709.6975853363826,1718.2198948416208,10.525709588591715,1765.959321463493
1550,1776.2665674009438,1783.2254290995347,13.663277403832398,1789.6329889328342
1804,1787.1433395298598,1794.2980681646097,12.947594487610754,1802.4145700778688
1514,1843.216994800865,1850.062510720541,13.082233032536633,1856.4435802488354
1561,1846.8998473921129,1854.3946319112817,12.000148289936279,1861.6101095524698
3766,1983.689624831842,1990.1698869398444,13.723026906609128,1997.4281069532515
3774,1985.736615161996,1994.138588948505,10.43108894733816,2027.4786845960243
3900,2050.949391615875,2058.132342915498,13.140302424222885,2065.701074326961
3587,2119.448361162974,2127.0861299976978,12.384448112542994,2134.0899487321626
3566,2257.461476266935,2264.0200857192795,14.949563536883398,2271.0870092867954
3555,2326.5410854383003,2334.548467200741,11.874845483730805,2342.9483668400635
3835,2395.6632825279635,2402.589883382455,14.237935501932704,2408.7775779708204
3918,2398.3944700745838,2406.418388000288,11.77169681355825,2413.925107267719
3790,2602.305365839498,2609.303532524168,13.580972558442294,2616.8724953136266
3520,2740.5830532864675,2747.2990540138962,14.301016770809236,2753.627749669468
3536,2742.5340036736084,2751.336499185667,10.362429486823864,2759.656404665077
3831,2744.4747528270805,2753.319717566371,11.148201097361632,2761.6031696603563
3829,2819.97156529695,2830.2514994135963,8.729827085547335,2840.299919059923
3568,2878.4956648931716,2888.3602787969917,8.588941316050807,2898.603181040196
3593,2888.2227659295604,2895.502988888218,12.27415614939465,2909.5617952924567
3795,2949.984252900755,2956.1738670933205,15.321811572770624,2963.4724150208926
3799,3091.6510896916893,3100.306423638585,10.63391727307148,3108.7284841597434
3577,3239.6444418121287,3247.0127736440436,12.214565865870847,3254.99408412172
3584,3294.422930911999,3301.532267966917,12.43759656715281,3347.3841050628866
3586,3296.544855370763,3303.2737209133375,13.386575775811147,3350.461810589747
3813,3302.0535732357484,3309.1898467098263,12.758516775705417,3356.7344182322677
3893,3304.161550560703,3312.108419011218,11.553011241066192,3358.770226735717
3569,3307.770093103033,3315.217978197125,12.517758939537561,3360.5710181991544
3784,3499.695012875771,3506.2799834064767,15.458541574381872,3513.6961245028324
3550,3579.477589761676,3587.2305601826356,11.92161297724889,3595.6279159554015
3910,3637.937342243389,3646.1334391476516,10.702003870806646,3654.9051387749814
5580,3781.444731840137,3788.3600602357146,12.67430988117715,3794.908539076784
5776,3844.654132056771,3852.2544361516475,12.542718248423544,3860.5911225186364
5821,3984.1730829261264,3992.3555051331423,11.521071574831764,4001.268954185246
5559,3986.028667173013,3994.231591262208,10.351554199900882,4051.19882758897
5569,4051.3390871051397,4059.083244160285,11.929962117340912,4066.395600012849
5589,4194.772570269234,4201.429005473908,13.148068465270383,4208.792113332636
5512,4264.644320409296,4272.0029463649125,12.128208361197089,4317.836361165316
5797,4327.3386091832035,4334.050505638798,13.866012161335398,4340.063844215063
5834,4331.383069357159,4339.0015163287435,12.553046640338449,4346.154400389658
5606,4333.305525999975,4341.274598911127,11.460187124908652,4349.003757994102
5610,4335.124430708977,4343.1373288508985,11.017962741699797,4351.866760883474
5552,4338.026763976726,4345.416562522659,11.8218792919114,4403.733006975748
5794,4396.191253192284,4402.655945122365,15.36739139356459,4408.943865614819
5564,4400.24543691194,4407.457842608854,11.749552577627032,4414.309113188421
5546,4403.340675194304,4411.206475101602,11.07293103086495,4418.664054916419
5783,4534.526901574347,4542.315174626206,11.18189884685906,4550.836450537964
5795,4536.711883343189,4544.241786166555,11.150081256208459,4579.81344485763
5554,4538.775459385248,4546.178657772888,12.960340186599108,4582.132029176817
5777,4603.275273596644,4610.384489742368,13.503823142191601,4617.909295850287
5861,4605.171858938882,4612.128871089652,12.817641834322648,4667.496391566819
5576,4607.288280327279,4615.078526581391,11.73032520615437,4669.918633469444
5792,4741.303401134248,4748.283629283345,13.142887605015202,4755.766643272177
5657,4743.283987467861,4750.139443882786,12.855889738924098,4757.860292909116
5577,4745.3449347716305,4752.550624694938,12.005147770681983,4760.147405213192
5560,4810.540603584457,4817.386189878532,14.149734959680863,4825.365849283769
5601,4878.458945558544,4886.258137421942,10.966522224671508,4894.715981883696
5565,4880.336862325299,4888.114855480494,11.148848647842664,4931.3217804849055
5573,5029.231382264207,5036.205382614144,12.510587542212438,5042.781625019246
5849,5086.577540652499,5093.243835750511,15.137836159870046,5100.545119898796
5773,5096.701433935597,5103.474872663723,13.314215020183484,5109.997504188825
5814,5098.507815706914,5105.294650562611,13.726251404847762,5111.744343689177
5906,5155.952816062214,5163.139974385738,13.919871258314501,5170.919645044856
5761,5236.083325727098,5243.56205856136,12.427104013360479,5252.251355735826
5557,5366.45686407003,5373.018086154029,14.253562932239953,5379.106053737312
5544,5440.995504636043,5449.410912361917,10.523709155938922,5468.043925266416
5915,5500.347079235676,5507.4363818646525,13.07128417766233,5515.258343268207
5582,5569.472281782849,5577.194742275093,12.455165197007299,5585.618784021401
7536,5573.504539084978,5581.531890932228,11.238012423601285,5635.4491186675195
7517,5575.2803998761865,5583.381136611223,10.630902135790365,5637.9627471299755
7838,5577.083236159503,5585.325454539211,12.04308426089915,5640.320757270731
7782,5578.992557380596,5587.0554806615755,10.975429436376164,5642.349196514946
7584,5638.323728954686,5645.236656501765,13.871109491751978,5651.554645951049
7646,5709.961747765863,5718.150883994884,11.510102635307861,5725.896322530239
7558,5847.405182715536,5855.054569411762,11.554524880639473,5899.534328605823
7581,5855.421609485636,5863.173044598525,11.778224584002276,5904.339691568817
7609,5914.680774390964,5921.567456293649,13.299433990569904,5927.767134707869
7799,5920.259830261557,5927.475149110604,12.013034262400613,5934.352397274878
7572,5985.656502629727,5994.439751562015,10.272261803800601,6003.364057170351
7532,5987.573387014709,5996.291930109009,9.294616156777755,6005.414653838654
7583,6054.491344969227,6061.461824673841,12.832296218370105,6068.975461598043
7598,6131.093310981532,6139.426844631944,11.008470702887621,6167.575685943152
7566,6132.92256082413,6141.354106202089,9.376988523418378,6169.486110303446
7589,6401.643328099676,6409.067199296911,12.395284467071727,6427.069540347039
7797,6409.246744098025,6416.529829218109,12.13365854616555,6431.513330741301
7806,6410.991391555921,6418.25374993664,11.907434969654085,6433.585086940759
7614,6471.183514567914,6477.229330783514,15.740515146118573,6514.947053987085
7551,6472.938667978224,6480.233840272996,12.734074342684673,6517.323721062284
7819,6880.844727926665,6887.332100182421,15.086260541161273,6892.816274703574
7777,6882.924978372036,6890.484872394112,11.47256588516028,6897.530393537962
7780,6884.938037475954,6892.308210350125,12.261940128862467,6899.281567724859
7531,7158.639012847863,7165.341627492275,14.181407955165392,7173.034860903199
7588,7160.395223060198,7167.085812763826,14.792891752459582,7219.237723850428
7567,7227.321018863173,7234.352908824464,13.019451734394126,7240.654276220263
7821,7235.327864294965,7241.508180042315,15.292939141955962,7247.61022503716
7805,7300.136783752065,7309.204803269813,9.567102503264367,7317.824126111593
7575,7432.456469936436,7439.303440631867,14.20012372868758,7446.89078278395
