701,32.13319856463202,37.07166241596899,12.023942804381752,40.83535409057027
888,104.12143279410546,108.54628885605561,13.476414429607539,112.44020077552904
722,195.64222191649853,200.5515596795752,11.525314532706776,204.45291028493747
713,408.70235493766535,413.28262665077557,15.765291670818709,415.4749589072203
696,419.68090923982584,424.2799603950449,12.419375916841263,426.965665006556
833,462.4639663380705,467.04800016707975,12.699445010532502,470.76426656503963
848,484.853883679639,489.4831941134783,11.888872954374792,497.9965573899398
799,554.1520454741861,558.5454593499383,13.057772743701776,562.345908544326
720,645.8418882188333,651.1414673979813,10.37943096576437,654.9537376421143
702,678.8341269253741,684.4586483298931,10.82074271812788,687.6662283721072
707,684.9344967555852,690.4704054599061,10.915469777062285,693.4659448865426
873,826.5747989922957,831.2943051959979,12.395926726069279,857.9702177856459
785,927.4406260694932,932.4209837957679,11.737285538942457,951.1393484009865
724,1005.5151834541794,1010.3805914476752,12.255096082464345,1014.4619098236138
705,1098.7080304009003,1103.3953702386953,12.619015694343307,1106.9697118974523
905,1466.0262169685861,1469.6507611356376,15.550559612267596,1473.484254843708
857,1714.1601395213636,1719.2744893635004,12.269612685671996,1723.414910927357
698,1760.5440334733858,1765.069510505874,14.789090331577295,1767.3402802077358
865,1816.8324890796353,1822.5045919283432,10.5888302323234,1826.8294912389572
824,1818.7843563400252,1824.3554336215734,9.559491978906504,1848.2514676042967
2879,1904.6000385850657,1909.2674047597757,12.11968405140114,1913.362321327055
2916,1908.2145974408654,1912.0911709240481,12.347548378965858,1938.2331183825047
2797,1996.7478527194985,2000.57163479402,15.291309228193564,2004.9100511238198
2717,2299.1147552977427,2304.1620783762037,11.25075667371236,2307.0036187864025
2696,2352.9448085758563,2356.3882205939967,16.40300440205393,2359.943280375648
2789,2585.0701024740147,2590.24432580845,11.652753110185959,2593.176919698853
2728,2624.467645854058,2629.0485292925932,13.16869513295897,2633.066568550868
2884,2627.53890116073,2631.6306408646315,14.488007426315072,2658.921621797255
2886,2713.773730904631,2718.0683390018585,13.1805674513922,2721.9225110426646
2830,2894.0930811887597,2898.5457830322216,13.088179183004172,2901.997286433155
2722,3153.454836175448,3158.294269495653,11.793259222024147,3162.3324185370575
2731,3203.095645054935,3207.2090689018146,14.621927447921603,3209.515877775215
2913,3258.0263998253795,3263.1900545162507,10.794248309847575,3267.1236961596633
2807,3344.325146160306,3348.5984547688827,13.013109703889356,3352.3438207029844
2882,3440.23691250475,3445.454385916197,10.670663842655285,3471.381683507145
2835,3524.7140109745023,3529.458850373338,11.725091310680146,3533.660988546399
4796,3740.7761883183084,3745.15397004768,14.95847694951956,3747.3671886204515
4883,3975.6032139405265,3980.345708760702,12.032344041168974,3984.5252463109973
4708,3977.6006381256966,3982.4008656218903,12.135090368789095,4008.335106912417
4852,4068.915563374904,4073.226551731249,13.210721866216414,4076.766585073631
4702,4243.389405919653,4247.407130269103,13.653083761377651,4251.14532117506
4699,4257.584827272906,4261.381953358197,14.739571732693065,4278.01408625222
4730,4368.9149609221695,4374.069490288624,11.109581138482252,4377.090033845942
4707,4516.764125187462,4521.332354872336,13.169902628306591,4548.186777469141
4911,4518.52826287657,4523.092992611603,9.718089695806585,4550.607945890522
4793,4622.078683308612,4627.0264001492405,11.898791047033004,4638.10534862611
4803,4783.406212234103,4788.005466342527,12.228372856775747,4791.9235956678485
4774,4997.753030066624,5003.273759513979,10.467639225914105,5006.312669481727
4792,5184.606762762662,5190.431732196689,10.822748854324324,5193.5777523558045
4698,5271.995581839447,5277.336280743289,13.085520839927733,5279.9332050941575
4700,5361.262117815185,5366.013249228769,12.385215007355516,5368.63806896133
4704,5363.343808429899,5368.343516256085,12.23739278204671,5371.050776380277
6873,5438.654408625711,5444.011103480902,10.588223681571366,5447.149559215563
6857,5593.966371410358,5598.30739032678,12.844929727238057,5628.513490534314
6851,5774.582250439512,5779.297679723653,11.962480872438807,5782.850319444101
6807,5853.552780478292,5858.123679463913,13.888949502672034,5861.898599714202
6729,5865.567717537776,5870.400073209952,11.992397423994365,5898.153488228058
6838,5958.839215274939,5963.479466273437,11.678645313894446,5990.5515654829205
6919,6044.606381312145,6049.024782333255,13.113979109470632,6052.8295499541755
6787,6065.710441356043,6070.500694594802,12.314527053643731,6081.142412115736
6724,6495.426949066061,6500.197177848137,11.505320859509734,6503.89961105434
6848,6584.668846439166,6589.132388876119,12.656167114245676,6592.752161857319
6831,6663.610133558481,6668.386488804117,14.66759198192574,6671.852071184482
6896,6764.621534968953,6769.475231021888,11.641661401663237,6774.20035248723
6839,6770.451721905089,6775.394433283127,11.30248772113197,6801.280119068444
6879,6843.39480209601,6848.420863666083,11.163784990957202,6852.376714046678
6715,6854.748542315978,6859.512316026083,12.456272703783329,6888.201301645997
6707,7024.035256086188,7028.423868512363,13.9658792407354,7031.934705361199
6721,7034.8736525052855,7039.534480751725,12.168260417518985,7068.421564635464
6723,7125.974574822761,7131.459715798035,10.440665491208344,7135.764080695925
