383,343.0,348.1522850164816,14.690420699074847,352.6037281714399
161,383.0,389.3500656790939,13.10173620011014,394.3313136115971
381,410.0,415.58089566799543,12.450669790325986,420.5572145427227
268,498.0,503.491196439972,13.19528776465833,508.1364709939334
172,658.0,663.3665988240049,13.327425674985617,668.0997816406385
175,718.0,723.1626152493543,13.929731662444693,727.5497076853853
310,870.0,876.1411498299585,11.524002085452672,881.6716722365818
258,966.0,971.4717567133587,12.986695595734293,976.4366842658251
334,1018.0,1024.4357247580413,11.189281266016192,1030.4473425935703
247,1083.0,1088.0456836152716,14.553836746453072,1092.4700548151916
209,1294.0,1299.2132960564395,13.650518974865474,1304.138068618095
186,1477.0,1482.423209953384,13.73723888730502,1487.148758426366
343,1679.0,1684.022478711377,14.852201158406027,1688.2584421005795
228,1708.0,1713.4511585191024,13.167847849072672,1718.2617812970177
2336,1835.0,1841.339769721793,10.971866434008712,1847.1147669568181
2273,1929.0,1934.1793296658316,13.88364045298763,1938.6696179816574
2340,2064.0,2069.4674029154717,13.325989313745644,2074.3516157334675
2300,2067.0,2072.4703684009664,12.593725665289178,2077.414617280115
2308,2152.0,2157.475712335044,13.458015413557993,2162.2479080418534
2276,2200.0,2206.3820525468127,10.45869472702339,2212.1633257503804
2343,2428.0,2434.316399864263,10.853900256800141,2440.1176260780967
2361,2482.0,2487.434952393692,14.015787961961689,2492.1659251896876
2395,2483.0,2489.133213980373,11.89608101747381,2494.495166872212
2236,2533.0,2538.1734612515866,14.275705002756501,2542.656002119823
2266,2544.0,2549.039794617701,14.215720595525035,2553.453879444932
2334,2576.0,2581.5415568324815,12.874343537283487,2586.491413356324
2234,2601.0,2606.052565587584,15.269373213646517,2610.312228489881
2197,2724.0,2730.1088855036132,11.05333037497726,2735.861019617638
2353,2829.0,2835.0280147637045,12.563749812815939,2840.2457369642866
2312,2868.0,2873.10005699538,14.05038611305623,2877.5126171798474
2399,2900.0,2906.287846131719,11.892365089586475,2911.8264884505297
2355,2906.0,2912.5160417266957,10.86749494988921,2918.368167267185
2365,2992.0,2998.1692607444056,11.97348084022231,3003.6918482401848
2225,3024.0,3029.2570997678954,14.307654180417028,3033.789717054215
2320,3067.0,3072.451142008085,13.70394288982847,3077.1148349005343
2242,3070.0,3075.321942706326,13.704642652465791,3079.915047126177
2287,3096.0,3102.1882930537845,11.573215292531437,3107.8942235332574
2280,3152.0,3159.350452761908,9.031905631169888,3166.062178136069
2314,3225.0,3230.5878271633514,12.483823234739193,3235.588460850888
2386,3266.0,3271.0469232408564,14.658294864254241,3275.4895815459313
2171,3297.0,3302.2586204719264,14.152151441477525,3306.806080324893
2185,3478.0,3484.158816158843,11.698740299781237,3489.606601844818
4211,3667.0,3673.3016389415643,11.49969319181885,3679.033163861528
4309,3868.0,3873.0999113197026,15.271153014276097,3877.452067498042
4269,3901.0,3906.218604691868,14.702476023129767,3910.7302478238375
4330,3928.0,3933.563557693846,13.775579006686202,3938.412385031637
4245,4016.0,4021.4678303049695,12.955848419159828,4026.2700770677984
4399,4117.0,4122.324395102164,13.688599300576081,4127.057889076277
4403,4120.0,4125.135863454333,14.417167587017442,4129.572844678821
4352,4172.0,4178.086698612224,11.722044172676542,4183.584741100936
4231,4318.0,4325.039676831959,9.98905327354506,4331.617702210797
4183,4433.0,4439.182415223335,11.672906248286905,4444.609629664229
4175,4438.0,4443.22029421193,14.862385607905944,4447.658279439065
4305,4565.0,4570.150174547922,14.780125800599519,4574.604806649376
4279,4593.0,4598.414192558585,14.067162540118973,4603.177177170347
4360,4658.0,4663.0252801728975,14.741646313533655,4667.388014877929
4158,4775.0,4780.199588592556,14.352443719457723,4784.543981711833
4336,4783.0,4789.253779632047,11.731275743440463,4794.852458448329
4254,4799.0,4804.405982047083,13.131427313799811,4809.169406469498
4394,4823.0,4828.300527944829,14.183395261153915,4832.945248784202
4277,5010.0,5015.116351813106,14.914775380050722,5019.541375267849
4283,5016.0,5022.527025078328,11.065438577141157,5028.496092669328
4173,5041.0,5046.5697124246735,12.49219210297843,5052.429624621967
4237,5048.0,5053.135706087095,14.644055873161557,5057.435486269562
4334,5077.0,5082.6033091553245,13.4774199513409,5087.552984039548
4304,5123.0,5128.41420413487,12.887212353965737,5133.20001794674
4386,5202.0,5207.212729377075,13.853682850655074,5211.690742747559
4328,5221.0,5226.410151273255,13.504832404602078,5231.015330742462
4349,5290.0,5295.242461240221,14.418151744602358,5299.733437027736
4252,5355.0,5362.34311654324,9.550082777066212,5368.993182744924
6354,5493.0,5498.101632818579,14.788403618863772,5502.4583764054705
6315,5581.0,5587.417956815937,11.217490894456025,5592.96401165696
6406,5629.0,5635.399019032917,11.581460435247612,5641.1573541140515
6163,5666.0,5672.243502305587,11.87208660242122,5677.932302491909
6390,5717.0,5722.167323335754,14.30546379171897,5726.714214936403
6353,5933.0,5938.360680332778,13.701269841524008,5943.0002835032865
6385,5944.0,5949.385293481986,13.94369130191439,5954.182286206554
6279,5988.0,5993.262949881892,13.720266705951426,5997.942531417417
6313,5997.0,6002.550050856737,13.343058375195223,6007.428954118155
6364,6040.0,6046.3540403861725,11.590852769194036,6051.883573107414
6209,6086.0,6091.273351645531,14.143602881736266,6096.184747611617
6195,6175.0,6182.061513906247,10.127155507896072,6188.3887840494535
6289,6196.0,6201.55349526617,13.08429114841125,6206.407109886781
6233,6225.0,6231.103951142703,11.975266568026202,6236.5995544270845
6397,6252.0,6259.448933183207,9.96513649348478,6266.076421165352
6326,6275.0,6281.098613213195,11.679768149594523,6286.704697610866
6348,6293.0,6298.598887099957,12.808906515115059,6303.320687654964
6344,6384.0,6390.434389905655,10.999341655388083,6396.297280524108
6308,6388.0,6393.0224865294385,12.676538181859081,6398.210922181135
6337,6421.0,6427.4397561052265,10.948058678785662,6433.129977994213
6264,6422.0,6429.210722069376,11.856795960489576,6434.88263516289
6220,6453.0,6458.414838913595,13.23006726036481,6463.280100440784
6376,6581.0,6586.208741620295,13.945119948505468,6590.747083814666
6316,6663.0,6668.348103454757,13.59075674371797,6672.901772494655
6286,6664.0,6670.307214956247,11.662730660527222,6675.954861905808
6224,6886.0,6892.434390258228,10.991949648952897,6898.174250636962
6360,6940.0,6945.259139858505,13.769688746577048,6949.949421010151
