515,107.00020442438158,109.43593249181147,14.501550992936112,111.71377827108725
506,491.56020598290144,494.37187062468934,12.336233911952862,497.9330692801086
511,577.145170632536,580.2590833919456,10.881787896145891,583.7451786931191
474,1441.1463254450293,1445.2757289277856,12.944677860480647,1447.7480236332894
2485,2932.3844792829364,2935.3958793385236,11.637327317438523,2938.967053484714
2427,3139.216989128918,3142.1525509694625,11.093872462132792,3145.749199695879
2433,3215.0,3218.521630868955,11.674085349139528,3221.9877754108315
4413,3672.422947444012,3675.090220523912,11.981847522494027,3678.6074305663956
4479,4141.29964380307,4145.388058364702,12.22894640771207,4148.039252128951
4493,4651.8511205056175,4655.357941762322,9.065735760110039,4659.4088423726635
6439,5761.441686609277,5765.591496969367,13.016358384157275,5768.047269656941
6473,5831.403739938924,5834.3215016679205,11.8847869200451,5838.188264807231
6514,5990.136533572816,5992.56358934695,13.836864046620567,5995.860749223867
6501,6076.88886298497,6079.322993929361,14.245432108278576,6082.520152567838
6471,6215.195151109348,6218.209404533452,11.030655700406822,6221.156101796471
6409,6342.531322190572,6345.434063421722,11.279333626035678,6348.879663232935
6490,6733.161773727986,6735.413230692668,14.416449749070262,6738.7753019023085
6507,6755.098482627515,6758.248620382478,10.505196108387565,6761.196119042741
6480,6819.846358685362,6822.399087420186,13.58258713244072,6825.878587405025
6479,7216.811718632628,7219.589257280841,12.48655067159978,7222.166388249835
