801,10.420941975159316,11.058447723286827,13.347850720666932,11.604940455662952
808,212.16323426078526,212.66653937166464,16.482043215933345,213.1144713611975
841,305.77481656956536,306.43784618213977,12.651607182651508,307.0135234943682
1025,424.81415541548154,425.3378994378458,16.028220948706984,425.7930031848574
1014,698.4506617043945,699.0962435427098,12.092111888710223,699.6994883256575
917,728.07909391085,729.0396340125974,10.133851516307494,729.7594495141317
813,905.4267198802612,906.1767421107581,12.217105627771069,906.7738150700934
693,936.3987323768082,937.2729574267108,9.559091870694918,938.0361035840693
719,938.2855443983593,939.136392312089,9.69993357561222,939.888408122798
757,950.7222324089262,951.4880768146294,11.604957546637934,952.1040012132687
885,1003.3216478388581,1004.1144589535891,9.798048247389291,1004.858944306948
875,1201.7811101531772,1202.410927474306,13.293328257757747,1202.9596616415697
1008,1327.4114388209437,1328.0978797959795,11.796680078342739,1328.7162320241694
736,1401.2910084137573,1402.2551998568545,10.052028169242702,1402.980874644954
710,1443.5134927251443,1444.4091428181582,10.53614542447152,1445.0890884336309
884,1558.4647271685058,1559.0891337708174,12.583027845082523,1559.6688434799187
1007,1700.5260583079712,1701.1703751682958,13.141706982795737,1701.725440307188
2726,1986.4934654288122,1987.3404739252785,10.65941319680449,1988.024126822974
2864,2076.2216777286244,2077.0343793392435,11.453634318678313,2077.6712517247875
2714,2438.3979635896903,2439.1263018959216,12.292174554512492,2439.7197285007373
2855,3155.437165738209,3156.0629756125954,12.634799401253265,3156.6403099398
2844,3608.5275068634496,3609.222698694903,13.575371371967695,3609.76003231266
5034,3863.5136856445665,3864.1289962463998,13.559876351438554,3864.6669438812182
4837,4323.625171549222,4324.502027078881,10.081320639654978,4325.215568411895
4716,4414.257013442346,4415.287538496125,9.082813002978792,4416.070485488309
5000,4846.89878555421,4847.571369463869,12.311885406161855,4848.161050280263
4888,4957.129183063353,4958.11899776049,9.550476033176789,4958.882782035362
4723,5225.655104455664,5226.389918256827,11.95814511437515,5226.999921174664
4879,5316.398001997126,5317.26159912182,10.745829511668408,5317.940420929272
4915,5318.303605802586,5319.096200497679,12.237743765720738,5319.692266533326
4910,5409.815993292469,5410.534791704544,11.525845730987013,5411.172929483027
6902,5583.49075436209,5584.399760250455,10.173615639385178,5585.09606977499
6806,5587.754767052531,5588.50995713581,11.649682456617553,5589.142153470268
6826,5589.698057426274,5590.421208764442,11.750101434926155,5591.042384771567
6999,5746.547758250948,5747.209934050602,12.139032143943764,5747.810847148548
6841,6058.606935604269,6059.178296602133,14.224547919771545,6059.691107515549
6865,6123.595109794551,6124.47557896069,10.377886402129198,6125.158503082172
6998,6375.555267613808,6376.2488402221015,11.982394993225025,6376.857608620724
6718,6397.120664435979,6398.088126570263,10.614657808796755,6398.775336986566
6828,6483.439274999605,6484.394702040729,9.60217439369741,6485.136540034429
6821,6758.613779669903,6759.343402467114,12.673538416600174,6759.918972065114
6847,6760.365088419723,6761.0319583296805,14.437860656018989,6761.537192698226
6808,7023.361573107787,7024.252791854461,10.518497516471994,7024.946284760674
6771,7162.844068523177,7163.54534741569,12.311043436660851,7164.119891324023
