382,533.3943796739642,538.1851903206881,13.687563129959468,544.5438741016779
387,714.2470923812401,719.1164077537125,13.331473530244596,725.233849227623
2351,1881.7078587232158,1886.115258755983,14.632868452274199,1891.8496843284681
2369,2422.0840093229403,2426.606328653978,13.507550491002387,2432.90567119018
2338,2494.249085717517,2499.519841783214,12.571975706558316,2504.910674732365
2361,2582.346592263071,2587.040419976312,13.901306510825329,2591.931256112238
2395,2585.730573432446,2591.0320670008778,12.494019252876166,2596.505427959681
2334,2672.401330475932,2677.204747073373,12.767010387767915,2682.289954818177
2379,2944.0191706894943,2949.092557114718,11.954221060895039,2954.514782374504
2320,3142.8794027751956,3147.449101190007,13.421512904100561,3154.2100443264058
2314,3324.1839554250582,3329.0616085244314,12.294230927658699,3336.0218537899054
2318,3495.6138566597565,3500.3777042277275,13.386178391470352,3506.9010039804048
2382,3663.3038504147407,3668.290284129194,12.275885156585693,3673.6620999075367
4330,4026.684349310843,4032.174585062844,12.0585363106922,4038.0684679123165
4399,4213.944179030333,4218.492043672576,13.480177228792979,4223.322228438071
4403,4215.662746230845,4220.298921490719,13.92954518875104,4226.113080389452
4331,4580.924477422153,4585.470432945991,13.956263320146054,4591.550274684699
4305,4663.8119882483315,4668.198287364337,14.677597226764163,4672.857162260093
4328,5302.515163381852,5307.122249480964,13.575874850667558,5313.490390420627
4349,5384.068476001463,5388.46363453124,14.409626057537372,5393.246035025412
6406,5734.92616814938,5740.545187895174,11.467269827628341,5746.490544105223
6337,6533.421185786014,6539.099221467944,10.921913267074085,6545.15914327168
