377,57.53410999430545,58.357124324819274,12.000874112532419,59.180726133712525
187,229.04126284578507,230.0304896362987,12.109068064692456,230.86180843940275
1568,275.2891519324939,276.20956645595186,11.738774200542313,277.0621563669647
1401,277.4277882929212,278.316822491775,12.302922433154775,279.14294939268075
224,351.2658476605009,352.13437716911625,11.310927911346358,353.02430668788867
232,363.4531271727336,364.46279812576546,11.346318036272045,365.29895483260384
57,474.86734170301855,475.49880599773365,16.046239704878705,476.13072266520817
239,498.9464035309594,500.0567172951363,11.464079361826714,500.9348075152515
244,536.445221218361,537.1545701020219,13.512312682884241,537.8995570044488
1405,550.1437596244169,551.190370871023,7.298084693961155,553.4874660255467
75,662.3649137844728,663.1449761886564,12.52992226788751,663.9483727106002
1559,727.6272840406342,728.5438906125833,11.663392655054592,729.3576730004708
1244,729.5778410886048,730.4064225743748,12.433367181211686,731.2686076910749
220,836.5581931147457,837.384286691876,12.430815535711368,838.1904693242294
242,838.3751931738016,839.174615454926,12.215451304858284,839.9986943791522
251,845.1316886290552,846.0818427284961,7.415078906102815,847.901718176337
80,903.9567405258146,905.0297882699459,10.518737543186651,905.9867943677705
265,977.2014741658279,978.0459354931955,12.094938132621195,978.878225485907
266,983.3001518902479,984.078572660843,13.587642922292954,984.8194293368547
1410,995.4879973183943,996.4806043427224,10.632751974811304,997.4149701123226
1254,997.3749408976739,998.2960732294789,10.609157458403864,999.2501794331107
185,1128.8297900877938,1130.0140980948172,10.2866797240705,1130.9926933500667
230,1229.5300151473803,1230.2116761621987,14.502932140837128,1230.9057769048964
1556,1264.1150866290363,1265.2497272827088,10.429120292780294,1266.190881898327
228,1284.3631795837425,1285.1567222876283,12.106741724479118,1285.988200830686
223,1286.2039775426078,1287.0023459014485,8.121560466360211,1288.5424541041625
188,1333.3033120505092,1334.0250596615135,13.45739470358742,1334.7730867642308
1588,1355.9198164768502,1357.0138406165743,9.328200994328595,1358.0923686462486
1573,1362.1339452381437,1363.1139166965,6.903707342924647,1364.976040159383
241,1409.5969690381864,1410.4467475061672,12.462940829895631,1411.2690432663942
92,1443.5023801553045,1444.5069070930242,11.200143766102594,1445.3586320841416
1255,1445.5244755947097,1446.493759730264,11.31880678818876,1447.3276281898106
1260,1447.518515488387,1448.4327218890671,11.18247772226892,1449.32457644101
243,1542.608320026342,1543.470091531296,11.21689753660048,1544.336363804147
256,1544.3760242951669,1545.3003595566568,11.714406105991845,1546.1709125184009
86,1554.85704396861,1555.5989243293986,13.728836646918786,1556.3495974376547
158,1579.180948051956,1580.3062999833191,10.479878403294236,1581.2383211101985
264,1592.8627918890438,1593.5759317034992,14.270454699210951,1594.2884303160827
1251,1626.0599434825733,1627.001997243144,10.523711708203601,1627.9585509999708
1583,1628.3052965589163,1629.436383807498,8.908436345674593,1630.6284140390694
226,1730.4019836611249,1731.2065467743284,12.84974773084773,1731.9899470543262
231,1810.940631422974,1811.6402812848494,14.341773266531957,1812.3757146909177
2218,2087.779626014758,2088.4728074422187,14.824587541185254,2089.1614649614485
2227,2097.6765428843455,2098.5027049165983,12.198211427961333,2099.3268598365266
2078,2099.410579352517,2100.378290752465,8.357172973515128,2101.961960583275
2246,2171.7051927610282,2172.423859481264,14.409155195565347,2173.1290099459534
2091,2199.131544026634,2200.116962946785,9.965614143299044,2201.127057248722
3584,2253.4695249721067,2254.4599430645526,11.48414996979276,2255.2914721422026
3255,2258.1723376800546,2259.065850385463,13.39545687084485,2259.8173362113894
2221,2262.3493283234925,2263.243871459123,8.549828926079163,2264.818137228938
2238,2304.4678083758286,2306.0801325661846,7.9407437567739425,2307.356185994873
3392,2343.9076532919057,2345.0535130603917,11.34068017058872,2345.9411578770005
3241,2433.449090195338,2434.4378012398897,11.555748511250613,2435.3308669877392
2243,2450.6691023434596,2451.5290601955767,11.569755653280327,2452.386999735561
3587,2524.0610085294566,2525.2009019741567,10.30990743800405,2526.1541776060653
2231,2539.2834806198034,2540.0782168961678,12.32231958447794,2540.8951487977656
2217,2621.3734791453935,2622.153365274909,12.813080715713033,2622.939007400608
2215,2624.340285699693,2625.1979886398703,11.556111835667373,2626.071810435952
2264,2626.1574279411125,2627.073854696088,7.673526771082771,2628.9274299911367
3568,2704.0767693999396,2705.159684270965,9.958357772629185,2706.1857037771942
3553,2706.254335834984,2707.2272749845047,9.36686146352433,2708.312043880276
3580,2708.4488242357793,2709.3987331812823,10.306030278471392,2710.3417404294814
3407,2710.421560144093,2711.4359485037344,9.084144743113407,2713.155666570195
2239,2802.2873010451176,2803.0982764784803,11.834045418128817,2803.9489150906006
2245,2811.2161202690936,2812.111152488076,11.509959765419731,2812.9857425105797
2240,2891.300350884821,2892.0188062925376,13.009274496460987,2892.7926000942584
2250,3063.9281497003817,3065.000572390187,11.498889720838392,3065.8760043853304
3250,3068.1839145842864,3069.0571588997723,11.799700532164795,3069.9102734294847
2266,3073.7540127969523,3074.563301059978,12.578484925160115,3075.357578162165
3567,3156.484106955832,3157.4385748924074,11.346553541240214,3158.2817093935764
3403,3158.44719456724,3159.317096105375,12.237843340565611,3160.148553890306
2230,3162.183343532399,3163.117323858814,11.073160272879793,3164.0275602045576
2223,3343.400207421384,3344.422312778636,10.190917520608695,3345.4180596158953
2216,3345.290903204666,3346.271734520053,9.544814981204295,3347.3293165964446
2261,3518.327716240953,3519.3583756917587,10.264851489759131,3520.3033373031367
2267,3522.22769222698,3523.2499017038444,8.353650870614642,3524.9861912282954
3585,3694.1785059652902,3695.2783404081833,10.665976480807744,3696.207347535279
3409,3696.1718038787803,3697.1717574428744,11.639125524003154,3698.0382913311123
3404,3698.1081294917085,3699.00183249709,10.630947592524455,3699.9487373597685
4171,3765.546078647344,3766.3504979947047,12.320224770132198,3767.167289155715
3562,3783.973653370816,3785.0307645118855,11.359808474781596,3785.9169146606837
3552,3786.1122798102597,3787.0841908719312,11.896493520547683,3787.930364238299
3248,3788.535657948559,3789.420379527622,12.25284161916957,3790.2189642690423
2053,3790.586322452084,3791.438642124254,11.908030065162997,3792.280267045061
4225,3792.4044421512945,3793.3807683125433,8.282219809446955,3795.505689058821
4230,3875.509383477605,3876.4779060639216,11.2578055165223,3877.380229636396
4079,3877.5075587496935,3878.40850476033,11.000453159997083,3879.3063637418345
3254,3879.7282133847793,3880.5362960173957,12.91533897725581,3881.3451988752654
4259,3918.8964326756895,3920.0600213946077,10.631405892668928,3921.0084656973204
5405,4057.634165061914,4058.495836248707,12.040503304311756,4059.337443903434
5254,4059.7683838329426,4060.5642499848445,13.250233017695697,4061.3437011406813
4233,4106.013960590199,4107.106993404649,8.53683915781342,4108.361450862809
4228,4112.346023623703,4113.298624386815,9.264056129507711,4114.370812716523
4235,4143.419678090315,4144.476292517109,10.458481649618122,4145.35595896132
4092,4145.5504441645735,4146.4886501870915,11.424890967635672,4147.313677281314
4080,4236.026727364605,4237.008134106008,11.358119623380261,4237.894416017453
4244,4245.0649527476935,4246.075697188144,7.966765269294472,4247.779629487575
4179,4284.837226000086,4286.028346203688,7.7593073191576565,4287.308312198794
4227,4332.538170860374,4333.458561746172,11.197842134901734,4334.397903828989
4242,4334.371919866056,4335.340438575663,9.601147190904035,4336.326529043012
4268,4336.261934328919,4337.266140636191,10.746790279835434,4338.197239959722
4241,4338.422542400858,4339.441071810524,9.017647600062944,4341.345522097864
5416,4418.639569377153,4419.530490157421,12.306428810128752,4420.339004599674
5401,4420.541229829245,4421.335341402547,13.502991617717358,4422.104155723076
4238,4512.398682699151,4513.360703465277,7.880934935505452,4515.774597967859
4381,4639.085651590011,4640.209166135625,10.99315898010225,4641.110974214976
4234,4649.597228375827,4650.392083234286,12.507157921570991,4651.198189090277
4099,4709.662997457453,4710.443875779072,13.120724843377518,4711.224442396664
4166,4819.011675652515,4820.0450401288035,10.06625276344602,4821.041223896151
4272,4821.651889702098,4822.43337144701,12.655784624629556,4823.250364172073
4239,4878.5528469613355,4879.258758078287,14.82635079128259,4879.937717864951
4250,4908.457869929506,4909.486208007232,10.830689406096974,4910.349497896932
5570,4958.303619446511,4959.4340370087375,9.334745719763365,4960.594175307555
5407,4962.997088969431,4964.068221480574,6.974841183266819,4966.272269028814
5260,5046.1813818926685,5047.155691499012,12.240275659126333,5047.978099118791
5558,5133.999028320087,5135.163628586399,10.00764590903226,5136.140255250535
5238,5136.125516275795,5137.143906663826,12.02042154141545,5137.981356160549
5244,5223.188113892726,5224.178206090476,12.092689472310019,5225.009918530562
4207,5323.138101806167,5324.10117588755,11.307693036523107,5324.991410167676
5259,5406.063405532211,5407.076237942629,11.416653505166963,5407.95797583243
6266,5501.663454165314,5502.431613855157,13.090188449240971,5503.206161052088
6261,5537.226779150506,5538.107385719741,12.06964793946562,5538.941419655173
7243,5587.600462967657,5588.490018581976,11.986522463358176,5589.339358819019
6260,5597.3630426763775,5598.308067129677,11.128925363231772,5599.227606081311
5252,5676.188658535429,5677.1545118650965,11.63181302231246,5678.021013232394
5589,5763.4238331719525,5764.473640231902,10.969276361754957,5765.338762735307
6243,5772.160015448563,5773.023743685409,7.407256429282027,5774.975185772681
6075,5856.026836313279,5857.097364244302,10.734529882454156,5858.034034823422
6244,5861.640203618197,5862.460284785171,12.19954182840316,5863.295147760199
6215,5863.555242604639,5864.391195310772,12.10183283584383,5865.223462064706
6265,5922.654971225061,5923.440439417495,12.763240720142836,5924.243771095045
7240,6034.009148198953,6035.063795274274,11.461941185420839,6035.942049298386
6245,6042.435063326388,6043.3588278755215,10.564870046288387,6044.3057843439165
6222,6055.636353858223,6056.387711927761,13.30764119852775,6057.1430359590195
7560,6124.054106907556,6125.1829962598595,10.481814741858681,6126.131098146547
7556,6126.114358194622,6127.098971364226,11.783308606074558,6127.953272673542
7247,6128.175242091801,6129.071276417458,12.607647906545905,6129.869720032385
7409,6216.125091150107,6217.075460294247,10.792953398343284,6218.008350428887
6224,6224.592990741353,6225.288101651694,14.99468861867981,6225.959439098321
6209,6227.872502742627,6228.56063135689,14.71610127273536,6229.270768423972
7558,6306.34212004033,6307.357319164858,10.783531869443713,6308.258330729258
7403,6308.40017624442,6309.298456942516,12.704895644682704,6310.084258695566
6223,6402.976843259827,6404.009643151809,10.802976714475582,6404.941469280505
6051,6484.141117702524,6485.164451461796,11.50099706147429,6486.043075975361
6231,6506.986189363995,6508.0191251456845,10.093347614826909,6509.017382741764
6220,6511.240995974274,6512.264970649978,8.817631792712008,6513.830380629252
6069,6596.158881797779,6597.087770554135,6.822230712539342,6599.196106760151
7237,6666.092827212311,6667.054938921194,11.418918867206274,6667.936501885893
6237,6761.818700562845,6762.604756837049,12.757558878365257,6763.375757430624
6062,6780.100444610226,6781.077737242241,10.628469983292314,6782.026446765317
6106,6782.050872844367,6783.0107932050805,10.556338118299996,6783.964390547022
6249,6851.60026484441,6852.372541679136,12.860132849214887,6853.166864084486
7578,6936.045837870497,6937.16231822583,10.475662868218663,6938.1469021415
7571,6938.054940258552,6939.015058963374,9.047320347808958,6940.1407685654585
7562,6939.958626119108,6941.068669796572,8.856145474679389,6942.203239938837
7559,7023.89480807592,7025.00982327092,10.289784671665155,7025.988123234569
7583,7026.104066279837,7027.054296732567,11.580431562033027,7027.923564506944
6271,7101.470520078313,7102.253939511997,12.314605422795132,7103.069227028637
6074,7134.39006971832,7135.133459570627,14.19994552212339,7135.84237045726
6229,7193.538062490645,7194.372602674639,11.7403108879256,7195.216084530556
7257,7207.680178136112,7208.508456508285,13.021090911125874,7209.292848430333
6241,7293.448973954922,7294.496360893081,10.503002869486055,7295.39678470562
7392,7295.432083774642,7296.34194237336,12.37334410154346,7297.16649288765
6233,7311.663779643404,7312.528840055258,11.824212197937749,7313.415383440879
7244,7386.022026464438,7387.040265647007,11.512677603707955,7387.914649201967
7259,7388.053384306264,7389.006245810634,11.413630356604815,7389.888217247918
7575,7476.282928799807,7477.308819464746,11.207736623449179,7478.193254201066
