1636,38.27887012376703,43.484606245856696,14.50000853459144,49.79773180435154
1592,47.91394840379841,54.13300646063112,14.248024820610288,93.47407796527091
1513,59.246706324997106,65.15504190992921,12.330451985926825,96.31955262544643
1554,78.1779546717684,83.27518050081629,14.895026851271433,98.80002399235048
1593,138.05947835035641,145.4096640443178,10.161917890606471,153.80149291243984
1600,164.920047111891,171.2864747244807,12.014509518080107,183.69091478196884
1606,166.74294369808828,173.02558416396863,12.07984938838118,189.3905980380436
1638,230.5564923692308,236.63664085368146,15.540114057575204,242.69341429841552
1511,298.16753895642705,305.36601190486084,10.442554096789475,313.66736348879147
1370,300.12710963652916,307.35243419499346,10.45160461705512,363.3722398269249
1639,302.66336606382606,309.2655070017665,9.877718244766118,365.80377694252326
1603,350.13245868963384,357.34828307252025,10.489597924457527,374.60612804666977
1366,386.2483832199338,392.15492521663225,13.004339507484625,399.0
1605,425.24001896740396,431.479184986329,11.69258117814871,464.2617233489274
1577,430.46273664503923,437.409333091333,10.450926393472404,466.2576795394389
1616,496.63797484880376,502.420238877945,13.22135003330304,509.55347832425423
1493,545.4850705351188,552.2384087416797,11.517495682694273,558.7887990686376
1422,547.9069278135089,554.0895803823717,11.752867208827514,560.6252277753593
1518,598.4007461086187,605.144378366434,10.403441046680697,637.6531804444517
1484,600.063730222777,607.0145550381733,11.966491065068862,639.5613133207385
1446,638.8406739582975,645.2713697986361,11.178421299229898,651.6364209530686
1451,640.710383829126,647.1158687939359,11.950012046708885,653.4345884639368
1619,652.2486344489251,657.413886606518,13.978205495075505,662.5047580433568
1364,745.066405975352,750.3518000111045,14.027413662941095,755.7450619255071
1357,815.6082585295765,821.0569099527424,14.602698167247357,826.4191698810051
1588,950.4261783866359,958.2484635378148,10.006126228502092,993.7363208581335
1341,953.832264350321,961.2996853667158,9.841299346420737,999.1100291784807
1578,1040.999494672889,1047.4488642267224,11.376016573696313,1054.9476352251456
1352,1083.5746903902098,1090.2094465534024,11.394142965615904,1096.4870906461895
1641,1220.172570392903,1226.356807702273,12.083944044981997,1265.7771484205457
1617,1222.0912679055766,1228.2157686228272,12.304589994689154,1267.7750471201568
1488,1231.2001798759413,1238.1447283054456,10.355080495282293,1270.0646844270066
1631,1243.4238292723617,1249.0227700339499,12.820334556787088,1272.0362809995024
1621,1264.1608276571465,1270.567031591674,12.226708739005852,1276.368034071373
1746,1384.2396357153264,1390.0441641432985,12.217612177466869,1443.5227536364393
1343,1403.388671382978,1409.3846343198156,14.928671703351087,1450.6717594095603
1551,1583.2030242080225,1589.0094726427155,14.728824686206593,1623.5076490270087
1566,1590.2525415758928,1595.264259894377,15.051844177480087,1628.269445207508
1502,1647.5028984512312,1653.400463249185,13.002155767716326,1660.4214953155513
1632,1671.124574302933,1677.0347373884833,12.660002920789797,1715.981678791057
1425,1713.8052198618077,1720.1587059433587,12.997396194479672,1725.9600244711442
1618,1734.4720684778783,1740.531003451936,11.787384634099178,1746.6463318975111
1358,1738.8644888705926,1745.4565549564843,10.645174243934106,1752.8333919372794
3576,1854.2895798117627,1860.041461116268,12.539400957349445,1866.9856412751985
3551,1872.3352884445364,1878.5277626438371,12.111911252397473,1896.2946947744565
3608,1878.0034428034432,1883.4453965784817,14.117430404830646,1898.5126495846941
3437,1897.854667991842,1903.501535811532,12.502274328991755,1909.165750110972
1347,1918.6413744841186,1925.267075900497,11.909504871459891,1932.734569056977
3589,1937.920533458549,1944.3261499721327,12.40495059762651,1983.183447744726
3565,1943.080529691826,1949.5081493594066,13.751986850628823,1991.9048044978747
3569,1972.9573477998858,1979.0332246008468,12.86563041767796,1996.6619541883565
3590,2117.982779464146,2124.0135433671694,13.7878901811639,2130.657211094415
3746,2120.1422690197596,2126.405292052872,12.513704263900003,2163.6372650357785
3503,2122.1399972488052,2128.1056325633185,12.965242633015217,2166.276060272569
3499,2163.551479604372,2170.3732094459892,11.686532431598847,2176.9495543112876
3441,2165.5295045847683,2172.290691201771,11.80900160622176,2178.881779785475
3588,2308.0682601580825,2313.5362705237294,13.88346801636477,2320.074634573006
3639,2370.2716864135664,2377.110651020954,10.676619493015972,2433.1367553404575
3529,2393.1521649360784,2399.571120048824,12.871754162287111,2436.0288792727997
3610,2395.299050546874,2401.3008222280755,13.182620546569986,2438.113117960883
3327,2398.3511138977483,2404.165966551953,14.142390134903332,2440.140281771577
3745,2477.7318781302943,2483.565158298284,14.91947632839762,2489.89199234507
3570,2503.8162894121265,2510.4642766668653,10.901408385517943,2528.282983182413
3742,2510.6333953397175,2516.4603732805526,12.257315508863828,2530.309297036996
3345,2545.8797994451625,2552.2124616845176,12.027357229631125,2559.4184542844628
3347,2637.413019492345,2644.0782355098463,10.392393099604261,2651.7540355563697
3512,2639.3308830397364,2646.021070303123,10.401006536263143,2703.450354266096
3504,2664.766436410968,2673.249710414435,8.63614635020035,2716.352888774063
3481,2668.208188663113,2675.411250280007,10.332304597281572,2718.5756635380035
3628,2840.6858130179494,2847.0093352575313,13.010305258694205,2883.660169386562
3319,2844.819741294533,2850.579497430479,14.618838063845095,2895.4231372932604
3436,2888.147072524049,2895.33833699267,10.724640543541089,2904.7835421096056
3626,2945.123447278174,2950.629512833909,13.908956272565556,2973.436112379052
3749,3028.3844103709503,3035.443562208365,11.471126980734105,3063.512190662211
3318,3108.5558199264124,3114.253025434615,14.09433782754358,3159.23791460598
3322,3113.998126445636,3120.220854921804,12.460576239624535,3164.521117331886
3359,3154.061328618704,3161.481178191841,10.176366828374942,3168.5850865939656
3596,3174.1904922713975,3179.3175932162144,14.722652137544998,3184.522164710737
3360,3271.1672992513713,3277.0866000900346,11.907737790747282,3284.338034904195
3492,3276.6976965761432,3282.552738925324,12.594470211501381,3333.529305737665
3619,3289.7271364440953,3295.3773990401073,14.640698543455265,3336.2183928721547
3603,3354.436636107425,3360.553501194466,12.000033848634647,3366.6120023029534
3507,3470.424876333799,3476.4843806102826,12.889568026508906,3483.425484318083
3615,3472.47763512676,3478.419423650148,12.454950919377847,3513.502558520874
3564,3477.405824079508,3482.47272217969,14.12253268268457,3516.0942182546714
3355,3538.231462183729,3544.469683324512,11.36261319969718,3551.908626382505
3477,3603.582516036015,3609.302869393155,15.791196014866463,3614.048068557815
5747,3716.3977731595864,3723.1907499778176,11.448235805867652,3730.586366232809
5328,3828.483127114188,3835.3316207078688,11.430897861910626,3842.8639701405978
5613,3831.452833904224,3839.3300133342073,10.26164163138234,3873.4842525439726
5607,3998.7500051150732,4004.5647536033434,12.019040627095704,4011.594536196826
5562,4010.2008029340072,4016.373670954436,12.955646129005359,4053.218574364463
5622,4160.625911413188,4165.568758592547,15.711005049454446,4170.537056733501
5634,4188.253923864601,4194.529873717658,13.329363181018737,4201.604829396832
5510,4196.092463634391,4202.442632167503,11.95960538915725,4235.821141597866
5619,4367.812619125104,4374.501007484324,12.20983184234768,4381.733090166494
5325,4370.140828866777,4376.421164498459,13.2585173579378,4413.504946535919
5349,4434.96810186109,4440.259336687004,14.011532766072262,4445.4870053362565
5608,4461.769832368151,4468.468913236703,12.748726687683249,4503.26157427811
5497,4504.283137284877,4510.388249733336,13.597762537699564,4515.934679901701
5561,4552.055188703838,4560.188970442215,9.282289354193802,4592.899407218778
5570,4554.3369118594965,4562.199681513816,10.070537232368581,4595.660130065001
5641,4593.541336784522,4599.465934667187,12.926246749084665,4604.909589712501
5752,4640.528444291895,4647.155542025786,11.762838056505998,4683.5273993280425
5448,4683.4433501963495,4689.4375457000215,12.962219600108538,4694.8930347907935
5422,4685.355120402289,4691.499120871782,12.308828480100052,4697.640188702054
5489,4711.146538989463,4717.308702829333,11.7714147938928,4724.933165892812
5450,4773.561541642947,4780.296769913418,11.521449623350916,4786.722589312886
5439,4866.9771851929545,4874.081789943995,10.400635007467622,4880.951128351082
5746,4885.796518700946,4891.545569671318,12.672424668738666,4897.387770029182
5637,4887.538175333988,4893.287184922363,13.068964728681449,4900.283102866659
5573,5000.337914368318,5007.407383071227,11.566315003669969,5014.935256043362
5611,5004.383204161459,5011.129412144362,11.978746649533782,5045.616055901176
5601,5068.022972132863,5074.477213450857,10.906602860014447,5081.940497993513
5511,5088.180951217296,5094.421763265403,13.177580429289778,5133.188860831401
5568,5090.348605205871,5096.1796954502925,14.398039810448765,5135.668792070526
5621,5097.021756347437,5102.502869102946,13.222983196452866,5138.354945333097
5587,5267.761732350388,5274.059110733702,12.916581788722894,5313.040906870512
5624,5335.751679110183,5342.376574597983,11.929398090450622,5349.813283666334
5630,5430.45620019311,5436.46982645174,12.321143562170441,5493.571431649129
7593,5473.876926667584,5479.321886618051,13.45213387010165,5498.464134005975
7739,5518.452638919643,5524.4435740526715,12.571872025371132,5531.477855400014
5485,5521.943596009727,5528.486655706442,11.344778951638176,5582.972565272313
5341,5546.3157544884625,5552.060453918838,12.930465698877526,5585.410501154575
7615,5602.598199806622,5608.003151742441,13.418447034429969,5613.476537862288
7633,5605.395308348398,5610.367840304365,15.323011903679143,5615.450637350409
7568,5634.298777423309,5641.203246516511,10.79286681372935,5648.883911106235
7437,5673.851140049167,5681.195494870713,10.38342489693639,5688.833107467675
7597,5765.481727256414,5771.522076289726,13.459869356695462,5777.136904526029
7589,5919.48444754555,5926.1267976661,11.281920806896837,5943.432065337866
7366,5946.377394586334,5953.052835545389,11.709343734486826,5959.6877631795805
7362,6215.905050570678,6221.483594504261,14.042138485364125,6226.7520031998665
7617,6260.642863862895,6267.438066779824,11.333066255318089,6274.945292543847
7629,6262.711474865478,6269.307043901615,11.464561161971044,6303.16655078828
7587,6414.941281025691,6421.216107325342,12.28810082273581,6427.363343187578
7626,6428.102596714645,6434.39810258805,11.552290945228755,6441.63066134572
7493,6495.452463947974,6502.1098110673565,11.760887977558967,6508.503955543788
7491,6503.539070481301,6509.054146440092,12.783235131660799,6514.6463363375915
7744,6512.992615080266,6518.582991874761,13.332483404358314,6525.585415639826
7624,6528.031190711419,6534.434619204829,12.93436329139247,6573.012199404713
7620,6558.648723959604,6564.256063504946,12.746318742920815,6577.390495724905
7356,6667.197651286854,6673.434746875042,14.011184206469771,6678.769382852895
7506,6717.217307472253,6724.473474363699,11.813525764306192,6760.334974296521
7612,6719.607117403033,6726.355374324027,11.880125878502838,6762.894927959006
7323,6798.238671536737,6804.3783509162095,12.419554773812118,6811.892297619631
7631,6802.8509399811555,6809.550521768015,11.467095060464827,6846.054591877236
7494,6891.005832951794,6896.513673690613,14.182286414321817,6933.5505236158315
7341,6982.894408108312,6988.450418828019,13.207749291010131,7025.701595523129
7451,7024.0812357920095,7030.174395757497,13.527185734417705,7035.786455448124
7346,7041.593936545405,7046.656825010411,14.85223901107255,7051.613576301404
7335,7070.632070788844,7077.184272873074,11.455218284619992,7118.653464596664
