723,76.71433551124524,81.60647038071951,13.176960878744266,90.14898000765129
1068,148.55803087517853,153.53623491317575,12.62923531020318,161.55316712840641
977,150.4551836107617,155.25795482604437,12.356643688403794,163.28742092485479
711,152.39611920984126,158.0082406986864,9.919328591107995,167.71060571401634
808,206.73555342657534,211.49222476103142,12.984288874990508,219.18364095369802
722,208.48015668090332,213.2114590513047,12.508509221969875,220.8584028528293
994,290.924159521864,295.60358913142386,12.616192874665842,304.61088046066345
981,294.6199104805511,299.5857990361138,13.066777629001754,336.0227788028371
1022,296.29664563728926,301.3287603301663,12.514370472299282,338.20328968552366
1060,510.6721912568066,515.4708622642408,12.496447402787874,523.0680774843389
1032,868.4381726530446,874.2600494254486,9.859475551450956,883.9817920303467
1078,875.8244650327082,881.0350755129897,10.702640959938774,889.852773933851
971,1011.6092390925916,1016.0736643969328,14.69483078431567,1023.8903903351326
820,1132.36273809773,1138.0081951046454,11.217535268730012,1148.9623463442897
734,1232.876273420952,1238.1951208793016,11.40174859935587,1247.1656411988624
1054,1372.9909199323115,1378.2920486620228,10.643971841493805,1413.2444654777162
704,1495.7254932929313,1500.2991818618084,13.827171907103887,1508.784450889989
1072,1588.4239921484002,1593.06250624051,14.19395531406701,1600.401935816704
728,1651.5316386662466,1657.330475404255,11.095393444319791,1666.848478650169
700,1782.7577546892342,1787.1213121279275,14.682745760395061,1793.767113314668
979,1818.8465944536629,1823.2705449900361,14.052758853530806,1833.293983188623
2728,1924.308023284336,1929.497705343938,12.406298159316105,1938.9288216776235
2965,2020.5335163243797,2026.0619972279403,11.267387085488053,2035.8184565705421
3056,2238.21225546805,2243.180734642467,10.955591000423897,2252.252636826416
2970,2313.619954317633,2318.5674191460353,12.26014767559037,2326.4157552407896
3000,2315.7720979028177,2320.508669346023,13.372251873612408,2328.180573018023
3082,2317.6322958187775,2323.060677110835,11.584740741760806,2332.065883572865
2987,2748.3307583238984,2753.4933938741096,12.187595222729612,2793.6189865792016
2711,2750.3497664283864,2755.3490312482845,11.810853306275709,2796.109026369763
2966,2814.632289657433,2820.308323335448,10.3082348947149,2853.8121612003556
2962,2818.278657673563,2824.129109147937,11.395189088465115,2858.372185438604
2794,2860.23638371627,2865.446760684078,11.682807106497608,2873.6181282999423
2706,2957.0265939495016,2962.146808371884,12.074033798390458,2972.908514889988
3084,2959.284399670097,2964.1172112441755,11.759947398490793,2975.445333031791
2723,3148.388837392186,3153.4110015566434,12.803665641382716,3161.253493214023
2692,3318.496903128406,3323.161825447483,13.313060867869023,3336.11071655476
2968,3684.3942449839496,3689.514732530008,11.160405642271716,3698.220976319789
4698,3748.763717775051,3754.0810325314355,12.173821957972836,3762.302423838932
4730,3868.228298131861,3873.0450852593285,12.696946487788255,3880.840020436027
5061,3893.356002617821,3898.1046753364826,13.471916552979138,3933.353618999786
5081,3895.1822988788253,3900.173290270154,11.785463515372168,3936.0400091437514
5069,4036.6959619195013,4041.4416730952635,13.845936268443921,4049.8094258538417
4964,4041.939085012312,4047.1455475362163,11.348214745481343,4055.532050048787
4967,4044.246116327972,4049.4758529661,11.951036933433157,4057.8642848559666
4970,4046.1512633392763,4051.2408760167973,12.032608667881567,4059.6304413119246
4976,4184.727272964071,4190.2463483943875,10.488441805975135,4236.040646748691
4744,4186.574632765791,4192.182540772164,10.914398114909083,4238.149988176487
4994,4256.4791148679715,4262.245215911345,10.770203957290043,4296.2313732262155
4708,4299.974631273069,4305.226614792934,11.544892281830117,4313.741705219318
4802,4326.512557706896,4331.5214301209435,11.993163752633649,4357.755509788846
4995,4471.370051106563,4476.538595568629,12.114051749892695,4484.7138565123305
4985,4540.319003052347,4545.5670591480175,11.650654892367896,4554.278930813294
4986,4756.734808283472,4762.070008711123,11.340487729578008,4775.572990998215
4962,4900.599517539911,4905.409029647266,14.03218669977306,4912.669703262427
4978,4973.153518122833,4978.040448594021,11.825147571086694,5013.2208951048315
4716,5175.133720640502,5179.463674589378,13.323938158405833,5187.7457811727845
4808,5262.140610630401,5267.329075757745,11.001180991611209,5276.921821828224
4794,5264.451874437908,5269.288481886618,12.094869212349554,5312.996701922828
6704,5481.2054854965645,5486.162698329764,12.924159173783409,5494.118675341363
6975,5908.223449823083,5913.26017689302,12.979405824723754,5921.257660752336
7059,6054.478277964337,6059.413315007856,11.272698414178139,6095.574066468388
6971,6196.6268437818,6202.018741974658,11.194551607433253,6210.938088172744
6700,6462.5842064783665,6467.312051834573,13.722068466917081,6475.916637028771
6698,6484.442150231112,6489.261724383608,13.62237599412917,6513.169122895078
7052,6700.43167396913,6705.0179803150295,13.325625549319891,6712.296430592513
6805,6824.6645898630995,6829.545672887972,11.934763329204461,6838.783033792018
7078,7348.116590041686,7353.373075275511,11.830884771465335,7361.881307071967
