254,191.64917767496382,192.41211875127829,12.987698260561363,193.18139145199828
245,210.49667777611603,211.47660858098592,10.423085595152802,212.4262181958624
234,248.62848340731978,249.26433296632766,16.07322710282056,249.8906226283756
1255,276.44659713742,277.41932873249027,11.815835004871387,278.2583708267397
249,283.78708060804104,284.5865136750511,12.636221993385107,285.39777161367937
259,551.4264484710196,552.1281472397917,13.518132067507075,552.8728134347939
236,621.2899181888802,622.0423695348052,12.990510494669483,622.8172810345785
393,688.1266932043308,689.142116977954,9.787479854395805,690.1416482079227
241,794.1998326272221,795.2598296682314,9.77067092229316,796.2874175681726
1254,818.269893857494,819.1428206342066,12.917076378622943,819.9221375380614
228,823.046395586563,824.0279383360657,10.833846184170008,824.9571093616757
219,913.2519258609422,914.2781300192038,9.782292614090982,915.2833929091045
1410,994.1830751605478,995.2565903240034,10.453901519230573,996.1894404087424
235,1001.6185627147062,1002.3828363728013,13.180477987645887,1003.1523801789164
227,1010.2972395439668,1011.15569784391,11.342394865882747,1012.0452396504824
216,1015.7503298790505,1016.5689720433878,12.161498144718808,1017.4081259011316
83,1111.5025070001489,1112.490943231556,10.075282063180275,1113.511905450908
181,1129.0126902097645,1130.167118363192,10.62395152845636,1131.1049216534707
1563,1264.2059711189152,1265.4114650321064,9.240057319818002,1266.4017787293117
1589,1266.259173044036,1267.3329219706145,10.456182732127303,1268.3018120519043
1262,1268.2394519819482,1269.2138824901467,10.125011986883614,1270.228430317454
240,1314.0864284162944,1315.286824994709,8.91530172194629,1316.4565117006437
192,1422.2640417145024,1423.0771878828573,13.21573493857385,1423.8388932300845
1241,1443.8848067361982,1445.0180423803345,11.017906043907868,1445.9316911199521
238,1706.0063966423318,1706.669011772422,15.192070801157616,1707.3252329621987
221,1722.384320924994,1723.2385575296341,11.766605736957251,1724.0943853274418
229,1812.4671460453217,1813.3038699405265,12.227140352922977,1814.13772413717
78,1830.4270965289584,1831.4033013044389,10.127104622721474,1832.4014025457695
1409,1893.8144049211826,1895.0303444455183,10.40740139251609,1895.9975883895718
1588,1983.4928187180121,1984.521075685685,10.90187666660727,1985.4155863633885
2268,2023.6294621044713,2024.335596161634,14.357875234554164,2025.0367738746415
2406,2060.224999303698,2061.0546480037647,12.127131060431246,2061.8847285825987
2272,2062.2976332345784,2063.1339499628302,11.977654921589664,2063.9743896011523
2243,2171.58003205717,2172.3395421388855,13.079434204060115,2173.103485741097
3567,2254.3497065397055,2255.488411102038,9.973017144300094,2256.3949256497026
3569,2256.4502568934217,2257.4745774792523,11.15823005682556,2258.3065467011875
2227,2262.4414541317246,2263.3358158106416,11.510258438374468,2264.216660784026
2236,2268.337243182683,2269.064358706994,12.843576939472436,2269.8481353774405
2169,2315.4559390877034,2316.2681258606367,12.17218139402217,2317.096982258477
2224,2352.60659864704,2353.368343022776,13.091864225207514,2354.128848017656
2230,2397.4739152247475,2398.196227662605,14.07382725824898,2398.9114912355853
2222,2446.4473977409025,2447.342551393454,10.802634418802832,2448.2808324341113
2267,2474.067416413492,2475.0272210813596,6.746041144738561,2476.8716724101328
3566,2526.436567977361,2527.446435066212,10.950119610169379,2528.309442919073
2085,2545.4543376390934,2546.362264569642,8.46012610182876,2548.4933678850052
2255,2598.3990365278873,2599.3100087637004,11.175530368646188,2600.229512351949
2225,2623.086079889795,2624.0114072598294,11.054003635478889,2624.922072418102
2221,2639.366255673395,2640.176495033553,8.903948614586314,2641.6209588856177
2253,2674.853658420684,2675.573201683101,14.056606724878828,2676.2987031324433
3400,2706.0877456830076,2707.003090651088,13.304004319217201,2707.7597422372346
3253,2708.177671738641,2709.100352796577,12.018493305921995,2709.93793665289
2247,2713.254532692324,2714.2305005717562,11.044423568298754,2715.1505116561707
3576,2794.094514232595,2795.2246631337002,10.130929972653176,2796.184039026144
3558,2796.0195942834926,2797.093290418113,11.155332710136404,2797.9956835812595
2261,2892.178151257861,2893.0972842148803,11.004110945733556,2894.0108979711054
2194,2928.3069586255338,2929.377318998807,10.305576108605553,2930.298049982341
2260,2930.4492828785455,2931.383339612575,11.519381096462888,2932.264124300795
2237,2964.1394439388005,2965.076710093343,10.774926343457,2966.0109982519066
2270,2984.4761315488677,2985.2752298676455,12.766766644066664,2986.0621471417894
2240,2986.720841857594,2987.4043018048555,14.471380781500795,2988.125857334447
3249,3063.8934659651327,3065.0488811203186,10.564805961192581,3066.00142632895
2228,3072.359543807948,3073.2715293290235,10.703022457497278,3074.199493805368
3554,3153.4695976128573,3154.5021446672367,10.756890684785164,3155.3834372855827
2075,3178.4994808801134,3179.3410175160247,11.432446483947883,3180.2080339718773
2256,3342.3734519995646,3343.1970195400754,12.714483234144598,3343.9887541143294
2238,3380.3803994366317,3381.328353289068,10.11337347509267,3382.316758455747
2235,3431.5431978704923,3432.3825287276445,12.391811070914432,3433.190836029233
3579,3515.474909470458,3516.490965389784,10.8101398403649,3517.381760417078
4169,3739.1150920612076,3740.1929880173193,10.802948792401144,3741.1082727806024
3240,3783.9628422512865,3785.11002590331,10.019022230571677,3786.0916167953656
2071,3882.231774631846,3883.067979640395,7.904140427260631,3884.736117018089
4091,3964.0044692062493,3965.174799431326,9.768976140365687,3966.1887028955634
5243,3966.22307512941,3967.285391559447,10.745033850517114,3968.189972399917
4222,4000.9219236441068,4001.6026273492503,14.803552078757175,4002.2823207161123
4226,4242.248433261967,4243.159295401309,7.8759765151408585,4244.832777145185
5555,4324.142961971407,4325.276795374424,10.456395679486867,4326.210045926496
4230,4355.209142026927,4356.09814376185,10.662843470994412,4357.041183831108
4263,4361.3634865079175,4362.0747855339805,14.914493295085625,4362.749732766252
4243,4421.442159267631,4422.219218712319,13.035856381056337,4422.991434643209
4232,4425.406282695691,4426.15700804052,13.728002473742555,4426.8902899575
4250,4464.800529185878,4465.515721731643,14.27487324282255,4466.233009590653
5246,4506.3158738905995,4507.314684466686,11.001514137610998,4508.207222224896
5577,4508.16915040391,4509.088023335533,11.306141032418765,4509.978379818915
4239,4602.638431502155,4603.548239121724,11.13526565584328,4604.4681186624175
5564,4683.449577663861,4684.466633036087,11.19320645864149,4685.332198122099
5413,4863.460129234647,4864.434408756039,11.664053799111619,4865.2838373639715
5397,4956.270815542176,4957.216783338183,12.188395243688088,4958.040416185773
4242,5007.4762489855,5008.412208564736,11.215062097544802,5009.281594475063
4256,5030.51562658341,5031.280233859057,12.953063003454885,5032.057522864083
4212,5143.618117890585,5144.396928064744,12.932270212334892,5145.161852143788
5416,5223.940179611838,5225.075174869889,10.534838180226775,5226.025555564065
4235,5232.393439594136,5233.208040899406,12.476285585114287,5234.0149443996
4229,5320.721963312063,5321.352930028287,15.787954238137763,5321.990536130915
4220,5323.53891520003,5324.247625028747,14.23304246387155,5324.954887442655
4168,5359.018651089085,5360.089901340463,10.950062827696689,5361.010095481124
4402,5382.359055348065,5383.26422261224,11.00752183449589,5384.166468645413
6371,5449.102892607948,5450.205667598811,10.677655371934764,5451.130155500801
5244,5583.966391216188,5585.05799304519,11.14869487831672,5585.960923485041
4241,5591.552083933247,5592.339257615958,12.790697634181162,5593.132379742356
6398,5629.091898106123,5630.292962452476,9.783840215802945,5631.264259291742
6242,5773.58846129813,5774.439048426178,11.774750159901053,5775.292749836637
6247,5775.439856784531,5776.363865206767,8.844104346524686,5778.133464052799
7396,5854.114595657061,5855.20522314956,11.027961088680758,5856.098039478523
7237,5856.080411355037,5857.011230096662,12.286170862155629,5857.8305655986
6224,5861.7517988515365,5862.5146743495425,13.421966533208897,5863.2782197335755
6222,5951.38123090624,5952.07404010318,13.819063126515614,5952.802490062349
6237,6040.884942484803,6041.582530066447,14.493328175190232,6042.265614322425
6211,6135.689150777178,6136.469973160027,12.820340017612082,6137.246047153329
7236,6214.069435416386,6215.248064785618,9.57408387483952,6216.241845164331
7578,6303.969801789836,6305.048819801807,11.399932736696698,6305.93185097425
6244,6314.270495570731,6315.340925376192,9.249400733191614,6316.4276644664005
6230,6402.316232099903,6403.196973307681,11.246857488354646,6404.08850332178
6403,6441.093094489804,6442.048763237299,11.439920789128111,6442.928707788997
7549,6484.213319102547,6485.29872777269,10.59403950382925,6486.231449368261
6246,6557.694324596527,6558.4197893165565,14.15768604061965,6559.1320860205
6259,6682.144442295191,6683.072823917985,11.332519679625763,6683.961107923204
6167,6715.919188318819,6717.077309051296,9.358568633207975,6718.145215573003
6235,6717.9572588514075,6719.033459676644,9.809257044626225,6720.063888349951
6255,6798.487969823133,6799.4843541103155,11.159259055293113,6800.353856505583
6238,6851.432114570346,6852.210523401637,12.66722884609501,6853.005058909222
7585,6934.14923230032,6935.235897788671,10.354121422705528,6936.181830416426
6223,6943.685396588841,6944.499675963844,12.082787331163697,6945.340426842673
6251,7009.398009288996,7010.116678879281,13.539496698388234,7010.8601700292475
6234,7069.027201795306,7070.173334474338,10.003200148498019,7071.145364673226
6248,7122.396371034612,7123.270893928622,11.214356198718129,7124.166326530986
6229,7244.309688688886,7245.330738232195,10.836586274638277,7246.281079137147
7390,7388.151799302177,7389.021677737633,12.055502594215705,7389.856690288255
