1560,224.330080048565,225.0732116917236,12.743466244348175,225.74731090705933
1434,436.53456806304115,437.2192107887399,13.838807689515168,437.83995506011814
1610,533.8269768301923,534.4403561153456,15.399230046373598,534.9981996289566
1404,633.6847280278815,634.3622099361651,13.796126499826892,634.9848746091861
1914,749.6055525033074,750.4901814362914,10.151384820212009,751.3356465920594
1846,908.7553386321749,909.4205021863502,13.921630144301721,910.0367664814075
996,921.0506024973287,921.753197238821,8.432532371588545,922.3998666438198
57,931.4458989412639,932.2345101294513,11.981182772091643,932.951497822518
1270,1028.3986983107739,1029.1682015937906,12.197686513518768,1029.872463060623
1787,1207.7585618630458,1208.5680155594164,11.77592880561791,1209.3185038407669
77,1305.8138812984075,1306.5606401086798,12.53388500747967,1307.2315913769016
1583,1433.164165464595,1434.0705278220953,10.319969114926398,1434.9029295958126
1557,1536.309021168081,1537.0241558848609,12.864739532846064,1537.6919005037114
54,1563.3522406549198,1564.1778036508247,10.923286680016608,1564.9642300120122
1579,1618.6082729358827,1619.4270996533185,11.829137757670475,1620.1628101162642
1239,1703.4685354366247,1704.145682139468,14.035165700617258,1704.757741931223
1242,1711.4839215431357,1712.2140947418823,13.083680582407371,1712.8706653866534
1538,1816.5699539931331,1817.5101784653698,10.45919069683621,1818.3283548174495
3862,1966.7846442418909,1967.5171779515633,12.81266143775782,1968.1972473323085
1427,1974.659407458851,1975.4223149736401,12.19525818455578,1976.125663155301
1394,1984.4421773749111,1985.239969953723,11.356454257244424,1985.9963997689968
3404,2065.0,2066.4365211853237,11.66378772987024,2067.1642079339654
1587,2067.434850996461,2068.2135674181604,12.598991265527115,2068.8953966547188
2096,2105.1437057999046,2106.0070044947443,11.798571933120611,2106.7350892701447
3273,2135.7336852501244,2136.46251430403,12.656119906546262,2137.136945995007
3553,2143.6188981413093,2144.4348252157843,11.602240049099114,2145.1827415742628
3796,2150.644693703783,2151.3354972362436,13.690099035929322,2151.96298434013
3523,2154.072091307083,2154.797855948107,8.466713571450693,2155.4683184353335
3798,2186.6487429267295,2187.444675833306,11.99690644389668,2188.1740804212595
3251,2290.0251993566353,2291.1130941797264,9.405442308584458,2292.0294399480877
3271,2316.3459346233585,2317.044183191075,13.270221340558878,2317.6915243601115
3787,2434.0,2435.3690894768065,12.583988095996318,2436.053630366339
2069,2471.4124392049425,2472.0676556242856,15.17853738303382,2472.6336100623976
3551,2512.552687186702,2513.2269171566454,13.407415482583717,2513.8676342737613
3522,2575.613093296838,2576.3218922352103,13.14460077384926,2576.9754199264476
3592,2662.7126581915822,2663.443041545403,12.61720055028626,2664.1278381423163
2972,2735.1774879657246,2736.2967895919387,8.835554370358627,2737.2712072860586
3415,2789.44710735346,2790.311982538209,11.35979588022986,2791.0711740340553
3600,2933.732774855054,2934.4185786116514,13.561186177200797,2935.0531477487893
3261,2946.5755602412437,2947.274770779279,13.966949388476147,2947.8898199469277
2964,3085.0682015232214,3086.1027227413447,8.84319394917414,3087.071653410336
3406,3152.2382842336906,3153.0526896960764,11.983107358354305,3153.769562234983
3904,3362.5073975789305,3363.195273935641,13.440652076975564,3363.834406661254
3407,3414.727828010175,3415.472545254522,12.758327787395128,3416.143466540519
3587,3471.623410208203,3472.468306676824,11.392509182189412,3473.2493175544755
5792,3817.6962245318864,3818.5061585962358,11.789953738021998,3819.244417086383
4075,3917.451468788139,3918.219604033654,12.119006206877247,3918.9284377820095
5616,4100.587953926272,4101.228219276392,14.463537195128103,4101.822151485373
5582,4103.629839905144,4104.352339899642,12.720396277057734,4105.028350370355
5588,4172.372131393797,4173.017379849325,15.071950631746144,4173.587336638984
5245,4173.0,4174.497415952925,12.824976726474038,4175.177494774712
5409,4232.499934971356,4233.152261132506,14.404839487491378,4233.748613532227
4068,4279.419073550056,4280.231207836977,11.796833528988664,4280.959399904353
5399,4317.739877963864,4318.448963522172,13.349082277115889,4319.090603881435
4992,4340.8747209102285,4341.5958367484045,13.01356809129181,4342.282059977891
4086,4467.610523335036,4468.441378998449,11.281701276283249,4469.217510081955
5265,4594.5827968071935,4595.347516006448,12.204465769678501,4596.052934562534
5429,4597.337979486374,4598.326190837773,10.19210559350535,4599.189965368575
5575,4780.315231089617,4781.094372497537,12.892546819177923,4781.760676891576
5592,4865.438955103486,4866.20255334058,11.87738529173731,4866.925806850084
5586,4867.173001505838,4868.014844697724,12.067581832385812,4868.72669904562
5411,4952.247876238156,4953.176002322061,10.03047208643559,4954.032672646451
5609,5041.310815461989,5042.059520643731,12.883954780190063,5042.726269382184
4065,5110.503936821935,5111.305103763175,12.038377092171258,5112.020315078963
5412,5120.738271522395,5121.404917432455,14.004323268677835,5122.019169054317
4811,5185.125762466115,5186.039581226186,11.73856655246187,5186.771387836267
5601,5400.6047303197065,5401.485866859333,10.631935173444253,5402.315675098125
5554,5402.8733173171795,5403.766020116888,3.0890298276546915,5404.562892513715
5773,5407.166319972631,5408.029629234226,13.172063364422584,5408.681794377857
5772,5429.33719197411,5430.067826741023,12.614130225199519,5430.748837674208
5602,5484.397020600073,5485.192838909594,11.994928240940787,5485.909004977737
5567,5487.358762949591,5488.079028024104,13.348270655795265,5488.7225840934625
4089,5525.778763543359,5526.452642176513,13.78699411905502,5527.075047007327
5842,5572.68001915908,5573.503201680748,11.163682061526112,5574.260347914431
5778,5600.308279347287,5601.103893706396,11.638902031936466,5601.841966814358
5262,5653.643262735368,5654.328950318949,13.67320078518214,5654.957212913124
7428,5673.453323568745,5674.083568780195,14.862670389543306,5674.661551092311
6091,5714.347597995643,5715.059799058474,13.088126923859004,5715.716146650909
7399,5771.687788629406,5772.470599794488,11.891914450945496,5773.201940060359
7422,5937.751815312438,5938.5500829456505,11.604836329811919,5939.2795316517395
7791,6037.541367706023,6038.307421310425,11.763954457786246,6039.036981213047
7914,6102.354517580865,6103.174312240898,12.141367895191497,6103.881840475783
7403,6128.722161717467,6129.527925281229,11.671541784395354,6130.268667366645
7078,6230.0,6231.607060625843,14.576392118016685,6232.205586071554
7559,6273.517297160242,6274.273505353688,11.733087937800619,6275.00524227984
7080,6320.737748655459,6321.463257375411,12.94147569051838,6322.136541459087
7546,6361.676463066423,6362.45497943805,11.285142686139725,6363.246064082163
7392,6390.146058054524,6391.029272719986,11.091840113376328,6391.803748416369
6083,6419.668254304614,6420.32904816274,14.051318992238903,6420.940404335119
7797,6532.63207282001,6533.307486347789,13.946126382679163,6533.923453847313
7552,6567.883409507907,6568.608286807345,13.034394112855187,6569.261016426832
7272,6611.572434569715,6612.3692293982995,11.199872473825833,6613.130431390741
7250,6654.791998376261,6655.443392556259,14.452360551537764,6656.037620953359
7577,6710.862260926457,6711.606327102097,9.168669514177951,6712.295156869294
7639,6798.3258914114285,6799.098460751501,12.377903114111485,6799.79246849391
7766,6891.0,6892.607616553602,13.330880825575074,6893.26839594316
7919,6977.822575867076,6978.658329619071,8.342301817369096,6979.408410163073
7421,7023.588565922938,7024.399381025079,11.316174351427136,7025.157033857103
7562,7072.813137942267,7073.505903279591,13.609782976002107,7074.140701618984
6982,7217.0,7218.545109213372,14.002189362893782,7219.15980338996
7607,7337.321844980181,7338.078681494458,11.39093003173085,7338.832821900204
7584,7377.391127442828,7378.241139860496,11.30890013783351,7379.000751233727
