1472,93.20106027352698,97.38805112904654,13.001286285418733,103.6985351046247
883,646.3493279168547,650.210361008068,12.524037931039354,678.1929334593325
617,653.2125176328545,657.5846482035683,12.748072213974632,680.9972954604931
609,1100.0568829716685,1104.109832636776,11.222814025812665,1111.1175756470857
856,1194.8473344364693,1198.5479432127038,11.881066802996816,1204.8124518248258
360,1642.5289868267075,1645.3827320802231,16.11112951638732,1650.780970002227
865,1736.9271541043615,1741.499951545554,10.34199557487451,1748.8238775283469
1502,1741.511344230313,1746.0903694198648,11.817118680613493,1760.9571249781989
607,2087.12280038041,2090.4515219999375,13.526202299130716,2096.426158700304
2870,2716.6159557097226,2720.3440630475097,12.565670004308299,2748.22146502743
2607,2807.8914568773075,2811.534844227433,13.144228246795096,2817.7405851596245
2857,3261.038448327982,3265.373340275037,10.105393783202508,3288.365968673702
3128,3265.3692757250983,3269.53323077338,11.456514181289494,3291.1088200453846
5127,3977.341479744056,3981.1045030531504,12.79625754417666,3987.370681530178
4609,4243.623865401626,4247.375005531858,11.768146228014317,4253.842806493103
4859,4334.797715575234,4339.336882016978,9.903032549675713,4346.497585941095
4337,4612.1416419067,4615.273128137984,14.281096121635308,4641.359344440815
5150,4614.026851947009,4617.352101829935,14.117954584014788,4643.513769075956
4358,4692.01412848067,4695.503986242683,13.481480297031807,4701.74229950661
4605,4787.843583275476,4791.5542872881815,12.723030080467069,4817.842003790758
4864,4968.274306382253,4971.622652976988,13.357764819547688,4977.541731838681
4618,5331.594531551745,5335.38393832186,11.699753842556284,5341.890524189397
4592,5600.948461813524,5605.262177351157,10.78813017278414,5612.4861069999515
4353,5604.806215977349,5609.028492375161,10.651332591538427,5631.0364799753215
4125,5630.851600775202,5634.356243588787,14.237459061406392,5639.106437526913
4872,5686.0285809447905,5689.137436758004,14.080453687471117,5695.062894220982
7145,5960.765268660433,5965.011593370771,10.991846826522858,5971.8355544008455
6591,6223.4777242316795,6227.184990824679,12.039114432352058,6233.759564040874
6130,6258.468432981387,6262.369211527417,14.893890098205008,6267.069183036798
6877,6673.986842522086,6678.0468946412475,11.351762422700025,6684.5873581239985
6342,6979.0481262387675,6983.45343526391,10.802745892577166,6989.957486757021
6882,7128.810278893213,7132.433718511927,12.793557747822854,7138.592569252783
6867,7308.118288687706,7311.3433075382845,14.197890567073012,7338.419822240606
6350,7487.251323735963,7490.516934677055,13.874670419898738,7517.766377823226
