1437,273.830978489116,278.1532042526782,11.952592847762629,283.4392904380048
1485,281.28601826533605,285.3542631648518,11.79229167930865,323.0649285534446
1493,455.39223842204143,459.38631088721604,13.19108984161671,463.93849141596894
1400,498.22863538263704,502.61539728257566,14.97094973200535,505.90062422288327
1403,677.9798614738556,683.0814163180046,10.063490073788508,688.1378227364023
1427,729.8150463063016,734.0945757610615,11.254560378432998,740.408038858349
1433,744.2824509411225,748.2539903057201,11.619117761179515,770.612057915701
1484,993.7710801357055,998.334505367089,11.940621552575637,1003.6869004867
1411,1083.590175561492,1088.384869075643,10.937254747576645,1093.82846948723
1395,1112.2557170269158,1116.060971048012,12.974726642921922,1128.3115402490014
1424,1130.2718240679976,1135.1383003945623,11.370545769282538,1139.6358609410483
1450,1173.641699052989,1178.2395141690497,10.956684575579995,1183.87793472708
1360,1192.2060480921496,1196.1410258046312,13.142361522886121,1222.4217419491213
1414,1307.9058757677656,1312.581739633443,12.804727300932191,1316.4284238309103
1391,1488.105892054567,1492.3429551522966,14.801835131282216,1495.8986776421796
1422,1630.0578028012183,1634.444065469892,12.192159786137724,1671.0927059670362
1421,1638.3430046367384,1642.1816648104198,13.447786041689485,1675.4617235336075
1341,1714.0995349006575,1718.447804424496,13.266511230616084,1723.8075703028292
1351,1716.1263180277542,1720.1578698444491,13.216169972135308,1758.404386726353
1425,1758.4268631638306,1763.2932115314113,13.943808456816313,1766.9872935446942
3392,1852.6382682667734,1857.2781980289028,11.140394347749297,1861.8899394027464
3417,1896.0506067085353,1900.0817363574215,14.116070436482024,1905.6723307067548
3401,2207.7119774215394,2212.0681337527994,13.461008033539441,2215.8696632665233
3396,2253.732150309326,2258.4473722730263,10.940408687992331,2263.7853218155965
3445,2523.370329790498,2528.376531743742,9.656080723025635,2534.058341107543
3432,2525.61052838082,2530.487736807712,10.402721553652857,2567.8871223364085
3359,2613.668805377314,2618.4012913506854,11.883207984941535,2623.684207444576
3407,2615.7313407642328,2620.1847002072736,11.99031168470449,2658.3383899357723
3495,2617.635078602142,2622.1828073436022,11.389572475877953,2661.190753520156
3413,2748.0535554574712,2753.0118402710946,10.707882756468587,2757.683627860521
3498,2982.1590573906074,2986.4070768183797,11.064365502901289,3022.382952151838
3441,3002.433839592007,3006.561797628879,12.306168949138108,3027.1966935806
3391,3020.0640969917763,3025.1294598053096,9.004053227021048,3031.22227908127
3394,3063.765410167241,3068.1442178128646,13.587775671862213,3073.511348916757
3352,3066.1249139291176,3070.5266016112073,11.68496153932696,3108.466685798816
3409,3068.144292807856,3072.353730534538,11.93465560273476,3111.300974483246
3349,3245.90184750071,3250.209368560881,11.752093517717226,3291.5857207677486
3371,3292.357004668223,3296.1685498086363,15.914078328469534,3299.2422212978513
3360,3605.446865390574,3609.4782370585704,12.730187335053282,3615.327277592011
3379,3648.308221449877,3653.3417389047286,10.986599493046796,3657.849286674864
5442,3875.8617351502457,3881.2078099233595,10.204383970296593,3918.201297045373
5436,3902.219429954382,3907.3810469253976,9.479430202768475,3920.676648689835
5400,3918.068175154059,3922.587965992012,12.861910677815786,3926.7206199387665
5479,4057.9092750496443,4062.267403065248,11.554360561377221,4067.805223919238
5446,4323.746250993608,4328.243063919306,11.669675327399414,4333.7520698317985
5377,4367.928930547268,4372.298971400877,15.031394368990764,4375.673585957128
5407,4370.282418125453,4374.401495907605,14.151893665558976,4378.078767294477
5420,4504.009370846104,4508.116923390483,15.721908213697542,4512.734275472597
5430,4508.11781217541,4512.1226747444025,13.729126428803191,4548.184988286199
5394,4548.204531788407,4553.162714847611,10.889543100543559,4557.717428892165
5438,4685.8490151836195,4691.139597992974,9.32865821636174,4697.50934151468
5412,4976.8122088903265,4981.394986094246,11.770363947385205,4998.339970756285
5390,5180.099752107141,5184.044895131067,13.550835312727314,5187.674168242216
5401,5223.771356925139,5228.1289660214015,13.742877649523283,5232.882337920297
5370,5320.630749419245,5324.528071565429,14.582052020809023,5329.105671117852
5483,5407.107330043709,5411.464320833663,11.666784474184032,5416.678656592082
5375,5411.603782912044,5416.304791892888,11.057469676322622,5451.345295375311
7393,5450.178550088315,5455.433508082398,9.507164882546448,5460.444707917598
7356,5493.273957709176,5497.4994333284185,12.953223826651318,5502.903170269989
7400,5584.387754484888,5589.163211650733,11.77753201436459,5594.606519083033
7492,5675.879677650687,5680.243092325651,12.215479595760685,5720.241559685981
7474,5677.795895616901,5682.073785038849,11.754889759041848,5723.249136477624
7398,6033.271091961275,6037.358612881561,12.723080359266236,6043.192966434821
7430,6123.315890675531,6128.061397892071,10.552124533953435,6133.865985523882
7495,6126.005729132698,6131.141353855913,9.456916248572682,6167.912466946319
7410,6151.612238774658,6155.530006445004,12.575971656894122,6176.173388561288
7484,6215.9098080407,6220.2213531391135,12.139591624899145,6225.65710517409
7489,6313.53088885769,6317.241649592961,13.129325206086554,6322.612662753635
7399,6422.040467944945,6426.408823665499,11.45984426568789,6431.883028029631
7421,6483.671682793065,6488.070262164889,12.420284868914308,6493.234942462084
7407,6485.859017811698,6490.00191661408,12.535040759491006,6528.769627775207
7449,6932.573306508524,6936.427914050673,13.475884602217578,6941.633793393737
7412,7038.14090768839,7042.115694862048,11.946388803908146,7068.548871117155
7351,7116.134943420763,7120.224253742011,14.292279973139243,7125.002406272067
7747,7250.54028788235,7255.07658846747,13.215372869429766,7259.103082823653
