215,187.7089874514428,191.56932643407214,13.613693092625331,194.62023013084266
719,280.6483892182286,285.4040410382001,10.697691434864545,289.350480616866
969,366.19230171614566,370.4094695160051,12.521627982887775,373.7062001739283
1535,562.6517882451086,567.1112888716586,11.657264293891387,570.6245605912947
209,591.6589303833985,596.5191891203492,10.946012172770898,601.4142834374268
1766,636.0981371916452,641.0892338682143,11.132978271910678,644.8820833142884
444,647.6577662643441,652.4801898455643,10.539390303978466,656.3784379162771
199,692.2710116658617,696.4737028539369,12.020654390461717,701.0714740659048
705,725.6919589498211,729.5805335476656,14.65797518805734,732.4852944950244
965,735.3553681997388,739.4615713605365,13.825863841239808,742.5277215695571
720,742.844869968203,747.2966992474867,13.798990343725634,750.5964061725831
693,818.1782696949639,822.2120778818006,13.570799053848775,825.4299596359256
962,823.4594746042181,828.305356237467,12.154793243125575,831.7213182555298
1764,825.6315806162992,830.1301087062132,12.048748656407051,833.3576973131519
984,997.6755673217639,1002.0819425832209,14.137875472302367,1005.0295846609478
1525,999.7271142025611,1004.0298051388198,13.61036810103248,1007.2623240390355
210,1218.0409908933711,1222.1471668329443,13.189988580693955,1226.6912043329764
1782,1274.1423950356568,1277.6365349799084,14.478300477862637,1280.4620633244717
1777,1354.0935068976132,1358.2930241967072,13.746468626604692,1361.270952718532
723,1443.8078562664218,1448.5061891931682,11.931533760579445,1452.0775556507185
727,1454.300549920689,1458.409611025977,13.36948497914281,1461.6816536610459
961,1457.9871863492215,1462.4929331848389,11.881943435001121,1466.0921995008687
1796,1541.0323754985377,1545.4910011953805,11.649421412212872,1548.9776081737914
1790,1543.029563228094,1547.4229254554118,11.985761095643202,1550.9263454182856
697,1624.361562460788,1629.231354601531,11.577139274588012,1632.8131526289665
1771,1716.392912731724,1720.3692481099372,15.152137004225542,1723.2380630746068
987,1899.2763386141883,1904.2278160872313,10.979832520601105,1907.9713325930106
2211,1922.328904244148,1926.0986277710329,14.542718881043296,1928.9753059727293
1774,2078.000007962716,2083.2871399140236,10.501151339275415,2087.4443256659283
2205,2263.556936510006,2267.379112354149,13.959859488519513,2270.3594590709945
2977,2343.997416110692,2348.129743111538,14.002441593780683,2351.15009879813
3536,2355.8549626642343,2360.4183574195454,11.72919764610955,2364.068421123559
3790,2434.018782157316,2438.2610066551815,13.994366332439322,2441.3759865434413
2961,2524.1382084003367,2528.4167711625837,14.533128588383954,2531.359684735585
2729,2625.9271778404836,2630.364250611266,13.076196318666161,2633.486074185833
2718,2631.7212207406487,2636.3268131152727,13.680659896438495,2639.566234058049
2201,2705.98541462725,2710.010040160163,13.09572941127936,2713.229724495228
2710,2717.972216624302,2722.2782930013504,12.477791315776726,2725.6456098034373
2708,2719.7242466556695,2724.107837523277,12.246882706025179,2727.633074197839
2215,3039.31271909969,3043.524271814127,12.300383731858318,3047.75111605452
2976,3155.743304803038,3159.59789666123,14.661768164353099,3162.5887377293316
2451,3272.152390304573,3276.254546326978,12.916629626373732,3280.7177636475694
2979,3333.825189315751,3338.3292981453933,11.36498643670912,3341.8144202064045
3776,3336.303961272172,3340.372341810854,12.857994219922546,3343.639301026176
2212,3369.234261091376,3373.211172182682,13.091866614684744,3377.687803184564
3520,3516.14239714458,3520.5643155324324,12.4251774533368,3524.0183942198205
3796,3519.8120004362845,3524.319142570045,12.342836037767208,3527.9186648108407
3763,3613.106891670094,3618.0375463365217,10.157188631200468,3621.9899462432036
3518,3618.967880212993,3624.217328502162,11.125503389461974,3627.9568973406367
2716,3700.1977559893185,3704.471751239931,12.27449291491623,3707.9922234263604
3795,3874.2442777961182,3878.3249838583183,14.175345760622049,3881.2667821303426
2972,3878.3521801157963,3882.5787123077444,12.946540395060524,3885.9527642692005
3788,3883.954818373918,3888.3430132291687,11.816705281493498,3891.8004327515328
3545,3968.2801086598965,3972.303777547377,13.628463920128398,3975.4572927776812
5795,4061.9102186385953,4066.2551667295024,12.650408167831829,4069.654349086707
4442,4090.6877129686713,4095.149045851536,11.578850632372484,4099.737940840047
4447,4156.002353235309,4160.023330331977,12.577859422875916,4163.306731019245
5514,4233.999661056116,4238.480590587487,12.145517770000065,4241.911380099434
4964,4416.112394038848,4420.456680338067,13.417799486164776,4423.607081485752
5779,4593.981765425678,4598.435174455265,12.058078679504844,4601.875711661379
4727,4599.069873808646,4603.4385575577635,12.32582136777791,4606.746533406678
4692,4874.007648615771,4878.365971764543,13.331954202302244,4881.699471374491
4721,4877.6829408011845,4882.268594968211,12.05732128618696,4885.79132959861
4204,5044.251598032177,5048.46803030368,14.744530041034292,5051.413197505193
5793,5055.778342065729,5060.489265119491,13.39688312192817,5063.4464510219705
5777,5135.703156111074,5141.0109511482,9.888054213531092,5145.017645152381
5785,5315.882898089409,5320.022243895464,13.081364436011851,5323.288118399192
6706,5693.89566753064,5698.146416954201,13.185554846375311,5701.248512102738
6993,5777.515245887139,5781.24026046389,13.87091905901246,5784.1573511065
6966,5947.9458591112425,5952.266286670845,13.839530872698107,5955.255505661544
7773,5950.031119273186,5954.387728878133,13.54578689664426,5957.599184281474
6727,5951.810012145837,5956.1615116321855,12.444420936378435,5959.494807590977
6701,6214.6140153059505,6219.112165168626,12.966491223812437,6222.314453729397
6722,6241.843733583534,6246.473913220192,13.9632933123237,6251.037871246557
6961,6244.140488835041,6248.349787450747,13.499584873301334,6303.379990591198
6971,6314.210866010428,6318.552901893312,12.238349416063796,6321.911952419685
7776,6400.21174061826,6405.072782301968,10.352769231798273,6408.94237302775
6711,6486.441028347571,6491.08933136196,12.589845458834162,6494.621838370028
6448,6496.926670722727,6501.055205084159,12.961133849860458,6504.312376041057
6692,6587.147470261936,6591.60161893219,12.618269289863738,6594.9648978427595
6449,6777.360653286687,6780.672312246011,16.380407564430158,6783.377174154812
7520,6934.1917627936455,6938.492349474121,13.60201484233049,6941.451601784263
7790,7031.66001705557,7036.171103934087,12.30453182815523,7039.774065838632
7531,7114.084498762468,7118.204385981181,15.35728784651568,7120.995515451406
6963,7294.156653279306,7298.4108946770175,15.203283539994738,7301.172039922416
7542,7383.995197408612,7388.101306318716,13.594728152874184,7391.1900672761785
6989,7389.9144957306835,7394.529353463491,11.67298182480106,7398.230843677267
7780,7473.86421877419,7478.123573250077,12.575110604026744,7481.337361691725
6964,7564.406177344275,7569.324109299351,10.790230018408517,7573.131733397714
7771,7566.842697743462,7571.402948699832,11.519295862104299,7575.076549471509
