1364,2.0,8.283898271555906,13.192660423619456,15.38542094201409
1431,36.0,42.110264124779754,13.578107384314688,48.72388411127817
1492,69.0,75.17818020030596,12.612515601575268,81.02053657206987
1457,81.0,86.55483628815881,15.160632167303213,92.84436297925683
1353,98.0,104.31410940548338,13.064910796682405,138.39737288373863
1382,101.0,107.5629642876653,11.500979265026631,140.77272502030775
1434,121.0,127.31467560376446,12.24922250245151,142.89096310819883
1489,155.0,160.6214048177851,14.364073253476526,165.68636554836448
1415,257.0,263.5700597196052,12.119229814088927,270.74340150416
1428,287.0,293.49041228672957,11.69702072480616,318.46455873124177
1477,316.0,323.21620521068246,11.246040386079912,330.10091583930165
1483,341.0,346.61023811399525,13.602669530165558,351.86755757100894
1498,377.0,383.3068773218602,12.793507863665706,408.1887086044476
1496,432.0,438.3696136283436,11.953657091714119,445.4071393229976
1432,434.0,440.238983880819,12.30966265853316,498.4910005700231
1438,461.0,470.10847882925134,8.251724314693897,503.37313714128993
1384,645.0,652.4291639857884,10.520295138492886,678.1991372852253
1448,665.0,671.2207947466165,12.781341733166473,680.6730351747076
1363,853.0,860.5035398469182,10.60395931649512,867.5274408439993
1463,1113.0,1121.0064697590526,9.98143826515004,1128.6941009835537
1398,1138.0,1143.6425901027026,15.077012017283797,1148.707744983435
1443,1401.0,1406.4905324129186,14.143083873039858,1411.4986151688788
1465,1445.0,1451.5595367300941,12.309738063248384,1459.0555587978113
1348,1577.0,1583.5500884743808,12.164973960695047,1589.7095867696096
3451,1813.0,1819.0903967697113,12.41192911602655,1825.8795042649974
3386,1880.0,1886.1368643848623,13.589451664137348,1892.7474668380482
3468,1966.0,1973.1147655239583,11.459819085702057,2028.4679844131178
3486,2088.0,2095.1783268879494,10.354186111708456,2118.6095971832747
3368,2363.0,2369.361761629634,12.74793062298415,2376.4432352831936
3490,2509.0,2515.2017707969626,12.908272470848111,2521.922895992709
3430,2736.0,2742.142590280462,13.463984791695436,2747.769471747149
3421,2945.0,2951.593617883834,12.545631793746924,2957.6774783403703
3406,3318.0,3324.055050994795,13.091146734588017,3331.327083633608
3404,3444.0,3450.4838644814404,12.583484715798981,3457.801560864938
3388,3476.0,3481.37045621377,15.688162709935684,3486.17957500319
3364,3527.0,3533.1283700261606,12.851102604691576,3539.770035905036
5421,3612.0,3618.203427361283,13.409813728982723,3651.125901888816
5492,3691.0,3697.149700542125,12.442143215910574,3703.8576441120445
5381,3772.0,3777.460995252335,14.75143844025008,3783.7370657747947
5358,3941.0,3947.222262310593,13.128145141972842,3953.034816029254
5410,3987.0,3993.1385187079586,13.47752170197414,3999.980024548967
5469,4039.0,4045.2757992470915,12.981971945938152,4051.998444795911
5417,4303.0,4309.378025789496,12.463297365272272,4316.578755355946
5383,4371.0,4377.408266287893,12.366469900173623,4383.499176144321
5395,4389.0,4395.42422190793,12.839668466599399,4401.443011302341
5397,4543.0,4548.611102792599,13.873538509854889,4553.729233709623
5455,4668.0,4674.295901165978,12.509106849002913,4681.004939685162
5448,4671.0,4676.543434415527,13.995100029914846,4728.671489167979
5364,5350.0,5357.181067654896,10.170474089811522,5364.183609371874
5476,5368.0,5374.063475572628,13.37940116636796,5379.590631942897
7405,5431.0,5438.196233521966,10.557269978237658,5445.396633530083
7389,5506.0,5512.3753007217065,12.224499283631998,5538.495373183026
7496,5603.0,5609.092303204968,12.40189298202347,5615.886969735701
7363,5665.0,5671.013036654644,13.800905834190795,5678.15366446672
7342,5685.0,5691.298315069898,12.854687518617876,5718.525811950686
7445,5761.0,5767.305149983399,12.542035422651773,5774.243257618747
7490,5829.0,5835.256458135422,13.276424531669553,5840.930245172604
7424,5896.0,5903.1945437597515,10.609048253549116,5910.09608817022
7348,6090.0,6096.531665148903,12.343867887877686,6102.545666325467
7380,6127.0,6134.081316810247,11.014122289035624,6141.855319795643
7417,6140.0,6147.13808800552,10.639647051477269,6168.332924979148
7357,6273.0,6278.304770387015,14.925835613360881,6283.10844827488
7366,6463.0,6469.547481941212,11.667230331138489,6476.761496428669
7455,6480.0,6486.209384731825,13.167358122932129,6528.242644887723
7362,6603.0,6609.460121462361,11.950718661162078,6615.638096290216
7466,6862.0,6867.55935764614,15.356099218607886,6888.54507131484
7488,6906.0,6912.193478389322,13.34956345232721,6917.735746020507
7413,6955.0,6961.549310846044,12.144084468392178,6968.698880062822
7408,6963.0,6969.420846278534,12.273673876341961,6978.098827512041
7345,6979.0,6984.538064553515,15.215435096107655,6989.536104562217
7382,7006.0,7012.16564877357,13.078833539784398,7019.2297238631145
7385,7080.0,7085.558008587963,14.93504304908811,7090.70457362263
7350,7126.0,7132.179909478678,13.692308527259256,7160.667018275714
7409,7139.0,7145.10470215738,12.579111357858825,7162.805784593963
7422,7168.0,7174.1197253935625,13.61812703878154,7179.7672295535285
