1364,128.49832305276914,137.24959491471515,12.263023357065066,146.53367766085293
1342,241.390963949422,251.23180014418602,11.117355092370007,260.598728400602
1353,244.01161854110129,253.18146040035165,12.260023486914264,262.4632788395277
1192,481.7376388036895,490.3578196169822,13.037119813006253,499.66618132493824
1345,581.2437863385393,590.4136033263541,12.047058179743184,599.2720729888475
1445,727.7203076090162,737.4622550144537,10.883596262172256,747.6913849246961
1446,729.4949342198522,739.2842996074585,11.208876011798832,785.4347870497237
1200,752.2382864339099,761.4424474381631,12.181825451336971,788.2699558466874
1205,754.6044434081207,763.2517069739655,12.025344050961401,790.7250944918362
1433,854.307342052492,863.1747008074698,13.494642807816644,871.462170017965
1430,1057.631864505274,1067.4181990287093,10.980736903612195,1076.7221174725173
1450,1269.4400367769565,1279.0141406697844,12.167563471179289,1288.8325880682842
1189,1365.7220031587472,1374.474266697853,12.986098690886578,1383.720993831168
1356,1602.281206509972,1611.0896833893694,13.487317175114349,1619.1562006104293
1435,1625.3236510127147,1634.5479687598663,12.006980417318227,1644.4911208362173
1348,1669.5361448672738,1679.0038902587971,11.617096528571345,1687.9387019687135
1197,1705.6115003886187,1715.341754318557,11.14544545334218,1737.0760938264646
1198,1771.3741023694818,1780.008234881409,14.611012646463934,1788.5998680349337
1359,1874.088588040404,1883.2809931166978,12.364043832047876,1891.7173283646205
1186,1907.977048524641,1918.293056915269,11.039098300799598,1928.512617464416
3358,1941.7355250514145,1950.338398639465,13.501950799692139,1958.101316876367
3361,2292.167280416769,2301.299062757911,11.826803437819862,2311.0676054885453
3353,2299.841772635011,2309.3158472854925,12.206460071210822,2349.074681887848
3366,2642.811728889146,2650.1960029506504,14.971451889664543,2658.5148702286338
3347,3103.4593903613404,3113.4199165081877,11.433304487689227,3124.056780874337
3343,3105.2934065297995,3115.264735162156,11.58327334230128,3165.2385383475576
3203,3270.970692786862,3281.1159646130277,11.577745403051159,3291.2036743349804
3205,3338.8314355956563,3348.2917834273817,12.411586984963186,3357.6365347816977
3191,3403.4457517102182,3413.201878286073,11.437995779210821,3423.16010976712
3210,3471.5804964661565,3480.0511495235464,14.61565580414039,3488.7759714689946
3199,3541.6019083594097,3550.488824781711,12.754338149924765,3560.3361658620693
3364,3642.54575927268,3651.0682755458292,13.271273365228728,3659.4212795428216
5436,4051.8289989630816,4063.4442351818366,9.222075565978788,4075.4368677379157
5351,4119.902969608109,4129.238213036267,11.954112414712817,4138.161133210285
5362,4121.895109454053,4133.427085151489,9.812718123343782,4145.322245692103
5204,4426.763698445399,4436.347335457849,12.65005456213638,4445.874728415036
5191,4428.953354657402,4438.396807168597,12.364256508911664,4457.320405205795
5356,5086.29197784457,5096.424112508683,10.840758018472743,5137.163238656945
5208,5174.29715052936,5184.0505254298605,12.249890044104813,5193.826176723837
5357,5273.907193220585,5283.308237354048,12.115351138319998,5291.993938264733
5344,5347.283211202383,5355.5628926634035,13.608232748676102,5363.5672707128515
5195,5375.7618014270065,5384.004358483968,14.770213825048879,5392.725582062641
7342,5820.24069753524,5829.019418737983,13.336253590897565,5837.321414933563
7439,5886.038342655624,5894.368588693712,14.255209822660058,5901.879686495594
7196,5990.850853741044,6000.37319562829,12.486389503045762,6009.676398228927
7205,6261.867503619251,6272.286666100483,10.681574406965979,6282.946186467107
7354,6430.6474566212855,6439.43771634714,12.837837230115001,6448.079589438302
7192,6600.53672398724,6610.250715870089,12.068694878145298,6620.50694786573
7349,6699.932778023691,6708.183648962584,13.826201698312177,6716.2734287780595
7194,6939.875668987955,6948.358248943366,13.395159488277876,6957.447171223132
7361,6972.171355022547,6981.185908479922,11.817844396204443,6989.846014159436
7443,6993.899066750411,7004.1382528136,10.893200250051759,7014.626738544239
7449,7041.431197065882,7050.317214658209,12.945118929197857,7058.738586223771
7201,7145.557394497522,7156.311712628228,10.816400289955476,7167.293434390893
7355,7245.830028554493,7254.000829341076,15.33724093939527,7261.081650509532
7188,7415.729669609268,7424.265020512772,13.208073776703783,7433.2932375708015
