1524,517.2739733226217,519.0666139012236,11.167921939368732,520.8785155596568
3543,2224.0287431148645,2225.5130300486458,12.849512607976145,2227.136136802483
3519,2762.58675731729,2764.2229517950873,11.127422137214726,2765.9027456384965
3654,3307.157994283552,3309.0376707761893,11.147548843932627,3310.7925974936607
3538,3395.71408269368,3397.458640487705,11.445616381433494,3399.230307325199
3520,3397.615152361625,3399.3544252500224,9.279461731669418,3401.229041914934
3219,3481.6562464369167,3483.1921055263374,11.776125134319527,3484.7360383841997
5519,3843.463587732474,3845.0970068330953,11.558740263850831,3846.649068700087
5377,4565.627271585934,4567.398150787143,9.721636326461748,4569.21222595904
5547,4651.140436577009,4652.52930620325,13.041277194234171,4653.982186031544
5378,5551.945721436812,5553.300806325739,12.90337246529418,5554.688925495199
7539,5821.664704786069,5823.151971709662,12.444692680330572,5824.604944006953
7536,6001.709689041406,6003.196164253228,11.714060592352782,6004.704882779194
7664,6181.022361474807,6182.3921057259695,13.502918525617735,6183.745428074595
7650,6188.246643649961,6190.112722813194,10.004216488972416,6191.919937762297
7538,6270.710319406471,6272.0743905132795,13.812313028650165,6273.431064987676
7233,6451.477864592341,6453.029284674742,12.252849530323626,6454.5215823334565
7385,7259.91883776787,7261.15865128582,14.356510408618913,7262.4297322433185
