547,183.7237692844645,190.0456135832808,12.87323517942116,197.58995354637682
1073,273.8200875688433,280.0361802515833,13.123330614861201,287.4055924268282
1891,411.7987217509244,418.31968580133923,12.628956519393288,427.52333237930503
1640,616.7253795273197,624.3058123478087,10.569555829959981,633.9284896525944
795,649.4765210013162,655.5559021320456,12.561053792963932,663.182760173541
1526,691.0004519694144,696.5861749519751,13.196436635984151,704.7136925505772
1662,696.1076705238388,702.1787003309768,13.253606923572624,723.5735086348207
789,745.2674410217784,751.0652118079348,13.09456366138676,758.3210154323212
1054,813.6656807072183,819.6223103557019,14.311779307127338,826.7557556050202
1906,817.9728356726993,824.0719163201926,13.050333455029254,831.6278497966513
810,1011.68820237849,1018.4215900438338,11.637636266346254,1026.881293371267
813,1013.5430090994738,1020.2094625460935,10.973636112974825,1029.229336186352
1648,1039.2682578072595,1046.129483798382,11.469758112768467,1083.4472284780695
1890,1084.116297454644,1090.2473078045946,13.773107864119766,1097.3576598229415
801,1116.907742655948,1122.4848289218926,13.829496216719983,1130.6789323932778
1063,1173.7914830918696,1180.3699046970567,12.092048621290573,1188.6116570490456
815,1184.164809133543,1190.5526570837653,11.945575171368931,1198.6921644868348
1670,1242.5457925118355,1249.1543038880693,11.674044394762765,1258.5406992799158
1911,1244.6085371142954,1251.0587603985875,12.011700976267354,1263.1686032247717
1666,1336.0009720682026,1341.4179389011194,14.372221135261238,1350.0376504001636
1537,1515.7161550676665,1522.3084758719751,10.909450280541781,1535.9210963359847
1921,1579.2074611220999,1586.2225496530482,11.16603767167905,1595.775517373581
1897,1788.6071412986728,1795.5474644519552,11.336997281639563,1804.2559108340658
1916,1790.390146179737,1797.3577893805364,11.27628222253123,1806.0910267646727
790,1893.8104272538424,1900.2608863401292,13.273299638650357,1907.6968393151465
1903,1941.6716892913603,1948.1390981306022,12.25438082098352,1956.9311190262965
3898,2145.592423820562,2152.1927881096153,12.163709298327547,2165.7681747943957
3890,2335.288980055191,2342.1851264887696,10.889449360462244,2350.6617334119946
2806,2344.008628302136,2350.515911055482,12.789377272772898,2357.9632207004856
3051,2436.3254529309465,2442.2019864285944,13.381893802551076,2449.5854161042953
3905,2763.336207086116,2770.034258980475,11.843296066548662,2793.2590665735183
3060,2973.7564976307885,2981.176306004006,10.334569659453532,2990.0756990908867
2545,2989.8800287493477,2997.2537933798017,11.088953560735305,3006.4182252486653
3667,3043.972931634333,3050.4211950743784,12.051030662044946,3063.169474856416
3514,3109.2948179394675,3115.532787410684,13.691423821665115,3123.7793962566925
3662,3111.237380955271,3117.214048151625,13.433441783983405,3153.383103558899
3669,3203.150308903479,3210.464659882511,10.184019632544157,3245.7428169233003
3896,3235.4170050923626,3243.266715056723,9.350545530969711,3253.21855171747
3069,3333.811188665573,3340.236117483236,12.885378765157128,3347.504767812811
3903,3383.860412713966,3389.284045397775,14.716447749561482,3396.9046362610725
3072,3423.807538975002,3431.3639696756477,9.945538723528406,3440.8609885163432
3916,3581.546218207861,3587.1405595031692,13.460623578237684,3595.1473342945224
3920,3677.2877809990946,3683.108208739882,13.244014828686131,3693.164192695765
4793,3699.3900797361152,3705.373883699381,12.60818725315938,3712.7654865113964
3642,3856.7886833021253,3864.404258343482,9.745287664504236,3874.1119823745694
5059,3873.9260669379833,3881.2908690228523,10.510734600462657,3890.2339862090334
5053,4143.6995808137335,4150.129922478933,12.790043622618786,4157.7181616563685
5060,4148.329760756608,4156.067268946856,10.147975862004873,4165.487870149602
5915,4225.698800592553,4232.0365233017355,12.331590378817634,4240.153407329978
5919,4305.504698072588,4312.180849084139,11.899032748566936,4320.811571164535
5645,4484.486768357294,4491.484841779603,11.39017503342211,4500.468744289519
5912,4574.199265599913,4580.540820926411,12.039192527883717,4589.679532016787
5891,4593.885709775342,4600.1296224402595,12.778511329278324,4607.389813031182
5659,4639.493343521757,4646.013824336043,12.458669526598708,4654.9487133408375
5670,4761.1793565838625,4767.411472725164,11.988501255827561,4775.3629441117955
4812,4807.139166692833,4814.30276619309,11.128415541135293,4823.973988922073
5650,4840.577596604083,4847.543129997375,10.958100252685288,4867.86871110161
4534,4863.934014747974,4869.629862282869,15.690126838269759,4875.675094502292
5914,5021.292935461794,5027.3962573001,13.155479336588797,5035.925542868921
4811,5316.036756544272,5322.5570745427585,11.945800688037458,5330.37280510547
5643,5451.909727044215,5458.565951663083,12.226810159977324,5467.920847014403
5913,5454.040020728417,5460.354098655312,12.3188278872719,5493.3560062023
5916,5456.111681984298,5462.237370859073,12.41662124980763,5495.971659414833
6809,5675.846714462279,5681.096742983391,14.84707506955767,5687.714944622679
7913,5753.586018718745,5760.154728074178,11.790550391430635,5768.4265088236225
7068,5763.483657605532,5770.006058849348,12.242915291515606,5777.682457325399
6810,5785.1088742909915,5790.5217688552975,14.656847832880644,5797.260676609332
7072,5943.489487257455,5950.439731364841,11.584449171432649,5958.826055243081
7890,6033.585638057464,6040.112318379588,12.006179478960249,6047.964359905515
6813,6057.245702097342,6063.177527494767,13.119046009035399,6071.938191683761
7915,6081.041450200249,6087.4495356287225,12.158627534153307,6128.763705296932
7523,6349.050940642838,6355.313601878941,12.800276511801117,6363.833560611441
7056,6394.282021546507,6401.040359721477,11.415579632918101,6409.111708749905
7656,6889.46102102354,6896.1929998536725,11.673313589260518,6906.12391349644
7510,7004.671893769654,7011.182945621394,12.494212149970503,7023.713152212778
7065,7114.425302234088,7120.543227708257,15.96678928048779,7126.45358124042
6806,7116.5774557391505,7123.2022518679705,11.713694230034054,7131.289381212437
7912,7277.12910446483,7283.375059508182,12.625823940060389,7293.571872600902
7919,7383.940790650635,7390.151012166425,14.59593698495015,7397.142789863885
