903,64.32970090933877,70.22954936340027,13.842581727981111,75.93678657775261
547,124.2231597790089,130.47851032776057,12.670955268183572,136.03953871951634
521,245.36684226185213,254.13124658693667,12.542246799353737,260.2302525281519
827,252.58252204194252,259.4208433023777,11.141972009534916,267.1647586630154
858,254.80958917315613,261.2937266310751,8.990444469877097,269.7738906726214
653,311.7811867179979,317.0085970443668,14.581351350845532,322.9387210394052
879,320.5756692982951,327.20235742830096,12.023545295979453,332.9540827689449
843,425.77663105404895,431.6368708497383,13.839552776481032,437.71540934868574
570,484.6523259272065,491.1577708078795,12.345314038062698,497.00084127194793
567,490.9979796670074,498.2651458114229,11.432581957441437,504.6980202767869
644,604.5528061996805,610.5409411723186,13.683872903572336,615.8415166580583
568,609.9226433216579,619.2348518244523,10.570651273240626,628.9079947393107
883,613.2965975171571,621.2312723967224,8.104517364236536,631.1184860642184
603,665.0,673.4468188550759,13.59505185070013,681.7717186904596
645,668.5560878967452,675.1535170416533,12.689573796185348,684.2840131765549
822,746.4742686624821,754.1990663408528,10.67780827743474,763.208343345417
869,786.7501395063784,793.1689847163387,11.103271255628261,799.7748228487018
615,844.257454191995,850.1420107621841,12.839893481514025,855.2008269392074
844,903.0,910.0769640499458,11.407769206248904,916.0078709476426
891,907.9514774580704,914.3511821169211,12.347107974961379,953.2237113551997
855,910.025930511764,916.173374991562,13.068801343239087,956.1109298193484
624,966.5550055307059,975.3935852493653,10.432062261333808,982.7229397311165
581,1026.9456862295522,1033.4732279189013,12.280281051826702,1039.0860214520249
562,1028.9631816997128,1035.1981307335711,11.884060053718498,1041.2627196385076
836,1264.082056946081,1270.2484408053228,12.780490095150597,1276.0367959981684
831,1324.3379467830446,1330.3911476654066,13.024591167864829,1335.881445199615
676,1326.4787432632627,1334.0099339993858,11.441388965002515,1340.6730733550787
878,1386.1867975682217,1393.5664244805303,12.164796612338327,1399.639952901007
598,1503.2266964472883,1508.4448314933088,15.436449667356857,1513.704884145472
867,1505.5210576346913,1513.45543940609,12.34507248802733,1524.0228726208145
438,1685.267077330249,1694.099272494527,8.452069567165921,1701.7224773666192
609,1689.0586651663878,1696.1628523351678,8.07455758764011,1704.2771112856599
840,1693.5303576651881,1701.2267440291737,10.308623380050413,1708.0738576445542
818,1696.5382839070937,1703.2254669113474,10.214228654489279,1710.78985206624
608,1747.0258417619204,1753.5441342823597,11.354467212985444,1759.711061316558
880,1750.6668029430693,1757.1221619668736,12.679369801156327,1764.1771459346721
912,1753.319321047583,1760.080818462662,11.028367043076308,1766.7309932130352
648,1823.1458190520236,1829.566929689379,12.25976475319693,1836.5027909648359
577,1824.92443181978,1831.3072742901672,10.578673679094324,1839.1498278822228
604,1826.7789849642834,1833.2089196589702,11.768071104340859,1841.7523507227506
643,1866.491744216313,1874.371602162466,9.102148619765181,1881.1155950053799
642,1868.586203033603,1876.3158875693107,10.597405261061077,1883.8977620186886
839,1870.7190435316495,1878.2573533494967,9.068533724749482,1886.772641819851
872,1874.7650838561126,1882.3186318784312,9.713278751218017,1891.8464762280664
2611,1924.7354110317137,1931.1273749434263,11.509538711548352,1936.949562854174
2836,1984.364486699291,1991.008977126794,11.355311082175136,1997.0599757079212
2568,2106.619402323472,2113.3862036026712,11.845228276960103,2119.132783099774
2563,2108.7650661569824,2115.2287995238976,10.939278788242108,2121.690197321506
2918,2164.0684879259375,2170.0666803884674,13.4366105006442,2175.2563864289
2566,2225.0716872980224,2232.5648918373163,11.798274621257509,2239.17330806163
2604,2227.083854644529,2234.3915690491835,10.379642870401778,2241.7633105265454
2557,2284.6028954361786,2290.422367927027,13.68005492469489,2295.816292232185
2801,2344.8364577545,2351.1623687840124,12.809080885475698,2356.6528300836344
2621,2404.446428288928,2412.479333276811,12.328155354255378,2419.1235033951853
2601,2470.34827838279,2476.563537172764,12.165635285178608,2483.7579060952985
2626,2476.116163412757,2484.1813460664316,10.117065443981462,2490.9045760736867
2849,2655.971747210862,2663.4674212741297,10.277178921853643,2681.680870459248
2653,2724.6421587993036,2731.4063816213898,11.309290556314552,2737.2700439427726
2619,2726.5216339734898,2733.2933466284617,11.237579879869575,2739.7516636446844
2917,2824.559866176425,2830.289660488505,14.470304830306992,2835.2239377371284
2588,2826.5298691463468,2832.0099988789193,14.337411186040608,2837.817697442986
2901,2884.613567804216,2890.3774713528996,14.038465710142686,2895.6379350174693
2585,2902.94282582732,2910.210570657272,12.481350573513447,2916.773437700867
2620,3132.5559748008354,3138.4661995375723,13.406035953912552,3145.3195029938106
2831,3186.4160454423754,3193.5197814191342,10.948532556973484,3199.959482352454
2633,3304.244366431836,3310.1147573135518,13.881920885916028,3315.218958167287
2606,3486.3253886299744,3492.4501348706704,12.507104263693536,3498.0904376234703
2610,3488.153482574721,3494.163081436408,12.365368878157687,3500.8364284370264
2882,3621.4362266787416,3627.5486519075207,13.002104766212168,3633.288978575058
2909,3667.8588002245087,3674.2781651213586,13.601254139341988,3681.718684133931
2556,3670.0,3677.239520776099,11.50750906888671,3684.242598533384
4428,3724.5109418731695,3730.1568267960174,14.447345001957956,3735.1366442338112
4592,3908.1667863207676,3915.4702357827637,10.783401265671815,3923.682078949413
4832,3910.2653203002455,3917.387234293047,11.725222442467446,3926.245271062853
4871,3964.472033979386,3971.018343637679,11.584897617516111,3977.022088281274
4553,3984.0520867036994,3990.563443564701,13.207578265715151,3997.8301353327156
4567,4025.125335638392,4032.514275079539,12.200004059596909,4039.062240382579
4564,4027.6997813146904,4034.2757304510847,12.294188524203294,4041.650988480755
4821,4029.817489352456,4036.5277047375257,12.205674734951291,4044.08931647506
4868,4031.6154989222823,4038.2696621743685,11.896233327901669,4046.627918327443
4903,4033.5323709156264,4040.0731521070343,9.021748931284508,4049.1830317790805
4617,4088.2158097405477,4094.2721578221126,13.032116739702886,4099.869585014619
4616,4089.68211657018,4096.475479788142,11.887931865706067,4102.844193958546
4849,4091.623180829222,4098.301613088387,11.215155459675254,4112.752274731111
4604,4162.833401980619,4169.09406174988,12.68598775813627,4190.82431213448
4860,4212.914643087173,4219.482395848035,11.682754199204673,4225.177816492791
4820,4264.395165440655,4270.406775328193,12.4656445720235,4276.010785776867
4568,4446.541258088147,4452.144243644023,13.553447347430687,4457.2513116782675
4581,4522.2629139452965,4528.467523650974,13.012829746463494,4533.9807768171895
4623,4566.545527503297,4573.401894860289,13.211672846171158,4579.217111159932
4836,4569.92629629123,4576.212510268254,12.239881474080738,4582.042668520709
4842,4745.837364448127,4752.3478496079115,13.188260352751106,4758.184755089145
4865,4806.268366951213,4812.111589930293,12.98691171662639,4817.941960487227
4615,4810.16979531392,4817.177031741083,11.410674144738193,4823.134613229446
4586,4822.417747998238,4829.494525935344,10.932005125900622,4835.724409252595
4607,4990.456906688047,4996.487458618003,12.745721994106743,5002.699349495782
4905,5045.032958842957,5051.192681774548,12.867702481954382,5057.034788389378
4628,5063.531649737655,5070.180806814923,12.240651560463736,5076.212011044152
4560,5104.412049525034,5111.579954717415,12.501163643287365,5117.768243112963
4618,5162.701091231152,5168.156014756918,14.614756369114858,5173.160014525719
4641,5166.852447701667,5173.2931233048685,12.719457247348997,5179.050100982921
4638,5168.6162746448135,5175.0560655152785,12.079395633446323,5181.947496143602
4556,5288.622128970391,5295.530324622659,12.930347563967127,5301.771631315384
4912,5290.8264005340525,5297.494700475861,11.806773967888494,5304.6956847223955
4893,5344.860335632228,5351.362362672705,12.021237282086693,5357.09895693645
4587,5348.96389252607,5356.439618799329,10.381419425516734,5363.01132421884
4867,5350.860905161474,5358.433123427085,10.62701473373396,5365.7318475846305
4646,5466.183064247029,5472.032374720845,13.806985138279353,5477.864281969035
4822,5468.2006273060415,5474.086458117542,13.41983529479939,5480.62810343084
4915,5471.341457403048,5477.249078903874,13.303516543990336,5500.525182986856
6416,5526.797483742664,5533.479599278004,12.334124037332735,5539.980603499918
6874,5708.672039646594,5715.0354774726575,11.945961969925753,5721.75399142588
6838,6009.7233794059575,6017.3885292880805,11.481698756573683,6036.0033977832145
6543,6066.2458437389705,6072.282609884901,13.089138677949629,6078.235707839448
6861,6068.1663616918395,6074.026505040765,13.67634277211657,6080.204614282467
6533,6069.934563669348,6076.048033823855,11.833077737221165,6082.669645061805
6871,6124.399518854209,6130.151258716332,15.09642222661139,6135.22760156267
6842,6126.85907390722,6132.430823465211,13.482974141683327,6138.246172954053
6537,6144.186828243174,6151.116394510624,11.822222279545374,6164.592643587343
6801,6162.0,6169.395156686457,11.106557518951941,6175.131562066875
6822,6248.384794085863,6254.442460111909,12.821788390750722,6261.732095126045
6621,6371.144080615896,6382.036270041481,8.61949019469523,6390.977191575564
6613,6373.555805536005,6384.11475066516,8.52661042784945,6393.2172220493
6562,6375.971412601104,6386.166826246759,8.8623692453901,6395.250734406006
6917,6378.360081626854,6388.255850363175,7.5677402864542955,6397.754578633257
6583,6424.05777313218,6430.137157178822,13.165130862407082,6435.895298738824
6841,6430.137949305598,6437.1637460701,12.77380720257226,6445.830069620686
6555,6544.501073063403,6552.368929313138,10.77646173458874,6558.960587349864
6631,6605.4816514320055,6613.024317545038,12.958889059824937,6622.02799361469
6614,6786.451546859805,6792.5733335108,11.859787364855677,6798.671091429611
6575,6844.628529078875,6850.219120126258,14.537062950661218,6855.224630408161
6887,6846.375998469219,6852.430300012497,14.562944284955545,6858.022709310918
6570,6863.423193368392,6869.056106178245,13.967374232675791,6874.264096530347
6812,6970.413759187604,6977.363284667657,11.009370743651091,6984.221684555061
6571,6972.267206676426,6979.273748744149,10.758360612338224,6986.874749282414
6642,7149.540510579908,7155.48187745274,12.544695510751447,7162.784048799351
