1092,159.63874222598815,166.23411589437217,12.824468142276332,173.84269626041342
1097,417.9266352397413,425.05260871217416,11.582156369439687,433.49453659886814
1102,661.1329669617156,668.0992965833512,12.922345628008294,676.2297417624588
1095,713.6883682962293,721.0990000069329,11.52669950979906,728.4913006407595
1924,852.4235804316345,859.3355654395348,12.354020902767305,867.3850274210922
1098,1072.7669431119305,1078.1996764668324,16.151945738191102,1083.7661415550645
1107,1799.03122484089,1807.0425133776512,11.332041441171821,1815.002732421952
1110,1818.2934500358756,1825.2920528726982,11.953707936680859,1832.3170557039207
1948,1956.1111136853933,1963.3110495818773,11.9596391974898,1971.7525623707788
3094,1969.4531437840515,1977.1527432063042,11.350198376635769,1984.8570268694589
3115,2028.1599410480503,2036.2427314877527,11.062616322926457,2073.8358688247417
2846,2366.668690662635,2372.284693314657,15.957770771909084,2377.800232428127
3090,2370.278065043235,2377.0530134022997,11.816860156180784,2385.852313283762
3100,2438.610424185531,2444.6512057566715,14.466857387361319,2450.745167350212
3089,2442.4542067636903,2448.601215133796,13.910518030691936,2454.6442716316396
2824,2645.329095217782,2651.6161727476765,13.394271654705607,2658.9080203658655
3107,2726.2163332637188,2733.203407486147,12.929967748005165,2740.873894576259
3102,2788.941393760643,2795.287135906609,13.982413558674548,2801.733758655037
2840,3058.58244121401,3065.035935565803,13.34505569852891,3071.537059021476
3096,3203.8891737575227,3212.2862916051517,9.85940421486531,3245.498942473846
3111,3334.815426112605,3341.2006900211677,13.18404466942949,3347.6811976940853
3922,3545.6487647946988,3553.5160156935876,11.313532740136337,3562.6486053235717
3098,3660.9968821916045,3669.2563757070093,10.469763250869725,3678.8509917763267
3929,3799.2485088788785,3806.3781479398876,12.242621618301554,3813.355197930446
5088,3888.9799941861666,3896.4285638077417,12.411720225696689,3903.670433019114
5108,4144.158249718873,4151.349601670625,12.17749096631962,4158.201616907296
5114,4282.375917074945,4289.148476012496,12.721442269663337,4296.786689986008
5093,4521.705286496563,4529.171229522244,10.814923239620956,4536.7976959092175
5094,4931.737948838586,4938.169310524612,13.816758683452914,4953.5234763150775
5096,5062.815313318152,5070.162972614487,11.777533402007775,5077.610560203131
5098,5339.6571522579525,5347.5171108706545,11.302570370871367,5356.635090699886
7099,5731.253898647986,5738.16756570275,12.822274966512575,5745.836089351777
7095,5938.211704065352,5945.510329030036,12.214791096958384,5952.439959483295
7084,5968.450492521572,5976.070275539422,10.7740522720481,5984.664348094094
7083,6044.3769770331855,6053.298229272543,9.75656831283817,6062.196099315322
7087,6352.49907636572,6360.03911676779,12.20341600223556,6368.315699264756
7109,6791.942390445395,6800.372016779094,10.766789868937687,6843.4251173558605
6824,7336.701682006154,7343.144384018093,13.32494688642557,7350.832603341044
