600,268.70872706036914,271.45865796934913,12.847037258512053,276.90522461374843
416,339.16295685080655,343.13792892746443,8.572646886503554,350.53601297713794
511,343.4014193151564,347.26692333196894,8.198918433781328,367.73585413248725
446,702.9123469323123,706.0200441212215,10.714344245965755,744.3923494385625
585,1038.998365344675,1042.0784300039202,11.358121514945237,1048.3097182694812
605,1395.5682684727137,1398.4012605547641,13.004088604423895,1403.858124108861
553,1413.0332935633053,1415.608755765096,13.949707633530648,1445.7643168935842
616,1574.8025614655123,1577.500102637077,13.122855041635924,1626.2133794946901
617,1601.53279642087,1605.2010827024558,9.210714068112576,1643.7212387383843
626,1638.2444189120201,1641.1284546558688,13.173304653843909,1651.2904518554888
563,1682.868752036217,1685.5236848710376,13.64820343816277,1690.9610967801914
610,1778.4724427707188,1781.5329124697464,12.32615971358645,1803.3082111285134
2435,1980.3953706997922,1983.411834748928,11.60324871933498,1988.3325343834672
2589,2093.9864758424296,2097.21047701675,10.993402756410154,2103.055223434474
2645,2357.0227057811285,2359.562799056143,14.618709664422285,2363.753629469599
2643,2492.465740414298,2495.1265905437945,13.57281338566913,2500.7838957702033
2573,2497.5008785546825,2500.5310592373316,11.47663844233591,2528.2811669089065
2649,2672.330300074412,2675.3373209096426,11.386950832762318,2681.6693787080276
2607,2711.9188760148,2715.278928168527,10.813945590175608,2720.9415895201814
2489,2872.0299750168897,2875.0716058080457,11.763184848631937,2880.3915732354235
2562,2876.268340722402,2879.0775779862943,13.066081916103643,2883.965054054528
2637,3179.5702200916667,3182.4064909598237,12.102876458576633,3187.16063334019
2635,3351.5765781987034,3355.2130356912594,10.284999331143624,3361.2293924188043
2413,3393.6598899415385,3396.4677815243735,13.228313088570637,3401.957327256397
2652,3436.316797327016,3438.6695528667306,15.332430223481657,3443.12375357647
2602,3563.1959780730854,3566.3825759109773,10.815935305270704,3572.539166086574
2560,3579.1111971196187,3581.447545693771,14.771170147348665,3605.9213531178793
4569,3933.200996398421,3936.049586845152,12.955238071580586,3942.230808994032
4574,3986.945455066521,3990.421880612857,10.350406580958035,3996.2638532481183
4409,4127.606436525385,4130.266398397537,13.09068201300971,4146.081596574402
4515,4130.006116571216,4132.606166602648,13.594868677087954,4148.992019046213
4446,4293.453355194096,4296.231394967539,12.787518379152306,4301.772371794002
4582,4382.568517473744,4385.039071048388,13.884867451328013,4390.866571687986
4635,4472.722123598098,4475.356317365274,12.975464409515855,4506.271179407
4648,4567.686184995138,4571.0385111626265,10.322164273390197,4602.13078666085
4449,4628.460820229754,4631.250052455885,12.027813251972239,4636.817182678808
4563,4835.120559777288,4838.181565462518,11.952464107775894,4844.271785744376
4440,4926.378454893871,4929.297194389875,12.71415756013063,4953.2497904520105
4513,4931.499660723513,4934.363908383751,12.475381493376208,4959.193271773219
4493,5040.340679993997,5043.16533860596,12.061248051769299,5051.830636764051
4554,5150.293787935861,5153.075138580311,11.941845652212189,5158.260964790632
4577,5326.959495246638,5329.457242843825,14.789644173990382,5333.919157402907
4484,5373.5004288479295,5376.42224571428,12.275232769392925,5382.783876621612
4573,5375.275638115768,5378.153335382166,11.90722779782165,5403.277658073284
4414,5424.104965147384,5427.037326868618,12.077060472915884,5432.431689425413
4612,5462.545265468539,5465.1765910725135,13.423835686941674,5470.600812853103
6579,5465.541194774421,5468.404302675018,12.491171340206963,5496.520930756354
6594,5646.2369628076585,5649.133808413502,11.793493038804167,5681.341856282906
6588,5734.93393621783,5738.058421488416,11.104812833147275,5744.336606685429
6508,5737.118262920824,5740.068205009672,11.669023342008677,5763.122975989236
6643,5899.765567416773,5902.494007715834,12.617527913062872,5943.345248172327
6403,5915.666345826722,5918.558403763931,11.535105901966928,5951.222775791611
6500,6102.689463584391,6105.370609364602,13.115827813678216,6110.748788419059
6425,6138.311843159966,6141.054574526521,13.103317889587514,6145.689399408154
6616,6699.523293069104,6702.4464057674095,12.449236639973934,6755.435355362781
6641,6864.2463542098,6867.489119640638,11.18721534868231,6872.657736735957
6415,6902.792251151934,6905.414846388958,13.793774459686311,6910.850160374538
6414,6907.021943814382,6910.15510814748,11.250166500805701,6933.480779777895
6652,7133.185380210493,7136.281664808806,11.25452788910919,7141.2615260321
