1127,1829.7749165187622,1840.3982127834083,10.151976190674644,1851.806815027317
3685,2664.367587915987,2676.173423138248,10.049944296816948,2688.373244174186
3646,3000.5096584696507,3008.6300226565477,13.981465054701145,3017.8410640770317
5129,3981.8144462497366,3990.46547172517,14.16156777376758,3998.683577078376
5118,4662.099851318656,4671.051833415208,12.887532121003137,4680.041572499906
7701,5719.951484084118,5731.343008751804,8.923508621692843,5749.493526724413
7135,5749.985346641744,5758.6247660910185,13.579901563233609,5766.708721005664
7684,5871.395230502794,5879.231798718714,14.363299775473543,5887.307374213838
7133,5885.616826613807,5894.241246806199,12.9331635697278,5902.393163642332
7139,6157.741588698967,6166.099106651544,13.210776889297685,6174.469060619939
7685,6259.6289810188855,6269.216050411037,11.455577039689459,6279.748809601068
