155,235.80239439885568,241.22597785122008,12.475580643626952,247.90361888172293
597,297.4450839979947,303.3298513681503,12.030968521555396,310.58921862892737
602,363.7197620963071,369.57206510781975,12.551159163127888,374.92874979449545
590,370.05174788727044,376.23686922013064,12.021927504259677,381.98241643231376
248,504.34002664229195,510.42634999180683,11.819860340242432,517.5115716007762
440,545.787755052927,551.3927010385192,12.349293987682744,556.7770936120461
599,636.5034169474804,642.2867055753319,13.630254654692836,647.5544106447323
501,649.3537899774816,655.256219147678,13.885901356251514,660.1217314777018
629,660.3492214909782,666.5091787184153,13.057327417623828,672.9057842570987
268,677.9096596656863,684.1619992149537,12.782179737405725,723.1698173315152
237,682.2186503492121,688.2750193802781,11.88704699369289,726.2460068460805
604,750.1065386964897,756.0254762874689,11.831447777382609,762.8660267142511
92,773.8532645135047,780.1011300231803,11.445616991060614,813.3796412468876
251,965.3445438548434,970.0219324488612,15.350732908623092,1000.4391096778679
189,978.2211032253923,984.1508357270102,12.568459113669839,1003.6403131489011
642,993.5604535117366,999.2255600238606,13.350630862945307,1006.0973170215334
633,1002.3251439224459,1008.5877951160156,12.454282245855095,1014.6658894780542
518,1004.3940763473336,1010.3792881366454,12.357662310990314,1016.3667448920529
509,1006.3365457213337,1012.0645293598269,11.086619381843967,1018.0810274662027
510,1011.2593748976676,1017.3377052897649,13.478277529350056,1022.7263970794644
582,1019.7953809728198,1026.0151152022004,11.606814139990192,1033.64094557034
628,1088.2544091217821,1094.1451347915372,12.135713063973592,1099.6017433939182
235,1128.4162244958018,1134.4932743666002,12.91067532438155,1141.3381022766691
247,1225.8659082361773,1232.2170298133915,11.64865864479393,1263.1578299507387
486,1263.7684435175647,1269.2491300409488,13.470311688647005,1274.3177230126234
265,1312.4276644295155,1318.559200980755,11.680901423321732,1355.787007149542
225,1314.253376496,1320.3074764333044,11.016416613113783,1362.068624423827
575,1474.5231538210403,1481.013023553842,11.926766041438984,1487.91020664352
645,1481.1217409629714,1487.1867861615033,13.193551640598976,1533.379359333345
261,1509.1818361216726,1515.142000908153,11.336572225022557,1542.5313722853527
650,1543.2033325163748,1549.2302681892643,13.438775662216765,1554.2960798722488
618,1556.0751065692339,1561.4166870808087,13.420532851273942,1566.4581997186187
259,1590.3779048167062,1596.0356916275016,12.65698725419527,1631.146438301498
581,1650.8944862487238,1657.1094934138973,10.964316429006011,1664.6267306833654
169,1675.669579975668,1681.0717125735418,12.079636702118039,1718.2401566879494
87,1773.61103116432,1778.6138186960102,14.820887975552107,1803.6377580118578
609,1803.5653945538363,1809.0052674182439,14.154962909069745,1814.7544638198804
651,1829.3888037270879,1835.308262327105,12.140933603697146,1842.6298716790222
231,1853.898077941948,1860.1888665661847,11.694255618999073,1897.8479710302136
255,1862.8081279867718,1868.036490104494,11.784696507967757,1909.4966465486032
2578,1899.304089641866,1905.5123779755695,12.67095194391695,1918.105053522121
2495,1905.5278183904422,1911.4305935273849,13.205069903634085,1920.3686802970285
2262,1949.565976497766,1954.6309100515725,14.412255786532123,1993.617480713719
2597,1984.0181646341537,1991.143905419869,10.360585392756624,2000.495656356679
2588,2087.238489723016,2093.459781013382,11.876710699322924,2099.7463655977863
2620,2193.228769379585,2199.4094575863437,11.733183374552185,2206.801944452919
2238,2216.1149110790666,2223.056141421081,11.53542499631298,2253.64925962825
2508,2253.5927929621125,2259.2691106443613,13.165558274183825,2264.497292949059
2433,2255.753351428981,2261.3517557753744,13.45258286940022,2266.6035137361378
2408,2262.321909104098,2268.125839426383,12.733381390406787,2273.4162589267726
2246,2306.1174062494865,2312.2997606310446,11.919590667579996,2319.549474366657
2242,2309.9428545180535,2316.1963965710297,11.774972067884192,2345.8355126150573
2581,2343.4428398676732,2350.179692349511,11.230746566491293,2356.7741995413767
2438,2349.2487920338635,2355.2927012835503,14.027156931126497,2360.421744450295
2239,2390.593880775061,2396.4537003559767,13.031356265121524,2437.8844708750285
2614,2526.7338175800082,2532.5977867426595,13.410661136556339,2537.9243642594615
2589,2545.0753556532322,2551.256253998132,12.41880193112953,2556.918930444389
2253,2748.6657981026333,2755.4539746546316,11.156020529519322,2762.917962327369
2500,2802.8636350812167,2809.357714307411,11.6823006827426,2815.4158078068726
2627,2808.818962242249,2815.1496401283143,11.878779075590698,2821.2979392656075
2223,2863.519544974873,2868.6128166621074,14.238112075240686,2891.5750339893925
2261,2933.775050014791,2940.1224897147868,12.371292411198286,2973.3440902279162
2503,2981.69052577597,2988.1165654483857,11.102857599966228,2994.36564243857
2580,2998.230601980731,3003.4444555962,13.027033823981993,3009.563348040516
2596,3063.693327260233,3071.051204218146,9.416719287806906,3078.2735631167975
2555,3066.1937065584716,3073.0811080292906,10.194030171301009,3080.294798399987
2515,3069.266849018553,3075.1094057846003,9.478213686634481,3082.254570948703
2257,3108.1931296024795,3114.369277041383,12.520216368382583,3153.3815074255963
2582,3156.691747251659,3163.4074382102567,10.469660983668534,3169.889198601549
2440,3167.1874528689377,3173.376922585022,13.312961615302717,3178.822775335274
2219,3198.1799527620146,3204.077766725323,14.644577357973503,3210.6596103852926
2234,3203.950047225074,3211.040964296434,10.215312855931362,3248.5180498693135
2071,3206.693633700567,3213.1702289647155,10.533504020372403,3254.68271018394
2423,3255.1026134609883,3261.1722825915053,11.883964532392525,3266.9951976316147
2612,3267.941458718395,3273.5450292521346,12.517818356183419,3280.212456119282
2404,3345.8008841388937,3352.3869163416543,10.509343133959526,3359.068593594104
2623,3423.7951785548107,3429.503782142226,13.778371402718673,3434.697009038338
2554,3429.9362946224996,3436.0264985374693,11.946659442922403,3441.6773266731434
2243,3482.4960795410097,3488.3795291298798,12.339504386526944,3513.7731828689107
2170,3497.519866144691,3502.478976245722,14.22247818486567,3518.686470726911
2592,3536.6255606729305,3542.0315202609945,13.355826192382896,3547.3819567995442
2250,3568.660607826393,3574.1710721722634,12.139487422776599,3603.458688216658
2410,3628.65438349071,3634.5184834862944,12.26469195673209,3641.8647339601025
2247,3656.7268704694857,3662.0116861620886,12.612846891100544,3697.5971449857702
2608,3696.8341477943736,3702.4738669300486,14.478421397969761,3707.154750145475
4613,3703.552734816997,3709.526985120356,14.907268493728195,3714.2953208607923
4573,3709.4983072851005,3715.074069810974,14.296448698027987,3720.1094620694344
4438,3730.5371391274653,3736.3537177007697,12.488166930277918,3789.3049071627856
4595,3783.829997009355,3790.1625503654027,11.316755346942566,3797.134390145425
4598,3785.7335638322324,3793.062842126544,9.670005782872991,3800.4719379998437
4581,3809.0485392795053,3815.1506367737734,12.064245540243066,3821.7934383454644
4246,3929.5949402557667,3935.0712751412843,13.458242078852697,3963.4987297107623
4163,3934.4959458241137,3939.395032547447,14.470381918228254,3967.673764969652
4436,3969.9442670258554,3975.6124893386755,14.046607171262828,3980.5953254950573
4410,3987.7130464467655,3993.422262017721,12.96813809405649,3999.568858684022
4250,4008.140554933068,4014.369130536533,12.931868458463804,4052.7974309379915
4385,4039.303409827914,4045.2039116407755,12.369931267464738,4057.891397782284
4513,4061.618191240837,4067.309501098677,12.57018026978198,4072.7710097298695
4610,4065.621563967949,4071.0375066507386,13.1261107713496,4076.290878528622
4471,4067.527255507789,4074.026748245531,10.399175149864709,4080.559095047759
4259,4100.7717067301,4106.384300893243,13.635658050519485,4145.786180142189
4637,4239.858983350875,4246.15399258645,12.840231370330658,4251.820216419774
4191,4287.338735569672,4293.157238517322,12.04754685181766,4323.248738435597
4562,4330.037203289779,4336.37241938437,11.72905720941632,4342.777575316471
4633,4341.719269985361,4347.44877484835,14.569388720115102,4352.277169795423
4269,4466.927109719142,4473.319287585497,10.8383052539656,4503.349659598934
4267,4472.236659294858,4477.383130630581,13.391921313246621,4505.983804482844
4444,4593.842899177748,4599.492243760165,13.609671166745716,4604.779542146381
4621,4621.407202930772,4627.470026117933,12.310391043016493,4634.9054497295
4239,4646.975266359092,4653.334215581741,11.705883470859732,4683.157156795452
4253,4656.6859386492115,4663.369273706785,10.458321151126803,4686.265051942897
4412,4699.583296532386,4706.08445763108,11.504988419599494,4712.440719633946
4569,4702.065285798815,4709.426815414409,9.83160597503603,4716.690818920546
4240,4824.793120218806,4831.198282035943,11.28584111024141,4868.122175459675
4232,5002.895365455163,5008.419741479627,14.388659749564313,5014.868200430818
4434,5049.7059609783755,5055.430957744883,13.060987924430952,5060.937247844781
4574,5051.604132869873,5057.132117389803,12.266561346356616,5062.740752295542
4231,5180.533558900015,5186.091983292093,14.018336125035317,5192.662945843171
4265,5185.322117385599,5190.213072201018,14.322284190927839,5225.3268987570145
4649,5229.123973409735,5234.559486318878,16.775433033789426,5238.682864835854
4247,5448.485242499823,5454.278912739753,14.075355345010768,5460.616118115172
4221,5452.769014995634,5458.44652696428,12.780157453753334,5495.216901087853
6563,5583.887084565165,5590.155323451355,11.3627518937906,5596.2851846888625
6438,5607.964553280263,5614.116857640414,11.782203973973427,5620.9014769829755
6227,5630.483495810488,5636.243115350537,13.356588662913712,5673.400776787473
6255,5636.016217831953,5642.151937858652,10.954363521683526,5676.0465763509865
6592,5674.041673069819,5679.623101009538,13.27679010675452,5684.817723064054
6632,5695.509140384073,5701.021553522547,13.359528974195431,5706.303595249434
6256,5810.23028988223,5816.548678563257,11.337499045906544,5823.870601591109
6586,5862.819571701527,5869.0108606158565,12.640026706488074,5874.8978568914545
6618,5884.183372703647,5891.156362425739,10.154291936000439,5898.717444891953
6633,5891.552729147114,5898.17064739373,12.032459928489663,5942.950793327094
6219,5908.270904236636,5914.181681741333,13.330484758724714,5945.490069666649
6601,5947.076069620465,5953.260699232142,12.213052800292012,5959.148585314462
6220,5988.253637559265,5994.5045017540815,13.262061098072575,6033.454605917932
6635,6059.433361549985,6065.431298378984,11.195657324429392,6072.784272533304
6254,6080.877540086201,6087.122236556725,11.353710860282153,6123.46304076076
6223,6086.761734986051,6092.194810403041,12.530592238725148,6127.912750018285
6570,6223.347244475788,6229.204101599848,13.145567601416605,6234.4227544167525
6500,6229.221435593915,6235.399880556974,11.606986347870524,6241.2016939568775
6587,6233.331519642997,6239.357575290086,12.922045819507787,6245.051110491775
6565,6239.278317006809,6245.379380790512,14.175158568368433,6251.91860107044
6264,6258.397788576183,6264.242802156107,12.761674343394224,6303.518046054576
6225,6262.765332982335,6268.079738478052,13.874815485025305,6307.743202020136
6613,6393.660153795052,6399.31933623329,13.093495672312221,6404.628229599177
6167,6438.199217187483,6444.028929566053,14.493381122756228,6450.44172850656
6247,6444.400831812183,6450.129345706427,12.456749208344052,6483.283445017654
6562,6510.767729237415,6517.243113524631,10.185085346629108,6524.675658222092
6251,6532.305079831775,6538.5362759628215,11.690266359267827,6575.881355076872
6608,6670.0150564956075,6676.137834594339,12.12029365135727,6681.692925971704
6616,6753.756067414899,6760.368538409765,11.1162347004915,6767.103542736238
6376,6816.740436598954,6822.501571420614,12.011081920053423,6843.142776569099
6591,6843.739644860204,6849.161734159485,15.61086931460622,6853.7050721061505
6423,6855.383054916077,6863.088077473088,9.66620457440842,6870.661868634479
6510,6861.690919987617,6868.0329689818955,11.93160262437656,6874.108774141193
6584,6878.234800563464,6884.188744054939,13.629536551688656,6933.361634206203
6260,6888.0960901726085,6894.492947650146,11.614015830428384,6935.854110906331
6259,6896.874576296277,6903.154271178096,11.538697310943256,6937.930822950754
6237,6901.005437873884,6907.2003423915885,10.835971097619838,6942.385431370901
6258,6978.108751596539,6984.3780185076275,12.015717333210958,7022.911434759826
6504,7124.310432436218,7130.033386436348,14.134763784399194,7135.026060169109
6257,7174.134326313895,7179.191969587817,14.17874772661588,7203.498906505213
6557,7214.988983863995,7220.007151437592,14.652838591416426,7225.074230138932
6173,7248.047664411749,7254.510429435923,11.742379461470536,7261.947150534315
6244,7257.514077330766,7264.195729864437,10.305296122133258,7293.636336198748
