670,68.0,72.14194043671641,11.424964578677258,76.68908881384634
743,152.0,156.46407195867872,10.240830781882975,161.6409435202858
781,186.0,189.62243104465415,13.362620501004056,192.44301755488607
1837,286.9531313529165,290.4589000155251,11.442077337836823,293.98601716847566
826,416.0,420.16735647065224,12.842186764498589,453.5358228164275
777,714.0,718.1300541207039,12.486775531331215,723.1519816859459
734,821.0,825.1305441746475,10.902162305133523,828.6572282827187
872,944.0,948.0703797028988,12.35902708860303,952.9849610852405
744,974.0,979.0317457268764,9.706334429457767,993.824432671275
691,1217.0,1221.5021757252016,10.637940322505907,1226.1563897166109
1842,1366.0271097774812,1369.4227308637123,11.831313242030156,1372.8116797261553
1840,1386.0547778066234,1389.35919238594,12.504534650977272,1393.689335315373
700,1432.0,1435.5691502328907,14.166334642631373,1445.948766626308
814,1463.0,1466.6252285330634,13.722890872365445,1469.5550242513398
909,1517.0,1521.2760742244523,11.083323429212799,1535.7008964129952
1859,1546.8539442343144,1550.132801017899,12.365443182831417,1553.3889196630669
1853,1655.0189357224335,1658.1395391389644,13.279241490680295,1662.750056450488
838,1660.0,1663.5063484122466,14.95392954431857,1713.2092776348024
2696,1868.0,1871.4479467071217,15.258185878857253,1895.8962848201393
2720,2049.0,2053.4514459129196,11.213508151445089,2058.4678831912474
2894,2184.0,2187.3727149814154,14.893772669753881,2189.988166261445
2912,2198.0,2202.0738797112626,11.807211139882048,2206.824801214021
2904,2257.0,2260.5276812537727,14.349802565096436,2263.3201352353244
2882,2319.0,2323.2132990689424,10.57808010613841,2327.6874981380183
2737,2473.0,2477.10093280365,11.696885749108434,2481.790348366795
2799,2649.0,2653.2587355976075,10.690081476111821,2657.7264778998556
2877,2686.0,2690.1675005200564,12.30156160450326,2705.9594238576283
3852,2739.6116051825547,2743.067733567993,11.963000727629842,2747.7643860912603
2874,2757.0,2760.6118053486484,13.837590065461285,2793.6935122866603
2702,2869.0,2873.0213785108135,11.199032987644507,2878.1240275443097
2786,3022.0,3026.201781055823,10.838917869635672,3030.9692051437655
2883,3095.0,3099.331446875163,10.416428505213052,3103.8012669240356
2672,3116.0,3120.2546201925998,10.934160135260717,3155.948433871579
2784,3170.0,3173.481952482721,14.161481845696208,3176.284141215201
2689,3196.0,3199.375369683389,15.895159143516617,3203.083541445552
2905,3253.0,3257.216017001761,11.997778047408705,3260.560894594535
2797,3420.0,3424.4391025876403,11.20502867573462,3428.217776130428
3857,3440.840624058821,3443.4732402840173,15.336072127621254,3446.1268195219754
2808,3449.0,3453.124744299185,11.75053997267097,3456.5875241422946
2806,3490.0,3494.2177090459163,10.401244450922153,3518.189473771299
4693,3655.0,3659.142203763043,11.485991116399076,3663.743477694432
3864,3709.838937464944,3713.188455815963,11.093118247392036,3716.626378363004
4907,3729.0,3733.025724314897,12.506102702084668,3737.2781582213715
4904,3845.0,3848.5345016705764,14.860622822681256,3852.772460979667
5835,3977.507029278375,3980.0978378175237,14.703301314446378,3982.8041288127843
4871,4046.0,4049.5276433923973,14.686752050116482,4052.780609717689
4675,4056.0,4060.283374156092,11.014182325647305,4063.8718089124445
5842,4068.358654980978,4072.10595391193,10.97153189597925,4075.861299959673
4809,4163.0,4166.583001919574,13.840785227863767,4169.3423603321025
4852,4442.0,4445.283822795557,16.12780377026092,4447.82039799214
5847,4516.655851947378,4520.320601091119,10.81304625655683,4523.947182684945
4703,4528.0,4532.166751349314,11.371198393273101,4535.664548318769
4738,4679.0,4683.15428757981,12.244398187783514,4686.427634675513
5853,4695.59582227265,4699.0319460587625,11.610298477226618,4702.545556427185
4877,4722.0,4726.201783721439,11.809254409856239,4773.532719870447
4762,4726.0,4730.373074042309,9.819142314231568,4778.351627117262
4783,4838.0,4842.269362025672,10.801029268113398,4863.573144325107
4887,4871.0,4875.201123709851,11.278126268828952,4878.595267575821
4687,5190.0,5194.16811101086,11.269181869602692,5225.970914612518
4785,5226.0,5230.080927668127,11.79521211018914,5233.417918412172
4767,5391.0,5394.636465476072,14.043201347107699,5403.7077691739805
6860,5674.0,5677.543558314932,14.25668008656051,5680.288018774813
6906,6003.0,6006.543575722184,13.814380346800096,6033.4182636743035
6891,6096.0,6100.014620193526,12.693975376769941,6104.391013990767
6695,6136.0,6139.5062864395095,14.835091208598417,6142.240330720519
6698,6163.0,6167.155544676656,11.99653013653314,6171.752078061103
7863,6223.568953764728,6226.290494086885,15.076499436767508,6229.017205993812
6817,6261.0,6265.006920261248,12.141910897834096,6269.580743371378
6833,6607.0,6610.419529449149,14.986625691614146,6614.7497244631795
7847,6681.112023860762,6684.220925112602,11.92232678443036,6687.416936656241
6895,6683.0,6687.238949982139,11.218902579561489,6690.756987334022
6746,6763.0,6767.118999784192,12.789392178550223,6770.362411106053
6911,6986.0,6990.307852498137,11.51616010132541,7025.5870782396
6701,7005.0,7009.205148510784,10.993918589230995,7027.98119544679
6870,7060.0,7064.35661591869,10.958795625079246,7113.580395991507
6843,7140.0,7143.440232992156,14.892088130573434,7146.008568044802
7850,7216.157296409078,7219.138005162509,14.04080939033347,7222.0853157523115
7864,7394.263743220959,7397.170114378143,13.861794876673471,7400.086681925773
