373,57.22348767749378,59.217629621042896,13.482797848688227,61.15965959373807
380,197.22375581489942,199.4342358667745,11.7074452687744,228.38162762921834
362,274.1095332646123,276.2752730261438,12.423721324006095,279.8061804563121
316,287.9887006525359,290.2968563688792,11.903882888873971,318.5730123236968
348,403.46587022600187,405.4531285136431,12.13382197801478,407.846727598563
400,406.7294868382765,409.1367260900376,10.58839679050836,411.6317566895649
401,450.4610717972986,452.52647642106456,12.772460588838243,456.14533672811854
307,496.1755035782692,498.3266715739948,12.666166760139925,500.41886233910515
386,501.0091273388146,503.14853816830947,12.035267748968458,505.30264668124175
193,680.5234060347051,682.339896470206,13.869891057688344,684.1815728956163
299,910.1668393625914,912.2955897793589,12.246259010342342,915.7012236392637
324,1000.1998536403465,1002.395441447259,12.268891867081273,1005.9321297022087
360,1202.9705533680014,1205.3606117364368,11.92171541082439,1208.620817026759
312,1408.9072259046607,1411.0653846686707,12.372158842241978,1413.1504930748363
2356,1922.9711325204032,1925.0801641937144,11.98700054631715,1928.5498700333458
2309,2195.6682367178455,2197.515114118556,14.637471386248988,2200.745648570376
2322,2301.7755808620013,2304.2072255581484,10.272650168663342,2306.668674999855
2316,2323.5323581292732,2325.4079805366923,13.994128764440605,2327.2752552047295
2397,2875.6825439769837,2877.520844418464,14.020011021898835,2880.6388691593934
2361,3094.427273744058,3096.3125709776705,11.035547625043229,3108.331430242943
2331,3215.2887200203754,3217.3040045123007,12.916602426659113,3219.358223168315
4360,3616.6855246706596,3618.5753344921054,13.783198415920836,3621.9351402702528
4313,3723.273708413537,3725.4718199932554,12.13169065211284,3728.6395857579505
4306,3868.9855509576346,3871.053603260264,13.152683696400672,3874.706028934935
4280,4145.795831165007,4148.064376126141,10.380067731565893,4188.312163134591
4283,4273.764380742049,4276.047344452948,12.01641065729451,4278.6629326126695
4392,4335.565299417076,4337.5853740059765,13.491398540485516,4340.735570668235
4319,4447.945036010077,4450.1398602810605,11.620255580430824,4458.229306708032
4366,4558.575935267046,4560.5880341331995,13.45357128773939,4562.607935087019
4344,4565.394970735574,4567.20700637007,13.99526792743659,4569.097379476864
4397,4736.815465013602,4739.295915831685,10.630569129130159,4741.816119944248
4295,4825.083279321996,4827.262612241996,12.54228874940141,4829.359855319945
4200,4864.214706172898,4866.386690223447,12.396580896949825,4869.820059064982
4388,4878.3583655941275,4880.51502044758,11.827086500669845,4908.32527328796
4335,5082.957178179332,5085.228953655097,11.248155993135144,5088.525748580065
6363,5474.140064523503,5476.534300972915,10.890616883501323,5478.967272381583
6296,5641.150368757583,5643.0702649201385,13.449614853322815,5645.053791470839
6389,5832.821076043588,5835.264184459042,10.584759779839565,5837.776799440381
6273,5852.384149211192,5854.517579788753,11.475527179255389,5857.890000630106
6304,5936.793472112402,5939.242180729092,11.249091571624858,5942.437195317526
6311,5985.130377163206,5987.049902454728,12.91419306540854,5989.337140664478
6337,6041.214798196796,6043.137292411527,14.026690558678265,6045.940186788799
6351,6118.493589766762,6120.32185269638,13.438049930295024,6123.88503778676
6272,6120.397190083171,6122.460051566851,11.69842359967112,6168.504892973712
6297,6313.20268512699,6315.130972195052,13.038076167910312,6318.427450291942
6374,6474.368650102565,6476.189795807865,14.370818485407199,6478.901281536002
6315,6552.046931150928,6554.009524850432,13.611282354170097,6555.947598966384
6382,6604.444686861082,6606.247151484413,14.028257942176706,6609.720887849613
6395,6820.431340032478,6822.52324357808,12.531444814416899,6824.6240189856
6285,6823.043758183794,6825.297802207541,11.670479377473841,6827.548106167666
6298,7005.246100645169,7007.562354743049,11.644517854217245,7009.916867014164
6346,7083.854994868857,7086.344591487821,10.923352017956804,7088.843916022342
6294,7114.165385934733,7116.08641475299,13.027668736010451,7119.69792549026
