738,186.4298553533864,187.35259545543477,7.8075699028762555,188.17036720465654
1843,909.3380977767154,910.0287911638976,6.409960501946061,911.0600631000963
1036,1353.4956005863685,1354.30862296267,7.327953234306595,1355.1882125739073
1012,1415.3637729179927,1416.0148461517274,5.996620994494373,1417.0943578643871
1039,1696.439911852423,1697.1522708835932,6.795988137068617,1698.1021077237415
1271,1997.5471488378282,1998.2990989571415,7.353278616989759,1999.154774469316
2751,2028.5389476582652,2029.3661817319141,7.901456379567475,2030.1613226226134
3592,2263.1968270472075,2264.1475402574856,6.436356360750376,2265.1404715997464
2767,2433.2752706465276,2434.195619428403,6.558499329060028,2435.178990480277
2994,2775.3935698196046,2776.1384550894004,6.637480584148441,2777.1208497055904
3861,2928.455915822636,2929.3163913989533,7.399613052642425,2930.1760053701228
3419,3616.5031532134817,3617.170788650648,6.99836308972417,3618.10646696997
4760,4190.453658914403,4191.182144990496,6.210566899703788,4192.192537738894
4744,4278.468303435461,4279.22799160609,7.386177020911075,4280.113134480262
5015,4658.659834225113,4659.329946622746,7.699733640766942,4660.1526141363765
5850,4729.330667337172,4730.2491940409145,6.905722974271006,4731.161415220996
4754,4955.457266789897,4956.283428495138,7.5870907641288134,4957.1240842275
4741,5270.645380281534,5271.324980923928,7.496526499894137,5272.164055065932
5433,5403.335968733635,5404.087067195493,6.398547896993522,5405.109546085818
7020,5919.501706192342,5920.139295687543,6.976449356764823,5921.077467742238
6771,6080.994593212432,6082.257249806369,6.902726609479072,6083.196506560119
7852,6528.477662476203,6529.277166737551,7.569850684986146,6530.130845256203
7012,6639.429679912041,6640.103156860242,6.202832831492345,6641.131759566985
7007,6907.592169575569,6908.276420292627,7.095638962683178,6909.180234946138
7033,7178.4631091964475,7179.153029905197,6.58333847775239,7180.1245707121725
7421,7406.299968435236,7407.016667274242,6.4341650766646605,7408.045880133485
7432,7667.59106436184,7668.249031556528,7.371526461448114,7669.1189024936375
