529,476.54200383163163,478.47020551923606,12.175086712084676,480.34384243144854
450,555.7694144116356,557.3014254966048,14.713668432861772,558.8261748600653
451,595.6984711336665,597.5369098690358,12.965488247198483,600.7359260062211
763,706.4766668025522,708.2869684843505,12.112574756772036,710.9914607980367
749,967.5994916446758,969.3527923235366,13.781126189696879,972.2394518866307
530,1054.8261649862093,1056.385706149392,13.575775091328719,1059.5322205414884
543,1216.8501333840456,1218.5594295865726,14.032012300447985,1221.7041319225282
758,1258.3706285057433,1260.2419109204263,10.445027025044267,1263.4536250394654
452,1395.0111842460096,1397.1007249217498,11.02226217605154,1399.888932026108
2530,2168.0567319906763,2170.4439674431205,10.033682608998712,2172.825159376889
2453,2374.470384454249,2376.360362313989,12.344818717058548,2378.259298311061
2541,2550.107120078116,2551.6208586123435,15.333194119894722,2553.138966421164
2733,2681.7034877511687,2683.3974357901543,13.86546252595622,2686.4015379292023
2747,2770.1041627590766,2771.6322585730322,14.992617302904035,2774.787389994087
2546,2926.056930939407,2928.0819335657598,11.190669752688049,2931.8991037730952
2525,3294.6079116121014,3296.2095755925784,12.998549083834968,3299.3701708997846
4530,3676.037626348487,3678.0136993185197,11.23214524332916,3680.964672899518
4534,3855.934346988527,3857.5875867770847,13.977287589940637,3860.878330617422
4536,4030.5637401580802,4032.460628919639,12.580534353388352,4035.7790963568127
4554,4142.605130182902,4144.553690175955,12.255670119440408,4146.440859125745
4447,4209.27851454598,4211.024520193249,12.100953911260365,4213.909443679778
6524,5715.787456840777,5718.17768792827,9.96900322179249,5721.537344165827
6525,5897.54715190638,5899.156151149274,13.181337664656954,5901.812308288565
6755,6033.146634905539,6035.131777285563,12.703467899579843,6036.971406415767
6759,6295.451803449534,6297.163504530022,12.12467176436966,6299.877725433257
6456,6393.802361982249,6395.566726582151,13.103395501427665,6397.311305581564
6752,6643.576285113843,6645.449462744127,12.637777783639116,6648.281155882866
6547,7045.713275780791,7047.55200750256,12.048892362236055,7049.4820401716215
6539,7061.5905607690365,7063.416273819307,11.896721079822235,7067.180130928709
6461,7136.6461617780615,7138.54438881304,12.04799499961955,7140.452161844323
