1154,285.63395665564855,290.4233319781712,12.0192137251982,294.3248920627291
134,356.00722023027373,361.3114194993474,10.690032100064718,365.7102467697685
369,569.9176754767024,575.2379187202542,11.114379354706994,617.6443160812379
1167,765.9453705190994,770.4957049757993,14.94396676361423,773.8475600602441
652,775.6865962218129,780.5529595412985,11.748163939798498,819.0130659604079
918,910.1774529178803,915.0512391498132,12.930556842977763,957.8798897553569
915,1368.1566184920382,1373.0494654596284,12.457531052663334,1377.060422743142
152,1373.9857602944658,1379.474232490465,10.4651783403836,1383.9831988897
860,1453.5136447927123,1457.5077841154107,15.291699902287498,1461.8897921565874
397,1500.0771821738272,1505.052732654985,12.360911879281643,1508.870352029726
886,1710.426128738701,1715.1287271480849,13.15805445722647,1719.0475632189891
3150,1979.7627164870253,1984.422005823815,12.892092220924964,1988.2239606310168
3324,2054.5403029923314,2059.179406221839,13.166219789011846,2062.96011693841
2881,2116.4290805273063,2122.101224902437,10.543192835776832,2126.831147066625
3157,2128.667616353711,2133.239053260418,13.28607814121253,2138.573352914345
2618,2318.008397727607,2322.5013709742357,13.01318451632893,2326.083934416619
2639,2385.9562542369804,2390.483436108099,12.707632919674705,2394.291452282573
2147,2466.7129719313684,2471.4096354528947,12.246488499296332,2475.334661693204
2142,2866.8446106202277,2871.318561754556,13.569689322813497,2874.9370838793197
3340,2870.6922139988988,2874.392618275719,16.710700368418642,2877.37829459817
2866,3133.7773041445307,3138.371409328954,12.943749740476413,3142.082000995633
2888,3136.024900712723,3140.555476834848,13.615429735942445,3144.1860825458866
2883,3408.4228778695237,3414.04524171754,10.582884194712177,3418.5746525498616
2885,3410.367628764087,3416.0214809563263,11.144984965825085,3420.5095544006954
2644,3545.911607847805,3550.1894872109656,14.881030736091985,3553.5020318668207
2890,3549.7032636111708,3555.1312138223852,10.659610435930077,3559.7173027914437
2383,3610.0679450801103,3615.0400651901878,12.457962898489997,3619.0975835303843
4629,3885.8604822527072,3890.559745262823,13.001371788511422,3894.3775569147842
4910,4020.2025195713204,4025.1894281887644,11.940284680577555,4029.2136106484763
4407,4022.2006676489245,4027.3779015938744,11.7734750024274,4031.686798694213
4156,4082.3111439593436,4087.41516919849,12.317355953099268,4091.5869109182086
4141,4157.785177655875,4163.256596153131,11.17060999482529,4167.720259137143
4914,4240.332187011557,4246.130981350719,10.956754229519127,4251.631898404212
5185,4242.21510019283,4248.021893671144,10.679342740504469,4287.520674228501
5340,4356.220141626481,4361.551563748012,11.76144186848133,4365.570288340394
4903,4358.319416187554,4363.395890550464,11.74467806030629,4367.424031758718
4404,4361.097451616757,4366.088093511292,12.571122834603003,4370.10521366302
4633,4500.067346919352,4504.072319798023,14.685949458850725,4507.3858462895205
4896,4565.862621831533,4571.2333730096325,11.564516614996917,4575.519424796291
4147,5184.487778373054,5189.350249314769,12.334089430246125,5193.3462298374825
4887,5254.241825342766,5259.3344545982145,11.284132196791607,5263.632406207077
4900,5256.14934384624,5261.139655313736,10.573492991454918,5266.7194026213665
5166,5313.755843066218,5318.2138735470435,13.496769980477307,5321.976496536787
4855,5468.184347921919,5473.109700956756,11.155242909370989,5478.49477845098
4380,5526.603541653507,5531.17697257516,13.457247682701324,5534.806311101741
4916,5594.403591960133,5598.568179881512,14.37812500503202,5602.044741132601
4902,5600.2063081429405,5605.091589335021,11.697322812961243,5610.551245723906
6885,5718.1179449814645,5723.00229641539,11.87851521709449,5727.139954414262
7154,5729.273030061643,5733.590711994575,13.237685536139248,5737.125236005092
6873,5787.768683520504,5793.449837398924,10.818683660318277,5798.1491269347725
6860,5938.117584036624,5942.392875398671,13.969579424665909,5947.215219181325
6644,6078.988779157979,6083.469105263054,13.138709551703913,6088.656886903248
6627,6191.95190274569,6197.316398794501,11.79519015253488,6201.43479012358
6888,6327.497779945323,6332.455499627016,13.417990796203798,6336.1845878715885
6145,6885.21024005643,6890.192863289012,11.394120304441103,6894.36259031364
6895,7014.858884961357,7020.262898797035,10.626782288282453,7024.651922050816
6915,7017.066636010581,7022.2077251022665,11.659406180981321,7026.448716234172
6914,7018.902454881469,7024.032013993511,11.308226719512861,7028.272048824758
6128,7080.659439714096,7085.080649509986,16.067874077437683,7088.196917478614
6141,7215.728487832938,7220.434762145516,12.17314822197501,7224.333827719695
6366,7354.105303322417,7358.504117966378,13.547420637006033,7362.023884892987
6920,7358.007465114829,7362.480790592137,13.65123060922581,7366.071399715505
6131,7417.8320435506885,7422.58925388985,13.937291584708362,7426.037260137279
