325,243.78049388372685,250.18690207617237,12.283736921156281,255.60952676905322
340,427.7875014322523,434.2953169859127,12.159270796706943,439.81521716856366
372,452.9930566653041,459.398313278146,13.499672459067572,465.8943370074911
399,455.0342863562554,461.12969568164715,13.04986783193593,498.632423020448
154,725.276990543844,731.515965749629,13.078241146084444,737.7655622870587
370,783.3685823153752,789.3801796113382,12.717385402757548,794.5666034396213
146,1083.5779222049778,1090.544177737984,11.627990260430398,1097.519399580045
305,1144.3013642383655,1150.5920878939783,12.427032011959133,1155.9337595427191
387,1269.7268199196885,1275.3734294986218,15.053309288823902,1281.0567065661212
366,1507.1520448347885,1514.1198339344098,11.85927970685681,1520.0004484796198
2311,2045.3711175648657,2052.1609640927495,12.582803117434992,2057.895994133013
2358,2134.654019247637,2140.5537631887833,13.566002753157397,2145.6248855327317
2143,2253.693417619118,2260.101104862758,14.358710356651393,2265.811092200794
2344,2313.6751489185317,2320.0286847142906,13.151732144878695,2325.3266738156594
2150,2343.151038670054,2350.5380156695296,11.235678762670457,2357.5859708720304
2132,2615.7367258712598,2623.523886479463,10.510508949507821,2658.0728330162606
2134,2708.038532638276,2715.0741532422,11.549312632019397,2722.3320743804284
2381,2715.9016169098877,2723.2819132787786,10.96754610360978,2751.0739810881637
2303,2942.789643670484,2948.6127925082224,13.982644788913639,2953.595194047451
2351,3125.490911097359,3132.292189916919,11.362461901480216,3138.1146424100903
2307,3127.2981933097567,3134.160111966082,11.307363735408208,3140.061482525812
2336,3488.476722477373,3495.518697625725,12.216642137826062,3501.2219198387675
2321,3492.731043651093,3499.2646149077445,12.351681679643992,3506.2334788817943
2368,3695.17308053736,3701.5554031657816,13.089518327315545,3707.987175207091
4158,3784.1590986354136,3791.3963673732333,11.740423639471837,3798.757490566289
4356,3843.713242030374,3850.029550986001,13.305019031728426,3855.222986557663
4318,3935.341429764056,3941.4873843016053,13.219090805176844,3946.5034215381197
4371,3972.879528350323,3979.0712463669124,13.346713225172357,4008.3996390381517
4353,4023.309256797002,4029.2705022577907,12.79766493854049,4034.3862477414427
4150,4089.355713326758,4097.130002019913,10.40825950004815,4103.73324019236
4321,4113.734806603658,4119.63786007379,13.91734864648728,4124.646993705921
4337,4296.858575132327,4303.402569392467,12.380398321197267,4308.969996445655
4352,4383.908400257749,4390.206366474718,12.31456140376605,4395.484857118864
4137,4807.1755133667,4814.053381643998,11.41536811839425,4819.682049703139
4390,4833.961349465211,4840.276866114759,13.079821607469103,4845.667527923433
4384,5323.508171401961,5329.4748639426025,12.877988405290472,5336.18757823195
4379,5407.216508614273,5413.585070449844,12.695589602675918,5420.646919495158
6359,5555.862773476464,5563.121247506578,10.484116111398471,5569.312049288409
6320,5734.796556537095,5741.468620559403,11.26391241862131,5747.25808319071
6328,5826.136656076979,5833.293794798885,11.806730645751658,5839.3518708360525
6379,5859.396184937112,5865.517199206772,13.947959246922215,5871.83971899085
6362,6004.064098831359,6010.2600639543825,12.921787088712719,6015.42838070458
6340,6005.99173032128,6012.207425482748,13.241317876710731,6017.60895780471
6318,6010.5423944934855,6018.010632742443,10.986657686526794,6024.901994474571
6391,6215.958222262577,6222.115844835513,13.414581573630604,6228.625295636487
6390,6221.925822443652,6227.477876322289,14.087038651152335,6258.593583229538
6398,6306.046358642443,6312.461673162978,12.980525887392115,6319.208322588836
6399,6550.174388417262,6557.30787804502,11.366666734102939,6563.322633624109
6307,6551.975410262936,6559.095489239868,10.761196022568017,6565.832127595058
6132,6755.252714316216,6761.487966371475,13.343589417165356,6767.925433277774
6378,6843.576747356968,6851.328837586483,11.44415482927867,6858.587114123806
6327,7265.3955993228265,7272.200774785989,11.575173239306675,7277.905908312067
6375,7267.217578605244,7274.058914918504,12.769397821351031,7279.681842205214
