1779,3.0,9.182128381742706,11.133312986726226,15.898996509289278
1909,87.0,92.44995285286979,13.888564370627776,98.51813174120196
1922,176.0,181.40844961148397,14.001253411738762,186.95800331145293
1812,230.0,236.50269286186776,11.798024453779618,242.8973867407834
1838,391.0,397.02593044908355,12.690905511202176,402.95098490529983
1773,425.0,431.00649083119833,12.161673394153093,437.01000876209605
1757,639.0,644.4386878314839,13.831400010025314,650.1676809573637
1835,944.0,950.2613449296784,11.155491037956578,956.9116397871128
1792,1099.0,1105.4248021711144,11.61182266448197,1111.9977859296264
1959,1385.0,1391.0330305461534,12.716095419632401,1397.1287127478176
1984,1432.0,1438.321711369935,11.867024688433325,1444.7772448350006
1834,1462.0,1467.576924574316,13.516163716259452,1473.6579415439176
1851,1649.0,1655.2052751148763,12.066507054369051,1661.5524225784648
3939,1930.0,1936.1183635904442,12.507863223445217,1942.0913978253386
3962,2160.0,2165.3556216521965,14.67515947640709,2171.174523678651
3860,2469.0,2475.0264305754395,11.99893347473082,2481.0821674844065
3927,2737.0,2743.1284791740804,11.24992312641502,2749.5269165887626
3874,3188.0,3193.3875458410876,14.508017638885141,3198.8363002531714
3763,3492.0,3498.1044461345623,12.706737025956917,3504.214399234417
3943,3533.0,3538.611180175186,13.819833443873893,3544.711278325289
3822,3538.0,3543.424873066554,14.3645569159569,3549.068933531741
5971,3630.0,3636.0322609590885,13.085971261792656,3641.992800274007
5894,3904.0,3910.270437771936,11.781331967538891,3916.6534004834866
5777,4319.0,4324.471624223064,14.541170817221792,4330.071284186045
5973,4471.0,4477.02384772322,11.792851876600508,4483.101263562275
5897,4481.0,4487.272845974383,11.462882305720228,4494.757606097197
5853,4496.0,4502.1656260480795,12.008242088341817,4508.481368238146
5946,4714.0,4720.171287753107,12.229998286451027,4726.109530035147
5880,4719.0,4725.071403132998,12.604038124655895,4731.10752465943
5913,4930.0,4938.134249385761,8.480925027394703,4945.995731663904
5952,5023.0,5028.12097239645,15.319448739876114,5033.408441749347
5896,5054.0,5060.0231174773635,12.860007833743527,5066.08505596397
5783,5294.0,5300.002638454936,12.335986999047462,5306.127520427733
5827,5307.0,5313.356906013266,11.152969050305206,5319.919895588405
7816,5479.0,5485.115972948709,12.133664280825297,5491.480828897897
7768,5556.0,5561.431378753703,13.512923255382017,5567.004683369889
7912,5840.0,5846.127699129221,12.438901859612935,5852.040170019474
7877,6000.0,6005.39263759622,14.269478792601314,6011.1550149440145
7817,6200.0,6205.5737133953435,13.53233678310833,6211.128625217375
7994,6467.0,6472.325624664501,14.267243692523094,6477.846750877287
7762,6508.0,6514.3052181720395,11.89882764677443,6520.783115053707
7851,6550.0,6556.501536033993,10.80405492063756,6563.015181597885
7860,6691.0,6697.092933891169,11.820514929053164,6707.744960916654
7953,6879.0,6886.40512658415,10.203393600514175,6893.749318146301
7853,7125.0,7131.0203925348815,13.001548148801877,7137.070985844426
7989,7151.0,7157.543640745308,11.029987691964084,7164.446871105248
7883,7175.0,7180.482163787918,13.305564427966928,7185.994101980805
