332,338.55309365143944,339.6365860206508,14.421433747371616,340.6686245893784
363,532.7706821868584,534.3457798349776,10.492233205225006,536.2667420942624
334,617.873952589727,619.2753058173179,10.470455015317222,620.6139388009111
351,739.7473141720668,741.3167804572867,9.922160991152829,743.2632549708279
123,1015.4369420074781,1017.0598443720036,9.783115791283278,1018.9862348607554
306,1152.9150522192115,1154.2435662130893,11.40628953086399,1155.499746333713
1923,1328.5329730193996,1329.5957516909773,14.386338606765838,1330.6102870721697
116,1512.1073898212137,1513.42043849476,11.50621454031535,1514.6752773476123
1919,1598.4175633014818,1599.5829157041364,13.206825422135186,1600.6650774606644
1315,1846.9542647946157,1848.175917286364,12.67850624718684,1849.3078967026654
2350,2188.851919718786,2190.2932960393737,10.840612462263671,2192.189850774652
3101,2219.4714863634867,2220.483613535172,15.143848008306653,2221.45223468589
2122,2257.674948341701,2259.164587859292,9.875746288460478,2261.2492299879714
2325,2259.5666269307244,2261.104578403308,5.849017534635416,2300.82183644432
3107,2373.039122124171,2374.3427306036956,10.1106182360875,2376.6605465167763
2326,2532.8847677794956,2534.2134328582406,10.500813950339495,2536.098370069022
2308,2680.3138520701605,2681.5347247178684,12.047432192589747,2682.6744489344337
2339,2741.040362011238,2742.51317165245,11.93941816155254,2744.3933359930097
3094,2843.870353675195,2845.4328851762493,9.57168453222375,2846.919284244005
2313,2952.8911858169163,2954.272859130308,11.319102349548904,2955.5695084780414
3941,3394.1807421891203,3395.316890358333,14.122942236982084,3396.3689816953056
3197,3429.9905159324253,3431.335944722994,10.148057748892388,3433.473147987651
2334,3504.651685605667,3506.2354447578573,10.21203523279136,3508.2193132182424
5082,4081.731330651202,4083.2261402566073,7.522779573778535,4097.706895000123
4346,4396.641709362482,4398.116962646398,12.04095380613113,4399.266338903571
5919,4712.959171556269,4714.253791603549,9.513086458870095,4716.524117618152
5322,5017.880336421083,5019.249971520775,12.840052594398653,5020.333829688861
4362,5431.669385583855,5433.039191960216,8.957387767336273,5435.117686925852
7306,5642.1480840091,5643.307445778114,13.618661170083191,5644.373564587211
6355,5845.61008169811,5847.039195611033,9.695201187829891,5848.980299376284
6338,5917.97598174577,5919.025459180583,14.359730117874866,5920.028449350704
7320,5988.496259748317,5990.1802514427645,9.846820233089858,5991.821039715767
6312,6190.95660530923,6192.189663090676,12.59971695537097,6193.335692259746
7931,6363.208876788671,6364.564547302776,11.50452644897693,6365.728873034928
7104,6365.086319881826,6366.32776691503,12.932180466192746,6367.48193624236
7094,6637.154337320215,6638.4752998519525,11.770301137551607,6639.643849760095
6123,6744.978261207234,6746.503850174073,11.854084620344361,6748.410834944314
7946,7141.89607534246,7143.067187875998,9.24368377018168,7145.355842680746
6126,7294.576118525744,7296.074660138222,8.961951970744321,7298.340489940824
