867,392.9969970375988,394.1753695232168,9.222859907641263,395.81984268394876
829,860.9202420107639,862.3054494960896,10.171629343093123,863.8520476886846
875,917.0027671009387,918.2288608896532,9.663771032358259,919.8276378467787
2784,2264.411708267038,2265.4745340698883,10.72414057600803,2266.9980677801423
2924,2648.850795911104,2650.030970629113,8.839477749715646,2651.6332903269436
2907,2817.911339005565,2819.219625856601,9.250594123357068,2820.844752664006
2885,2895.2537158223067,2896.3031151115683,9.773124974193964,2897.8364889541895
2855,3433.4112506793035,3434.507111174611,11.053608276287811,3435.9840394309836
4887,3799.126398933738,3800.309747558926,9.427962680562926,3801.9570516966505
4915,3985.893438841351,3987.2917659716695,8.926473206006197,3988.9197736968536
4894,4002.2395171362364,4003.508351114914,10.756704311318773,4005.0458681807095
4825,4249.927700005723,4251.215316701997,9.48997469516595,4252.80819163706
4873,4529.185922693569,4530.375364597015,10.688356792113352,4531.843662232475
4853,4532.008672145226,4533.298957189615,9.680045829088725,4534.986686719511
4859,4602.348637154456,4603.465998235895,10.822501941060406,4604.906650247316
4821,5322.354804921168,5323.462485887407,10.5067056430668,5324.92057401206
6882,5735.065562229593,5736.346406878256,9.483317381655091,5737.976186639194
6784,6088.004890101103,6089.197551665225,9.224951349625478,6090.845671950949
6895,6132.44364058277,6133.5150666363,11.36467498151005,6134.930284231921
6912,6140.436682786157,6141.509230735186,11.28612654075952,6142.9369593825695
6913,6179.156548984362,6180.404825760135,9.787046989829532,6181.934587020247
6903,6403.917411372367,6405.136584890345,9.70742598851227,6406.675126385305
6825,6419.4089856860455,6420.488808605807,11.26255690162003,6421.907923864198
6847,6672.343497765748,6673.4233911973,10.795527890058157,6674.901022542754
6835,6676.913126221418,6678.256168444523,9.309891220446518,6679.914597468151
6905,6717.41683940657,6718.5116274175325,11.153039439697277,6719.9695373586255
6876,6762.311893319345,6763.412046414039,10.380015551776996,6764.985412630574
6904,7123.370062296925,7124.509251896797,10.265466764131178,7125.981949719225
