1923,49.310250413557206,57.27017691111464,11.251406162586358,66.04312708163137
1759,51.42193318934785,59.14091903595909,10.934359056067125,67.9361679655803
1929,85.40265023743385,93.02258875877779,12.299095674756932,101.7290048187417
1855,232.76923278064265,240.09630953581475,12.08561365798258,248.1887324450404
1903,273.3405548508425,281.3614371971293,12.938383666591811,289.4205465649355
1792,318.53375667965673,327.04210178360603,10.699945369163226,336.3618622071083
1953,326.6552783140055,334.10698773437827,10.109506917288305,345.498022949046
1756,363.1085377252869,372.23177161809446,10.801519639749323,382.0999694000076
1892,498.2839514521829,506.0251883502402,12.076357817434845,514.443004834854
1940,542.92240037,550.4676632279438,13.513152271281,558.0369759090491
1881,588.7305438950274,596.370296332353,12.065612423353816,604.603264343808
1822,700.9239345278066,708.384799824763,11.895979493915222,716.8551039554682
1917,725.3670310401792,732.1863027039773,15.0938247806843,739.2243218185534
1907,729.5582392669236,736.4048764928763,13.917824813130155,743.8914967964126
1761,768.3861035848628,775.494984206972,13.210553520379829,783.2950604996641
1934,779.8515320379402,787.0615251497445,12.434559010665472,795.3396643137147
1945,825.7436588276429,832.1334746214528,13.927383670763453,839.4033500264097
1898,925.4926483814262,932.580847152434,12.026887927757503,940.7480417344956
1936,948.8415096932775,956.4153056711656,12.963800356482615,964.3440901360036
1877,950.9740617418182,958.1646321774244,12.89171458489896,966.1303435021434
1849,955.462846541243,962.1781656867105,13.963978096481856,969.8274398048096
1971,1008.267341718785,1014.217449976282,15.337719919791347,1020.9643036647834
1970,1101.2374122448648,1108.2618746453818,12.532041050951468,1116.1111758458019
1614,1103.0489761472993,1110.2598754885178,13.10769706910763,1117.869690678281
1919,1189.6242247176453,1198.5023655763378,10.29796452504473,1208.317353921932
1941,1191.576403014425,1200.3889486510272,9.929585529015933,1210.1747762989178
1886,1193.491268715286,1202.4339886626772,9.863928301302451,1212.038262752205
1933,1277.5787105434017,1285.5112299526413,11.363057052478629,1294.2940227467916
1946,1279.4226540052184,1287.3033603687024,11.146607527129682,1296.0730877974856
1800,1310.972253904689,1318.2640296190812,12.441129187439701,1326.2052240405183
1942,1366.0151980773376,1372.5842830026997,13.4051690842954,1380.0237773891413
1817,1442.922208026917,1450.5000554745916,13.589666551330161,1457.947414384925
1825,1445.1244619694646,1452.498172674466,12.991015410536237,1460.417890815011
1850,1488.8869374177452,1497.0683796480666,11.698938416901019,1506.1404754420735
1932,1622.8267595784866,1630.1751923860932,14.251769907077168,1637.2983768832582
1910,1730.6292332350956,1738.4558694065297,11.074386350449275,1747.1326164643185
1623,1741.5338822899143,1749.2263960266232,12.954141735097464,1756.9337514972906
3933,1867.4347111459658,1874.1421786135152,13.353357922286552,1881.5383348060477
3918,1940.939860675087,1949.2236563075876,10.903721817463916,1958.3311111069054
3791,1985.3190640932175,1993.1299777133747,11.707588114419812,2001.5860570575574
3639,2078.5077185646624,2085.4440767871797,13.393077343819494,2093.0108050073036
3922,2118.999289362139,2126.251133577213,14.731379385772632,2133.349395375398
3931,2162.982184390767,2170.420350379976,13.0047672656093,2178.1453645573447
3835,2165.13801674985,2172.326666797396,13.254551721462185,2179.8839640477827
3955,2200.1954202778315,2208.0840955045023,11.335029392628128,2216.9208828045907
3882,2208.6749340910337,2216.152799583224,12.441702880404529,2224.0814517906488
3915,2251.4915037720593,2258.2954950166777,13.221742965535292,2265.91522644379
3623,2253.7809811476295,2262.106414619269,11.421383210921926,2271.5174584792944
3947,2266.8363153397954,2274.003203496719,12.434734100579497,2281.988578257511
3912,2301.1579711400004,2309.039058394872,11.957943949608365,2317.590901341971
3797,2342.721307027043,2350.470960779121,12.72282780050686,2358.6164117132507
3930,2374.7550370826207,2381.2807883507753,14.048468727815475,2388.725840451399
3850,2388.5006081984066,2396.332493461977,12.252986592846687,2404.7533089636418
3981,2437.1538559915207,2444.1502880713742,12.85502330635798,2452.0725911610934
3619,2448.5556140214026,2455.5017627530838,12.58054099471008,2463.2730374898947
3951,2466.58008561561,2475.2130212335583,10.027278808711001,2484.8194131713008
3906,2481.1514282110893,2488.3662887525134,12.291871043773252,2496.3836253837117
3778,2569.1685988264094,2576.483248873177,14.477885931294583,2583.4383037120624
3890,2617.7079946842337,2624.314000825879,13.558260816441884,2632.220809627352
3866,2694.8293524983496,2701.400590864785,14.282617072844028,2708.8344365864423
3834,2748.750227981135,2756.2630899864994,12.659157332700056,2764.552363988642
3889,2766.4810125095873,2773.4465336401067,12.932050082357996,2781.3704309681943
3896,2840.8232410546834,2849.4076752966707,10.52382415073801,2858.873156279116
3796,2869.038336391958,2876.4719661434915,11.563162005057238,2884.8348364970343
3917,2883.1610513529185,2891.0334076701606,11.981901223422785,2899.05594357059
3785,2928.73317442489,2937.242127567067,10.25567886422988,2946.4746823837822
3781,2930.9800570464704,2939.1341309802124,11.598273987827401,2948.38267329746
3865,2934.8674814261767,2942.2261859483474,12.395877021294314,2950.481734644706
3905,2945.516632137498,2953.1623794671723,11.269386121341666,2961.8015829226256
3780,2964.824348274164,2973.3721087187073,10.595640383678331,2982.8474830463438
3793,3021.1695535530584,3028.007697598289,14.332721399991575,3035.040154496039
3637,3078.4539180090774,3086.0842408769186,12.091268991702062,3094.5473422779564
3800,3139.0575525772283,3146.040223245453,12.766704480173749,3153.8235709128353
3840,3152.9394680659384,3160.158617527968,14.533139353280967,3167.315769388806
3779,3155.435884469162,3163.465641465457,11.960916301794322,3172.022444067598
3944,3157.4158369396196,3165.2229512322024,11.553291849999821,3173.842918797337
3786,3159.323680979519,3167.0318622434215,12.133721713619261,3175.6930952053613
3450,3172.063609781084,3181.0619340099306,11.136489193680402,3190.4713201086947
3443,3174.397533692865,3183.0663170568137,10.554635224826317,3192.3694478118473
3938,3243.0155272658176,3251.1993575482797,12.100717019503438,3259.789741967403
3954,3275.160579792153,3283.414200754514,10.799936303227271,3292.9615778462576
3894,3299.2923088686684,3305.099171375848,15.431451850416307,3311.566033874808
3775,3339.4646687415125,3347.200283096912,10.994352698427157,3356.0445474373473
3900,3347.3810846746,3355.064069879188,11.208938714282713,3363.7379097041357
3968,3378.511505884715,3386.3626467155395,12.18602464814515,3394.7402418861684
3769,3382.537421428513,3390.379929590965,11.448761899047298,3399.4289667065723
3952,3425.146843265713,3432.475967080281,12.574181711226588,3440.1944273127615
3927,3527.7269443497435,3535.3755815648365,12.218905107244742,3543.7431606173955
3788,3559.1044327380773,3567.0666809072272,11.233961034720526,3575.7568179980144
3934,3618.981592484107,3627.285661615019,10.420178225978706,3636.4886312826725
5785,3686.8267021706697,3696.1506901225102,9.624895070015716,3706.4192063022374
5900,3754.942612620844,3763.1967100954166,10.350113033244831,3772.526990818885
5870,3758.1356006548112,3765.4782168036445,12.453193513055353,3774.4228483907887
5933,3782.966475954797,3790.4718864835513,12.479819675747846,3798.2654255671664
5962,3791.5965798806888,3799.0542616411503,11.082750411542747,3808.252986513499
5952,3892.283894302847,3900.4000016091177,11.580792683833176,3909.8391345134532
5948,3906.3126868654927,3914.5146449460276,11.907782079710048,3923.656324523061
5822,3918.683376350931,3926.2614023495566,12.888738860906862,3934.592950307099
5767,3963.42751723964,3971.080535778273,14.32221435186887,3978.4202965690274
5958,4052.7708943809694,4062.054357974395,9.809284308964022,4072.1603525728315
5875,4098.604541214682,4109.066014000343,9.070595890194348,4120.806074597661
5873,4100.784302684686,4111.06018508488,8.423750500580942,4122.859457997146
5901,4142.947043719112,4150.619936954125,14.134135092912047,4158.0516198954765
5928,4165.71661817479,4173.12996180917,11.934527842585874,4181.321283810796
5981,4243.14826727248,4250.590531189498,12.700337957994657,4258.5269408786135
5921,4245.556743416579,4252.358451397271,12.665103968606077,4260.24196533003
5951,4307.812178872399,4314.596846653975,13.6818603188412,4322.222429609157
5629,4325.5820695051025,4332.452347013317,14.243108866015591,4339.719120911318
5808,4413.16897837982,4422.2992344095555,9.582168869589909,4432.243854991928
5806,4415.54379523328,4424.23740655798,9.384077056811455,4434.203377857901
5621,4430.651879974949,4439.239476511216,11.1496786110737,4448.6120945303865
5976,4518.357253054108,4525.026721417763,14.24066745226171,4532.437956829227
5879,4553.2188773623275,4560.193079660136,12.829874239636322,4568.031467565204
5811,4597.429091370832,4605.3279642575535,11.597991529550603,4613.978602934652
5775,4599.529208446209,4607.1442359815965,11.373789414006675,4615.840671330027
5789,4641.025429130599,4649.100722476055,11.483117909980354,4658.102573159582
5904,4818.898996344687,4826.099953856678,14.353265752263768,4833.276009754896
5452,4869.962316373849,4878.1586406925235,11.80623382620401,4886.928520750598
5972,4885.318201943809,4892.217531118595,13.798830635608697,4899.860384916457
5886,4922.080619543379,4930.295517661214,11.149185205910756,4939.369179666694
5894,5020.380447966511,5027.488582829058,13.063913481489807,5035.429006552227
5853,5052.1419769461145,5060.492361795759,10.786031256867696,5069.880263022358
5915,5252.968168582287,5259.509633863212,13.661737754659876,5267.013384717095
5883,5270.2172303630305,5277.125430956172,13.635504500531152,5284.814496388766
5926,5315.367173380852,5323.477096505258,11.762985310372345,5332.392468127648
7800,5488.433483458124,5497.406628259757,9.999938303898054,5507.645741101241
7880,5539.000161841042,5546.343713332978,13.302844854406874,5553.940738280558
7950,5546.519544626037,5554.304863208009,11.859239372944396,5563.145151630614
7781,5556.698956969346,5566.025213330568,9.312960862143854,5576.672463147448
7899,5583.157433952109,5591.417767039095,11.714071078120652,5600.149818811843
7888,5765.134420539459,5772.450758443995,13.056136111329543,5779.963839616775
7889,5809.225525882161,5817.338753659057,11.241672901504966,5825.994078683654
7870,5811.336581468881,5819.194305946984,11.044670312755164,5827.8878069272705
7926,5852.725531146769,5860.51179600339,12.56214400665367,5868.408218416869
7805,5854.829236213314,5862.200773281183,12.871463054594727,5870.132667451516
7920,5857.127803953324,5865.540562840359,11.189407960179635,5874.979322110428
7954,5883.577937945943,5890.364971746409,13.593818789400046,5897.8166279914185
7864,5898.8055541396025,5906.063662292878,12.832274566081997,5913.63577137043
7964,5943.009288559118,5951.525850236907,10.61664019412649,5960.859984979255
7898,6035.90772536036,6043.233538096214,12.754919783266283,6051.022334220556
7792,6037.9454388766335,6045.593547309242,12.477719278442377,6054.222207721079
7634,6042.88342877609,6051.096980717141,12.49628572700016,6059.2573746815215
7912,6055.033890217722,6062.50096783552,12.005151131564537,6070.804160436493
7830,6096.686473092855,6104.284159986588,13.959724593855345,6111.784664765796
7897,6099.0464497409475,6106.126951158638,13.031042930646036,6113.7896141114215
7441,6128.984050143126,6136.350538808055,13.30362467554137,6143.678849087808
7854,6168.555889162486,6178.238858299683,9.682937226713232,6189.111150182634
7763,6196.36762423374,6204.208126085678,12.092860482194899,6212.875422373513
7927,6212.725140050127,6221.474650878795,10.0491398627956,6231.14169339738
7935,6229.803272327768,6237.379993265128,11.19160641165716,6246.141622787147
7816,6258.724230910487,6266.20386848818,12.05290211753133,6274.364616444214
7848,6284.392887091857,6292.314183433914,11.761211759161846,6301.262705694044
7936,6315.896408149924,6322.513751966024,14.243569049399653,6329.941036524007
7929,6319.828873605271,6327.2217216986155,12.085920258792601,6335.324902706813
7930,6342.805528579786,6350.481302334684,11.486653488851704,6359.387258258623
7872,6348.632699303553,6356.194995419275,13.152077831826858,6364.043853770002
7826,6478.917283177838,6486.182347177718,12.452486665962656,6494.372004715687
7621,6486.63400105626,6494.2613743629745,12.059823881585464,6502.508959100876
7903,6528.726248241638,6537.0190970921785,11.837656287715134,6545.861376274849
7923,6589.133698956559,6596.554897070317,12.034229283150607,6605.012830325429
7783,6618.775527056922,6626.4477135403395,13.024004937797054,6634.097451402438
7828,6620.949676450592,6628.16922486721,13.815739656553221,6635.873070295895
7892,6652.652791263107,6658.5980077183885,15.535251903399995,6665.2494614118905
7784,6663.127421958799,6670.482903731534,13.759368896421387,6677.847596473619
7610,6665.400985956786,6673.348826938132,13.117844502848246,6681.179554844936
7951,6677.212576933864,6684.546752105849,12.029139425400135,6692.671600938844
7620,6679.303295360114,6686.337435118442,12.862477519014353,6694.408856429615
7915,6708.496359180649,6717.04625981616,10.993627284939768,6726.433120742165
7769,6753.073503754209,6760.22405849715,14.073913962563037,6767.55591672673
7844,6755.478746359943,6762.354435536189,14.122565798145656,6769.338680900049
7613,6768.151247070477,6777.3136194938115,10.723807388476684,6787.030595211394
7813,6888.293864641892,6897.047346466516,11.166374063688188,6906.613264402595
7808,6933.389286249896,6941.16398918304,13.560454831363456,6948.755111790419
7772,6938.03317156785,6946.02194128333,11.740717843942956,6954.852530427265
7986,7022.881393139937,7030.1407625343645,14.235378301805442,7037.255828624268
7834,7025.066919523284,7032.077212310844,13.648833399730416,7039.482879735248
7853,7069.06148839196,7076.264924974326,14.062726814061485,7083.553415321315
7873,7083.724020277711,7090.510752114046,13.229067078368923,7098.1333629109085
7959,7153.688354056966,7159.389699450538,15.5806654442744,7165.966174517046
7787,7158.565966682055,7166.229217747462,12.171327254410615,7174.525429644392
7810,7251.000855481765,7258.34755861621,12.155059953425946,7267.29212564507
