98,725.643385147772,733.008304731593,12.270270719987986,740.1364608893991
78,1388.1818758268676,1395.3528326636724,11.783919044835358,1403.3028839154595
92,1743.4436606295696,1750.2974816176977,12.732173888501848,1803.3095864315248
2091,2271.040691692918,2278.4411900512664,11.789041270015156,2285.8823694539365
2098,2272.8870384377024,2280.3004810030857,10.65689600059557,2287.7733794610976
2077,2286.750201190529,2294.1191796250455,11.446666318252575,2343.2398884318127
4089,3874.0041086134124,3881.500299138899,11.980412662030044,3888.589570904917
4081,4053.973817671437,4060.6094753312577,15.094668366478631,4066.277445580032
4083,4503.639356054962,4511.083985561015,12.135797209203897,4518.1249556528055
4100,5043.6924524854385,5050.007515214049,16.578194606989765,5055.160093122785
6109,5615.670899534149,5624.239511439235,10.393298189932517,5633.36972256113
6095,5962.8155039338735,5969.505602096921,12.832191556381941,5975.885828193017
6080,6315.730528512956,6322.565367758755,12.46633103445111,6329.13623933222
