1450,238.45760427753928,244.5416549025645,13.94468828917013,250.97187382579136
1379,240.7779523572646,247.41222337896167,13.180394889995778,254.18947480979787
1923,273.35110827619934,281.2853896360986,11.525663019977952,289.94606236521446
1208,372.73967313910924,379.28622955854337,13.124634314695331,408.7582135801663
1668,484.212609422397,491.53445648499496,12.284614355101496,499.49988404705306
1690,571.6125897792116,578.2558697278164,13.310162330125475,587.9571906462669
1371,780.763822226701,787.4310783960415,12.24407139165887,794.482139145356
1940,815.4433245595027,822.4059678828665,13.025127612104198,858.0941803749474
1673,844.4546910449845,851.1495238547467,12.122326081985475,860.692759826927
1679,926.1494068032849,934.2967091530221,10.237377500719225,943.7427044804987
1376,948.7431771444262,956.3941421609953,11.810332123019645,964.2822824536563
1446,950.7028560806514,958.1687624078469,9.826623246024571,966.1418503713402
1300,1086.3572730459289,1094.1175969886406,11.215680158366045,1102.7686958681215
1448,1417.147053715787,1423.5250261613278,12.916962276032372,1430.1235656846025
1298,1561.3204454477784,1567.523102178597,14.053498030878103,1578.1798014228982
1675,1742.9655602089067,1750.0318020731484,12.089827357035556,1758.6806603769874
1671,1805.031453258892,1811.437962609455,15.388961594457253,1818.667123388347
1377,1854.0919493721424,1862.4189044563345,10.59471694891572,1870.838218086839
3379,2028.632914306542,2035.5912445987615,13.434667571454074,2042.4359259455528
3697,2103.7900803648895,2109.2314100617523,15.486275210698695,2118.4280644226915
3231,2347.2927118686866,2355.4300806140363,11.133268054328717,2364.5948531164713
3928,2433.3871017525744,2441.0282675066924,11.485486943694868,2449.6758252639042
3305,2437.7259277812977,2444.3234220467693,12.801044090582865,2478.3161543309816
3930,2525.5280626305116,2532.398221545068,13.348368610358254,2539.8005807901054
3679,2546.797618376958,2553.504942306543,12.947333392628602,2569.788827217873
3685,2633.848181979989,2641.051061251325,12.103065391151452,2661.0839050893474
3384,2763.4918211084573,2770.1196582978864,13.470580102938063,2776.8905966089774
3394,2769.3793245636707,2776.418944085943,11.69445575588072,2784.5774775588725
3216,2889.4087759332733,2895.1008062059677,15.887345513427482,2928.1706363489475
3303,3066.9092115733242,3075.478542471074,9.655542711371726,3084.9779652679163
3456,3118.9391118707745,3125.1199173698533,13.75406708712176,3131.5337718115416
3457,3136.080838812039,3143.441816574268,10.957401038457512,3151.9953141531937
3387,3217.706835333606,3224.151536628638,13.864531445043955,3230.8847628236854
3943,3335.420249125607,3342.5683050823222,12.28008756513894,3378.5835613197078
3932,3425.364218227493,3433.0691895076397,11.785340274465982,3441.827976680694
3390,3478.768681945571,3485.3889384858926,12.852003229796376,3492.213836893014
3370,3568.7871289096056,3575.2990327825164,12.762248073054979,3582.219883495833
3383,3570.5811667731314,3577.048036311215,12.982146987945432,3583.9606081538877
3952,3692.9473533328596,3700.268657293852,13.273666210881968,3708.8462058219334
5693,3718.7454237720167,3724.5907848250654,14.089139152591931,3738.1971495718576
3934,3877.121962585767,3885.2667242130115,10.671991570230583,3918.5519501063022
5685,4062.2684054537367,4068.1880084776453,14.31703199809762,4103.710361147423
5681,4145.226031403081,4152.113215075996,13.213285895022683,4160.935618264277
5948,4148.959242736667,4156.160189392269,11.75410310933727,4189.2350386422195
5381,4561.470107359255,4568.410170850708,13.064845757107488,4575.627285661173
5684,4783.836488167299,4791.062689214588,11.191811459390363,4799.703157055697
5394,4822.214669017368,4830.412489102116,10.956427517350297,4838.72164124099
5465,4830.130837571933,4837.201068194749,11.982586539203337,4844.694995753078
5694,4893.96368719687,4901.2671071217255,11.92644700141619,4908.820039842171
5388,5009.569495185138,5016.490739620751,11.715200815294725,5023.617510117618
5462,5088.523739623148,5095.485444466524,13.502124867920994,5102.249673379268
5459,5101.808565691923,5110.432651393069,10.106240975412712,5119.509133454967
5950,5312.933287907795,5320.216713881745,12.53562164810055,5327.868436108362
5457,5371.012483821969,5378.184358738776,11.710728171119149,5385.709160834932
5392,5448.8973851246765,5457.150332922424,11.32488470419297,5465.482590144529
7211,5493.5614479584565,5501.269365544161,11.583155346707397,5509.760545105748
5460,5549.490094330687,5556.424869500082,12.722998085336826,5563.619112528342
7385,5650.718091342214,5658.224471627388,11.455289505657936,5666.960961639717
7676,5791.703348674281,5798.340708746238,13.237878901964251,5805.48322379227
7450,5818.2734673311925,5824.107417652524,14.09195845876976,5830.279223044695
7222,5888.926555417167,5895.263746904972,13.92886357872254,5901.889446734943
7462,5908.853277210723,5915.5307333648625,12.753561535867302,5922.413917492115
7926,6123.12898754776,6130.603350124772,12.736561216191047,6138.714978348457
7374,6179.627130409512,6187.0363919935,12.035973504944739,6194.55338002396
7303,6395.832962726338,6403.331045975382,11.280426765768812,6440.48447244162
7681,6427.001676664501,6434.203960476509,11.226234548691224,6445.805099221189
7455,6438.303499068796,6445.217571666157,11.903068082344069,6452.292045038537
7456,6442.890159382958,6449.502600168668,13.194798794544427,6456.221425964479
7686,6608.826860235004,6617.185457494969,9.563110720838937,6625.832618174629
7682,6685.19304230145,6691.311701383936,14.451587658162978,6708.582748129398
7948,6752.745079898517,6760.011371626372,13.240651915691279,6767.831428903643
7689,6773.203657657576,6780.088552701422,12.798427172174517,6798.546554666913
7302,6853.892219578086,6861.303076913761,13.933796148809936,6893.12533464952
7453,6978.608554576863,6985.32447022718,12.959401439166722,6992.30190695151
7947,7022.952573703314,7029.493777359426,15.665071631422748,7036.946078640924
7368,7090.472573098675,7098.1416984909265,11.317028465378252,7106.967037139787
7671,7123.409364231182,7130.286990523192,12.217156817415322,7159.477010167297
7939,7203.477237284839,7210.019180103327,16.06477037275656,7216.983097216854
7672,7215.838721195967,7223.147787901577,12.0245900526602,7250.056651153422
7692,7303.544861916967,7310.1774255961545,13.124189839467485,7318.340129778369
7940,7383.070756142116,7390.309642233187,13.162380403092328,7397.952862724079
