1711,67.8060936319673,72.34058541515482,15.276189198216436,93.20651880864862
1674,107.17012506107473,112.09018209694118,13.873336359355088,115.61716610111091
1565,115.72205419742531,121.30458708623802,11.305996477242816,125.48384250918107
1712,158.2714579494947,163.191770764301,13.401505165168386,183.53938472582573
1529,182.3541262774368,188.3249647299416,11.549409965037803,192.59161450506556
1547,273.8107694996671,279.20129589006166,15.02463049606653,282.503110571479
1523,364.11382146447414,369.1951898132485,14.835279334017761,372.5114545289595
1505,400.2632166583487,405.2920068527197,13.596641585156407,410.31846709071834
1690,466.08617189177585,471.23209795967307,13.022345317674331,475.09809310555056
1639,543.3407743530228,549.0571064776718,12.62193012686942,553.0579494449423
1685,561.2983408312019,566.1853382843329,12.909602703637827,569.988930875306
1548,758.1018363490881,764.4485618100399,10.336248078619748,813.4418054689412
1679,798.50019009592,805.0901264425204,10.620113635994308,815.9977288207714
1577,923.092569083646,928.2540501264396,12.141005379978857,932.1828766240901
1655,924.8890522835004,930.0807524920406,12.620213496721957,933.8885399036477
1718,994.3780845897329,1000.5440465621742,11.398451635226158,1004.6926324755956
1592,1020.4305080911745,1026.4801864230014,10.725164066782574,1032.23888733222
1653,1031.5492154683097,1037.5214614564004,10.93577790053544,1086.3672678198825
1692,1173.3024426065226,1178.5842458400812,13.905892537821062,1182.3559083277414
1737,1307.7711252048616,1313.5703688114731,13.096838972312028,1353.4596631432407
1724,1509.5893269308945,1514.164000204123,14.387691601430403,1533.0410057392696
1657,1623.5524801247318,1629.0048473955326,13.540730815475595,1632.6948081613916
1695,1713.896240188126,1719.299065472069,13.450046845118328,1722.8459503271838
1545,1716.0227315163158,1721.0953904087248,14.035726654748384,1724.554729883543
1963,1760.5671510639718,1766.3149284902534,13.14340061288676,1805.1725717089503
3529,1816.8365343594633,1823.1096074562204,10.658673420471757,1827.7191524338766
1980,1848.2754667198376,1854.200864486963,13.239571577658156,1859.6577046959871
3569,1916.6368292411046,1921.270844392089,14.155029379127761,1924.7354380073627
3553,2108.0481669407486,2114.2949230838453,9.94952603290476,2119.8159297939164
3734,2141.422318146483,2146.388713881152,12.445964185873825,2168.24227734868
3667,2343.7397704049863,2349.1354149953727,14.128938557964615,2352.7468159004206
3718,2568.1039950871746,2573.6370450200075,15.291233073377526,2579.163014324269
3526,2897.8759201215003,2903.4106029759428,12.322521222310945,2907.4168948473866
3563,2899.683880344972,2905.2201829018486,12.516101775964314,2909.1546106309693
3572,3082.2952618352024,3087.1965176105587,14.094063548309828,3090.7600222394335
3977,3108.1234129115323,3114.011599995746,13.956128666945268,3153.6302975995077
3967,3110.3195661503487,3116.132889019129,12.538685176055957,3156.8614785359478
3710,3486.481254800692,3491.08782721393,14.685842533991758,3495.8685386417937
3987,3565.0862357193796,3570.23880244887,12.801623882497717,3604.552442692989
3549,3607.695305997533,3613.3363157689823,11.533237306725255,3617.5460761466697
5693,3617.5113457663424,3622.165451166464,14.084003387943598,3625.6796393921827
5614,3628.2526172688467,3633.1533324925217,13.589168280560493,3636.7629446666065
3961,3740.5358946807037,3746.3352833966146,12.375760651122206,3787.1355231058133
5728,3829.92823482013,3835.306970238402,13.375285355511123,3840.249304378351
5726,3836.5818199537334,3841.263508982704,14.989080742901454,3873.7865316611415
5578,3982.1172783174056,3988.343544413428,10.269105459837261,3992.953776007287
5723,4190.189582191393,4196.503686084978,11.144308615354761,4201.783883561593
5613,4237.363949273562,4243.230977217215,14.782389393687271,4246.69952140634
5669,4246.054435383724,4251.323778196352,12.585392499620063,4255.273152366358
5719,4278.150695055189,4284.431039938433,12.052991043804942,4289.622485470131
5707,4328.136995100556,4334.507954101756,11.006218216836544,4339.311140871625
5675,4594.1125068451765,4600.105137992236,12.211899165073623,4604.2323321039175
5718,4728.25055753202,4735.142211072257,9.934237157638853,4740.982274747398
5748,4752.417474248695,4758.115257543907,12.060430629516357,4776.284456275804
5566,4773.682969109653,4779.375842192581,12.571044697465503,4783.22392640736
5607,4778.177803782404,4784.137647603536,10.543159036774568,4788.619017691524
5735,4997.892331251884,5004.334088153815,11.658013454777523,5009.675311319912
5712,5025.897407277267,5032.020514929456,10.800561818096105,5043.49405110819
5701,5111.2348525540365,5116.5901884833975,12.49433414913867,5133.5503436145955
5710,5178.014705280623,5184.1776820968935,11.68080794056573,5189.80329220463
5700,5313.838736817178,5319.172160024264,13.394839437729742,5322.923115840574
5688,5386.971055382088,5393.2341230201955,10.679209421594066,5403.865146331541
7527,5586.87411582522,5593.492499425296,10.212123792235953,5598.298390364026
7707,5741.543218706971,5747.52103876154,10.990556143686876,5753.152980822159
7662,5771.858830918491,5777.000300938465,13.0030570814663,5780.791647480805
7730,5900.263786087177,5906.077212280006,11.699496646750683,5945.433202295672
7704,5994.70854391747,5999.4695595160465,13.956046386892616,6033.155812092223
7688,6303.75410277792,6309.206398528757,14.26384242683557,6312.619202895893
7695,6528.251555818631,6534.164518357527,13.343277238556167,6573.568062677288
7600,6588.7498392332045,6594.306095144073,11.173827188098091,6598.497294856811
7728,6627.234905010467,6632.517838392462,12.413087235511725,6671.339934932849
7689,6639.077841689911,6644.486055915546,10.003254195144569,6675.730041567246
7702,6669.751432775925,6676.22057527326,10.22266852793953,6681.094943725389
7674,6754.055712419886,6759.232087414418,14.97637050543185,6762.558748232489
7516,6761.352813005247,6767.0198781673,13.825882796130061,6770.699194063866
7693,6797.636086641733,6804.179331778121,11.356630314206418,6809.8365754221
7554,6868.2944221029065,6874.139567737516,12.113335649638236,6878.330101670968
7708,6888.108729330656,6894.503006487966,11.693615980730872,6899.756862302483
7646,7029.356670843744,7034.551369512152,15.364538538302375,7037.9308425824875
7692,7148.849134174263,7154.100062611555,12.965111917414598,7158.787317999294
7729,7178.8986645486075,7184.226816846624,12.35568771133508,7203.238978753019
7973,7250.476032995459,7256.351326133843,11.580400385728556,7261.951617717993
