73,497.95499006940764,501.4634055842056,11.463903066152563,504.57149600976
60,1037.9493701341137,1041.5360966989676,11.224834612639354,1044.7178455700046
2203,1950.5257319827845,1953.5722670129567,12.669106829294568,1956.6127953358994
2054,2298.255226711135,2301.5697771728546,13.483507872188015,2304.323549161223
2056,3018.151206344788,3022.028174531291,10.409640995052952,3025.341380821353
2206,3399.322198446343,3402.349855475253,13.08865858157393,3405.289002570843
2045,3558.3882799411635,3562.0753535811136,14.739853781522584,3564.575533406818
2051,3738.07285591615,3741.4502268542356,13.702266738239642,3744.163850082899
4208,4110.179577953524,4113.053030484959,12.967703433871511,4115.839058155932
4067,4368.699486053071,4372.2324162327395,13.065297764977288,4374.991344587191
4059,4457.959094713502,4461.227436284406,14.980120685405014,4463.698754906266
4213,4561.261553459435,4564.468807623914,11.481521189421358,4567.607940102222
4052,4642.708886194841,4645.61567972904,14.984118901865617,4648.047206492392
4054,4727.850300843525,4731.464757215081,10.96248465438039,4734.750907239458
4209,5114.51655122717,5117.017604036993,15.358984588820146,5119.442944220286
4071,5270.57076829709,5274.075957669138,11.564164779551806,5277.4306949021975
6212,5470.806215177732,5473.242153357687,15.204975694425734,5475.6029267552685
4062,5538.607827266594,5542.361975786588,13.861777586791144,5545.101555733144
6210,5583.955620705768,5587.118442980965,13.138736908788774,5590.078625669743
6217,6304.294027974328,6308.004164998388,10.144817353562289,6311.69951768614
6057,6618.130928497096,6621.491246597992,14.633135990593487,6623.989365279534
6060,6888.277623266724,6892.191337583808,10.520703710635352,6895.682689651218
