606,56.954600414529914,65.29238923542702,12.151600767880955,69.50175577403994
650,94.0975210827457,102.07528035340488,13.341591092803421,106.04840638277695
481,163.19967483517505,171.0360044298401,12.594935437812703,175.17604082790965
640,229.96682282890873,238.3460606474563,12.143722904878285,242.66650061267356
573,233.90017409248114,243.49382555807782,11.449771410713753,248.06798076194994
582,274.39992855199984,282.58048677366503,13.477858171643541,286.59854388852585
412,355.27114490517613,363.3280491057561,12.037547770877943,367.5112432449579
629,377.741099942099,386.4410406055334,11.85732188323177,390.90048390196597
552,598.1517167350277,606.0705472601431,13.46174165400749,610.0589489573567
572,994.0484350309032,1001.4837073960357,14.773024909580768,1005.0521213305802
632,1058.3863023665974,1065.4538937811678,13.752994757969134,1069.1262166576093
423,1219.5102145005203,1228.1499359585032,11.98481200495493,1232.4702230750224
571,1356.2077860578574,1364.5102888495046,11.580358673753512,1368.7933230515073
623,1472.7037253823844,1482.1245938802783,10.197279467165778,1486.994256258807
450,1491.8644748213985,1499.448097808528,13.059027988472264,1503.4038936737359
648,1493.5438588578322,1501.5864296157868,12.543848104139768,1505.695512207983
563,1501.7869690583652,1509.4725857284657,12.61402123186701,1513.502503103548
641,1517.8787960187078,1526.503713372071,11.666680521047239,1530.8877199772214
559,1624.440384013484,1632.3907010018327,12.540785422163884,1636.4019609392349
2617,1870.7059659021263,1878.42977428639,13.35163649852451,1882.326983097491
2573,1939.6059488954368,1948.3146048821015,11.99262267180416,1952.820033296837
2594,1977.8007428121932,1986.5324799369096,10.702765261717651,1990.943884041147
2623,2067.3681914153854,2078.1317081939605,9.539393444447892,2083.605880205626
2601,2074.5652496040448,2086.246537398296,9.068291008756477,2092.308519699067
2566,2154.8345318859538,2162.576120115876,13.574710875011199,2166.6326730586584
2507,2209.7627931995635,2218.316915876074,11.773432046622311,2222.668671391885
2443,2257.7967622059796,2267.0583165693997,10.467804642707705,2271.919133418822
2598,2310.765859614157,2319.0930716909506,11.97595197347115,2323.3237393879285
2582,2571.954590079085,2579.30933018016,14.373521463090627,2583.0648436610386
2639,2665.8820056273853,2673.454140597037,12.627992224646906,2677.45061802935
2414,2758.368938062381,2765.1485284838654,14.99852502818802,2768.581715956737
2632,2839.4837124091655,2847.1085558253258,13.076436820376733,2851.0280992803746
2641,2938.582909288616,2947.2297027676705,12.242773645017966,2951.559823209248
2583,3019.9560446342807,3029.080484275594,10.96277103628692,3033.866233510705
2603,3199.3920402730996,3207.483319481513,12.392930240415174,3211.6601836144487
2575,3201.790854311741,3209.4805274934333,13.482221529103567,3213.4469517335738
2421,3334.6311690630814,3342.2953097210298,13.798653209568696,3345.9344543688085
2478,3387.1725229148497,3395.061398451978,13.340900435632541,3398.9986623976783
2605,3448.5772912523535,3456.1876802260113,12.803003815351696,3460.104597109264
2452,3471.4237410166675,3479.557059695367,12.39720331973779,3483.762937088246
2599,3567.3470378496377,3575.470756169223,12.153322770647373,3579.6089970437192
4630,3694.2406569892973,3703.0743462927753,11.388245323348414,3707.7064777657406
4644,3784.2851676959467,3793.5179355405344,10.933376026119875,3798.2568783032207
4568,3874.2951009543845,3882.4242144861005,13.238655747890727,3886.5272254410193
4589,3919.9541475360024,3928.0300849229775,13.419536559483554,3932.0074847270957
4552,3941.106355787426,3949.4409866026604,11.498785260165283,3953.7433962350547
4435,3964.620491656978,3973.061775545745,12.570049511866257,3977.286477537701
4557,3992.6158008492844,3999.165772060874,15.565645713167639,4002.5080980680964
4641,4061.7967908538767,4070.473431831846,11.681649672241047,4074.8608342416087
4501,4099.1926329883545,4107.458792397086,12.39523653120787,4111.727654967731
4433,4281.842731247113,4290.147508883518,11.571806315960558,4294.433329562135
4429,4300.354849917319,4309.186959553819,11.602696343112749,4313.7104937754775
4410,4459.886926148816,4469.413413529657,9.99470505297261,4474.498000583608
4500,4557.1836199080935,4564.323778372735,13.00211008370194,4568.308793010739
4571,4744.894840211343,4753.479181460863,11.302114552080432,4757.820501886522
4411,4864.404738295343,4873.421861686888,11.261419510828366,4877.9730057646075
4598,5025.681434171426,5036.032993180228,9.386463483440638,5041.427319521581
4407,5074.653829917255,5082.028898581425,14.141363573707512,5085.775765866188
4578,5080.49099442776,5087.564805402276,14.967850634053873,5091.087954490103
4519,5107.436436092822,5115.365713210041,12.529320637861703,5119.359371389984
4408,5133.6582424107,5143.0373963699685,11.03808684429031,5147.690737567001
4580,5154.630582991165,5164.216797916089,11.268716662858298,5169.051803301619
4572,5209.7232452968265,5219.117328679557,10.179727958716468,5223.891748317008
4562,5359.643680420838,5368.307072055587,12.37948320293389,5372.577205835716
4485,5361.551137976092,5370.109691755593,11.751879647367954,5374.3823987467995
6594,5814.641661460993,5821.100944836447,15.723188555385441,5824.522272359097
6502,5903.9213979998085,5912.4786405564355,11.82875240905308,5916.689355963274
6629,5948.751081837652,5957.265563289772,11.779507339644809,5961.800056413112
6504,6259.625408038472,6269.013984630366,11.071012332695979,6273.73762093585
6448,6600.360023665556,6608.239673148375,13.071494068909802,6612.152591294714
6618,6664.143081726982,6672.197259134035,13.06520865228678,6676.190575430269
6410,6980.074193422276,6988.473297050339,11.933570839509377,6992.642922780748
6438,7159.867196214355,7167.152510807198,14.739371865469343,7170.76144145738
6584,7235.137535421497,7244.437383169279,11.226557191898877,7249.272706610482
