1071,321.04318172647396,322.058136387821,8.615583123305264,323.8833091999652
546,452.7897360933315,454.1807359006667,10.361932359193919,455.3130810160171
112,468.8546200942064,469.6524569816901,14.986042176919135,470.4784082225717
1899,951.9056720575776,953.2241427676462,8.823250624247386,955.4905423051866
1649,1038.9164346770285,1040.2110762973944,8.253726725197186,1042.574251319486
276,1547.1451062458366,1548.2004372745762,10.90520497611702,1549.2930660079655
1890,1668.8164742703173,1670.064661913017,8.6716088831416,1671.9126455278447
2111,1999.1492720972642,2000.1256494260379,11.6787381966119,2001.1471570118697
2800,2118.8876374354177,2120.1841393607842,8.813459857907938,2122.1142144725254
1646,2208.912562414476,2210.1224856182025,8.918277911045376,2211.9261909751995
2789,2298.6610247811814,2300.0290153796986,8.667506368173012,2301.840327660163
2530,2345.7489655292065,2347.140375157551,10.90522492700026,2348.2218487226664
3922,2568.8272662402865,2570.142471897599,8.271016944346185,2572.662964994724
2290,2806.4716467976014,2807.491301060638,11.544304898894968,2808.523829382871
2546,3176.274750572184,3177.229504165257,12.64981453289936,3178.178970761743
2531,3357.2169048734977,3358.3396936541226,11.027021032517775,3359.4488404186704
2529,3426.9394870705964,3429.057873749105,7.960086541586588,3430.430566534432
3669,3469.025961405108,3470.263055582181,9.506147320122633,3471.981310324741
2280,3714.295173104345,3715.230461732619,12.745170843220343,3716.1613757423493
2811,3739.0279089270275,3740.3042682322716,8.981833186842609,3742.764718990942
2528,3828.887156309779,3830.205057445631,9.266583495390332,3831.9549155501504
3899,4008.9820178945,4010.2945090835706,8.461654898689584,4012.230004618336
3081,4188.853886317107,4190.162522273054,8.927109604512204,4192.01857728746
4283,4325.762124610353,4327.19223558699,8.464865798004656,4328.522397206012
4814,4368.747998027922,4370.1166746265135,8.326181588903083,4371.939415603212
5668,4458.992062856144,4460.3085596877845,9.541502240293996,4462.130631861112
4805,5186.798739503402,5226.209302734255,6.519684778149959,5227.819908547383
5661,5269.067604787524,5270.409013600724,9.452863130420207,5272.663446897654
5920,5358.717611735285,5360.074019993046,8.213852159360506,5362.412541592024
5657,5450.265304750345,5451.370207540735,9.363922619772767,5453.706592227422
4530,5585.212472298536,5586.416206063641,11.168928047168855,5587.4258468892485
5058,5628.833316511631,5630.277284236309,8.420086331494641,5632.547765735568
6551,5871.235789271847,5872.39891640852,9.842146443049714,5873.648486592772
7666,6078.80683391996,6080.170924307245,8.367451387455409,6082.667012192472
7888,6168.819592462908,6170.145216913375,8.959151508766386,6171.955328623926
7656,6349.09881834809,6350.427438500174,8.909352924059768,6353.181220415192
7891,6438.725534291829,6440.0004193330105,8.494443297141698,6441.8579931428085
6807,6708.805820518097,6710.109212118601,8.815517622427238,6711.921621792973
6300,7311.0439752593875,7312.071119272683,11.157573863486,7313.125306029878
7640,7518.735023913653,7520.031568522376,8.396954061082962,7521.960855068274
