843,229.1249598623844,231.49146151887217,13.514360163282415,232.9593480475033
840,337.2847526119668,339.3902218844648,12.930804141319735,340.86790066328064
557,438.88419349714684,441.3276843160957,11.363874617532128,443.0800675881797
313,519.7411408104347,522.1081811388431,11.224413294600355,523.832792349882
569,521.5581851828473,524.0170186771393,12.219354702261075,525.5587533914362
131,634.1447707063326,637.0185515875623,10.056487536112835,638.9606398078326
830,702.9291388864984,705.2349541647513,12.457792485357771,706.8455256937282
552,790.1894024329167,792.349013811355,13.066156485130032,793.8592286296694
556,796.8286963694593,799.2477733679724,10.95797932825494,801.0483029282308
576,798.760161674059,801.1065611819059,10.895997128950487,802.8234535093422
589,966.1607069508343,968.0858215492742,14.154974257881278,969.4621074187143
555,1065.0605296085237,1067.2229698158067,12.210671778164512,1068.820849862712
342,1083.9690548894498,1086.5999703736877,12.666946547642224,1088.1504511046282
564,1152.1922359244775,1154.2849836227354,12.97559915997103,1155.7789117014088
566,1160.6104038076146,1163.2692887756452,10.204423908273448,1165.1204092263852
328,1330.43501413246,1332.565151148504,12.931852476130219,1334.0778286588452
560,1332.1499224807856,1334.3015323672457,12.566212223909645,1335.8212416667272
346,1419.8537116195557,1422.0413718605007,12.87153085117343,1423.5527436227057
574,1432.1272058880106,1435.0336837833015,10.150130477249276,1437.0644118717976
336,1443.9321391703463,1446.446516406531,13.419344987503035,1447.9073019243767
305,1446.0057321429263,1448.4083469047387,13.424050129948677,1449.9273306520415
813,1577.914021877336,1580.4872914869186,11.021978791146132,1582.3398054339382
335,1600.0213200934788,1602.206638359277,13.471166623620357,1603.720101680069
563,1777.4058349343445,1779.4378158152215,13.296193723683192,1780.9540748919364
327,1782.977187349602,1785.3914024669327,11.127157539918086,1787.0093246107701
592,1959.5481292323352,1961.3905620705473,14.458296005473265,1962.7070685625808
320,1983.2632564900762,1985.5791797069614,14.20496592390779,1986.9453759525074
2300,2078.1042263081376,2080.261288100493,12.675110456761892,2081.8383565927475
2836,2145.068351291228,2147.331818862185,12.709885612822108,2148.887340190938
2556,2146.8323731673545,2149.0955101614586,12.354543723270993,2150.7486554448733
2358,2163.914711397221,2166.432297078616,12.04082849818243,2167.9806201463757
2387,2343.687064718598,2346.3520902015366,12.900280147661826,2347.8715936836425
2826,2502.3217152803636,2504.5156217200033,12.540503268834337,2506.026305159646
2567,2508.3149822795285,2510.570583738072,12.761737591074471,2512.1216858107314
2571,2514.6361684716157,2517.023924919147,12.420105729651931,2518.589249661202
2323,2523.990685433567,2526.5485667203693,13.463390706837863,2528.0516325259523
2558,2569.285976021316,2571.590066136456,13.661665968590508,2573.0010742502436
2842,2571.1312248801546,2573.3066733497712,13.831428581232517,2574.703886056554
2849,2590.6131933303045,2593.027219929952,11.875687793460273,2594.657742050165
2569,2595.630083995129,2598.188420589533,10.915892923741918,2599.962067988912
2385,2613.767405234602,2616.4002954145117,13.193558204460567,2617.85815910239
2580,2682.7768773866164,2685.056250497605,11.550024161536678,2686.687919945687
2568,2687.4830136302335,2690.030102028193,10.888234468732524,2691.8056229714985
2832,2748.903726548573,2751.1780633592875,12.716010759194504,2752.708139485941
2864,2766.36743219822,2768.2524359761815,14.876936919379398,2769.615418666743
2306,2773.1929816204797,2775.4611561682236,12.163281973454012,2777.1392312795574
2315,2774.9423817428633,2777.234666140228,11.828855731036839,2778.840353900223
2574,3040.4333022237747,3042.5171886404887,12.644701832238002,3044.0392107624857
2304,3130.215359249392,3132.1773331958475,13.276085475080745,3133.6114540467433
2581,3134.2758977863646,3136.4617654259255,12.268876857295487,3138.0258778744483
2332,3219.8457512795376,3222.1250559562786,11.714124549134446,3223.8423848853313
2339,3243.806274681641,3246.263386706491,12.512842767628348,3247.8003122730506
2852,3381.69943346551,3384.0741837478736,11.40249238658614,3385.7955307493166
2322,3404.13471758538,3406.481862287784,11.251824019215604,3408.233733147675
2609,3407.6753580012273,3410.116153323094,11.856633663749907,3411.7194803595303
2841,3493.5579824509064,3496.088659333487,10.58645168097337,3497.9988360154407
2368,3513.662407030838,3516.1061810562865,14.767801960049015,3517.421328623981
2364,3603.640276194626,3606.1266937939017,13.63758527704332,3607.5928042576807
2839,3739.524141176613,3742.0041259394334,12.538253054951756,3743.5652607224947
2830,3742.1504257869933,3744.439672187016,11.944651613490171,3746.055457731273
2599,3760.281600033574,3762.513529264223,12.552948195633359,3764.1063890213395
4373,3873.5535343494876,3876.146290948741,10.747978518634733,3878.0261581739874
4347,3877.668212515713,3880.086804750637,10.995518686112174,3881.9607138534
4836,3935.4996962121245,3937.356735642612,14.564230366470788,3938.6579559707966
4838,3946.9469646323546,3949.2815953895497,12.493788130057492,3950.7885033999787
4349,3963.6351058075243,3966.3906115375175,10.498556046717328,3968.239651812591
4868,4029.1162496279776,4031.031994149462,14.011223616997215,4032.4254241855197
4305,4056.0143525447625,4058.3757151518994,12.597857130335825,4060.017061113304
4561,4123.612745600485,4126.180675226237,10.980125673350438,4127.988157442212
4589,4125.596864594437,4128.130674756902,11.612824363704725,4129.894026020208
4844,4210.714286050576,4213.185028035705,10.585455162331998,4215.011833225196
4831,4213.2610137038055,4215.481957460988,12.349836396389003,4217.095593678077
4327,4216.934055814477,4219.2199541430955,11.029551073593547,4220.906428180246
4140,4233.74736153774,4236.281598806799,12.592836862223002,4237.886098034916
4395,4235.785079117869,4238.064938328933,11.90299598050183,4239.690181996845
4581,4279.204583867941,4281.587297472583,13.567470357494779,4283.038215974437
4839,4367.66932171649,4370.236886717121,10.63734503664876,4372.063195858226
4837,4459.737121532604,4462.358342483109,10.547111543992047,4464.252253922052
4322,4571.731918536523,4574.056622520455,11.337520526105019,4575.7627459609275
4330,4639.28202200282,4641.560885826643,13.87256343174506,4642.946194079947
4401,4863.481920672979,4866.00782047714,13.15679259921354,4867.530422020832
4847,4932.533618998335,4935.070747176024,10.065339009530918,4937.017098862188
4570,5113.396738393721,5116.183794734907,9.126531375221987,5118.293629502536
4845,5115.320657339598,5118.165335979755,9.565697013842847,5120.096859372168
4606,5117.281945630655,5120.168919951684,10.605702660320166,5121.889142379838
4824,5199.386804679866,5201.457301012905,12.874489230035259,5202.989320486958
4579,5292.164430904073,5294.447226401027,11.751774188233167,5296.064750096141
4358,5377.123561090148,5379.169050800074,13.150538767252593,5380.644256966125
4572,5387.952943301377,5390.501457971126,11.037836581310136,5392.303987720079
4321,5403.743159381141,5406.2062890773,12.96342853163385,5407.776216348357
4828,5474.250767745985,5476.514999463953,12.823303410925133,5478.035082854633
4852,5476.002438251154,5478.270546774856,12.414598426950276,5479.819454415627
4842,5569.304587324686,5571.552424098217,12.643184874564554,5573.1973018357385
6360,5738.053450934122,5740.213531134344,12.160839965619854,5741.803200178164
6386,5763.445178942682,5766.038685441223,10.979953754926106,5767.859447970529
6343,5853.856577684354,5856.527543959313,12.474456607373455,5858.069424764449
6562,5930.26229657713,5933.0186629821255,10.093250606300668,5934.961472035507
6560,6024.768422501786,6027.308894250762,10.799728701785666,6029.1552929298205
6330,6079.376597484123,6081.61045157908,14.547214196133032,6082.905148285277
6833,6104.793029557365,6107.067385428519,12.259368025560061,6108.683306903154
6571,6203.6926181950785,6206.441136520478,10.54908290207693,6208.193799541254
6144,6213.858631022451,6216.426943985402,11.908246659596104,6218.097168693057
6610,6276.419276560549,6278.280204088198,13.948275637970616,6279.654191421324
6875,6466.132130019205,6468.364054046109,12.201082670794504,6469.852726844161
6336,6548.237081991464,6550.421765042537,12.697425861059433,6551.947198546469
6316,6551.479354188362,6553.620699924691,13.215876227894505,6555.135540450096
6567,6553.213908045118,6555.356736005196,13.164387164362543,6556.794926074205
6880,6645.780203948573,6648.127396603834,12.386712499870429,6649.768506689599
6139,6663.92991738689,6666.402167484758,11.998423038464999,6668.024509442273
6844,6824.940403349475,6827.203549873869,11.761200654603652,6828.8428693698315
6315,6845.98476625639,6848.331407049949,12.792368973887651,6849.815401171661
6352,6847.9420092738055,6850.267519400303,13.48227975603943,6851.701466232385
6872,6907.903937984759,6910.0720157116275,12.61858451931103,6911.652764248673
6341,6933.888971777751,6936.567248213788,12.895431097628261,6938.156465711705
6307,6935.791515326486,6938.269850079364,12.011563793050462,6939.8768317233935
6824,6982.336923731097,6984.478311191075,13.495539365023944,6986.013550315427
6374,7113.737622898731,7116.343679376998,11.348416885139603,7117.9998586205875
6399,7293.659246459289,7296.48281856071,10.36391848195236,7298.423506090161
6566,7364.862561525765,7367.288393386367,11.468125698021092,7369.052953759935
