1476,263.69268511094685,269.14908114087365,12.277780518599686,273.87985054249754
126,363.82655873290565,369.06286252645435,14.021202508741016,372.78854503155134
1472,407.99655427376587,414.07670538929307,11.927223217259014,420.0386954016573
124,1177.9607342942854,1183.4777905283158,12.469231753353782,1187.683139000505
1463,1668.1754211065656,1675.4073542857275,9.562093098327832,1682.0026850024356
3498,1963.3818536680938,1968.300402926961,13.313047104800543,1973.977994141484
3485,2030.308490785965,2036.1105691915056,11.849033317967603,2042.2815575259842
3476,2300.331064501698,2306.087868746013,12.178056005723201,2311.456743551784
2336,2709.988831076462,2716.476914626465,10.05019098755968,2721.531779997624
2357,3070.073388930455,3076.2597143478492,11.8767163037348,3080.7312393009993
2120,3072.326117457417,3078.043536290509,11.915006705459714,3082.481771075264
4353,4053.35319315813,4058.6060795798667,14.804321118225724,4062.2268582875827
4347,4055.472621277772,4061.3118698578905,11.254166306621299,4065.967066766314
4349,4057.7110953672154,4064.177590077557,10.961250796354879,4069.0216726139824
5479,4118.586163883504,4123.548484917141,13.519425479523616,4145.40217685969
4348,4142.088577172299,4146.475675487283,14.914417666315622,4149.911911717087
5473,4312.288376689696,4318.098239613324,11.011392973073034,4322.6787407780985
5482,5448.334275278354,5454.079152694106,12.66515116620522,5459.922066914634
7470,5537.91466697942,5543.45098539977,14.430486529373345,5549.056591018501
7465,6077.256768821873,6082.131683674548,13.348070426243869,6086.845538824683
7479,6079.292598471774,6084.2971462518135,13.085775033860827,6123.677965211046
7486,6258.551325142489,6264.4124273025955,12.87108632951067,6269.848949891663
6342,6304.1048534213605,6309.391069479588,13.725205153016995,6313.077644688134
6354,6933.661870743548,6939.055384935816,14.340201588227151,6942.752811359894
7492,7097.099286433843,7102.496263812296,12.974170970722781,7113.46126243464
