810,16.658760686120143,18.284117949800958,13.134041759170117,19.9285916775483
719,109.47634108430029,111.37780068515376,10.739867492193403,113.22573449666874
812,303.3609815047678,305.4568632355819,11.124937894621334,307.34168268262664
867,398.35063495631994,400.27098797461747,11.565568568717808,402.03938855699755
1020,430.98542097424735,432.55111805254495,13.71851069159771,434.06275072745876
859,456.9786425479966,458.4563900787336,15.098110325066605,459.86993890167736
902,547.026993479733,549.0105734797614,11.253203658539885,550.8128201433333
798,667.0913297754827,668.587975022399,14.950449517443506,670.0930794101037
995,884.3290630786566,886.0306985292519,11.812969827777065,887.74777044482
806,906.8668373936365,908.5207150451406,13.308620380533485,910.0575116782277
837,1001.3191979784415,1003.3979595566434,10.161110123497254,1005.3752556669972
742,1041.8045355672664,1043.4597169898816,12.558846549870895,1045.1052122208257
811,1209.7997041867882,1211.4876294399457,13.179686388194668,1213.159441558536
820,1355.4442090637021,1357.0941048236232,13.44592464532361,1358.6817587592527
857,1463.028604791604,1465.190451812424,12.33188835609722,1466.7978048517346
711,1722.9928468403518,1725.0250529053155,10.75233356746493,1727.03908307191
887,1753.1935408221811,1755.3480821478965,10.585334154177588,1757.3251493419757
2794,1987.5565256611123,1989.1916120494757,13.527597319335497,1990.7536252504976
2859,2273.3053041768776,2275.2291488919245,11.326255087316486,2277.0374873777555
2775,2307.435272660442,2309.0273179825967,13.181863114184159,2310.580035932586
2842,2368.1047130071006,2370.228630517956,12.940178010972481,2371.776664907365
2922,2402.9729994605004,2404.6237395405274,13.664453395882399,2406.1386095903226
2701,2614.760925830716,2616.3885238640664,13.312979463446613,2617.970456523861
2722,2639.7969806017245,2641.4797354694306,13.142303632430558,2643.119575752648
2725,2707.3564482224906,2709.192364760649,11.088606752276972,2711.0847722481903
2698,3255.1072837020693,3257.165863548447,10.797948999925277,3259.185130329211
2856,3519.1042828336235,3521.047818878249,11.86831667715619,3522.820129416125
2830,3548.3625927272064,3550.23603447631,11.989934271688556,3551.982801856891
4789,3787.46781352823,3789.4050406386473,11.672572972668519,3791.29756469144
4809,3798.770663561877,3800.372346508287,13.756413225180745,3801.8968869268583
4765,3832.572727860339,3834.3640868181415,12.00649958747751,3836.1462691213524
5024,3944.695614509752,3946.365856338876,12.68658037586122,3948.050834978696
4889,3966.7838344328497,3968.4405031887986,12.986740357510442,3970.013130921937
4894,4007.3848208161326,4009.165772232234,13.216510617904405,4010.8037387800396
4782,4237.251309310368,4239.07047762756,11.978160231010685,4240.831984735717
4864,4460.382052246267,4462.18619837282,12.262716139191904,4463.849731253901
4729,4508.82751165261,4510.448648321039,13.023483876352854,4512.011257199165
4873,4534.203978870108,4536.010182739359,12.516071053608227,4537.631057712049
4897,5191.917183883616,5193.462416763345,14.872746753578129,5194.828562439521
4830,5428.322909964897,5430.193877445626,11.751373400380329,5431.96973174063
6890,5703.300039296854,5705.1052947175185,13.265504391421851,5706.699760699064
6882,5740.33265126128,5742.323717799814,10.582256407584921,5744.284540076588
6843,5774.586064912075,5776.418477733345,11.792395695949848,5778.285516279802
6853,6217.274054029259,6219.3670323497645,10.818634845534302,6221.350306675419
6845,6229.4372532768175,6231.5410511687305,11.249503258201008,6233.507520376407
6754,6307.220304541608,6309.18455699972,10.979111373063862,6311.1113716327645
6740,6533.90358843226,6535.310620737859,15.160448288242836,6536.716308375042
6728,6605.4846441078,6607.133646654533,12.710712333508349,6608.728087802892
6835,6682.20745708561,6684.4258600681405,9.640291566378547,6686.5611358133565
6876,6767.223970457784,6769.085637473695,12.120494548157989,6770.777141333483
6736,6787.689543736803,6789.548921989593,12.1868480703645,6791.253751399199
7011,7161.85264790455,7163.528240596095,12.811401096482376,7165.2393000401225
6702,7207.667360561574,7209.333751452296,13.198451016590091,7210.946211290629
