183,139.6153274410115,142.39714481529379,15.306571751658081,144.7569696693083
398,143.80135997248945,147.1684816350443,11.1367858686979,150.2597758459429
145,166.27207523492723,169.39515271869496,11.917405029158324,172.47034317946375
388,231.57149896932023,234.52524493228518,12.358080828569205,237.31024480942006
390,237.36515289623608,240.0292636801915,13.686382971452579,242.62064093454808
12,292.0103447675523,295.3801140623613,11.40136720646341,298.4767700144391
4,293.9123115841218,297.1872093029412,11.132341060411264,300.4037854713058
105,295.712037111311,299.06746347101404,11.070795506042781,302.2234972117634
101,340.3889143923429,343.0428645702624,13.240330457547929,345.5598192854983
148,435.97474902964655,439.42155418919094,11.127735342154402,442.6468398703021
19,437.8678552463296,441.23763393981216,11.628674458557624,444.5107248933536
107,527.8432558831166,531.1462180344638,10.967050114657006,534.2965237649712
3,568.1475817640734,571.1787066167561,12.086514835263246,574.0411006485647
68,573.8187675210688,576.4560850695563,14.579673482592229,578.9640489958858
158,593.5439222189862,596.4683009823051,11.755793893924842,599.29204885616
1,648.3736577520222,651.3924629820649,11.754942068782944,654.206452755803
251,771.5991036013885,774.5858156220485,12.800176536521208,777.3254953051492
167,773.5370386602053,776.3913534330177,12.617552857693067,779.1190020495453
403,777.7817220599322,781.1400856034918,10.700821111450844,784.3316154742613
185,779.588714547605,783.0028313030664,11.183402044208478,786.1482108313533
11,792.2897432479383,795.1902834678365,12.965800655617915,797.9793042645816
387,861.1989902481367,864.0860425335222,12.523703095140144,866.9712732116644
381,863.1506908570132,866.031233459477,12.585680597683245,868.8040462220115
2,886.3408725368776,889.4134526541759,11.314062705036042,892.372750052782
261,895.9935933011157,898.2208279856619,16.18811314104341,900.3675148474297
178,1074.54489457474,1077.3262260218569,12.644928704929441,1079.9768747852902
146,1200.7110036869324,1204.1431428634821,10.764634289897279,1207.2926362236685
162,1226.2160257635799,1229.2609213259198,12.32053098792295,1232.10354033002
384,1429.8630879750347,1433.4045444903009,10.938474644205224,1436.781362926387
170,1431.9465052618264,1435.3232531944604,10.39848254346993,1438.7669778120446
7,1461.6790418697121,1465.0436531494104,10.960005387583584,1468.2057427761015
187,1513.7750104305485,1516.4732458188034,14.193686399720175,1519.0387739908972
84,1555.8889531446957,1558.628180355958,13.662603952115575,1561.1991977524203
166,1583.7033534377092,1587.146689446675,10.27569916324896,1590.45879599675
109,1651.2550183685623,1654.3059131602981,12.575616437719907,1657.118295540388
262,1692.1169239306341,1695.2875841799446,11.091451948268642,1698.433248516238
397,1701.3159848288824,1704.2610695762037,11.942102290278914,1707.092764635163
69,1736.3284155723654,1739.1446874417863,13.51393284168694,1741.7828099190654
386,1785.3430089484557,1788.458998171769,12.04333653371888,1791.3387217070401
104,1820.0314361973342,1823.182331219099,12.105416434768076,1826.1263833706153
52,1828.8787115435741,1832.2818050864057,10.707564387790693,1835.4672982592763
400,1869.4468904783455,1872.18039682416,13.241013862983786,1874.8538878700472
0,1941.5380170852734,1944.556827319775,11.518090214861253,1947.6170157199156
2407,1961.0693648383758,1964.4186016491008,12.565949564862393,1967.0480361055827
2386,2032.2499384585233,2035.408475866923,11.10387792307412,2038.3811838820743
2402,2034.042318314718,2037.3228163012543,11.034882608998771,2040.3322915720692
2021,2095.4030638111844,2098.1744089003005,12.650823397863554,2100.8393009650235
2107,2209.7760519108124,2212.5145816880467,15.478004817337032,2214.8120245772784
2065,2266.6164539451697,2269.2144042313907,14.919535579929288,2271.554610368565
2149,2360.5322458763203,2363.1964200959087,13.739015388505225,2365.7412203241984
2028,2389.6781076759207,2392.3700621782446,14.913192326589865,2394.662730080587
2013,2480.232279788024,2483.256806701914,12.538470734126886,2486.005396151832
2258,2482.150430195576,2485.2918494005153,11.628584440617741,2488.268609267509
2257,2483.9705635337095,2487.036842500366,11.93725316675337,2489.9911672869152
2061,2536.3242768522214,2539.319941958933,11.566883722088933,2542.2892226051963
2100,2626.2349870361713,2629.3089648472546,11.827845636886897,2632.1565425826693
2022,2749.9912927737455,2753.013081501559,12.791566289673112,2755.6333814344453
2147,2751.9314421974186,2755.1094251588916,12.0540253565904,2758.1288463437586
2249,2753.934362840189,2757.1085208856657,11.772922739272863,2760.0458364425194
2252,2756.0410900829174,2759.0275807444887,11.476783466208367,2761.857889457628
2110,2806.2427616552636,2809.2032189387955,12.532292782646824,2812.040225342962
2397,2848.399637219289,2851.5574195199333,12.448694264920489,2854.5718221335273
2019,2916.2571469603654,2920.2002494323015,9.447051017359604,2923.7757165984485
2177,2931.8080769606017,2934.5351518791063,14.055307419416922,2937.010716813696
2145,2965.242548907431,2968.0121394146727,13.953796146991797,2970.5675168420667
2014,3075.7192210396024,3078.514582467239,13.501418588068118,3081.1508257961027
2018,3096.7731012709655,3100.155678440592,10.99390959870954,3103.3883032903573
2275,3111.4157148434288,3114.3676648638634,13.088899094538576,3117.0798877423567
2406,3113.62398330006,3117.248358544019,9.404813864486234,3120.7496732827926
2405,3115.4889716770085,3119.1534130929667,10.367995669568447,3122.6444726860595
2157,3165.544804855255,3168.4563011617756,11.99805759324119,3171.294515222621
2182,3199.8341165104257,3203.067961561377,12.061315142317811,3206.1064130928717
2260,3229.7768249396227,3232.52942856603,13.388046267813182,3235.0631676596236
2382,3292.0956823235883,3295.104694331122,13.30149309940717,3297.708848140245
2006,3356.7959461243095,3359.1011470667913,15.531544230485439,3361.2943473397413
2185,3409.1319700359913,3412.051187662627,12.584546930345535,3414.8891085196224
2160,3496.016125413653,3499.2866923942856,11.80866119782292,3502.342724995813
2164,3585.5675132025776,3589.1958212986397,10.826399715801939,3592.608774436447
2179,3587.4999922187303,3591.059371230146,9.832793028100525,3594.5301299252988
2102,3617.982572010747,3621.4387232214735,10.233134651039972,3624.8926904972627
2410,3672.5819446270298,3675.553782453451,12.328832210441693,3678.293439194612
4175,3740.1587638668534,3743.4889934663406,11.218834713110656,3746.794155241659
2375,3758.3533841625967,3761.296091702352,12.565811558965674,3764.0015919799307
4156,3765.2840024786833,3768.5302492101573,10.942944690375475,3771.645942749493
4185,3848.0423227382917,3851.4380541635664,10.934390642931254,3854.7786117820647
4146,3855.8129393143686,3859.1209909909867,14.97713869183207,3861.486427733465
4007,3944.6804136952233,3947.5600718504547,12.306391890674204,3950.580169498581
4011,4038.6501171183636,4042.0736722517163,11.140153356236894,4045.39202257145
4172,4099.833338093556,4103.154451048413,11.11693166516779,4106.221147380528
4157,4123.291928215025,4126.196762190334,12.09940355330926,4129.056984159143
4163,4199.346888405239,4202.138911079168,12.97676132047378,4204.708656293482
4164,4281.762723854034,4284.559146425923,13.586303031945834,4287.135362701762
4266,4286.345618136026,4289.528795639484,11.50566206290261,4292.75414261025
4174,4292.208440035898,4295.336162171865,12.074451017214415,4298.411188217567
4145,4325.032435978009,4328.496678424863,11.106661300515668,4331.765823829941
4093,4338.3600446644505,4341.43736733399,12.808544694017176,4344.260099069016
4020,4487.84420039477,4491.122275352703,10.999859572591719,4494.303676621227
4407,4555.752742305078,4559.454922478486,10.700886035933713,4562.726251674055
4151,4572.336156109674,4575.329251420558,12.701296716312438,4578.064830353379
4275,4639.622436423754,4642.493414809674,12.465761271961481,4645.255181183627
4179,4645.411008284746,4648.177390938234,12.796297114548395,4650.858950255991
4103,4661.376297670684,4664.247554151233,13.192890479666698,4666.880240669844
4009,4753.052064155175,4756.212522518733,11.58577508013182,4759.1048310702145
4018,4876.367568227042,4879.418911901379,11.95181367615831,4882.210677049509
4015,4935.413015145315,4938.394824319768,12.485251480260834,4941.251293446778
4071,5064.3321184156775,5067.372053373238,11.500786879747732,5070.425171702327
4171,5100.206064050818,5103.342141936104,11.988877023114117,5106.316474965272
4188,5182.064343252435,5185.505021049257,11.223678204668209,5188.779426398538
4396,5185.855177139977,5189.292476692004,10.769627868780736,5192.6162092555105
4026,5243.3975679677815,5246.209116913145,11.984355965565824,5249.0825436459945
4140,5245.857554281822,5248.56237203806,13.487480711810196,5251.02429127681
4198,5269.626624187355,5273.259750546904,10.718980397043415,5276.52348620757
4016,5273.72866632846,5277.176705827338,11.078501541768313,5280.471551151315
4028,5275.569476195313,5279.042400884603,10.862736195139275,5282.371416154029
4392,5300.665263861586,5303.40505620819,13.817842572625485,5306.015443931029
4143,5330.463729470695,5333.40713402376,11.938014818089135,5336.263467358519
4196,5360.176568247306,5363.235126888749,12.561867108039989,5366.055419418477
4400,5362.015346239449,5365.027548954967,11.83117627838447,5367.835401062873
4191,5449.573062933916,5452.571720592941,13.154933830670565,5455.176083595926
4403,5475.091490539777,5478.034572162826,12.299262035284544,5480.9058686232875
6143,5505.009195841723,5507.424292263943,14.583379060952488,5509.78632514868
6180,5563.189580421929,5566.291696189761,11.715615900893576,5569.221339199886
6375,5572.114368143247,5576.320817224183,8.980491097533738,5580.247286289595
6400,5651.818859934757,5654.517727755047,14.16928001730904,5657.120735940574
6376,5719.9033974475105,5723.166237353726,11.216369455984205,5726.121502180704
6159,5741.343602942061,5744.54065575874,11.744350104240214,5747.47550305824
6149,5809.651206963994,5812.494644710276,14.692944225099374,5814.924824832046
6167,5829.791974323775,5833.193891009844,10.761675001118673,5836.441325992266
6095,6079.395965967283,6082.3005229743,13.611067067390106,6084.844608346546
6171,6081.471041989963,6085.283927958683,10.126574974117807,6088.9044931544095
6022,6137.484807381429,6140.213222598347,13.663169099118244,6142.7836916467095
6150,6260.065919173721,6263.085610196868,12.442382834349116,6265.910375450418
6172,6262.1360733457395,6265.243938130838,11.443965021544432,6268.2378690575215
6183,6354.280435252499,6357.436275731989,11.957022998564112,6360.405528270334
6153,6356.039937325264,6359.255935025491,10.880238446613555,6362.288457832151
6103,6531.951193149461,6535.281245171415,11.419260665509391,6538.312472273684
6017,6533.793202298505,6537.070526951908,10.92760392979989,6540.193764340938
6244,6621.0751763459875,6624.250106439363,11.400658617372876,6627.265176406647
6374,6622.93399769127,6626.08507138392,11.670219654450417,6629.126618188535
6021,6785.1271701777705,6788.400048394757,11.447096478630469,6791.443150072368
6188,6799.947902387436,6803.319490207645,10.441045075683165,6806.535308442857
6131,6801.8541270801425,6805.232868011505,10.661252036040057,6808.348873180494
6100,6804.1241710537115,6807.163744801205,11.939109016002954,6810.264488301341
6097,6806.083334987393,6809.160400014392,12.095630756485845,6812.155522219375
6396,6808.187657522654,6811.04919631659,11.011370763408756,6813.915308531826
6079,6844.795990375076,6848.190455839906,11.397413464969489,6851.310628783465
6391,6895.902369074466,6899.011470514452,11.304601456045539,6902.102105792015
6016,6934.366801683913,6937.460795367176,12.258365856884687,6940.328764893697
6094,6946.364251681177,6949.475525443225,11.955928909823601,6952.319452292029
6098,6954.676632952756,6957.169848993608,14.995786135588967,6959.529063417706
6397,7069.977474252676,7073.128784132989,12.996532676555097,7075.847385874478
6005,7072.290589361579,7075.023058317875,12.582208034032817,7077.668122507579
