350,182.91036341297925,185.4740802370733,12.610212406120295,187.44397790218892
310,231.7740270449495,234.36512182159242,12.425778972576296,238.22184693891438
326,233.8221071584034,236.22952790410713,9.746742163827927,273.3538862191217
334,589.1572253820789,591.442356038914,12.557508641145661,594.6782377543711
346,771.3894739572896,773.4736252352867,13.750840550210649,776.7452014974269
322,777.1570406331292,779.6125346609,13.020769359285087,813.0204157148711
133,813.5253525380823,816.2603581503878,12.69001566828657,818.2694809066699
329,950.388749087969,952.4650596542479,12.522276578094287,955.7486938035768
121,1375.6411439957915,1377.58594769856,13.416313012020805,1379.5729671452627
339,1532.9056485044873,1535.5221941398352,12.362643520353338,1537.4433897702843
356,1581.9118531254335,1584.4147311755105,12.635490438672552,1587.7678890040897
336,1622.9107033621178,1625.4371116769425,12.392760797072615,1627.565101808488
315,1625.2329270925754,1627.5218233534247,12.50369524057631,1629.5477129616754
338,1669.2284059581887,1671.3578786257442,13.680276412551638,1674.6947245512574
120,1713.0648740510069,1716.027459982628,12.49069188537571,1718.0481657503835
304,1802.7261010207426,1805.5423350106846,11.462709033350688,1807.6282971531182
352,1804.901385340057,1807.2933193497206,13.113832025489861,1809.2710651283262
348,1849.1936324343126,1851.5247923510226,13.40902633170555,1855.242319361947
2319,2162.763317274474,2165.43920232946,11.868375943148655,2167.682991234789
2130,2343.237449762284,2346.01114624135,12.363001472498333,2348.292999807785
2134,2432.8912376259827,2435.334293622355,13.360766379326725,2437.1917707288258
2129,2435.172605353548,2437.4541834988777,12.577561320759903,2439.5098063017044
2141,2554.6793380739246,2557.110311085867,11.794309296071717,2560.3089512450547
2318,2572.8872472015764,2575.25409792157,11.19621697450699,2613.3692947533814
2132,2703.339807296369,2706.0910631695565,12.751379908059702,2708.040334370061
2133,3243.583287157604,3246.419154108441,11.396107627154807,3248.7958936198347
2334,3651.955974990206,3654.328982991803,11.02985708549621,3657.755565937008
2366,3693.3139066819917,3696.0980967038086,11.798910387987698,3698.2181449762033
4129,3699.5371147116193,3701.564763942716,12.594265084189656,3703.5926337946003
4126,3875.4641539783943,3878.036895605625,11.74193609302175,3880.1982208650606
4130,4055.554762179965,4058.085766938743,12.193451456059705,4060.2397378020896
4355,4459.027879551702,4461.384048927584,12.136559731610813,4464.66384558611
4136,4683.019600734168,4685.591917829748,12.600914815814509,4687.770814454034
4159,4685.170743758099,4687.531058497117,12.028657715185153,4689.651745059845
4327,4999.857579971897,5002.313020819351,10.909343642668597,5005.657400312948
4331,5043.363181855742,5046.090807458242,12.25610020248629,5048.243005359821
4123,5315.576480058279,5318.104815155443,10.649774517190979,5320.542566047343
6121,5582.988003529831,5585.475162791315,12.74076860102851,5587.416488259757
6125,5587.275365446467,5589.3435497991495,14.439537261692724,5591.071250810183
6122,5763.464421214076,5766.372839658912,11.096873591767789,5768.714792627889
6116,5765.80594834455,5768.431707784436,12.118954926347852,5770.570698717554
6314,5855.766359139689,5858.340576351363,12.590628433688856,5860.269871256974
6119,5857.68334031856,5860.066419443492,12.460323682172817,5862.127676352038
6355,5942.811539105005,5945.440024181673,10.969273803078368,5947.811347002733
6137,5963.233914767385,5965.179350094472,12.748327659298166,5967.176436079368
6345,6441.753332425213,6444.120360590189,12.760691514962042,6447.417558341764
6117,6753.209450300199,6756.1059826828,12.233295967841338,6758.298398607233
6332,6801.272223040477,6803.3441180619,13.464387293947379,6806.52495147239
6347,6843.230226210199,6846.052211784889,13.036984459534565,6848.049357783954
6307,6845.99480671,6848.407202233247,12.164827294772806,6850.4950997437445
6313,7069.1717087659545,7071.54362740907,11.805360505088641,7074.772019287447
6333,7071.061714662058,7073.2933368332715,11.548729832921863,7113.584605877354
6362,7077.5945388285145,7080.272907148058,8.693726574530315,7116.589430969413
