183,224.7888013263165,229.2011865955212,14.51023963637251,234.99141509323954
100,313.1600660301987,318.0744159791237,13.016245977886,324.50621877140316
101,424.3839810064891,429.07553423810106,14.432228623541432,458.4205619351529
268,495.04079437556,500.36392241703015,12.136393736217606,506.81700145868325
14,616.2355568193079,622.2203088176057,10.56667161479423,635.9371435658982
158,681.9967962590671,687.2607251215405,12.755518737395613,723.2528314462224
5,763.2395203489377,768.2015557105223,12.879604068418145,774.2524411680644
1284,840.3572684182383,846.078031737256,11.874609317311833,852.7767460525973
1283,843.8994835993066,849.2747661106051,12.400182379028543,903.4684635874561
270,899.6130996774101,904.3107450663896,14.095897764698108,910.1890051416585
261,954.0761074290153,958.0505625606621,15.840918744601193,963.7712773519158
13,1042.050213636149,1048.1498278493257,10.226231005810456,1055.83854867585
174,1439.245688580696,1444.5386865624473,12.930581354897146,1449.8019903884135
169,1526.5856196303578,1531.3106870400338,13.790895515004955,1536.0803767058628
265,1585.2938546442151,1590.4493931712466,12.87351472285611,1596.9467382988305
166,1678.0994971969392,1684.2797217698867,10.438356354800051,1691.6164493652168
161,1679.903313171257,1686.167283675025,10.618050732139634,1713.7017437261409
262,1772.6839949413654,1778.3534689533797,11.727333340435669,1808.346710847589
175,1851.5652711072892,1857.106502123769,12.469920938006991,1863.7779420927468
104,1919.002216140361,1924.5069764654763,12.45825391812613,1930.8712506936922
0,2030.5850343869804,2035.4961218574974,13.599740610622455,2041.7581788425648
2112,2210.919643319869,2216.4825324563412,11.535095850797514,2253.603332222961
2005,2219.219708844543,2225.206012020727,10.096691015881822,2258.44834334742
2170,2397.2264205336946,2403.36280483438,10.342341799991503,2410.7270762488074
3197,2465.997155733723,2472.413915314724,10.01330970043701,2479.6990502536305
2028,2468.6814659292045,2474.4112599509403,10.611089271683063,2523.504805008659
2258,2573.6848003590612,2579.329153147069,11.259452009069966,2613.131401844681
2257,2575.796798345343,2581.15610565901,11.884399476498363,2615.480042953952
3294,2641.3004458743726,2646.4830263761514,13.060860844358542,2652.7529469695264
2250,2658.4335486178884,2663.4152331072187,12.546085964271217,2703.384645595534
3291,2674.290225088439,2679.537184543452,12.203408820159838,2708.199622431098
2104,2922.559792449952,2927.5086179709638,13.889107187535068,2973.2837586519654
2007,2933.426755861451,2939.4620879080135,11.057473369167727,2978.267365379155
2101,2999.9520210783357,3005.5607132713594,12.122867042512945,3012.5415815879733
2253,3060.8308859253084,3066.256806248718,11.363453344268365,3071.7808262400185
2105,3088.187196807288,3093.1164310143563,13.243241510704806,3098.01051152545
2275,3202.4456474215017,3208.4789500878364,11.438886075492569,3243.36073968904
2251,3418.3308790524106,3423.4045132401093,13.143284007637064,3428.577873014517
2102,3722.941732924313,3729.1364020167503,10.000147491411381,3736.6769643671164
2267,3742.772256783424,3748.179909590538,12.110949378047179,3783.705969119
4102,3819.1897482695335,3823.2569945621885,16.107174481553745,3873.162532311717
4175,3832.171530826203,3838.0481502166676,10.179974957027605,3878.0414882713394
4111,3939.595046154439,3945.3004738077757,10.879307946686056,3967.7678402812835
4199,4005.2343048483294,4010.593879049486,12.392129974271077,4017.1880644184403
4008,4007.052434056325,4012.325092629049,12.20424993897241,4053.5596590750056
4183,4010.592225905007,4016.4852614481138,10.558353563530654,4056.0285632108844
4007,4014.7352005114185,4019.154265502324,13.247665823506884,4058.372869043609
4100,4019.538747864344,4024.3396918926637,13.65081965247839,4060.3921422970566
4025,4170.3381926614,4175.559274034547,12.956511268075936,4182.238987679627
4106,4186.046140052414,4191.50861401167,12.370787762719909,4233.197430757538
4099,4283.803981209422,4288.432523124074,13.533830816526912,4325.847193558588
4113,4366.30032627012,4371.38161829618,12.662600840651557,4413.543757698578
4114,4822.8944301534675,4828.3496964258,12.173046016568259,4866.1445947177945
4176,4824.670772159168,4830.111042260289,11.02203909616152,4868.382004522749
4115,4912.674369561726,4918.1304533108905,12.095515415648805,4924.755504336683
4018,4979.184624997678,4984.393560989767,11.733433517639257,4990.771375861692
4255,4996.220958709833,5001.5359034354215,11.659587996167472,5043.265374609539
4110,5070.077063825114,5075.452704616459,11.774752947142233,5081.982605981752
4193,5096.838764389953,5102.527963708719,11.382487554517251,5136.117938143107
4186,5190.033031646615,5197.179774933727,9.566090504382604,5205.552084047298
4013,5357.415813626639,5362.13757376967,13.398311614549177,5368.082127311974
4005,5366.936722935559,5373.099003601321,11.056010650413413,5403.713977788398
4016,5370.139088240579,5376.214021871523,11.05561514414378,5406.206737635115
4170,5455.112838580651,5461.032278838037,11.075545494530745,5493.256950368722
4191,5532.334380904729,5537.16429121811,13.504745060777438,5542.996786447596
6170,5667.125868304777,5672.302698643035,12.892151830151676,5678.316134875924
7281,5705.5791853387855,5711.009320385345,12.437126717087684,5717.904284264681
5998,5709.922297711974,5714.521156887337,14.186506226940859,5763.3300033743935
6002,5721.113976344886,5727.295594042418,11.139347548095776,5768.490316591863
6160,5723.182453671179,5729.181433230638,10.048312917038064,5770.393503887766
6000,5983.123047106907,5988.136213579605,13.31250520243327,5994.704753081385
6171,6179.280101580217,6186.012648950473,10.211198071510038,6213.42037742685
6102,6350.327021040824,6356.233032810415,11.693182529900422,6393.491663601406
6244,6707.483396775655,6713.239731839886,11.372001196143094,6720.264595835233
6242,6806.7193732500855,6812.366906093555,10.933741377415181,6843.343719472801
6241,6838.92996955996,6844.4170736618535,11.51763073128598,6850.118067701042
6188,6892.269130189656,6898.302308890244,11.192932391421596,6933.265711454401
6097,6905.003980157586,6910.430262385602,11.993812243421598,6938.1090784717
6105,6963.356567772276,6968.468117566115,12.569515946337486,6974.972623731079
6011,6974.546738727472,6979.290468434271,13.00513809245105,7023.519559092619
6020,7151.727546041431,7156.596921270548,13.673839300654375,7162.897160541055
6106,7336.968708625556,7342.559206520009,12.293773687647565,7349.912738729485
6263,7422.242462462787,7427.27547497697,12.465022735085466,7433.733220661261
