1654,292.62054252918233,293.39179382804036,12.964582173312849,294.06553215752746
298,317.92627043767726,319.1474697085668,10.067668612185484,320.0141841330027
1235,320.433715651501,321.4082512840272,11.001116034691655,322.18456951779746
1668,488.6834305477916,489.466732269636,12.363845945005504,490.17155307813346
1371,592.2112227244146,593.3917080704845,9.593081825830708,594.2448380684444
1650,603.2039935357068,604.258351163418,11.013707746842396,605.0490924080963
1220,681.1707621907303,682.0714174045684,12.876031509810012,682.7508562045166
115,685.2310015626209,686.0040524232287,12.383094675610698,686.7105378072378
1897,741.5634313215953,742.4821762883852,10.435898789864506,743.3180581230604
798,743.3878305926238,744.3261798751879,10.999845619320617,745.1253913150687
541,826.5202742542007,827.3465397662004,12.117471241068461,828.0667030074092
1900,839.7811077207466,840.4687008884445,14.317033668012153,841.0775908352016
1661,862.7419514881465,863.5403449809622,12.480266702991093,864.2115258106166
1082,903.3848513668563,904.4226170775293,10.314684753421776,905.2309170863197
288,1041.8589789253235,1043.0467671016247,10.295017169415837,1043.8965447419291
802,1099.5357610305812,1100.4255308224658,11.17879602013847,1101.1975680958983
1223,1129.2227489344098,1130.2733621670873,10.82407522965207,1131.0702244581207
1647,1224.1803358051689,1225.2787498447765,10.377166651125437,1226.118112570035
1056,1354.1032134973052,1355.1374327844057,10.746021908892649,1355.951545715804
551,1488.0742587003044,1489.4023127785636,8.508379551164664,1490.354165504993
1898,1535.5282821288183,1536.4459294572803,11.310640473484582,1537.1851214688138
544,1592.0709405014438,1593.2149627244905,10.108543089080705,1594.069840379585
1063,1624.1390965082007,1625.1415812589007,11.255805568348562,1625.9188224207167
1924,1637.293132430604,1638.1295266607865,11.717128794427333,1638.8761665203126
1922,1931.5799210395141,1932.4483059586385,11.2765302540229,1933.21381590268
1660,2088.475072626416,2089.2901399516827,12.478099078766501,2089.991246373574
1649,2090.3162741258175,2091.0526651276605,11.214241484006866,2091.832787029761
3385,2119.027466619906,2120.047118361338,11.926957004845763,2120.7806227576034
2292,2210.0584597094075,2211.084859761177,11.320794998398341,2211.8576390048925
3379,2213.343638343699,2214.247181562502,11.371977101231392,2215.0165840439226
3384,2299.0887908570567,2300.0807628015873,11.153062166644165,2300.865164006064
2297,2567.9736730285917,2569.218663659341,9.95556642040637,2570.077712771082
3646,2642.7246097677307,2643.531791427172,12.31502999026702,2644.240343506945
3306,2659.2045048487907,2660.2504580541495,10.50768236304267,2661.072872821662
3223,2661.44369035812,2662.2947057964175,11.918225818327418,2663.0288954099237
3090,2719.608560566833,2720.4815930289938,11.94739128750768,2721.2292265913566
2560,2721.514168670467,2722.354613379556,10.731092537809053,2723.158263862952
2812,2738.616759096277,2739.4877327796494,11.174833146299022,2740.269325801102
2114,2751.0740020186117,2752.0148971933195,12.578866271199908,2752.710387169006
3076,2794.112932566565,2795.2431836262576,10.536423666849428,2796.0646202648472
2795,2831.1572102433793,2832.156817635789,10.207578666123341,2833.014173478084
3077,2974.0219901431965,2975.151917640256,9.907219123097146,2976.0295060679437
2802,2986.290705055945,2987.079826418298,12.031529966346827,2987.806955505089
2811,3001.4001971745097,3002.1320936709517,13.984087029908354,3002.757695855664
3895,3009.7485075209765,3010.503740614241,13.34251483261388,3011.16218818793
3304,3019.02348654873,3020.1414274098033,10.394911087795775,3020.983038783218
3675,3021.0718500309295,3022.0635001443698,11.580076090691987,3022.818976648031
2294,3108.0079457894963,3109.1735041876987,9.51355338447863,3110.078862471186
2115,3110.2439880896704,3111.199572006473,11.430174578780642,3111.9649562389554
2546,3169.4833800954593,3170.388087668796,10.516399307656865,3171.2215192923927
2805,3183.6997051290105,3184.513517369866,11.913949830557838,3185.237056148892
2816,3243.448430724048,3244.4408739929945,10.749884056999003,3245.214411190094
3305,3288.9850608091906,3290.0719145837616,10.393170168108735,3290.9136669322374
3458,3380.5084669547628,3381.388591379585,11.09667086361853,3382.1791238416195
2552,3516.331103886685,3517.248652536404,12.379508325138312,3517.955342589623
2554,3557.855549180952,3559.123515605128,9.700720531119298,3560.020515277745
2530,3694.1691148425166,3695.2007911953265,10.635289261958727,3696.022124672745
2798,3821.2128975734868,3822.218965226358,10.153397525461175,3823.0828252036167
4795,3888.1878451827683,3889.1451762997426,10.881103488674803,3889.9491825667747
3652,3919.0227648042846,3920.020696838448,11.494711951810075,3920.7817838003307
5641,3976.7808195911716,3977.575488485351,12.414679617399056,3978.2851795072397
4536,4053.9352513986682,4055.0200238715697,11.623435357049416,4055.772682197476
5900,4178.576957086215,4179.47584960593,10.48957006887037,4180.2835943095115
5889,4266.600892590804,4267.34003466514,13.244932959148205,4268.000547552722
5899,4519.568401091966,4520.438458070815,11.139661921002373,4521.233618556242
4293,4548.005605841777,4549.135180830007,10.127282805920618,4549.999033016697
5459,4641.193736213031,4642.1069414314115,11.845329477029,4642.845500490835
4301,4731.839845438071,4733.081647806374,9.727881304394366,4733.980967516739
5384,4734.225680660759,4735.318088409668,9.89751830954625,4736.180048237454
5067,4863.9572767143945,4865.033648764318,11.017657075804287,4865.827690123286
4122,5271.1444714627105,5272.041399583629,12.802369792701768,5272.7247477089195
5458,5360.585843943441,5361.492182002348,11.389990592746976,5362.253173598321
5066,5583.318901137007,5584.312089703008,11.15986522948454,5585.08845228776
6548,5901.752574995487,5903.012661273777,10.62474465859006,5903.836066981701
6537,5904.106952429506,5905.157082844782,11.443278721245719,5905.921590606083
6282,5906.143989193723,5907.077472230995,11.103938615756654,5907.865343607076
6806,5944.043250186756,5945.065298693843,11.246899291037694,5945.8431553431055
6545,6047.690430378979,6048.527793361477,11.835300707672332,6049.270360157159
7911,6060.371936363477,6061.032641081003,14.17958604044776,6061.649617865246
7225,6083.242130800841,6084.296709435979,11.085251006046047,6085.075584908116
7371,6085.225386781847,6086.105427717823,13.020419209908933,6086.777331998022
7297,6089.217986053451,6090.032437164325,12.587408833885904,6090.727455139237
7921,6124.093005777169,6125.191359964799,10.154417939780892,6126.046654517723
7051,6126.308009428926,6127.27818203103,11.595268327542785,6128.03343896116
7889,6243.593165636587,6244.37429942283,12.353252241595738,6245.078670816058
7452,6259.048120794686,6260.000903876498,12.07070448100615,6260.72567312347
7649,6264.3328756031715,6265.402109504034,10.505393708470743,6266.199010260604
7453,6352.233618969451,6353.345353105095,10.226864820123424,6354.191466484693
7654,6406.209115739017,6407.047795842105,11.182994359564985,6407.830097533033
6111,6449.381871807056,6450.261149096671,11.341854873123124,6451.030522445462
6540,6504.238727795751,6505.354125342689,8.888917225445867,6506.315330065654
7670,6676.484135159651,6677.25504920476,12.823504648789505,6677.937271080661
6296,6708.26267856345,6709.471880846526,9.507069255344964,6710.318969604629
7068,6768.528201862827,6769.495325633877,10.251489328296866,6770.339980231425
6801,6772.316588703456,6773.299931857351,9.635251988456801,6774.188828000587
6530,6846.116113983412,6847.0212291870985,12.433274708133972,6847.72486323384
7900,7114.271007110806,7115.4295083689385,9.956184387612927,7116.271993270192
7666,7130.705099296236,7131.402652422297,13.985146309011052,7132.029231749503
6268,7161.858218887428,7163.09574123918,10.42739270078148,7163.934730970186
7379,7164.225155019844,7165.328545343696,9.830676005288165,7166.192943698795
7076,7204.016628364618,7205.014292725474,12.14388623395893,7205.734694352151
7050,7206.203531959739,7207.140933669893,11.654603354172353,7207.8915791557365
7300,7252.703831192361,7253.516577902863,12.325587491226889,7254.195751535761
7215,7254.6931940216755,7255.5009910893095,12.062066267661022,7256.230735923816
6546,7294.068483376072,7295.14099270747,8.863820920018611,7296.128352673167
7656,7296.107478451357,7297.20897240609,9.028811810739805,7298.179228347939
7903,7298.057581470022,7299.181423765183,8.177385394058659,7300.205202408951
6294,7338.131554110657,7339.27018553498,10.080547921329142,7340.110401099352
6807,7412.662995669434,7413.401996030313,13.229662336991712,7414.067161694612
6812,7487.247681850683,7488.114214748909,11.065034370222982,7488.904856251178
6790,7489.110994712548,7490.02372563005,10.958127331518215,7490.822080598235
7669,7519.069426457064,7520.001250460362,12.44106840935218,7520.7044437158975
7906,7597.519435259505,7598.381053589538,11.589594944836863,7599.143582868148
