969,94.03714652510429,96.54783699524972,12.803026588651239,98.67588938436833
979,368.4843835681106,371.2425747495285,9.911025135340287,374.10604766025637
974,457.8982824019122,460.23912823854766,12.60581561703642,462.58189398682964
986,544.1901407742542,546.5668325038365,14.077294550255107,548.501920010069
1066,546.4105076384931,548.6110012382516,14.88594291593732,550.4116664750192
1083,993.8842064757938,996.4295521983022,11.39809200090285,998.8525728472943
730,1083.6286323358852,1086.100190524802,11.758820444302962,1088.3854871747665
1026,1173.7903555581474,1176.4263180459225,11.822943057103906,1178.7588838240167
1055,1443.6910740620422,1446.1000541359497,11.904827646908501,1448.4434146322687
1084,1714.154118691663,1716.4782612123495,13.86940472172992,1718.4808633209327
1068,1716.4386441108156,1718.5057285773253,13.975916069941972,1720.5546873880728
996,1803.8561287733917,1806.2853907439544,14.633302792435959,1808.1827468157708
972,1805.991936181473,1808.2875848894485,12.302096909204295,1810.581538421316
3026,2253.877833128908,2256.4960542675767,12.747712146694342,2258.594979930813
2969,2255.934004050943,2258.2983284433026,13.759773480204784,2260.3192058543136
3085,2344.0299713846034,2346.511715418647,13.501053308736187,2348.422592330531
3073,3243.909361862213,3246.285104567259,11.960612080935935,3248.527318983922
2989,3246.208420477249,3249.0481913921944,9.93179487994037,3251.8474472782473
2736,3269.548958389276,3272.1739569132947,10.610999857573724,3274.8315295828666
3071,3423.940542897889,3426.3301530517874,12.505700901094034,3428.5837154546407
4963,3697.764249791895,3700.218963396875,12.07783908707306,3702.568825900686
5072,3873.9136221069148,3876.520025116082,11.166298274532682,3879.0905047371925
4981,4053.9343582644888,4056.3931324220875,12.82744513931627,4058.5435257930703
5079,4056.0811729920592,4058.4877829061084,12.07947967247273,4060.697262319503
5007,4057.9909259763385,4060.2774212179684,12.45901968934553,4062.518854956659
5005,4325.5592295629995,4328.28806125932,10.648057878739728,4330.928406652994
4820,4339.568689661366,4342.13510000438,11.642039836155845,4344.497630769487
4962,4684.089373865869,4686.547069315387,13.338232371563727,4688.593384581427
5014,4954.007787510617,4956.472462860992,11.909762735223472,4958.817057744642
6975,5493.835744201611,5496.184478681705,13.617197480992067,5498.251120291541
6959,5583.73080287296,5586.1045294983,13.69135980755632,5588.099098213777
6983,5944.230717261639,5947.130510061785,9.87499586206618,5949.858906254758
7001,5946.182285409047,5949.115282274823,10.8765501190391,5951.8099195877985
6719,5966.855162482425,5969.260005403177,11.822880186722738,5971.719893678733
7048,6035.804719516378,6038.4479261553015,10.57008415896954,6041.150557157156
6956,6306.316060026027,6309.1492532149805,10.34310161005634,6312.091620476305
6798,6393.860384415818,6396.444615266468,10.648219392916303,6398.987179781834
6801,6588.173416969276,6590.476920002475,12.388496550698132,6592.815752643277
6690,6753.997146627276,6756.389119147481,12.578552061308423,6758.603787846842
6986,7204.030396277457,7206.423020099983,13.508983868146,7208.588930612226
