1633,319.8310647115816,336.29961999839145,12.238462201771394,352.8331446944391
1643,321.6893205493199,338.0213441204315,12.185207949024383,355.77503733110075
1620,855.1465409901784,868.537561787332,15.457277433959987,881.9450845268126
1832,882.716289706121,896.3652188531347,14.85729921049521,911.4156726099982
1448,1005.0703421637066,1021.1301221780758,12.249485759897336,1037.0695510640471
1204,1161.0018605764037,1176.1358479674032,13.242609338475809,1218.2951654196706
1887,1188.370237703676,1202.3396145296645,13.718776097572364,1221.0775463387522
1355,1278.2166077568527,1295.402201659319,11.025550609272127,1312.5773766641594
1878,1726.3168026350545,1741.3283744191945,12.734038226348165,1758.455751858552
1833,1790.1362225943042,1807.4866392155102,12.175495074912597,1825.770582268327
3213,2255.181439243515,2272.138607419769,11.446390050160048,2289.799728635812
3446,2521.018483319288,2537.081613374344,12.961170614071934,2554.123557410057
3881,2527.4682674866835,2543.4278793188364,12.711700713300292,2568.5668838225542
3641,2665.3045785278746,2678.2898067397196,15.742090989093873,2691.200229635149
3448,2874.8676968671866,2893.227922390166,10.64637149162056,2912.929278260902
3635,3011.6661647036217,3031.1312958916956,10.387329380444337,3050.710964090428
3630,3186.1623967023083,3202.4506051148874,12.327372925534279,3218.6733055161826
3840,3243.431220632519,3257.317355029419,14.03892133822436,3272.321638168292
3873,3320.7520381468444,3339.318211152899,10.736073993715728,3358.9646970667554
3890,3322.6416285070536,3341.1906639189324,10.645800295554439,3378.713224461223
5881,3768.421784901335,3784.3361573954057,12.18262680598732,3801.0905973921617
5624,4013.658210565866,4029.004969005936,13.003515527030645,4045.4730017841107
5874,4054.035548438998,4069.5624248389017,13.486692154827889,4101.253535168756
5628,4378.737048261146,4394.292023719248,12.768576367953544,4458.479057657726
5638,4537.5015090600355,4550.201823197642,15.893485651354352,4562.83040210993
5864,5144.95472572077,5161.505805134307,11.711163098021698,5178.017163929679
5285,5425.3268550488365,5440.573398513185,13.477977699367427,5455.432462302774
7856,5480.8675719985,5497.402157022208,12.626957652662924,5538.486619584574
7614,5631.390179021436,5647.179454926802,12.625838791440657,5662.969286186766
7445,6135.207981817555,6156.290248125972,9.17262186524701,6177.209588934065
7447,6401.08040427766,6419.1885085186805,11.00928503434221,6438.701407458279
7837,6491.295125803781,6506.46350330541,13.522623397466615,6530.997876514858
7858,6648.684401308528,6666.204359200833,11.67047076444861,6684.833701027046
7192,7144.977439983578,7160.569514568803,12.217212975412492,7176.2706219820075
7624,7258.46006492341,7277.071842366039,10.927080422879781,7338.536991039846
