1488,103.77100051941787,107.2902005676511,13.116104674665483,112.62073845538032
1357,127.26881626120452,131.39976219254032,11.009602895579349,138.33188577301166
1428,151.7636568808138,156.16676751232137,10.440144392553991,161.16834759962845
1454,172.53313896654242,176.19495640387584,12.603163894967281,181.5797260427839
1395,231.22206114274726,235.52464254295055,11.276530267267884,240.39494284192378
1458,249.7435944233097,255.35139392321997,8.138870891075143,261.82973948733303
1434,319.1465126251801,323.0315465482614,14.75276762894886,326.6503504751945
1427,340.1555697537541,343.3676586322167,14.682445451297893,347.0898241873371
1414,442.2248196592355,445.52337289582726,14.82941706548511,451.34506448716104
1407,688.4297050614244,692.4319185381339,12.122212877284245,696.9439936591173
1412,776.7304742950137,780.4612408452164,12.490406219395481,784.7826120425336
1423,859.0396573204052,863.2140927999429,12.064734485155595,867.7077345985814
1417,964.8941906938287,968.1880447817636,14.209567715893016,971.8896925008622
1399,980.8832632976125,984.3713254315612,13.898632353305251,990.1575112797855
1496,1023.5802671817909,1027.2533034095475,12.445706039604907,1038.1481377296386
1379,1038.7499009601404,1043.1130757407159,11.315886224661917,1047.813332047366
1443,1128.8422771155767,1133.1159429234606,10.961730253824815,1137.8483851167246
1361,1272.366834377417,1275.4977603252887,15.125090767441275,1310.9243704394585
1360,1366.2222505609936,1370.34260858012,11.286230341200051,1375.7763235006246
1505,1471.967364434137,1475.289888325429,14.343085092199434,1480.1219640811019
1485,1723.6113404155785,1727.3075903687684,11.951725735762826,1733.078354901782
1362,1725.3446025835285,1729.0841660341684,12.59415356182746,1758.6076000898986
1352,1848.649135218722,1853.2773871990305,10.164283726742715,1858.5290185432164
3473,1904.6654376332642,1909.062564871926,11.008996666841657,1938.2790600574772
3441,1963.4478992900015,1967.148916418603,13.029724485395661,1971.4208819568776
3445,2118.9542135803845,2123.253821453293,13.426919970352003,2127.4352468404213
3379,2232.208546676237,2235.4175227634964,14.519112497006972,2239.1533503615055
3357,2266.013118120173,2270.2099025018156,11.500362337862526,2275.8041483776915
3347,2298.5997006776715,2303.247822067257,10.5418886194007,2308.1143998219195
3493,2444.6291858125815,2448.0922238609505,13.638620109489665,2453.7271949149367
3428,2478.5141829909926,2483.1160871193097,10.44831174988749,2488.1994149160046
3374,2569.2905343910156,2573.5326741319222,11.104703554246672,2578.350665046125
3360,2626.1782003556027,2630.535579141228,12.479662376715847,2635.8178331717845
3447,2676.529827012051,2680.453310752228,11.428238377344131,2685.0268738300288
3489,2892.1243782133306,2895.384860138726,14.241544112422366,2900.3173305988107
3373,3095.5987234914846,3099.4377178731374,11.922850357691791,3105.034465500117
3414,3108.8544996676105,3113.188264060071,11.753600774091996,3117.673839108785
3339,3164.4021420008803,3168.4920056406636,11.407164092161564,3173.817673608253
5351,3705.257065257884,3709.174737510267,11.564787658280432,3714.652674064827
5350,3888.4915211097436,3892.52729036336,11.972377181619299,3918.37931984208
5494,3897.9637119845065,3901.5188186663163,12.872069290412279,3920.673050381059
5359,3918.400958360309,3923.320681302138,9.518554346551475,3929.246430686764
5437,3920.443851729378,3925.4305248900137,9.000528860903632,3931.247599728645
5444,4113.006995367298,4116.229526455762,13.744592550419299,4120.014584695003
5360,4214.160257381779,4218.254444670829,11.40326831742965,4223.058628461933
5423,4278.906788666838,4283.111788874463,12.936929991149958,4287.396782397354
5361,4336.291437698581,4340.204397764183,11.488429344861977,4345.683810132325
5498,4516.336084074947,4520.260987104347,11.646550525255693,4525.804784708812
5354,4518.898647127491,4522.508676095192,13.314789043326956,4548.040981501379
5453,4569.020971274081,4572.2443278290375,14.07271103422138,4576.069415634957
5425,4652.067761173215,4656.245502827418,11.647878389236961,4660.783763936226
5405,4729.0246873368305,4733.358045412084,11.566755201432567,4737.872384811519
5478,4786.786627856826,4790.077330238315,14.781391645698264,4794.827664379274
5445,4833.5725728988655,4838.169721126112,10.388110851595242,4843.402133379194
5501,4964.0659876270265,4967.345365008866,14.057372175982472,4972.643655933831
5368,4998.8442011498055,5002.6275691928595,14.142999922650551,5006.341838478623
5357,5142.06470076667,5145.324065344218,14.845590352585102,5150.170408136503
5352,5237.600586695019,5241.3287922386035,12.68747257267643,5268.844672572466
5434,5268.859776938712,5273.2401822557595,10.37072243545999,5278.207740243363
5490,5322.705342146833,5326.0688809391,13.999680112691442,5331.534305712097
5353,5327.565247818575,5331.440600613408,12.374562498672871,5360.80018981858
5438,5361.2289725460505,5365.175617152581,13.075357597265336,5369.32578492446
5378,5428.984501942191,5433.366110143689,10.183915016858291,5450.937503435651
7482,5505.605618302607,5509.232201796439,12.560088101454998,5514.540687813859
7342,5740.324705849963,5744.1658405515045,12.519829736028372,5748.577765186285
7383,5943.062148406248,5947.395116799677,13.85108179127992,5988.601012319421
7483,6033.766044552203,6038.002279138645,11.428312410493453,6043.681911273832
7345,6044.860219931947,6049.045142262142,11.396572707442777,6078.508299044989
7431,6110.453005958963,6113.542313368885,14.647175241752668,6118.696441004858
7481,6123.608589070437,6128.2145985325305,10.720096578114475,6168.405601132238
7484,6147.20462001559,6151.30094873892,11.775019041818002,6170.997575323379
7393,6273.240716792459,6276.560333774392,13.621133147705354,6280.476528586159
7475,6677.967368391331,6683.149221839996,9.434694591981152,6689.707846433436
7476,6852.780397989869,6856.554594270652,12.4603649904334,6861.790379617171
7427,6979.2565380481365,6983.544565104792,12.38482710567314,6987.897840932941
7351,7034.135506923647,7038.271135458019,11.551169018746588,7068.338433477934
7420,7068.597534235369,7072.548109199567,13.359559939239103,7076.45958435402
