696,12.0,16.579307966003775,12.767388555883223,18.695752624066312
710,135.0,139.14973464345866,13.538025929316206,142.5054556366508
682,156.0,160.10172564575927,11.21136165056635,183.52982609489843
854,264.0,268.51346250363173,12.837557402957998,270.7469398609954
753,315.0,320.1766921701115,11.349568693364533,323.7180278452828
860,346.0,350.32782642584243,9.585071399101812,365.793716286445
729,493.0,498.238894241674,10.710299385693403,501.62500383231344
857,578.0,582.5585163792339,12.114132078830709,585.8156139279861
766,654.0,658.2450084643125,13.732897567437996,660.2182759081461
881,666.0,671.2279113059403,10.747280667615927,674.8643887166778
897,720.0,724.5615514033068,12.255576860072406,726.8622667307199
923,812.0,816.5227220197428,12.787029206773203,818.66821058908
879,867.0,871.2542939175308,11.612865325240326,903.402027592376
892,878.0,882.2085869734859,9.18594282524667,905.9101796048438
858,1156.0,1160.5878135329947,12.197659934612528,1163.724622714212
825,1341.0,1345.3920110368463,9.897692105208636,1355.78809027478
913,1380.0,1384.2632755120815,13.621606267141903,1386.2061081546778
772,1388.0,1392.53783041008,12.89874353800932,1395.838328786804
902,1397.0,1401.222173768039,11.679776307547362,1443.0996841268563
693,1570.0,1574.4731469185417,13.079136329648353,1577.9201878741942
719,1578.0,1583.3801960513078,10.469376920479425,1623.2849752245033
799,1597.0,1601.437885257174,9.335049379200882,1625.7147629874332
808,1626.0,1630.1432299966402,14.6790055798231,1631.980116390332
486,1685.1209609404573,1689.0637921735777,11.948541587554642,1692.77599560792
751,1694.0,1698.400866550435,12.23582891907978,1713.2247874974453
891,1736.0,1740.1558533202851,14.14695003832283,1742.0536707097167
2909,1811.0,1815.325896371318,13.66556401324635,1817.3439396972533
2753,1836.0,1840.299845623313,13.826353974262492,1843.7143966202716
2691,1870.0,1874.173795322134,11.359090308247733,1893.5989298908967
2919,1916.0,1920.4978800634153,13.328035562233886,1922.545789358855
2840,1944.0,1948.3722275546795,13.69001967639056,1951.7602399280995
2773,2016.0,2020.3538192771723,13.463892114355003,2023.6561401904028
2864,2027.0,2031.4649140028964,12.114042723606572,2073.298497503402
2707,2075.0,2080.186528429709,10.610987868066884,2082.725472352168
2751,2224.0,2228.4754792936305,13.839896196760558,2231.8767221945886
2896,2299.0,2303.4065953230806,12.762859589564695,2306.792959976906
2858,2350.0,2354.542225076195,12.586396482692498,2356.668256052674
2788,2750.0,2755.349989433207,10.71622433643782,2758.8406891806762
2726,3009.0,3013.2318692115514,14.246996622775768,3016.7999977177865
2700,3067.0,3071.1154734669226,14.51766246135426,3072.942058629315
2677,3189.0,3193.1315423007773,13.668858441646679,3196.7421190308823
2910,3245.0,3250.003891739545,11.180393407578332,3252.3648446508387
2741,3266.0,3271.070989743226,10.927668474527406,3273.482000757467
2719,3294.0,3298.2372296960675,11.84998276981123,3333.338167269195
2805,3366.0,3371.2025593288963,10.82722580271734,3374.5492988926503
2714,3555.0,3560.276386925381,10.527812574118792,3603.5076962170265
4795,3734.0,3739.3852583058756,9.04719747170808,3785.6577112538566
4683,3782.0,3786.2657148833155,13.80817671922185,3788.2538134821643
4679,3910.0,3914.5480809995497,12.896186240151215,3917.938892136449
4676,4011.0,4015.5690945164197,12.379281268592,4018.815192488009
4830,4112.0,4116.237823236373,10.191746310243133,4143.2952110174965
4808,4375.0,4379.590775041351,12.813460206990507,4382.697109323908
4882,4655.0,4660.324944778803,10.75457968713916,4683.438736237826
4878,4769.0,4773.189793215371,14.240570421406142,4775.0698934869815
4834,4796.0,4800.581548514485,12.782314377151744,4802.7060128427065
4675,4925.0,4929.318535668316,13.612053450862414,4933.326020340205
4831,4938.0,4942.56140209281,13.153335821572027,4956.017618696809
4894,4987.0,4991.281162387491,13.85752552926746,4994.778240451222
4729,4989.0,4993.209489237971,9.973888487295515,5043.1353703421255
4492,4997.6990560908735,5002.40386391569,9.360782555918615,5045.584713295184
4696,5049.0,5053.151899310995,14.08832981284297,5055.060852821154
4911,5086.0,5090.579041196398,12.34643964017554,5093.683108086118
4674,5118.0,5122.231811070021,8.953317329667776,5136.184385519714
4668,5176.0,5181.0245903230425,11.61863318059772,5184.510396961182
4815,5346.0,5351.161093962963,11.165061703358917,5354.687232500074
4816,5377.0,5381.325756211368,11.323506678044941,5403.481983381948
6888,5495.0,5499.482262953145,12.515239102409712,5501.600567762686
6880,5525.0,5529.607645226484,12.943557031997674,5532.873325506509
6688,5637.0,5641.603695098532,12.641504542150573,5673.271068256404
6904,5655.0,5659.138433638734,8.372570188586852,5675.65322082941
6807,5841.0,5845.09549624714,13.556044012148428,5848.425811573983
6736,5856.0,5860.44076602148,13.354540752495247,5862.550427928957
6702,5903.0,5907.475832071265,13.265200770687358,5910.739157000637
6747,5956.0,5960.541890671263,13.149730795706105,5962.6165232389485
6757,6066.0,6070.292765799425,13.819912762328922,6073.47685493238
6902,6154.0,6158.412449572843,13.135341740428991,6161.789953208744
6874,6172.0,6176.126948238466,10.618364655622331,6213.322420368114
6704,6311.0,6315.394765144907,13.221827932527995,6317.404439857689
6766,6328.0,6332.107331472118,14.527230498846283,6333.968898052984
6806,6406.0,6410.602930538726,12.758149329344889,6412.728307170469
6756,6488.0,6493.0074922006215,11.647762318379282,6495.400939671735
6778,6520.0,6524.305951511353,13.001423890035586,6527.715259372946
6739,6588.0,6592.352087806662,14.249262853245904,6594.255678817139
6835,6704.0,6708.27656181274,13.617268261211496,6711.63447523053
6887,7115.0,7119.122458815355,13.86972032211121,7121.039757994352
6781,7180.0,7184.505428005885,10.32770305832604,7206.250758008848
