769,187.71032749492437,191.18030717754053,12.160994832150521,194.5305274912192
1856,234.2561184422584,237.52304763578564,12.323856842047581,239.86922336242606
1848,236.12878797488156,239.31990312601684,13.588559551331995,241.59686739521965
1272,381.65903274002653,384.5936682217672,13.835600626491301,387.5529269128459
1428,491.8890614111208,495.5308872206487,10.81558175043661,498.2126950761766
1438,493.84142629839243,497.3865257584194,11.036755420419821,500.0543593647345
1045,504.0523535395359,507.28653735095816,12.883239656560951,509.6789755009714
1603,550.8746561220902,554.2246164649631,12.195965172977216,557.6897362935
1847,684.1487339382044,688.2503853433647,9.622856639109925,691.318676260904
1855,686.8822457951524,690.3964163092734,10.343331925154276,693.3135701822763
1441,909.1009818483647,912.1564791265384,13.59575253261253,915.1421563871584
1868,1460.9044758926373,1464.176152568406,13.489188119572745,1467.611072235688
1276,1551.7548205924877,1555.2454823273351,11.687327891989256,1558.5224039595264
1284,1553.654610213801,1557.0768699269736,11.540968111099481,1578.36535354016
3037,2512.836705859894,2516.157462288325,12.100416840761302,2519.245416282827
3600,2709.022816695462,2712.1110540649624,13.349003971866178,2715.3682036961454
2772,2889.638181247621,2893.2679026491764,11.04962241832492,2896.7186816817457
3036,2952.085693516035,2955.452081275644,11.592096061682671,2957.9347549730387
3035,3340.8952071559997,3344.0789792569562,13.157511240097026,3347.1124988609786
3603,3432.179311049203,3435.380535520201,12.634831923183793,3438.664000031774
2778,3566.106510430877,3569.010578115651,15.654951820968758,3570.897933435087
3852,3570.6128082268056,3574.0723300897725,12.355642440139851,3576.381206248691
3837,3654.20617066107,3658.452232443083,9.201428057785066,3661.5032966862545
5852,3836.031784369888,3839.500595758217,11.660553073856319,3842.094036601153
4772,3877.8610728252033,3881.316921554059,11.710775526729334,3884.606887808691
5603,4240.699155156871,4244.521543300905,10.529140540389644,4248.1323106359105
4774,4375.832580322231,4379.206426587567,12.24082905729595,4381.6530742679515
4773,4555.807832195184,4559.026868671646,13.41589077435181,4561.214406291652
5605,4601.9875179132305,4605.208431774118,12.415128684679525,4608.558291899537
5041,4761.642555451085,4764.361152057654,14.879938837041477,4767.591025558065
5042,4931.903765531283,4935.070746871666,11.859923809701252,4937.496417415393
5274,5247.916356352639,5252.073308341683,10.10112109788968,5255.625381521821
5862,5280.1690188540215,5283.355194308221,12.813381634000558,5285.637437422563
5857,5282.149334009432,5286.151982199894,10.390147488205224,5288.973963883423
4738,5324.2382842123925,5327.575434834029,13.180039822585876,5330.689125995303
6737,5857.4454609505265,5860.3131123462745,14.080135882794021,5863.263615208078
7040,6050.8521188488785,6054.2669788483045,12.275760654804728,6057.389232090659
7607,6579.072789127402,6582.275399028651,12.957860707189683,6585.332626875246
7037,6638.562831450039,6641.439949351303,14.427542398731914,6643.513155838299
7599,6668.842818724325,6672.245812409764,11.214352569703784,6675.504035354901
7598,6670.66091782637,6674.053646870504,11.235304231278759,6708.219372412682
6740,6946.7572649356525,6950.269591918841,11.481820543976257,6978.433030090191
6776,6984.169071331253,6987.532304700985,12.421676456972047,6989.963228071318
7847,7076.978277675511,7080.079500126096,12.823965362265787,7082.339331426182
7416,7221.299243693129,7224.351008520782,13.802442638479347,7227.567630876787
7034,7303.959555546792,7308.2181683690615,9.73978700252858,7338.341965940148
7266,7312.893661319507,7316.522692060181,10.93040479583744,7340.978444644268
7420,7326.773227240546,7330.114060284357,6.1178828832316725,7343.302616377859
