1297,89.0,95.09333848127011,10.989222378886724,101.03274370591906
1295,1118.0,1123.4458967092569,12.873098479990203,1128.440591063006
1276,1140.0,1146.181304116178,11.59169584797367,1153.377536185885
3310,2050.0,2056.171129073344,11.29067883218274,2063.3510020187623
3198,2073.0,2079.2731094918236,10.85972389380934,2085.0503824886205
3329,2285.0,2291.4004657222363,10.965976852536832,2297.3123470298233
3319,2350.0,2356.3834340411563,11.277303678724413,2362.3130049105416
3314,2380.0,2385.491909243397,13.664167684583951,2391.7718626041565
3320,2783.0,2788.606926055582,13.155207035290585,2793.8374285264877
3189,3113.0,3118.1078925264687,14.621226929792067,3122.8112811684587
3331,3362.0,3367.623117424198,13.41573793494875,3374.2511666740374
5313,4637.0,4643.252916416604,11.719835868869133,4649.388564013637
5274,4937.0,4944.1692742177875,9.760749373447457,4951.91106005704
5340,5149.0,5155.053404055662,12.371664111111574,5161.7783829670325
7190,5447.0,5452.3124540608915,13.926234118671562,5456.999679934358
7333,5608.0,5615.254044105659,9.73041400278665,5622.339438860459
7284,5896.0,5901.575870105271,13.690775580126932,5907.810189740355
7263,6371.0,6376.222010451992,14.182196708661923,6381.192532884844
7288,6552.0,6557.457239054223,13.211579041810694,6562.5185671295
7266,6939.0,6945.501912830423,10.402368899645005,6966.0
