418,114.75068958840819,120.40789168327807,10.350385221162991,124.85312605909283
429,363.66356300784065,368.5555390942211,13.117332103453126,372.18254389639833
417,1472.9927450858834,1478.0354854938403,12.124228248878351,1482.7633302681925
427,1656.5591235538939,1661.305382126804,12.119635296515789,1665.9267473152638
4409,5332.379631919998,5338.169117576384,11.340061893446618,5342.605387516393
4428,5513.297220831822,5519.410343096201,10.438174364646779,5524.215722219766
4430,5515.3492488221655,5521.350593952998,10.028789567039993,5526.16067676914
6432,5517.298866409845,5523.3724266028985,9.69322901916226,5528.1136422232785
6423,5763.851064310986,5769.07822199789,12.745683465553096,5772.955432872962
6436,7233.674701605594,7238.295468815915,13.263838284121713,7242.720799675561
