688,200.76664573023857,203.1531326758507,12.025702323552432,207.64171608922265
885,368.0811260814414,370.42018626966683,14.57269198839409,374.01988795168586
665,457.97769390193645,460.33770599963594,12.357249384658697,464.1206177778312
830,543.5637437564708,546.2969937214953,14.134707056288585,550.1426755653205
783,545.9356691178316,548.5322827511632,12.408167503658888,552.8760021407855
491,633.1753767011037,636.5026822117009,11.676153025822277,640.201734985998
775,637.6900126355021,640.4610917982859,11.36499486147575,644.8272429567972
780,815.9680431303726,818.5948284767891,12.626638416311064,822.2567815822345
690,934.8749136481536,937.0930624882044,13.954338767142474,941.0920820818675
897,939.6493387882362,942.0583887157675,12.118447312383118,947.3179829555351
658,1088.2688967988574,1090.58035665804,13.184239994168085,1094.204472488166
666,1216.9254654712884,1219.0751074584134,13.336025121129676,1222.891321020969
912,1263.4523420750666,1266.1608443698735,13.174795630023791,1270.0219545648483
831,1286.6513883702926,1289.0959709318693,11.209832368722745,1294.6230782414364
901,1378.8374268025982,1382.043416120095,9.548789459876941,1386.663940625121
663,1489.1399517557606,1492.2011107163673,10.41345497696166,1496.2081583592817
841,1535.5152836658044,1538.0614458419443,12.841316132719307,1541.957536532854
773,1578.4770642190547,1581.3618463799203,11.01995164717704,1585.2380034016319
470,1623.429170186551,1626.5227765527115,11.783477410993463,1630.2204119426744
667,1628.0230422654251,1630.5293323744197,11.743491364844466,1634.1809861201614
2683,1984.232976031523,1987.0521871250503,13.165121099677098,1990.956715201509
2676,2174.5642369330403,2177.448242328596,11.485542018783777,2181.617659221525
2921,2346.27747369937,2349.2184036043973,12.466701646445905,2353.075942691888
2885,2433.398547238149,2436.2389238076858,13.287172337519412,2440.1695579438297
2777,2529.9842896633727,2533.2130029832174,12.162856627653236,2537.0844984982177
2673,2658.9801448917556,2662.0925196419757,10.419738675182952,2666.2291158822845
2891,2703.3869743765076,2706.208340384077,11.874031318498961,2710.2158055876007
2477,2886.898376306216,2890.060469952539,12.281473692099778,2894.189407271898
2860,2889.3218003827524,2892.0597907325887,10.888053278184833,2896.8071314543454
2787,2891.431173703327,2894.013544739086,10.854821973582508,2899.225567946801
2892,2987.3226562889827,2989.3778832961875,15.404550295185649,2992.9759541379935
2877,3244.245689544277,3247.258851680675,13.539706548629566,3251.208175536247
2678,3441.986215037627,3444.2332304729007,13.70696786263699,3448.0080586074387
2696,3469.2033305766613,3472.0575536987158,13.379563922555796,3475.8988935963753
2668,3471.6336379109416,3474.2384880984628,14.777031643543348,3478.7325968113105
2675,3473.5847291686273,3476.139213259755,11.047604957452265,3481.306901973764
2666,3649.1179794128093,3652.066633825937,11.745643061489753,3656.1814660710575
4667,3738.5286626659145,3741.5319145048056,11.32926792697863,3745.9026999679313
4921,3785.7520919538315,3788.2323312845506,14.328018814216653,3791.8676484638954
4696,3920.9619753897905,3923.437315265637,13.342986211998952,3927.2082544897266
4912,4053.5221247983577,4056.1596350371547,14.342029361518392,4059.9455050047327
4853,4063.9693036574745,4066.497985059482,12.237662438103067,4070.671055105444
4889,4147.831747289961,4150.220870111053,12.697344763648713,4154.07741890711
4682,4278.517433505105,4281.416801178557,10.838777760629029,4285.676352758594
4692,4503.479844748101,4506.355526764553,11.023107082009709,4510.255257968263
4492,4505.378894091547,4508.244312317645,11.451088814948061,4512.634089204493
4902,4688.763972051542,4691.263563267518,11.86892634590537,4695.259874640852
4671,4775.811952431292,4778.303885793435,14.563130564524286,4782.220616170098
4904,4953.969955926891,4956.550939714968,14.312109227165143,4960.176563437608
4662,5088.59789759822,5091.380208039458,12.267482283213116,5095.132130193574
4676,5141.295239196133,5144.046506956876,11.67741410624341,5148.33682437936
4907,5178.781472219488,5181.577088465471,12.23449461202236,5185.202712778783
4851,5403.5032793905775,5406.250715478483,12.810455510822504,5410.203989082347
4920,5448.590754217921,5451.2834870172255,13.53299828271625,5455.22890123156
6656,5814.575048459821,5817.305405268293,11.681825756470055,5821.720575940492
6899,5816.420048360618,5819.008469854004,11.828023265031028,5824.221161182265
6889,5944.189510699227,5947.083684051015,12.69637051490386,5951.101618320437
6903,6123.493694334035,6126.376712839962,12.833990150240998,6130.738249857546
6842,6125.9190926078145,6128.509841319938,12.266560975300647,6133.879270912693
6677,6213.579869495415,6216.34130816239,13.727712766280018,6220.00263691361
6778,6215.655494952805,6218.108981712357,13.217462105886517,6222.214577207193
6906,6528.51365449394,6531.184633536287,12.464801299544474,6535.169905998555
6767,6665.554382018262,6668.415246865747,12.305969046372631,6672.288170749527
6909,6685.001619703613,6687.551251341729,11.736124747850326,6691.741940333985
6775,6798.6306073781825,6801.487518354223,12.960383163768034,6805.1985687904835
6902,6892.119517336134,6894.2688986631,14.40131414947507,6898.217581163653
6901,6933.875731482397,6937.258606121587,9.743959620538911,6941.9818041688595
6768,7117.1848081567,7120.258016188697,13.498155693209233,7124.003612937007
6770,7205.302900952664,7208.015229589237,13.505306267988782,7211.903322968428
6907,7208.350984678529,7211.319259818916,11.530863229758886,7215.208990749032
6682,7251.026795989519,7253.405140792862,15.222184222592556,7256.953203649421
6483,7293.06851163387,7296.312923641267,12.137575271515262,7300.222311272503
