1874,94.03892117250342,102.4367071880846,10.824320487041168,111.74585406209678
1965,96.59107195407054,104.34896661173956,9.019832092906535,113.74045402234213
1905,98.48728993683352,106.46332912545154,9.763512881336656,115.59648919540923
1915,100.41759870412398,108.43014698877916,10.767395033460083,117.49644188530537
1796,102.302000079419,110.34497047825224,10.469903202934956,119.31433048267904
1892,104.09350183822902,112.21231728788761,11.236094730003437,121.15554953774733
1885,105.95423953869673,114.06929899371546,9.98673464918139,122.9471135149457
1771,188.12817692401953,194.05068062859854,13.584246852697193,201.53903670564046
1805,192.30022383463918,198.38006965509334,13.695745941404107,205.02732246142145
1904,194.01059364680415,200.2511350131697,14.188268625615995,206.85011419199404
1927,200.12602110411962,208.0073186354023,11.146406129137858,216.4484227530691
1795,273.8484109691654,280.5845854844197,13.30483312897875,287.38575999956316
1889,289.6423940173179,296.3318177465964,12.38633079912269,303.8377602568568
1917,454.3223946131203,462.39088166042336,11.074762336352773,471.2606570631353
1923,460.2321976534903,467.3824034115764,11.89563185475906,475.35731332739687
1877,564.1200575711971,570.0861539837385,14.768230442284406,576.5211430472827
1902,640.268099620279,647.1816299387989,12.715438113708469,655.3939147708413
1760,724.1963156814031,732.0990757257439,10.602551490197996,740.8547018183436
1790,726.4037765187194,734.0057566621387,10.76263118310604,742.6587352826612
1767,835.5077114212028,844.3512222919936,10.17397128717801,854.9655859068089
1922,904.6886663211733,911.5955517817242,12.782630103883877,919.0172090524129
1791,908.6984529569293,916.1371028688683,11.707234215676438,924.3089175141107
1973,1008.3857045629477,1015.0308467573511,12.99023007959472,1022.2130992047167
1881,1083.801457181479,1091.4115195298843,11.429919990699446,1099.3754097451574
1911,1085.742356815419,1093.2047584017143,11.879530173998281,1101.6065910782097
1924,1087.7042480093305,1095.325532438916,11.253864448653513,1104.604717177367
1910,1089.6699002520825,1097.1337951875394,11.359436134474132,1106.826668990201
1832,1174.0168651903266,1180.5248569168855,13.884316991531389,1187.1128416907518
1782,1194.6247381553926,1202.0622274158604,11.459482629113497,1211.3533525471519
1783,1365.434334073464,1371.5290652085062,14.524649186876124,1378.3499503113503
1939,1446.241050184842,1453.500666660663,12.31690870869599,1461.810781537248
1937,1448.3442769448177,1455.3339357508098,11.0730126357397,1463.7518372827258
1893,1450.2774234199308,1457.318470593127,12.437994948731424,1465.586490878685
1798,1451.998671135351,1459.0940605104465,12.162276945175671,1467.4724466024
1895,1462.600913083686,1469.263184960714,12.886141051775473,1476.688870457242
1801,1464.3394949022415,1471.0249870794742,14.041188649117762,1478.4311264174737
1043,1479.232898368596,1486.0126370166265,13.282808019467407,1494.6555845722048
1774,1534.01946486452,1541.1806432303567,12.432334647539582,1548.7353826011195
1918,1536.7449767574965,1544.2385911585407,11.160157302898853,1552.4090558504884
1869,1538.8247618142675,1546.0521113713135,11.826865460125541,1554.196795181769
1987,1632.0512125912962,1639.1798894175104,12.045272031167103,1646.8670363814122
1793,1714.4077427917753,1721.2480369454674,13.13673452681,1728.6023894270431
1868,1716.3725618551264,1723.2868480963123,12.474912108164972,1730.848709097319
1919,1808.7051615857965,1815.4929299869257,12.285858424311494,1823.5501766010836
1876,1895.7065876855054,1905.2024684834473,10.052322915786553,1915.412215567409
1875,1897.930376738405,1907.1510360629998,8.148942195290957,1917.4650811665206
3897,1899.8513376822552,1909.2305627672285,9.053971214409843,1919.6132263562831
3793,1901.905011880445,1911.1735061845923,9.661064936380646,1921.5583542740653
3783,1904.0455030263208,1913.1678974942408,8.882257591757472,1923.6873577560946
3955,1906.040523192786,1915.198606604377,9.228202788194052,1925.6456953932918
3886,1912.5367749500329,1919.000135772773,13.383640872269591,1927.6400089315755
3884,2074.1373038333522,2081.14265316103,13.369615128968901,2088.451613352715
3874,2163.844639719774,2170.3003312851047,15.021027915643552,2176.73436792541
3919,2165.770186948244,2173.2559367877748,11.826794233842756,2181.4044153618784
3788,2167.6225004030694,2175.0106716408163,11.64284146105291,2183.675766904634
3890,2253.9543429418495,2261.0196675867214,13.49192639206144,2268.332399771284
3789,2343.920582367255,2351.0843613923225,12.512304428381382,2358.902843142515
3768,2351.9757949461728,2359.526841348319,11.175438802141182,2367.6028559653964
3777,2355.095705545497,2361.520782081178,12.326363308030697,2369.404077785739
3773,2524.0621383161842,2531.4012881422013,12.217324534715658,2539.461605034629
3770,2528.496662199169,2535.479275549724,12.426503803005758,2543.5561179063297
3049,2559.6018343931087,2566.1843592962177,12.646955034957934,2574.7351195035976
3888,2614.410153333021,2622.421360766658,10.945866891200424,2630.8604279307324
3875,2616.626216543096,2624.3654022341293,10.807428258016085,2632.7198263478504
3915,2706.3405981416745,2714.039734419416,11.134761808048994,2723.192395322734
3782,2796.8028291339556,2804.087506558853,11.735371637974183,2812.0862850094604
3795,2806.7963863362347,2814.0456985376877,12.358481058292778,2821.9188118999004
3051,2823.12613572465,2831.0412025570704,12.222479310891782,2839.947495109028
3902,2883.815311166877,2890.299078607046,14.849471658858542,2896.902761674477
3800,2885.823419345326,2892.272623530555,14.166498826128953,2899.30628037387
3978,2889.5755532637804,2896.4641509298854,12.69951248115631,2905.03884882309
3922,2978.1922273509977,2985.1510974540283,12.07814256840737,2992.845353749999
3825,2981.00104650097,2987.3377607476928,13.938506786339778,2994.637183789952
3758,3154.361144055845,3163.256730093689,9.452885940147189,3172.5828961246425
3887,3244.3536125041583,3251.1449776883583,13.859778745182606,3258.384758616442
3925,3250.2045883908786,3256.5259506055245,13.28507039469303,3265.687144502813
3871,3338.3876888026575,3346.514181980833,11.213301441631023,3355.6852670892786
3054,3371.2056835656786,3379.0803337806574,11.199175091087383,3388.7267523184223
3881,3430.201987272085,3438.211562315511,11.279951339729248,3446.9705476051554
3821,3625.5732855686438,3633.042529244868,11.826560348260795,3642.1541004919095
3048,3632.8206392834577,3641.4543784021607,9.994742849528894,3693.6128737629847
5873,3693.8835072008233,3701.110274642521,12.39363402548912,3708.6235904974287
5924,3873.7863552145723,3880.526973138622,13.700364281657635,3887.4384201588514
5774,3876.1032303103693,3883.044945352461,12.647764458539642,3890.726207931727
5786,3886.1288693874385,3894.2496095272495,10.54734479798064,3907.85301310958
5865,3888.1318688302235,3896.1820463460936,11.01267723260396,3963.357243925273
5768,3972.2296464682377,3978.2719960548625,14.599241262472876,3985.944604426303
5984,3974.1304179098706,3981.3592377096534,12.042272315281634,3989.392711482055
5879,3976.1098636396528,3983.1203156107113,11.021724315111209,3991.113547542618
5948,4153.687051120908,4161.421762584622,10.903947518343879,4171.887269067543
5772,4155.659364807792,4163.3332636463765,11.981619187504597,4174.199183574378
5883,4428.822064611128,4435.561036433896,13.081743861482291,4442.9725626921045
5868,4503.91075553266,4512.117922975889,10.598491431492418,4521.063483216092
5976,4602.027408140994,4609.549047140216,11.377459910290078,4617.76691542069
5884,4606.381273499602,4613.348475101174,12.15520501305365,4620.961062469383
5900,4686.841814661677,4693.183378907824,12.563438416170682,4700.687106461798
5867,4774.395186548824,4782.404754301253,11.205614502387029,4791.065726942519
5929,4778.565475345819,4786.252250324954,11.680124145106529,4794.765489554999
5874,4794.621549544779,4801.112342852262,12.521825441226426,4808.39123186875
5765,4864.184481382779,4871.219101847995,12.923708715103096,4878.6015498222605
5938,4867.532872600972,4875.29497840035,10.765318187751735,4883.884107055899
5878,4957.970865015923,4964.595770074195,13.335070949808456,4972.601180326044
5870,4965.945136408526,4973.54052701186,11.690772070656566,4982.203269619792
5045,4992.646365028765,4999.502854724823,12.191319893493565,5007.950881077192
5946,5134.105650603601,5141.061256161012,12.441696277384372,5148.442663902702
5770,5227.831994335579,5236.098694767644,8.765782528804783,5246.738304681862
5758,5234.613824203043,5241.294020660209,12.407962956672074,5249.8241186085215
5866,5239.758871900053,5247.191243076614,11.10231860091143,5255.655737224874
5882,5314.328152366357,5321.2708785816285,13.277623811241856,5328.468400250332
5778,5316.245793896158,5323.040348970751,13.063129543023368,5330.297532085207
5877,5417.0148583715145,5424.336977124892,12.091652497800847,5432.188004203131
5889,5493.925587942982,5501.217146123891,11.965309613204468,5509.169308283697
7766,5584.08800756739,5591.440711778649,12.478015240723872,5599.258692872752
7889,5676.259669510444,5684.160976444722,10.065476233725937,5693.032509133426
7882,5678.640234558497,5686.11865915781,10.634919020344254,5694.854441612284
7770,5680.446747787036,5688.0613585211295,11.435895959392562,5696.591593695447
7764,5764.304385409995,5771.154416428302,13.181689680223291,5778.340836348652
7868,5944.273414059831,5952.215453117211,10.988500442418996,5960.562301000998
7881,5946.3583147950985,5954.002331904777,10.942221227154917,5962.357837174028
7959,5948.575310130896,5957.368070174673,9.813624192480662,5966.9536479623985
7788,5954.7040245570815,5962.045261392971,12.033964484406633,5970.047605989127
7911,6034.447071833527,6042.501263075898,10.835791074922648,6051.209286636642
7884,6044.620678494356,6051.32163856421,12.643865112287633,6058.934613661759
7972,6130.15809341738,6137.3199467437025,11.820155786545442,6145.359364033806
7794,6213.829673765926,6221.173156003524,12.333117261482123,6229.122986791983
7926,6220.273246755711,6226.237811076643,14.166235231921405,6233.027278214644
7875,6303.902360746408,6311.194977942771,12.629641205845566,6319.103750802169
7915,6314.093656061722,6323.135106615506,9.519439151723525,6400.382984179374
7779,6317.894423279763,6325.389972880581,11.39037884092599,6402.569714704614
7044,6438.748314817524,6445.033513630394,13.400566499928583,6453.023512080006
7928,6483.968149083231,6491.010362656667,13.31792808469866,6498.34781985784
7772,6490.128712284846,6498.062648248524,11.05491494758413,6506.822368398642
7917,6576.774791443783,6585.323169537771,10.429424028693411,6594.854697562374
7774,6578.64953570851,6587.26993315282,9.805636846307655,6596.747112945308
7869,6590.151848162447,6597.321631751436,12.194744754075344,6605.393783960615
7792,6668.5094719956405,6675.469944728382,12.013240757925809,6683.369521733971
7797,6774.238106542355,6781.52191432121,12.120264129653398,6790.799838658528
7837,6844.162759666184,6850.589361140584,14.249739409265525,6857.152045706327
7789,6941.032903950478,6949.109576762789,11.334614115764149,6957.8269447458215
7801,6946.584724026962,6953.378987332015,12.493253633010715,6961.670373190409
7769,7115.976048530766,7122.590402411108,13.22851825220933,7130.02081994667
7791,7206.52190032183,7213.586022469639,12.987902092271824,7221.236910204117
7776,7208.4522807637595,7216.013411771823,11.728533278908277,7224.42955130101
