733,514.0,517.1717364853188,14.137583320194054,519.4726339036046
548,1291.546749325229,1294.3957693705127,11.864410259168853,1297.1633452834324
459,1398.1452304728211,1401.5306911398593,13.2859064895914,1404.1960308852515
524,1756.853110205152,1759.5509131935196,13.438535017393272,1762.10751887568
1812,1803.9191130726156,1807.2270964600943,11.193283754399214,1810.3969112174402
2541,1851.5785473688443,1854.4014241895215,12.249476882833271,1857.0430847759603
2534,2030.3869804648855,2033.486453892864,11.886985615593451,2036.3933481871215
3838,2164.0193545656707,2167.147731664655,11.328249156792205,2169.9981594534256
2459,2208.2444293708245,2211.5242184333847,13.398607790564764,2214.0277403983687
2546,2300.045324056533,2303.0649935405536,11.892445613397374,2305.8009139626283
3031,2426.0,2430.343987916955,8.969579456674017,2435.806060987583
4544,3877.2807487671844,3880.401576228464,13.3712837848874,3882.85752264154
4548,4012.182049002534,4015.087213215569,12.575072730015584,4017.803961725995
4554,5112.280159819141,5115.284997493081,11.580992132578176,5118.172557199126
4464,5246.596271954536,5249.277891354667,13.225162855051192,5251.8575191271075
5807,5403.253028907799,5406.1494127643355,13.178664946039948,5408.722327449986
6999,5655.0670144119185,5657.571613470163,14.091286799931495,5660.05769202154
6525,5928.718464016208,5931.317620268907,13.156438147966925,5934.811361235847
6461,5943.966080922331,5947.136574562163,12.039546646369393,5949.991068090893
6467,6769.901127403903,6772.189373024696,14.37884808084453,6774.496235510054
6540,6980.489325497999,6983.363781719559,12.574354261900101,6986.049977994934
6522,6982.795127070766,6985.557100784207,13.335717506709932,6988.015121997787
6448,7157.780973476535,7161.1287400548445,13.384287773107705,7163.759326102002
6457,7185.761304521115,7188.342256742258,13.102893771729509,7191.675888838869
