159,283.651696933502,289.21661212983275,11.473331970990813,296.737684373186
1287,464.76957311909905,471.34544535967564,10.71027733816927,480.1119825680173
260,735.0374177887417,740.5147902679436,11.533998733874062,765.7034641634089
246,823.8287222451285,829.4714295552897,12.346635409245534,835.9892311624955
100,1005.3840633442272,1011.1308930522431,11.778766684124642,1029.7104574551468
96,1033.8385651098401,1038.4755936531908,14.51217611240635,1043.7871594810797
185,1183.8586414494355,1189.3948460613929,11.312728472863446,1196.9209412097748
101,1304.6059685104874,1309.176776334193,14.573446558744857,1314.4843818031022
92,1453.8277045236232,1459.4091202312673,11.527948322446866,1466.9666237861804
103,1994.3774004111935,1999.1986315920738,13.224734992076677,2019.3073351172088
2097,2088.0894515494474,2094.0931039179873,11.130480913031622,2100.8799401997244
2008,2173.32993786631,2179.0480416680302,11.207066216284973,2186.5757046672343
2009,2293.771111993151,2298.278191150749,15.135954554119387,2303.6063041956136
2108,2985.8063609709097,2991.4830647315334,12.037166109771377,3009.264155799323
2164,3433.0543440348083,3438.2250495642566,13.487813560634724,3445.5764141637137
3288,3435.1491360217406,3440.350329758929,12.368204315922101,3473.9700309316745
2004,3552.8553724007093,3557.314962336154,14.902082945328441,3563.726297640977
3285,3827.1726374836903,3832.2075881629594,13.231418958558697,3838.9028307928584
5191,3976.553063599949,3984.021703127528,9.386813134403074,3993.4944774097607
4193,3982.5960690748143,3990.0789890859137,9.700171015212199,4004.6480610524773
4102,3984.711039785937,3992.0914632301287,8.34566087048148,4009.302401603783
5286,3986.724758956471,3994.1933417814257,9.33257925553052,4012.1420908642076
4106,4065.47954724471,4071.4214816320123,11.52275881812877,4078.32370337494
4176,4073.1028938807176,4078.545151327163,12.341992049890964,4084.9264517888105
5194,4152.280303423398,4157.441132750042,13.56191366828856,4164.544324989748
4103,4423.029705823315,4428.18935192515,13.090032529278849,4435.331128301242
4159,4512.27576056432,4517.056995903801,13.94811667429799,4524.022474456791
5203,4603.725928349412,4609.491159839075,11.362868226493603,4616.971225176747
4100,4692.5216732868375,4697.4950386720675,13.81129951722747,4704.4225882182855
4014,4969.187105973276,4976.017838040002,9.310945180507355,4991.738343934397
4170,5143.306048213658,5148.590871864703,12.958188444423456,5155.889353612249
5280,5153.763385008315,5160.002857747908,10.340071243890048,5203.619082043787
4112,5232.680164824067,5237.594040028483,13.281688353963283,5244.957436243971
4005,5595.188204418045,5600.475823488751,12.2365276750863,5649.370766984518
6093,5956.32305281568,5962.473987425332,11.086346145263212,5979.954232036513
6095,5960.033043184611,5966.103648913159,10.98300240361657,5986.91524299848
7295,6222.84690784198,6228.227727211035,12.068847006756272,6235.818647613767
6092,6225.594381149637,6231.401070116046,11.526488550319387,6245.973188221281
6184,6234.874168818487,6240.534811450409,12.576785693885029,6261.713414808475
7284,6236.615727419853,6242.344725368735,9.324654005306034,6263.627872598574
6096,6584.338606411159,6590.475076756604,11.265612128104639,6598.634135209596
6160,6672.465440810842,6677.3278757233065,13.963612555792707,6684.321853204695
6022,6674.318631021009,6679.10020551398,14.185041551325595,6705.465404612195
6244,6676.760424268124,6682.173379760793,11.945795168464722,6708.075945058248
6191,6955.4232648892985,6960.540744430624,13.169575729014293,6972.6913466273545
6109,7222.88953970838,7228.436411150403,12.332166286009272,7242.3428547346975
6024,7303.440825697441,7309.4985503170765,11.158236499201513,7316.346813982223
6263,7305.2142974683975,7311.304447684221,11.743054092317186,7318.090812415097
