453,193.43566162695572,194.15271865324868,6.546575617226648,195.16022147687235
486,490.55131243870863,491.22187848561526,7.383999254021015,492.12722800956533
505,633.2005869745618,634.2079349549158,6.366593857110755,635.2246806939453
499,1262.522715357959,1263.2856273435057,6.999997948067004,1264.2278841496984
548,1272.511768573344,1273.241708435088,7.225958180612405,1274.1573820154326
648,1312.4825061391773,1313.1342895534895,7.121738203690714,1314.0943140750235
2505,2649.444000479059,2650.0891498177675,6.926389137519488,2651.2726893215877
2435,2975.236891304546,2976.2486642694457,7.114562513636832,2977.1847888898537
2657,3007.3227386602243,3008.0923816702325,5.9670087046845435,3009.201039294161
2558,3243.221905398029,3244.145576359565,6.5173421757311285,3245.1652589909563
2426,3277.359706953499,3278.114916079441,6.526177258532672,3279.144240331824
4411,3925.468080995226,3926.2316329604646,6.828701129691223,3927.1829445994126
4639,4505.4237281465275,4506.362005167753,8.123530901532328,4507.184703345268
4572,4687.473631413166,4688.1658751222385,7.280841838812479,4689.093563884596
4564,4806.410161444453,4807.072995386253,6.511856807228696,4808.112310655485
6515,5533.666644929471,5534.373974313038,8.018514541995499,5535.18857345644
6428,5886.336002735207,5887.000489691708,5.993444243577976,5888.130578917192
6628,6168.3597961137275,6169.123216618642,6.183829247973699,6170.183985569045
6605,6705.563902797287,6706.262415483123,7.169684825028631,6707.174995415903
6417,6941.536403766818,6942.248534362288,7.261799768719619,6943.1646765954265
6456,7140.561076065511,7141.25266917659,7.267285196277357,7142.518325278099
