1373,512.542203335184,516.2768011573493,13.709310856210429,519.6256069818371
1529,693.8695234970178,698.2060967542131,11.430549861548721,701.9985030545176
1658,870.8682865733413,874.5777017255266,13.639329112282677,878.0313975064315
1545,1148.688035933946,1153.2311514418975,10.805060167663326,1157.4125244198628
1660,1152.516019852861,1157.048800248014,11.211387397201227,1161.1992479700448
1666,1232.048578640551,1236.1690341587191,11.977301976136804,1240.0103212750766
1661,1590.0963415753902,1593.4698748958058,14.922700085814375,1596.531818114981
1550,1687.2025670400387,1691.393089287849,12.509796889139622,1695.078653000653
1655,1690.7737392425838,1695.0073657240093,11.91920638443388,1698.7934263646616
1408,1883.2984073978769,1888.4721521436898,9.500813047306421,1893.8598684254566
3370,2130.602247307017,2134.2843183652653,13.38904424158063,2137.6003608106985
3515,2138.0395880870724,2143.0708825236775,9.974433498711416,2147.4678716658277
3546,2220.4709370829605,2224.269830640366,13.26888202047375,2227.8356685424064
3520,2400.8202846097615,2404.5039654821057,14.067031674714773,2407.8072586848675
3378,2593.874179327187,2597.5349629877974,12.93148506097774,2600.8544443956876
3667,2679.5785738756726,2684.2562531623253,9.964353552596648,2688.857394746261
3524,2760.9593658895055,2765.028815285081,12.219162344787271,2768.7538529490275
3674,3032.361786846752,3036.151474825254,13.225554163878257,3039.4252750376786
3382,3755.4185721941503,3759.5025335038517,11.56240434988583,3763.3410731960557
5393,3762.66828070396,3766.138096172623,14.097779441031475,3769.302447747531
5381,4023.8908434377922,4028.1686870289745,12.114757298794919,4031.967105920185
5655,4471.288697259657,4475.402918468969,11.678228211963978,4479.172095813951
5389,4485.652590437772,4489.587267237778,12.21060249393319,4493.130397493749
5526,4653.182781242198,4657.080351646302,13.056025416843672,4660.649120969208
5510,4834.544830513588,4837.652428589546,15.925244575219487,4840.455917200271
5513,4840.748112949961,4845.4161972398215,10.06018419562065,4849.819086090798
5525,5107.457635856676,5111.5174727788835,11.944369463069092,5115.276014750376
5385,5109.317887260258,5113.34474912344,12.801117549886618,5117.032460026911
5383,5193.900553471701,5198.212569072304,11.310352464534093,5202.015314362764
5542,5283.417826863756,5287.5512148826765,11.51953342592918,5291.288958476767
7659,5910.602755863421,5914.2083977755765,13.503511661958523,5917.423498091216
7651,5913.321015699263,5917.096112994997,12.39341247710645,5920.538566527624
7523,6000.763576078731,6004.564427743,13.058051906463824,6007.989340924051
7671,6091.225806198493,6095.093656714273,13.431856939151832,6098.475749925503
7399,6107.209388991126,6111.152075573151,13.372137029033809,6115.971245368856
7531,6632.059326754194,6635.608095988968,14.147621275338457,6638.821979628177
7517,6724.974199803593,6728.61772503988,13.18032172396519,6731.977263025487
7545,6903.517084909455,6908.47527555191,9.620193573460627,6912.852120308775
7526,6905.426437176361,6910.378173150661,10.254614392137386,6914.776724916299
7518,7264.617487077168,7268.535912809216,12.634584562852366,7272.106444998932
7369,7353.658621506247,7357.195675371472,13.565134543735875,7360.4247250709495
