780,332.04285669411786,333.265912561939,8.97893264953976,334.8968342719201
902,855.8985017567724,857.1666258783523,9.52790278750845,858.7707364024201
901,921.968253261381,923.0549294247554,8.685889331811044,924.7288097491337
889,1003.9242885263961,1005.0616408122904,8.907586003365498,1006.7010436676084
864,1192.2998253552664,1193.3568300325949,10.220254348476816,1194.9133347086472
896,1208.2436493527398,1209.2705645725653,10.258382664529185,1210.7666008794786
862,1453.8672354017651,1455.0201184287644,8.566773029946908,1456.8131272143626
838,1458.8833630123734,1460.0214476212736,8.693450589687219,1461.7881534494372
842,1656.0578283319949,1657.2557933548103,9.873398223560073,1658.7889382085127
897,1857.3219339711693,1858.3819235284657,9.320242324596059,1859.9476508361931
2841,2084.0080367598,2085.106458233601,9.645976927658033,2086.637026893472
4918,4157.3195504324485,4158.3266803899905,10.139280800870761,4159.899092019551
4842,4161.0453159265735,4162.200132387029,9.678960080659795,4163.80234684149
4866,4439.184984793978,4440.153423753891,9.525868945865563,4441.762621275417
4862,4512.2104096930925,4513.235487871323,9.143792592915254,4514.909743533924
4890,4650.8215669572155,4652.027935044786,8.700526504840887,4653.672092242215
4777,4828.94422690309,4830.179749203109,9.181999675379547,4831.903374008997
4855,5234.44418597559,5235.530029682991,11.011641434825249,5237.024055616855
4840,5323.913613249717,5325.11287835274,9.75337411323686,5326.617656306037
4819,5325.731367144211,5327.126880272222,6.04552723434849,5329.103272841678
4899,5329.4370780895,5330.538054181534,11.259980086629625,5331.990492302618
4851,5412.308459743234,5413.332764033132,10.342815891123495,5414.85508602197
6829,5502.313032096069,5503.427107947535,10.467144715795627,5504.917503004813
6891,6088.97479495229,6090.099417424993,9.179352460234028,6091.707785895136
6894,6360.949034286959,6362.010913885179,8.268940123588022,6363.690382617577
6834,6673.824897933873,6675.130175790359,9.086756668750079,6676.854104682757
6897,6692.943979507839,6694.045032107549,8.695621564922615,6695.6914906304955
6872,7122.237138828635,7123.346917587543,9.322930067321337,7124.9688117261785
6879,7149.380292684619,7150.4499823665965,9.773207544113877,7152.009824129854
