1693,87.0,91.21187307127497,12.233900071292252,98.7545725529749
1630,120.0,124.07710135913621,12.678500560204883,138.5449330474193
1624,156.0,160.11516452556373,12.595607785232326,166.53691981054484
1610,187.0,191.37156578905257,11.572466067293027,228.16279994251164
1635,213.0,217.13966627497393,12.50396502849947,230.5577419136779
1656,243.0,246.54074942728016,16.459277821909208,251.60437850340125
1566,294.0,298.4457344107913,12.08147463596632,306.2917999118151
1607,309.0,314.03186242568756,9.911446583823889,322.94758327196894
1688,374.0,378.03150141113343,13.031991717836455,385.1932749402581
1742,446.0,450.26288930373084,12.752529138376802,457.90078033242395
1726,629.0,633.5081703969665,10.823555203233866,678.4617232016839
1557,700.0,704.1715057020967,12.432324343302628,710.7652427324435
1694,725.0,729.5477543285225,11.239831012882167,768.5332825655188
1501,743.0,747.540597965368,11.995745210553126,776.0064806633764
1670,752.0,756.3531966995586,12.400303201982231,778.3401550323066
1587,883.0,886.532724703427,16.400528714328836,891.6188179448338
1744,897.0,901.2789694900938,13.111036281212291,908.9272690606622
1623,950.0,954.1611791505222,13.225855278151766,960.6522898009414
1714,981.0,985.4766544921816,11.89766823311477,993.6992837278901
1529,983.0,987.2830211518643,11.26423862521202,1040.944765888996
1733,993.0,997.2664814690784,12.2232474032463,1043.5417078712233
1659,1046.0,1050.542810533483,11.149489117698568,1057.8019884855876
1601,1060.0,1064.2692159672865,12.931282171197495,1070.9347305638507
1689,1180.0,1184.0053267229798,13.942943613043818,1218.5157235215022
1560,1222.0,1226.167444480077,12.56643576946602,1232.5528742028334
1641,1229.0,1233.1203124746369,12.456426314264817,1239.4748691864365
1579,1231.0,1235.1670425596008,12.900063801653967,1241.5233944464153
1671,1320.0,1324.0222716699352,14.152361706256666,1330.0345228965132
1666,1352.0,1355.6318090784357,14.898756933113397,1362.5100147023884
1717,1395.0,1399.292481065721,12.70904810139196,1405.8986698273904
1526,1432.0,1435.629836246415,15.450436996562676,1443.3365551774823
1548,1456.0,1460.2135615126363,11.812333246756996,1499.0113118535287
1559,1466.0,1470.066242518513,13.904847332500275,1504.5442407251535
1678,1467.0,1471.54253281441,12.685857963164192,1506.7331115545473
1705,1501.0,1505.0764947463513,13.499419554534104,1511.3130709075836
1730,1575.0,1579.5232838534446,11.895630053973836,1586.6571263227834
1499,1713.0,1717.3705070702276,12.57110045715122,1724.8037024220826
1729,1773.0,1777.0243491209617,12.79565400482628,1783.2550571144316
1734,1786.0,1790.0906588591777,12.988660104092016,1797.9040939363513
1736,1791.0,1796.4742919001774,11.038930139264234,1851.0452235105804
1713,1793.0,1798.3927827773425,10.29708837010893,1853.235416495904
3702,1830.0,1834.106503669013,13.607811362956497,1859.5651241762437
3537,1834.0,1837.6469873286574,15.510188282778296,1861.2780006901996
3530,1869.0,1873.517105218451,11.122681882631907,1880.7968242800937
3579,1875.0,1879.0190183444586,13.95483141613949,1886.325121643106
3660,1876.0,1880.5059100848923,13.127336670242663,1938.164928642437
3549,1959.0,1963.4743322566997,11.897309772861705,1970.5715073358624
3692,2061.0,2065.52906432807,12.043047052060547,2073.5624007569522
3550,2120.0,2124.002562047567,12.833838900364404,2130.226194395809
3583,2158.0,2163.0903516294247,9.945755936743934,2171.9964796460868
3607,2163.0,2167.426315772769,12.240681289937093,2208.237990943606
3622,2219.0,2223.175775708211,13.028068361402692,2229.706653154085
3606,2232.0,2236.468576955218,11.599213179524266,2244.624661267548
3500,2269.0,2272.6581071296337,15.34744493221904,2306.69161900478
3687,2314.0,2318.533935477498,12.06138121773272,2325.700815604262
3659,2375.0,2380.3871932021357,10.074286667301054,2388.610450904131
3581,2428.0,2432.115616151387,12.471251179881195,2439.5522198275894
3612,2490.0,2495.359477496755,10.846676516512831,2503.115877237267
3614,2562.0,2566.237259941819,13.032335000754498,2573.1365013664235
3673,2599.0,2603.5356839298647,11.348213515969189,2611.9131018456997
3699,2601.0,2605.416989180215,10.529423860434155,2658.186642228114
3529,2622.0,2627.0528539986244,10.333792868847603,2660.760199534291
3627,2648.0,2652.3075298220033,12.199749406676867,2662.9803734225125
3535,2695.0,2699.314515858274,12.41519399520389,2706.949750738244
3710,2710.0,2714.2846238166762,12.341855689906522,2747.9677611446928
3588,2723.0,2727.0087223177143,13.536040694967042,2760.046799746964
3598,2733.0,2737.407416316192,12.237416557511917,2762.6264648087604
3664,2764.0,2768.427737818205,11.468281528681837,2775.187430951774
3561,2856.0,2860.306018636862,11.706843563754603,2866.9466387634156
3724,2953.0,2957.383602171181,11.547312100539362,2966.138700293478
3697,2970.0,2974.3292080141405,12.616870487238542,3020.616157011846
3685,3057.0,3061.1862604631983,12.841672661518661,3068.970648809435
3609,3318.0,3322.0595641686255,13.194691307757253,3329.562530242599
3542,3474.0,3478.1645646686884,13.372842008662362,3484.4499688526166
3635,3592.0,3596.3695994364984,11.68521786189451,3604.6339494845333
5642,3668.0,3672.189782365711,13.387717323152158,3678.544254345667
5535,3750.0,3754.4353360131995,11.724114236662484,3761.4532495474814
5657,3755.0,3759.024681225206,13.834021564582837,3765.2130202985704
5581,3766.0,3770.319176028301,12.687072646178505,3778.2471386572206
5574,3791.0,3795.485613828751,12.082511370358544,3828.4647795936276
5721,3866.0,3870.058402587218,13.67441768895646,3877.4276139873155
5702,3998.0,4002.4969311722757,11.526748272297766,4009.8236934866727
5670,4013.0,4017.0266397848745,13.275352371992168,4023.152542269836
5541,4059.0,4063.38906531934,11.92193300543941,4100.860806382379
5674,4172.0,4176.091647970954,13.32729327767406,4183.881605328953
5588,4224.0,4229.18047333419,9.25779768727297,4238.498386627661
5639,4357.0,4362.209227528645,9.877616342856296,4370.724458152132
5703,4417.0,4421.133401244822,13.318367452786692,4428.467400284093
5563,4463.0,4467.45793680658,11.824305416440595,4474.518165374278
5519,4487.0,4491.0862138728935,12.847609459365337,4498.539103724837
5625,4655.0,4659.181708264348,12.542862036727849,4665.722813729915
5565,4676.0,4681.098053791372,10.04497634816748,4689.924846825305
5509,4727.0,4731.275443679316,12.216058692956944,4737.727874140451
5647,4766.0,4770.175994997478,12.427944639078726,4777.702294774856
5675,4929.0,4933.494217786594,11.655735743139086,4940.445322457595
5515,5013.0,5017.363267731952,12.759761469121797,5024.053050081533
5719,5026.0,5030.09377800451,12.369960474855178,5037.821515868535
5539,5037.0,5041.302981953797,12.442195121883485,5087.987820365032
5629,5055.0,5059.156038112167,12.694995162362472,5090.863723132297
5687,5079.0,5083.246497903644,13.314544972180945,5093.145910837689
5594,5118.0,5122.208433919705,12.035902442958662,5129.789228394201
5545,5156.0,5159.575451213343,15.170144199723985,5190.09912540806
7569,5476.0,5480.346914420039,11.980769793650119,5488.44890136199
7722,5602.0,5606.25656072215,12.460353873301994,5637.176102023545
7599,5688.0,5691.646959546638,15.02605962478503,5698.622354961929
7525,5689.0,5693.044208616342,13.427285902893702,5718.454045157293
7539,5766.0,5769.616501516374,14.667848514319353,5776.325014534656
7593,5791.0,5795.054404231774,12.997208964589134,5807.900725858359
7613,5828.0,5832.295447573474,12.797224203547739,5839.0346647608685
7568,6097.0,6101.531368877808,11.821094020786564,6108.779503995444
7518,6195.0,6199.039578808973,12.930567394732144,6206.717300105481
7573,6217.0,6221.36607908158,11.839938310633656,6260.96777081332
7664,6295.0,6299.518677534363,11.68536859636589,6307.983668016212
7665,6315.0,6319.064085613607,13.109638224884865,6350.8445074889105
7531,6537.0,6541.284045990944,12.173309713647214,6547.850822179218
7715,6625.0,6629.313025199501,12.685763605797833,6636.027281407447
7585,6641.0,6645.201127843524,12.244128116125921,6651.557632275031
7514,6764.0,6768.231355547075,12.277872171983734,6775.834688106086
7513,6790.0,6794.177819179113,13.070982399705251,6800.631895192765
7693,6800.0,6804.2719592963795,12.744446953632021,6810.755620803358
7695,6980.0,6984.472908590546,12.10118141120026,6991.665034142368
7633,7013.0,7017.220574293583,12.328383544378969,7024.902943486473
7563,7048.0,7053.1111418315795,9.45684626239161,7068.492118626238
7595,7059.0,7063.16062761776,12.933161344640343,7071.165889747716
7567,7115.0,7119.100886557025,12.79877698339358,7126.935380926044
