1173,70.45930503941867,79.23065986642743,12.331343484641486,89.23272392526816
501,173.4593693714433,181.01849028829864,14.747062247704593,188.590289116902
1278,268.64139149972004,277.3696100168959,12.16937617304364,286.2906388754676
1182,285.7897811051365,294.0085734731963,13.891368552503451,302.08434824880004
254,568.9776836067432,576.4495460352098,15.043197728722843,585.2986884345546
20,578.5818963300303,588.3100576155176,10.635889537177764,635.9092140105753
1185,601.1218989187987,610.0422901738831,12.87632284648894,638.072537025999
8,702.6046471774342,711.4066559156105,12.374746339423753,723.0926784292368
1046,733.7763857980541,743.443763874515,10.694720079208313,754.4789361421718
156,774.4088955676596,784.4400556616421,10.886149192266702,813.2626677813099
14,854.4588107518769,864.4851662008199,11.261540342254696,906.1572546160123
176,1033.1023002759823,1042.3635214582819,12.324699063684932,1083.4794565009183
97,1233.5871503213486,1243.4382842671441,10.484817231276422,1266.011192184722
166,1235.6563400008777,1245.3163731175275,9.63748797877186,1268.262705895059
23,1378.0920323610949,1387.1781434237673,11.943220069419535,1397.7123330870115
515,1509.5713177335865,1518.0846730457904,13.608688560380786,1533.5745220088963
958,1601.5279153338931,1609.4217408561756,13.522249944495034,1618.7749556155106
784,1670.4549911711904,1678.3119652113,14.0880632428021,1713.338687340262
781,1678.8490542783484,1687.4833013815105,12.73685865649861,1715.9321826615453
253,1765.2906223957814,1774.436179297086,12.642724794727735,1809.6903347337052
100,1828.1741539522457,1837.1542881454639,12.313725668927791,1847.4258143469954
192,1830.0809220548533,1839.079417397816,12.513553023213031,1893.2536545692044
246,1840.3167090661464,1849.4739850830108,11.623796600496675,1898.1051798621443
518,1910.0391393500452,1918.0770904207593,13.187731201799993,1926.4040856071672
3153,1917.764009324708,1926.1358520301974,13.339185259095126,1935.3225730154404
2938,1987.78546364705,1996.546070977233,13.49858323788244,2004.7792838407738
3,2043.2617117161112,2052.081761259768,12.82609705624653,2062.251084446356
2495,2153.1537809375254,2161.435989095408,12.802372687311223,2169.9453091024684
3277,2182.3783713990674,2190.3468432933028,14.694479575397276,2198.209106161431
2949,2185.1021601987204,2195.23810852541,11.321505812746683,2206.6693061500764
1996,2221.0927627063406,2229.335722959047,13.301480562001139,2258.1507659289496
2010,2285.2429464182887,2294.0649191091547,12.399261055363185,2304.3553557835967
3165,2471.0789170040193,2481.3113334206932,10.839509345564533,2492.926742733643
2261,2555.038657572294,2565.2813034970486,11.22181783757834,2613.306014042355
3155,2578.1626745354183,2586.6003430655724,13.21196846588168,2615.916338657385
2093,2634.7780368930485,2642.5505928373823,13.918604605766278,2650.454474680926
2662,2648.7219882779928,2656.5916348961937,14.339907433613188,2665.929617524379
2684,2665.5470283582695,2674.429418409035,12.090959814305796,2703.3072714847344
2493,2679.066418130094,2687.3985583379235,13.354968230333657,2705.9052932161967
2152,2682.724458572082,2691.331902320118,12.42556198598958,2708.075751099075
1997,2684.7562658117527,2693.247336520541,13.170958574418226,2710.0322821004142
3276,2751.0564162421233,2760.0306767108855,12.172453454607712,2793.2465002323074
2017,2752.873936556425,2762.0400377798796,12.69006332604662,2795.827855337608
3156,2906.726608825936,2916.085849221545,11.576547774059765,2925.93998141383
2256,3015.7762688045977,3024.5445198128177,12.607925752983657,3063.2899010036695
2154,3275.3737302462396,3283.5000876302424,13.723413532966534,3292.8916462282555
3196,3277.145779540189,3286.103307449024,11.841714204071208,3333.5619953600435
3201,3285.7020097445215,3295.1828605302985,11.74995040404583,3336.30060658325
2515,3343.591724490552,3352.2421501969825,12.775542633583296,3361.1892402905055
2934,3370.486715799016,3379.2897264195885,13.095346975199188,3423.4221936601357
2092,3406.931907896165,3417.3336363560065,10.32525470764685,3428.0934964967764
3282,3440.7555186411987,3451.4091730459745,11.069181645658423,3462.0266232266304
2657,3461.3713297762943,3469.3862696896026,14.168504605226598,3513.3239356400177
3286,3480.78371845067,3489.3878550174336,12.877380176727403,3519.9125289856597
2013,3484.985972627335,3494.440630555278,11.537097740306265,3523.957902904876
4940,3655.1483644934983,3663.2170707267373,13.20177519842035,3695.905332323938
4942,3836.4449115741263,3845.195007240411,12.706258248624739,3873.188257445824
5148,3844.824494779922,3852.230190711073,15.085301270083855,3877.9083429485645
5154,3852.864626381438,3861.0941553548882,13.385890420436375,3879.991837661414
4244,3939.448985512749,3948.4824247274732,11.359277378272076,3965.735433346227
4243,4074.63599584219,4082.372105900076,13.839828173945254,4090.2245286731104
5044,4102.488478277988,4113.128110493981,10.237861077553532,4147.916974997006
4174,4202.957515862795,4212.361819135588,12.695625659182591,4235.94199055221
4017,4204.966691858757,4214.067737166454,10.020734913339027,4238.138073203225
5180,4231.7386291892135,4241.083131506873,12.552315981316863,4250.481483268254
4257,4345.884296430104,4354.088951084865,13.160209683418874,4362.5583274734
4501,4398.742912058042,4408.0990732164955,12.194787680397125,4417.767406261954
4011,4729.98437077635,4738.188723330445,12.962155038334513,4773.4313106572645
4500,4792.5264551928185,4801.334289963717,13.042364792641601,4810.388403110256
4245,4797.233907683435,4805.414500140831,13.12842090244662,4814.915900094586
4159,4799.0160137186895,4807.1857652950885,13.732915551214843,4863.379965578992
4183,4804.4067872795895,4813.324407178654,11.989500164411128,4865.91388697832
4656,4823.982085982743,4832.38286401375,12.824644344647467,4868.1125919445
4104,4993.212221334944,5002.455048642343,11.194598610986441,5043.200496514476
5287,5022.570118483346,5032.004008065677,11.483977759935787,5045.711287639256
4167,5068.721770975303,5078.107468335932,12.298611786733217,5088.948368533511
4259,5075.184031265153,5084.2296555060775,12.635766019171616,5133.573130794502
4502,5200.056648185324,5209.277395568439,11.541871432119265,5223.043708370064
4503,5206.103353463109,5216.40046858884,11.132415568756592,5227.7221277776225
4109,5265.59182367649,5274.4613719580775,13.138438618744772,5313.189686390709
4251,5267.717756141029,5277.015871525566,11.93282240129456,5315.718270782205
4165,5454.0170230034855,5462.085689023875,13.967002364868518,5471.7391418723855
4168,5459.791820421863,5468.0714451496615,13.314095149773545,5495.7855779117435
6252,5602.598476506906,5611.094420491819,13.098088854480258,5619.859057499414
6165,5653.0091386530685,5661.127588325132,14.045412488045004,5673.202698875147
7181,5688.389082155079,5698.074426439884,11.853744762109457,5707.764943931156
6938,5690.401460354244,5700.214161149307,11.906369127445684,5710.252636998146
6097,5717.390205120749,5725.592882032685,13.0506669989005,5734.849471952497
6519,5739.119955049378,5748.299028255585,12.605253725752812,5763.958513602139
6183,5987.128103273683,5997.148568743748,10.763572660870489,6035.592516744044
6263,6052.850624905859,6060.337978204767,14.3668891842565,6068.137235788158
6026,6060.180504679877,6069.463423799683,11.868186236347132,6079.7403020060865
6508,6181.423270818214,6191.235460836465,11.556475739046553,6202.840331936587
6101,6245.482222024102,6253.527167192561,13.686746144527033,6262.793157710347
6108,6251.622265062443,6260.426973692022,12.70544001065022,6303.446034994293
6170,6255.620048532002,6263.379026151316,13.79767833613102,6306.006746714515
6010,6330.904095976713,6340.132521077304,11.766374347047805,6350.763076559796
6787,6342.471745049592,6352.414051843376,11.470622799212697,6395.461483012874
6506,6447.327226557453,6456.155779572359,11.853471552860302,6466.338752126102
6958,6614.014903580505,6623.049345304133,12.517802509532666,6633.6317458650465
7165,6692.891370536165,6700.635945843752,14.655544051785968,6708.5112057963925
6268,6707.404659452716,6715.595549451449,13.697546410106268,6724.918339481082
6182,6709.898593049784,6718.253391136402,13.72251685650313,6753.156460177928
6269,6711.806186830423,6722.412241336742,9.861175814181419,6755.591352807449
6272,6713.779079009348,6724.349572919371,10.049612031325873,6757.986042375455
7176,6739.408338030447,6748.23586168331,11.940507740898951,6762.140938040584
7288,6744.40726293724,6753.53000775677,11.444476122834995,6764.033312086701
7173,6868.847200991744,6877.614448905118,13.338984653480157,6886.36039658391
6098,6971.2557294274675,6980.567614567586,12.089457356154853,6990.958409323018
6009,7171.907986957237,7183.015661001168,9.449024278647377,7203.42866312285
6500,7185.975397142423,7195.232404247994,12.569971897113424,7212.18155904764
7155,7200.381429205801,7208.587938027363,13.68925837820254,7216.834346431515
6259,7240.2835079716215,7250.304143837425,10.893317318415649,7293.457216929712
