803,184.5078619119999,189.57213077094303,12.933260019413092,194.49689930565796
786,203.35147145654955,208.5669162110509,11.993109600461453,213.86582250712996
818,205.11691820632382,210.39495314220645,12.074192846889012,215.66609228312547
804,274.5003567625362,279.3162749989482,13.467078376593687,283.9034324393915
1646,382.93623395844537,388.42555016034646,10.973814651978381,393.94884731897895
1913,666.6460578344461,671.5318975415854,13.144112970674195,677.846707978204
1081,759.9678874842363,765.0390796584442,12.610893051224277,813.6266613310137
1908,817.2041788194678,822.1620728464432,12.628338241366384,827.0020945105829
809,848.1891335964004,853.1138311310489,12.412630930916778,858.8091206713221
790,904.6039619793471,909.2446435327497,13.876869988302595,913.6156222383421
1660,1100.1803569034585,1104.3483498128746,14.699053872103168,1108.4810033136607
1073,1385.7269151522426,1390.3714351835729,13.059559364813603,1395.9382628241942
523,1387.4869213313436,1392.1911109863865,13.69623438618909,1443.1464466564114
1052,1568.0471493628168,1573.1418134850924,12.37402462204672,1579.575508066117
1894,1919.3618563840378,1924.5337250548198,12.146333656305153,1929.7867192386902
2801,2020.0405728339504,2025.4055594319016,11.185516028824537,2031.7190637272731
2533,2105.6195769266947,2110.2646511291423,13.053473781333743,2115.9810126500242
3918,2182.4459473725915,2187.5609394310627,11.919668078630064,2192.808127837997
3914,2195.4723558554283,2200.211942613844,13.197530781574981,2205.940166161045
2534,2463.755138231152,2468.1124557848952,14.323665902401574,2473.9825686487457
3908,2632.256750095885,2637.312565031684,12.75318397112943,2642.487187845484
3071,2739.3306653015024,2744.207433022097,11.870060297586583,2793.4856068635067
2521,2884.640865395359,2889.410757314671,15.406346691916943,2893.4068575999504
3054,2974.9450704105666,2982.07211157547,8.45255037578247,2989.262782071971
2532,2979.1276994231334,2986.132739070799,8.74467089870136,2993.389046173342
2549,3156.402946060167,3162.163129050761,10.89584684354695,3167.9781351807837
2531,3188.6033151236757,3193.0890028940084,13.227012611836164,3199.0681437817298
3888,3274.906435569747,3279.4670641685243,13.040099908511642,3285.505894718416
3901,3604.735985859996,3610.0077885014252,12.65632754947817,3615.0537921393425
3078,3639.7669547376627,3645.0475454174284,11.684343354203476,3651.6509966079952
5896,4234.59756181549,4241.01643317079,9.371445616175478,4247.488134717717
5064,4236.812868652742,4243.244271474503,9.212121253578836,4249.859582617438
4545,4268.461273998615,4273.221466377791,11.779470790255086,4323.246056286534
5895,4443.351598698957,4447.601421282279,14.492551904721664,4453.8478808171385
5055,5080.7393175892485,5086.214519710355,11.49370429048913,5092.666963598758
5082,5134.421075520834,5139.093387981579,13.667701197373242,5143.498909842487
5893,5155.8859003861435,5161.223500777422,11.397545832310854,5166.566849588319
4811,5252.046699544648,5259.1889445074685,8.293659247680257,5313.67663973888
5077,5346.853790568278,5351.4772563009465,13.555514302147142,5403.693900645741
5054,5404.39556239137,5409.221083546233,13.966597492937876,5413.628047997099
6536,5764.413648842224,5769.261571289253,13.933216279985775,5773.804056189149
7063,5796.877463701378,5801.552611194647,13.102463071352568,5853.24014361529
7653,6058.7618557648275,6064.242405566416,11.08039682860672,6069.862015327095
7902,6335.931780917247,6340.622840791183,13.689964328992332,6346.390262849544
7054,6339.7240665976715,6344.5215365406475,13.058429363626457,6393.38864262157
6807,6394.251411366272,6399.289871220429,12.298056522515447,6404.154360801062
7915,6428.067002804301,6433.050322953965,11.999214076006789,6439.323840603512
6538,6694.196305994894,6698.547393945821,14.117648716267734,6704.831136189827
6800,6787.576050457121,6792.447861632873,12.056309074984679,6798.328496980987
6532,6846.559926412858,6851.58271474497,13.09931280147507,6856.427544228708
7907,7024.663360131996,7030.007309402043,11.917804745610422,7035.333999206014
7661,7054.251794334526,7060.423768595385,9.82345516288241,7067.685270005248
7916,7058.2178313854865,7063.247379979053,12.304644203848504,7113.083775651645
6814,7116.491229953954,7122.080704112245,11.536105057716988,7127.6831026491855
7903,7149.448638831352,7154.307388995222,12.764198052038813,7208.128666366419
6530,7224.757094184249,7230.518634219277,10.6202391644274,7236.289765564932
7662,7401.489543179549,7406.307626360051,13.501027345399212,7411.165535656801
