1173,160.19660457374113,169.3282952714137,13.275883252657612,178.6671642915698
888,224.56699569532444,233.4763475908408,13.415448745470878,242.74010716301063
153,354.52148015877117,363.31578855447196,13.082405666057948,371.5666654342169
141,495.6372520305947,503.5225049261708,14.267845923926519,543.0076403998108
1183,560.574938684406,568.2744370461043,14.768553824627995,575.5239504175678
912,965.9651489435291,975.1365971988391,12.158629366157982,995.9580015316768
1151,1044.3071147550693,1056.3196742903992,9.441088472813053,1083.1524699767022
631,1114.2036422357737,1123.2101356418002,12.432993986413464,1132.7018451235026
625,1515.5557448266095,1525.0348956015478,12.65097214244376,1538.0245697553646
390,1987.8066856707826,1996.6002360377104,12.953896337429505,2004.7916965226852
897,2122.995288789763,2131.4866205643607,12.970018171968423,2163.392860755245
3319,2213.1759016359897,2222.5925095984508,13.03610835363819,2231.5469978993247
2367,2259.7415645465458,2268.4260844385,13.21888955082737,2276.5538682792403
2622,2408.0222385485176,2417.4747049182974,12.046590955960458,2435.757008172641
2895,2674.906930401395,2685.1267459386413,11.10909858018027,2703.4974609436977
3155,2680.64793305087,2689.3680857837367,13.647393003818385,2706.209900516708
2917,2739.642684007618,2750.4026793530056,10.813060769645405,2796.062189298763
2397,2741.572351623261,2752.305564665336,11.806788332842036,2801.0003314853757
2890,2803.9540284315212,2813.0925079850786,12.570135127407012,2821.5957613724813
2132,3010.47588288261,3020.3284510373833,11.75681760327966,3063.42811970887
3156,3021.4825400406685,3031.498069173776,10.858009489379048,3066.2324711441056
3321,3216.7389307423814,3228.208981961104,10.678265859270034,3242.7306306236924
2892,3222.196904916441,3233.1694837435634,10.426466379962145,3245.2087148795
2642,3352.0369308297018,3364.4608605560807,9.687985785189255,3376.7290923703335
2897,3415.03716294792,3425.1705359145412,10.756795536532263,3434.8040171685598
2385,3425.216505313939,3438.1578412518747,8.622967730453258,3450.670484736212
2374,3427.2605497814056,3440.285048506573,9.236403062038438,3452.7250418592967
2378,3675.9181460965037,3685.27378791301,12.323691881179393,3693.4942093795253
2644,3678.167698656817,3687.1821704356967,12.462492924546495,3695.4261166024016
2903,3686.208473264606,3695.291924626167,12.475148680639082,3703.8016860275916
2389,3691.453543264891,3700.4973763686717,12.501542477691364,3708.8167368316267
2904,3754.798043651013,3764.514620043095,12.408432862921282,3774.4196853032927
4883,3757.1667041208298,3767.144416063422,11.012571918713789,3783.302730824939
2395,3758.9673395212276,3769.0143289796865,10.970343415381928,3789.045899631313
5179,3811.4960308406557,3819.2519504555203,15.887529053524561,3827.2468701410717
4873,3834.4452488705515,3842.2650284637625,14.054218868359687,3873.0593548344373
4624,3899.287396693637,3908.377204507757,12.75738116948079,3962.9181652196917
4647,3957.9801405002263,3968.230560807774,10.922544321704605,3977.929996012025
4911,4097.834580113019,4106.591439073778,14.061429707265392,4145.422751583838
4900,4171.836877393462,4181.397094011217,12.713438794318343,4191.213753980744
4373,4299.271568810872,4307.293500646236,14.899998260561837,4323.346172287369
4895,4439.9513194000465,4450.310308867843,11.345997055612878,4460.762242647444
4389,4507.733009446883,4518.069881380216,11.632143656008113,4527.700741688151
4643,4763.806800064324,4774.105049970008,10.983588338346236,4783.630395660273
4386,4765.891447305543,4776.043209613378,11.780191438534127,4785.42900284462
5321,4773.847785817988,4782.391400740499,13.812358708144819,4790.395348731501
4902,4838.808245176195,4847.51559822088,12.835539753467593,4865.858965646883
5151,4840.755827523936,4850.4024248936485,11.433729201981306,4868.046190349568
5327,4910.684123221286,4919.513776251419,12.66151953743048,4958.014257056661
4897,4987.261791474591,4996.475439162028,11.962429580458972,5042.740390628925
4886,4989.948697509959,4999.519237328739,11.600387398612023,5045.418216968304
4376,5037.542451414326,5049.388069831261,9.993805454055376,5060.495439803714
4377,5044.787042673569,5052.580221640537,14.556013928424239,5062.587732284285
4398,5308.125132043552,5316.357362270981,15.3141180335172,5323.513504253484
6923,5728.786168386248,5740.2057139314375,10.502756102852228,5751.448728117959
6918,5730.678965836993,5742.087190941666,10.04125679529369,5763.17265710926
6385,5732.68581674798,5744.063318035698,11.450592279558316,5765.69498076298
7343,5796.174147103047,5807.214538373303,10.546427912342953,5853.019410072238
6631,5863.196205659876,5871.42539792877,13.579997371085412,5879.158503402662
6890,6006.844150113526,6016.218591625345,10.791667594045856,6035.314309036273
6151,6191.498542652362,6201.262185127459,12.348199592991582,6210.422033894981
6627,6259.472800147729,6268.490897800538,13.582882110638485,6277.648543278704
6891,6338.899308293364,6348.446526155119,11.915712590880203,6392.872538402416
6905,6340.739581719669,6350.158117473135,11.769831916386721,6395.420246691285
6906,6610.134501735551,6619.32671202455,12.351769095397367,6629.014379703451
6917,6612.173383250712,6621.0492060877605,12.46163232711095,6663.261529555069
7184,6680.109730648809,6691.086683072602,9.822619777486974,6702.1004466735285
6384,6681.976336547585,6693.122937179886,10.327948450221806,6752.676862623334
6895,6689.890561932462,6699.552967572288,11.76689831192401,6759.467325573616
6401,6749.161339475558,6759.232574211745,10.751822369468814,6768.923630609256
6914,6803.629036866493,6812.500140801867,13.239671572146449,6821.35624024821
6624,6816.735200587432,6826.329341300015,12.0759874108397,6851.28871781085
7173,6962.1480626375915,6971.007225498203,12.799550137893407,6980.432063503496
6656,7018.830554079739,7027.14015541703,13.565436584878823,7034.995310393944
6879,7357.588913665495,7366.255677545865,13.160405408055295,7375.46823099513
7326,7380.8398047069,7392.137540890646,10.766258049308405,7402.516769273474
6146,7425.263495162251,7433.569515806511,13.678107506499368,7442.425088933785
6403,7496.911405799566,7508.2133682357535,10.731175107855956,7519.1875602778255
6652,7498.890516296815,7510.092308774072,10.272832963128902,7562.747911977506
