1258,1733.8911541980665,1742.3710940200035,12.558722005411969,1750.0966372084642
80,1803.4679311849734,1812.3974249011496,11.918662154676237,1819.1306917884565
3266,2361.666582964853,2369.014217792386,13.943972471168474,2374.557775067465
3243,2546.901305628335,2556.3699547925517,10.76921859507415,2565.705850129802
3241,3175.4680787755447,3184.46015848863,11.40897533671238,3194.127796417666
5250,4073.1777082925214,4081.0151057042203,12.232234273025686,4087.104486556999
4105,4323.339205178769,4331.142960231165,13.684940042279926,4336.763764097839
5259,4346.8811939644975,4355.299334279779,11.71995550965017,4362.816840807307
5276,4796.519541440193,4805.539312183982,11.055026179875837,4852.0
7247,6146.258183810094,6154.24707420304,14.545029321809526,6160.973616586376
6103,6788.5650928916975,6795.094080911023,15.358652040539797,6801.520027822706
