489,163.21380351838022,164.5286197260427,13.052994761721532,165.8084920890974
502,498.56636073240844,500.1964111924915,12.70087133415654,501.4985450405378
519,601.9885069901745,603.3010604384596,12.364531403747263,604.6337474787446
84,902.384751719978,904.1257154670758,9.618500858538935,905.8552998363336
482,1063.740345576524,1065.0928613528558,12.188535121268469,1066.4500121580736
485,1247.8294161226056,1249.3799752477396,10.512687296838228,1250.896524254426
476,1411.7916175571522,1413.1068275121393,12.497323732013687,1414.4741448916939
2486,2414.289401598485,2415.496984173926,14.328203676572057,2416.6977991938984
2492,2568.5789680680205,2570.285453907885,12.21907617818166,2571.7043909642043
2218,2570.684304055098,2572.314975905461,12.07285586383563,2573.7402733330587
2511,2775.6075963663684,2777.1106521007455,10.651067746524536,2778.6599328788807
2508,3018.658513077288,3020.312595407241,12.442488626359902,3021.708934752479
2237,3108.4601866152634,3110.277263673237,11.622867162526237,3111.673945336671
2774,3122.0413728275716,3123.404180838787,12.114646765579705,3124.7672665648647
2504,3124.679254097924,3126.085230809787,12.044351756347993,3127.4935321922553
2515,3198.6835377454117,3200.336749451514,12.272649370166187,3201.72735128171
2499,3571.060113039045,3572.3484782201754,13.880615934965677,3573.5988035558285
2229,3740.917900833703,3742.5513921145302,11.794673600115411,3743.871216210236
4498,3852.7585191335347,3854.034095103768,12.546759518704205,3855.381221380529
4496,3943.949058004721,3945.311312520408,11.947762935829536,3946.6764446410393
4088,3965.651634738883,3967.4032963141535,9.750600935523234,3969.0609764068085
4495,4100.746381978813,4102.280576100374,12.028203845518464,4103.699070526397
4476,4548.877077940629,4550.571861067609,11.992397530885222,4552.046736305714
4225,4728.650359357038,4730.3314958272085,11.623094183573569,4731.763556936892
4482,4843.889506981112,4845.2034021177815,12.7205825415259,4846.531232030682
4487,4936.994855108894,4938.520387094229,10.87434972479151,4940.083779741031
4217,4998.592267643789,5000.488042225748,9.831975773958009,5002.24202549091
4517,5117.423931612954,5119.003943553151,11.209515246666372,5120.519338074117
4678,5194.952517537905,5196.309564044619,13.07826320259302,5197.663188086989
4234,5540.626015437981,5542.292329214968,10.969810682909362,5543.886446017578
6230,5808.470046532154,5810.220301170795,11.695238028945449,5811.56132480356
6513,5833.7749713110825,5835.1863016694,13.00893374538201,5836.515433815719
6232,6168.334389672114,6170.002826746386,11.549711685701142,6171.464408797918
6496,6190.104792744047,6191.239235866892,15.166292279764424,6192.3513075006285
6244,6258.721985306789,6260.5343808848775,10.769002505917147,6261.9923549315245
6233,6440.629850566234,6442.209308394472,12.817987257548294,6443.456261619026
6482,6453.599211696547,6455.224952812669,10.642305813302617,6456.740420093062
6689,6541.023474960978,6542.3024606880435,12.901127169476963,6543.606645051446
6479,6558.8538331212285,6560.475248242872,10.750827200469741,6562.035026308333
6245,6709.209496220551,6711.0292380260735,12.236145690602621,6712.384736224644
6512,7158.794924678268,7160.495241689459,11.59671605398544,7161.951557613974
6791,7175.522266668142,7177.027566564027,11.799846396138028,7178.469263390777
6080,7313.197175148747,7314.34373199167,14.361462681363784,7315.526818028224
6227,7428.651984632411,7430.356276336766,11.718278423100914,7431.713544468118
