473,27.27465364817099,28.047154250039846,12.32099791160636,28.40028078000618
434,65.26978730401497,66.05994855410009,13.181781654372326,66.39001556266754
425,144.81075534713435,145.4899305933493,14.801964745412352,145.78386935844443
440,155.25738568533976,156.05542005381798,12.122839642432778,156.41431874146696
410,495.24688229389665,496.04913682518986,12.40635349012451,496.3998338484297
420,879.583204977726,880.3789235775772,12.449000267984937,880.72841921133
407,1348.8058780068277,1349.512960792708,14.16287030606237,1349.8201634390803
426,1567.356059216552,1568.165680556706,12.80044183448654,1568.5055806394146
2438,2052.4837349541313,2053.2880482908827,12.25686782062706,2053.643022441043
2410,2125.3419888716826,2126.255230421968,11.287750359798306,2126.640681118481
2432,2242.7491294570455,2243.485929260562,13.302426483223625,2243.8130027643124
2503,2628.5318974906027,2629.439542752689,10.59166281986328,2629.850325394871
2496,2743.5295440764194,2744.398847372075,11.222521718063168,2744.7865384229417
4423,4223.376038659005,4224.194668499287,12.209124417398211,4224.5510307648765
4432,4348.420389928437,4349.360289975547,11.020417431862924,4349.75509092253
4467,4699.301543302598,4700.0970851784405,12.889792531239365,4700.434629109244
4471,4781.342850269893,4782.169222609561,12.481190940510073,4782.517816847001
4511,4858.528552054033,4859.290703585645,13.302331635477547,4859.617779421481
4428,4942.394239927622,4943.180576746687,13.321659481380305,4943.507178041693
4412,5024.411096151417,5025.287407129742,11.422374051880835,5025.66831491813
6423,5724.711667494433,5725.421145672811,14.306465367726675,5725.725264903272
6439,6356.435555056839,6357.193544229607,11.732178839160397,6357.564393608729
6497,6572.697507867014,6573.549454607257,11.523718948526321,6573.927012516963
6413,6711.274381790621,6712.034648209943,12.473485464091926,6712.3834577909365
6446,6984.4836718964825,6985.227732565714,12.856604629846064,6985.566147828804
6433,7061.716636723047,7062.437531571844,13.700186759568428,7062.755109084808
6487,7063.541274599987,7064.307387045242,13.033028061029487,7064.641221302168
