1853,570.666773529547,579.1502886697943,9.833122977073211,586.5151320773662
1847,733.056108083372,740.2451064909825,11.826909594908113,747.5536639628601
1844,830.0939532931068,836.1946214461211,13.562536715227568,842.7063985831762
760,997.3281386011582,1003.3679158972213,14.164234926874636,1009.953106164068
3843,2275.022981324049,2283.087116310061,10.963563085269127,2291.3250431500214
2778,2489.638752633995,2496.536688822246,12.515230399411088,2502.4794874802205
3854,2992.5356125259855,2999.265123598748,12.357212308212345,3006.1609240726184
3861,3083.06311666763,3089.235872708967,13.976967647927616,3096.0937376185857
2777,3302.398861141242,3309.156178623051,12.681442198843577,3314.8301802251353
2780,3391.639516240264,3399.0407860693404,11.832422890408877,3405.2821710784115
5041,3830.999623788238,3838.491768337119,11.959536144095871,3844.8846706006525
5857,4524.33680348659,4531.078111385234,12.394808456203627,4538.152641932963
5040,4638.527866359868,4646.280486971829,11.660459430155438,4652.801959226422
4763,5074.579313783815,5082.205492299223,11.812285655708084,5089.087862064314
5037,5361.124507279646,5367.569343355676,15.074853807654936,5372.76504953713
7849,6500.91628947164,6507.318296944692,14.265891408515015,6513.863551278472
7852,6596.623865791074,6604.274948082602,11.216273915632954,6611.821953867274
7031,6621.091611146932,6628.3362517068545,12.765951027438879,6634.417270990676
7032,7069.097083697939,7076.294568459724,13.634067649863097,7082.000821595261
6764,7175.1618270295,7182.49526412843,12.220461774622034,7188.718308318405
