25,107.0,113.14895209312783,15.046537120845016,117.01146369707044
115,129.0,135.16585872000738,14.853265389028223,138.97390323509615
131,130.0,137.50587066258393,11.510851965451332,141.36242059435475
81,201.0,208.2052924038288,12.58831691322434,228.2981005297437
145,228.0,234.37606899825923,14.718735978098334,237.101213718129
91,308.0,315.30428224803245,12.00291706419087,318.77891884343705
16,471.0,477.327557110243,14.136699801870352,482.14970849846407
61,493.0,500.02444950218086,12.958003912040125,503.18777819310793
66,498.0,505.102533565895,14.058130023661326,507.9745719918373
72,507.0,513.3040062816491,13.985759543216865,516.124923511261
99,541.0,547.3919380306463,14.071439135477686,551.6451061046687
7,689.0,695.4220730160231,14.701187543500168,698.2727704171865
98,743.0,750.415375001442,11.654159040724084,755.1307070686788
48,753.0,760.2140915954552,12.37355295792061,767.92770869661
56,788.0,796.0047873440844,10.297016203465978,799.6158562717652
140,1075.0,1082.2965246675058,12.252970707867814,1086.753183065661
133,1141.0,1148.251930325111,12.537279812093544,1151.4668132570534
139,1169.0,1176.1008497196215,12.036062022624664,1181.2625894778555
6,1538.0,1545.2389648824753,12.635739655560869,1550.256271509616
40,1557.0,1563.3392587254457,11.354574147266952,1585.562611151674
53,1615.0,1623.000214379425,11.382503124168027,1628.0706084625103
2143,1885.0,1891.5393280479493,13.260847905771161,1895.6014902296429
2018,2035.0,2041.580047286606,13.364301306659613,2044.500301892174
2012,2122.0,2128.1381603095447,14.440309410766782,2130.901985727709
2023,2239.0,2245.5446111947763,13.679376743713913,2249.6360288900496
2099,2322.0,2328.3113681745695,13.921151720556818,2331.143677336414
2053,2443.0,2449.3160639994608,13.711594065649326,2453.7746738915666
2027,2592.0,2599.5306654962674,10.903126306520319,2602.944746929662
2038,2594.0,2601.4839024699945,12.21192247199235,2605.798659896678
2111,2623.0,2630.45231972725,11.598643741938917,2659.560896183326
2063,2633.0,2640.4418056170416,11.83262153622787,2662.565236607287
2025,2685.0,2692.2091114616433,12.873513472385143,2696.5665454951177
2036,2720.0,2727.233912721807,10.149691853558533,2756.9104350088983
2086,2756.0,2762.618049875449,13.874591065153696,2765.8888535381016
2112,2886.0,2894.0187343138327,11.509598258981443,2898.6018352000237
2009,2953.0,2959.456574685667,14.081084063103152,2962.220125373009
2037,3418.0,3424.2668430630843,14.675178367081369,3428.5349575954183
2079,3468.0,3475.3193166085543,12.792048815874292,3478.5221068978863
2026,3493.0,3499.5839840428443,13.689762843331023,3502.489440405763
2128,3505.0,3511.557246777763,14.233342066997013,3515.8575830841146
2047,3522.0,3529.178328223249,11.688666324927226,3559.77255507587
4138,3801.0,3808.294724339698,12.808320403190407,3812.639059471925
4077,3870.0,3878.0891150382813,10.660958132496544,3882.9013102724716
4092,4110.0,4117.465555222112,11.919966476234656,4120.87181686246
4045,4137.0,4144.272225644648,12.53747002046049,4148.5768348367
4085,4202.0,4208.344715613934,14.624725203474911,4211.220709007685
4034,4370.0,4376.1847097915315,14.58661612965937,4378.929816932678
4052,4615.0,4622.572336255499,11.768847971637179,4626.969752592403
4009,4692.0,4699.487247114203,12.213869611609486,4729.373572211362
4010,5046.0,5052.297714459337,14.364298185433867,5056.327477881766
4048,5226.0,5234.022178507105,11.565701227226107,5238.827766270095
4120,5234.0,5241.482523035809,11.193479191797307,5268.2458499872555
4113,5255.0,5262.165199881616,12.934403333486992,5270.712384978027
4140,5360.0,5366.066554259079,14.743673434551718,5368.759172873755
6094,5512.0,5520.154289833455,10.14855796789557,5524.905674759545
6088,5711.0,5717.493923027774,13.867286796893596,5720.4371352578255
6005,5860.0,5869.330777445957,9.205980541211146,5874.597488207695
6022,5981.0,5987.53480194656,13.739923568550472,5990.633051436445
6064,6105.0,6113.123990110415,10.933944970313268,6117.666067921818
6117,6139.0,6147.328618470221,10.835273662235126,6174.269400897039
6078,6418.0,6426.431260068862,10.356583950532224,6438.771078365741
6042,6481.0,6488.066044339033,12.1250177792444,6492.344253089808
6083,6493.0,6500.102364295832,11.554949328719102,6531.1724804519645
6138,6636.0,6642.362022288167,13.759563370299897,6645.186114024969
6135,6667.0,6673.532004656457,14.404543377268826,6677.740742033539
6129,6696.0,6703.190708147121,12.797452006384392,6708.456394321542
6104,6795.0,6802.297463766721,12.270999652076537,6805.547291854096
6053,7045.0,7051.385615408903,14.636019106804923,7055.658724888322
6033,7069.0,7077.138046317422,10.886194030121102,7080.7763003753225
6013,7106.0,7113.1907926385065,13.042801842313835,7117.341479901737
6043,7159.0,7165.50209986244,14.491431648443495,7168.322165569984
6015,7171.0,7178.176604726458,11.824171695726726,7181.461923357913
