1558,80.77416298021083,92.3717632924049,12.134943020279493,108.9807714472983
1528,139.79418539480736,152.00689742232134,11.95092847435842,168.78776151267084
1562,210.52182727681532,222.41802343508394,12.895084884317752,255.41215722471267
1519,219.42978337584614,232.34855532285047,11.750679577920176,257.93357240280585
1396,247.41247996452248,259.3128826548434,13.279644038533293,324.15999083956433
1417,249.5266344214181,263.04956157249416,10.635485259035397,326.8307523174383
1656,353.1256377951008,365.28498370877116,12.25226103491814,382.11064751984605
1913,468.1845600472316,480.3582064685065,11.578055723455678,497.7308529210009
1532,479.7636475710965,491.14992993603465,13.523447262679067,531.3687013417591
1641,490.95540954917533,502.19731162161133,12.709176980636014,534.0134479489228
1405,528.4819930973937,540.5583287587483,12.621391873008173,603.0409898807212
1897,651.2729793236051,663.1338157031358,12.629300362166843,678.3313181042786
1667,955.5450880833093,967.5687056943733,12.13044977873626,983.9231910159319
1388,1009.0870732505907,1020.511229183768,12.455334490247589,1083.0633417854112
1533,1023.6326856380689,1035.242971214367,13.643728198103727,1085.6884891011252
1888,1078.4362016585562,1089.264518493108,14.02691903672773,1104.7410566993822
1565,1093.9484340742051,1105.3052496282112,12.677566881887653,1152.2938040201873
1579,1102.1241246896031,1111.5049862440733,16.235628425685675,1157.1896541009735
1657,1227.609167784102,1238.3063956565443,14.230840195189042,1290.7941295859996
1523,1250.1391922918403,1261.107468036384,12.696117588269626,1295.4744299603037
1596,1296.3759767201345,1307.6180998035327,13.593185054399996,1322.809566592721
1400,1329.2760097292628,1342.1561181227007,11.469905128859263,1359.6076909751055
1568,1363.5822538705233,1379.1981097983007,9.271565578284822,1400.7169212340352
1550,1365.706170570495,1381.173255465302,9.837644589105677,1428.0027595822137
1577,1367.9166022430193,1383.1858792719324,9.298599613041036,1430.4083047787478
1522,1378.24603138339,1391.2945363793497,11.878658969922517,1432.590642349978
1368,1413.5129705574748,1426.3939882761454,11.604499880447737,1443.3375875186953
1513,1443.6166631222993,1455.3819098574597,12.96417951701667,1496.9818335644695
1602,1499.6872973039867,1512.3264438649712,12.33829536688665,1529.8322866161006
1639,1568.0249830243652,1581.3898424565482,10.874610902450833,1599.8978469651647
1548,1570.2334584002062,1583.3252056562756,11.783336593476816,1635.5269738871066
1403,1604.0642689896001,1614.55036219835,14.449058060836132,1642.2829211116102
1646,1649.2752489765307,1661.3310145792095,12.51851962725411,1706.7450117627468
1410,1682.510232477848,1694.4852391292868,12.470804771869698,1715.0761306879735
1638,1727.3838243604882,1738.6075579552964,13.027787603997018,1773.143949312455
1642,1797.0729689072555,1810.0685528955155,10.822944978851442,1842.1281367621302
1914,1896.5119540314963,1906.3900295316791,14.37430569729438,1919.440994483429
3520,1908.5306894518799,1921.1480021853793,12.234083051641093,1938.6550920041857
3417,1952.2632828260032,1963.2821037943668,13.817429672080634,1982.7016287247268
3569,2054.277431840539,2065.4978221548413,13.60712519349724,2081.7733151190846
3399,2077.4262858253715,2089.39327429515,12.605286972113163,2118.408312968309
3378,2086.176982018222,2097.4035185532225,13.1705862573766,2123.2553178758885
3600,2111.733346282688,2124.3732120683803,11.692977684750257,2141.689736630878
3545,2124.964718744227,2138.5001876413758,11.077300187384067,2187.449113754465
3395,2146.2285018645925,2159.4520053241145,11.510546429646782,2190.1383616553976
3918,2170.471640508317,2182.0640761873274,13.19815884164154,2197.347782187582
3661,2181.3785069381975,2192.172696269725,13.578159567325432,2207.8269633024015
3573,2189.817637914806,2200.114913158822,13.5812622064946,2256.4956485543707
3398,2216.335690756456,2227.0064821784595,14.966883051809015,2259.076819804455
3906,2221.336803088697,2233.37221426984,13.093725720393847,2261.2560974094476
3387,2281.523273556548,2295.223291530484,10.577555805511716,2325.3633301984737
3405,2352.975294685999,2365.2214599659483,12.48484869162665,2394.733904322906
3401,2419.711850343629,2431.383763094968,12.361931086999212,2466.2928542186655
3400,2421.5402653105143,2433.571312483058,11.93620724121515,2468.5406528470794
3421,2489.8975191484515,2502.4895843196864,11.448420555146907,2534.9474705464063
3389,2493.328640933986,2506.0051916205557,12.247144741992791,2537.2696174493067
3562,2522.514449538272,2533.6116696400095,14.115155004525795,2549.863069238899
3915,2644.8980016750033,2658.333533512599,11.672736680763746,2675.8779172557374
3538,2655.594066654321,2671.2820811521674,8.781677021322203,2692.8165550684544
3567,2668.556766505642,2679.5440755106383,13.860912539388462,2741.6628867623017
3559,2723.8537964568245,2735.4873244650325,12.683720210453856,2750.3826088253077
3640,2739.290025276557,2752.4222444246147,11.501617541305308,2770.818066588627
3667,2792.012171718395,2803.5385018726492,13.931012820931631,2818.2095577890213
3580,2802.4439894759557,2813.1987690980386,14.020833606118417,2828.9833024472764
3543,2804.882019100749,2816.446460973846,12.076043992275231,2877.3213354945783
3430,2851.6370013452533,2862.5625108763898,13.370222929462654,2879.660827534355
3556,2873.4513037546117,2885.5351115402505,12.20591530601119,2902.9954278231494
3516,2876.9932178714766,2889.169440833727,11.593473359021829,2948.795605153664
3393,2893.483245315539,2906.3412118296396,11.238749417699829,2951.237041620559
3554,2995.63939393071,3009.300676403286,11.553780894124433,3026.928474092472
3893,3028.918582049345,3042.4733725547608,10.404929372908082,3084.430946279508
3366,3097.4873366263105,3109.22077560953,12.543607321715385,3125.8288743372327
3891,3236.6233770547747,3251.4890135011747,9.797310968499415,3291.398369300436
3657,3268.0483303108012,3279.503172693458,13.907626892571018,3294.33457753239
3610,3274.725156963193,3286.2518159664155,12.726149151054658,3301.031141581784
3582,3276.8355745688405,3290.4810854944812,10.385329315637128,3310.1500448985853
3566,3279.1475086321993,3292.3982115621534,11.504366076046194,3360.629535308366
3415,3304.88120781024,3317.106981882474,12.403173784328905,3363.236733534416
3410,3310.4935344340065,3322.1530064194403,12.934448476375636,3365.4433564101673
3668,3338.0235962387005,3352.1637194396035,10.058132220131847,3371.061586286468
3514,3346.346622873847,3357.5476857079043,12.819571344672356,3372.936865070029
3563,3349.3640023601965,3361.3440475294856,11.66989490891424,3378.5695404515595
3373,3394.504746171875,3406.518508319896,11.787094372374813,3434.0097744734053
3641,3414.4442148571434,3425.3363592450432,13.552595483054972,3439.848686870501
3414,3440.7256340921385,3452.4550717903453,13.307818196956482,3468.8358904744955
3534,3482.8059677551637,3494.0597689374904,13.495365467786089,3508.920991711211
3418,3517.3894444066277,3531.2336785306975,11.330106049722266,3572.1339409761595
3425,3519.332142145693,3533.072026205115,9.799754405260707,3574.2020814793214
3551,3544.0231325783475,3556.457817585313,11.520682254347719,3580.4837114197935
3646,3563.188147302513,3576.2256760681616,11.774024147919071,3594.768449128742
3894,3598.810821332694,3612.4657239054973,11.43463827648319,3640.9024129251848
3526,3607.7208939101115,3619.2703523423015,13.72078330306881,3642.7672506019926
3669,3618.4568854046797,3629.4564446156687,13.443118208472896,3644.9978607938992
3525,3624.5546830071085,3636.317920478734,12.611916324192283,3653.3179135136907
3899,3662.4989635430347,3673.1770851783112,13.338375174911212,3708.258843721328
5888,3730.3675714709207,3741.359644315362,13.984490960522928,3757.3097609552506
5413,3777.6259925076893,3789.3324618520533,13.141954203706687,3805.8086431460206
3390,3783.908017803005,3795.171760473226,13.96133825770888,3843.388935708605
3411,3786.1169029298717,3798.455494339537,12.280442746905152,3846.057372515341
5384,3852.4008697791373,3864.4949069642703,12.290323831179427,3915.195890149366
5572,3947.479677972868,3958.5132280796843,13.717277447383116,3981.4758642861398
5569,4015.7734686280814,4030.2102025690406,10.015455030201169,4052.916811103602
5637,4018.0206679141725,4032.2212461130844,10.54390223667681,4055.3945268683915
5406,4052.844687023923,4064.1843765571493,14.553739826595157,4079.356822464147
5397,4070.599844246933,4085.2523159623106,10.477519783702485,4119.540817418093
5643,4083.6379821804594,4099.349501830242,9.69027361661129,4124.1692437866595
5552,4089.946971830581,4105.471724520447,10.002891875583032,4130.15933683214
5660,4091.782096068948,4107.381841773778,10.402461161385723,4132.300625267969
5389,4204.505149373432,4218.14068251336,10.745505714523818,4236.615605669361
5909,4253.005088133576,4264.549903867653,13.271186833811777,4279.853906013646
5567,4294.219969908222,4306.428617868238,12.212371950730045,4334.724755494803
5580,4355.961996666483,4369.258807237412,10.553287013920729,4398.008150326736
5653,4357.997181709738,4371.0512823618665,11.700678316381813,4400.230276152182
5902,4394.123734685757,4404.3229927716075,15.12660224906767,4418.793083751006
5645,4432.890329853841,4441.581932755813,14.277900992604062,4466.661347507222
5532,4438.751492051052,4452.302890172399,10.680074651432793,4470.064408389681
5548,4444.901762802772,4455.345342976562,14.166802085478786,4471.917714587718
5359,4473.820999783084,4486.166098116339,12.256508126615294,4537.863821613078
5896,4477.969758353621,4488.254173661324,13.17536261947729,4539.858058314647
5914,4529.155420261601,4541.267438139514,12.367583015589226,4557.998560345302
5906,4530.850603436073,4543.020465027451,12.6971907545073,4602.337930567158
5415,4593.801270214075,4605.176362500331,13.446257253446438,4620.855172826973
5907,4683.995860988942,4695.266503419196,12.77895392307657,4711.686926809898
5634,4695.571518312676,4708.082867196791,11.703694093702607,4740.052536373353
5425,4799.746967575614,4811.169890949544,13.312677185574513,4827.764009768924
5546,4831.6669285426515,4843.562405064823,12.39834714578768,4880.911803803793
5560,4973.840492859551,4989.353909450565,8.93781608716987,5019.233763869804
5522,4979.6092192203505,4992.233104994679,11.858274600199545,5021.413317349879
5648,5035.490310386477,5046.39344536406,14.277623198216466,5085.33448089602
5515,5118.551355423099,5129.315394973259,13.876368990083272,5144.838409790195
5388,5143.022770680988,5154.118675955154,13.672969301413225,5168.291247380258
5393,5147.2173544093985,5160.5120634142195,10.762199866459989,5223.2582443581005
5549,5171.547087154556,5182.566237905946,14.430442963424499,5225.859749215173
5519,5181.772814798344,5192.322393190179,13.669197762216866,5228.5588463666645
5396,5208.0627771797635,5220.464785408126,11.53308718685822,5236.762256028698
5408,5273.67600834494,5285.316771680128,13.757734854281273,5300.054465244933
5405,5281.596857884521,5292.427188912346,12.878802661346008,5306.984780582752
5575,5307.250955205242,5319.221187732117,13.302451618196145,5335.712256847974
5513,5309.220472387999,5321.445451436057,12.026852470777978,5361.573591417019
5638,5318.723932216542,5330.3510572777805,12.93537723109616,5364.264441651053
5524,5320.512299377224,5332.109844248213,13.36362576240543,5366.432533386301
5597,5375.939961217271,5388.400518341757,12.490939789044772,5405.529414594414
5565,5396.596667237996,5410.405684221182,10.573975588720938,5433.275352813899
5537,5398.553798238815,5412.278642491256,11.641337432340123,5435.3944700132415
5894,5409.521332363963,5423.440958069974,11.508206809817047,5441.59225513696
5394,5427.316249325585,5441.471184716833,9.990971191210964,5461.588889707956
5589,5445.683698319305,5460.420082492428,9.839737280330482,5504.048447838553
5661,5511.6350364183445,5525.530041016151,10.979781564264881,5544.789618467695
7513,5526.253000114956,5537.1689654484235,12.980545937099123,5568.617833043666
7917,5568.926529897257,5580.493957734378,12.434734396461756,5637.523162465479
7523,5593.741890194723,5606.407351415706,11.737830171766648,5644.28429042396
7407,5751.726255867713,5764.138532823144,12.387857184069123,5780.956500896727
7911,5772.635528664673,5786.505116784573,10.720566062071128,5805.995381788099
7521,5783.777501583034,5795.072913136892,13.369595129147422,5844.369707158597
7541,5785.729716926741,5798.150675631073,12.267917860381607,5846.914335403504
7565,5807.355866302199,5820.367014984906,11.450547131258903,5851.205384676327
7912,5817.0317266071925,5829.2333277586185,13.108823033764072,5853.049986823578
7919,5958.164026119439,5970.503442596375,11.693963319631422,5986.578799006659
7431,6021.853440546111,6034.025004387964,12.576009361235768,6056.123324864522
7399,6024.25719637942,6037.335115254603,11.334940996585768,6058.39723684017
7570,6068.841205758224,6079.0465039581995,14.273155026205673,6119.94217467837
7890,6113.883720387612,6125.184622723829,13.462762365485576,6141.7000253146225
7548,6124.284648604457,6135.333464569778,14.802504109060775,6189.525958940409
7581,6136.291425507584,6149.004334095488,12.309875624311752,6192.028132186214
7424,6184.1196072660905,6197.383274861704,11.25353544925996,6215.950526355284
7426,6296.101404405036,6307.1769959489875,13.251190979014805,6322.811194933971
7589,6327.447231153424,6340.106467383298,12.202349243080205,6357.780813702107
7418,6431.796198590032,6445.309082384453,11.209053783102176,6465.55742866759
7643,6488.596635919556,6500.073576163722,12.374571164076471,6517.081561353004
7914,6517.154187161262,6528.386440222351,13.191705441140423,6543.256994191906
7402,6591.272450566134,6605.008178298408,11.2702791053645,6623.639636359259
7525,6599.94158461717,6612.371911027123,12.9390580637398,6672.274557924872
7650,6610.8277244434,6622.161166810466,13.056022868113411,6677.1902257686925
7396,6640.242446584177,6651.384350615014,12.897419488469959,6681.315013277075
7536,6683.431367827221,6696.232221164674,11.44889801521767,6714.658940319025
7903,6701.34781346958,6715.317318825613,10.091945417016666,6741.028367376833
7420,6704.130626284445,6717.270395739255,11.677213125252914,6743.6603690577995
7895,6724.469862815033,6734.612373027516,14.695792552116155,6748.265350406621
7411,6768.391403488541,6778.507385279652,14.96409423327944,6810.297380796146
7398,6774.999542159248,6786.311760710686,14.25535822980573,6813.081105425464
7892,6792.794834501833,6805.560973122888,11.537109544715419,6822.1883731652215
7386,6840.58869255621,6852.322208302791,12.67708931603945,6868.557397698309
7921,6862.491125095005,6873.29692964513,14.067905491737877,6887.559178121955
7665,6871.766385569642,6883.075328624922,13.734877961812812,6898.898408217596
7405,6910.144180040008,6922.550046612684,11.813786127209063,6955.390173771225
7516,6954.137331957078,6965.370888193603,12.31663027098994,6981.583859495491
7409,6991.861386133198,7003.57762531381,12.625715484691307,7019.9770798945965
7893,6994.088140494045,7005.381219589242,11.60615910430744,7021.866635576627
7657,7007.921580639461,7021.163459492967,11.54220524406299,7039.304846904534
7659,7010.023534810672,7023.024550992741,11.774675158288568,7086.522189730838
7662,7017.310604838771,7029.108049265867,12.54034391242444,7089.1985126422
7648,7098.806472165588,7109.2223447090855,14.534351346127782,7124.483329302842
7533,7143.443961805819,7155.016365498307,12.985780567732164,7169.824298306038
7896,7179.582621579438,7193.137548196817,11.518716421510907,7211.427232563912
7894,7251.422431170184,7263.066778725555,12.58969794886524,7293.642172736706
7579,7347.557122272116,7359.344209410379,13.516691757257442,7374.465001801543
7400,7381.5275729278665,7393.407917697336,12.67598545282904,7410.148567438213
