260,273.97009076294836,276.56745881069236,13.030444824975367,281.1834531222025
259,275.90690879309784,278.3938515338028,13.642885626898483,283.4096047904434
159,363.684187221266,366.3404401223449,11.271248499988411,372.50459794074567
186,453.877812143098,456.48413175009347,12.607589738590633,461.8619280896996
250,543.767323512763,546.2478905330449,12.330172599447396,551.6788921436237
21,633.9311208935927,636.5165441957774,12.817417554198027,641.6153798280584
253,813.8919290972225,816.5635636987655,11.823895124548738,821.7852198429159
267,1001.1642084686589,1003.3994709230337,11.506673603922353,1008.9685927801168
95,1084.0008474614854,1086.4980767411596,13.048085127238439,1091.3212390650885
104,1263.8746445599209,1266.5955845154276,12.657357703383013,1271.7736162817462
264,1355.9217097015392,1358.3019925575331,12.539942873158035,1363.4575248711674
93,1386.318993420317,1388.2991868585736,14.536282321573127,1392.8190461433342
99,1840.339835540738,1842.4782419510698,13.09075273203057,1847.5761186036705
1203,1990.5433547823175,1993.0526942378835,11.834982437522253,1999.3482046158167
2100,2253.6067569031716,2256.1109155845247,12.555062653037076,2261.293750810673
2164,2523.6525640446075,2526.2762874677765,11.493169098650508,2531.9912768449244
2092,2883.7410414655615,2886.352007344034,11.832692651014945,2891.9026677023926
2167,3423.624994436618,3426.1529830873023,11.824089505546064,3431.589256853006
2093,3513.8518250516804,3516.535243589776,12.058401669886573,3521.708785004994
2018,3515.842325798507,3518.258537988207,12.607921200870294,3523.439503109604
3279,3521.700839341767,3524.0629550101085,11.920781510180207,3530.100898762459
2244,3605.5893137383873,3608.020501285027,11.068613885191224,3613.679599157794
2099,3693.79935684936,3696.3829471855224,13.639630636460122,3701.184221310588
2004,3696.062088601613,3698.441233942692,12.918077191060238,3703.3205804227123
2091,3783.8070115959813,3786.362155226089,13.832662467342322,3791.1039279619904
2179,3785.823465447149,3788.224570773059,13.652270085434358,3793.0034622242188
4156,4147.786219688486,4150.263538843034,10.068990874357564,4156.103236853391
4158,4235.753591746006,4238.222789724961,11.455417220638898,4243.8673130055695
4181,4504.384864836816,4507.09971683186,14.059150253221185,4511.760181978112
5189,4598.228456885703,4600.54724223383,12.597421244450198,4605.790059745372
4001,4629.951408839326,4632.104332320071,12.5518367985975,4637.246419212212
4159,4778.149203661432,4780.505182592999,11.270414859401082,4786.401875486208
4180,4786.902388166398,4789.503385380223,10.57515125636724,4795.523450629092
4104,4863.487268619657,4866.018730801648,13.942702288367466,4870.809961693096
4250,4959.727191278587,4962.211798328577,10.655138325385417,4968.027322968175
4257,5043.33192567647,5045.1879960833485,14.370518545064249,5049.601813425107
4173,5583.723983968561,5586.494594249581,11.228401174429884,5592.361036704858
6152,5858.111998717864,5861.033217231582,9.539715707024769,5867.902343587589
6017,5943.906037847798,5946.396808343315,13.098158978452075,5951.539234328101
6261,6035.732023133385,6038.140265971007,11.684272991311447,6043.7870607988025
6098,6123.680919190218,6126.2246030439965,12.594795495656571,6131.60871077286
6164,6305.988980126771,6308.271800351721,12.892925112116043,6313.110320714829
6239,6309.882278487442,6312.181419082407,11.064117862524132,6317.978688570571
6097,6483.691058805433,6486.221283413629,12.586747265360389,6491.737246336356
6149,6490.238951827721,6493.03186437815,9.653819985404224,6499.687727916964
6165,6573.739338920867,6576.247538743989,12.985295481855589,6581.37964270003
6007,6965.234140909983,6967.080999714608,15.485983047682415,6971.4160701865885
6177,7116.9891036660365,7119.085164054607,14.074462158207568,7123.863146228181
