321,93.70329180003908,95.15185398611037,12.60654630768129,96.58402899317977
549,230.18102614068172,231.4015899286337,13.485797945922613,232.64661092319932
273,275.8111476928751,277.09635854901836,12.756189017865431,278.55053281629336
292,321.21874781925345,322.48349332052305,11.277604508514885,324.0240185747469
1659,500.2162869302402,501.4743895413737,12.291312465378788,502.983622143802
279,504.17982091804004,505.303894624414,12.22974335987652,506.7994872984479
1908,684.0855004574261,685.1894539255898,14.451255976690172,686.4427933681843
363,725.9734656195214,727.3572930016803,10.957492165138463,729.0479233289676
1893,773.9621855987156,775.180547963921,10.830647266070066,776.822185913399
318,813.5711183620609,815.0403373192408,11.672171696624789,816.6601918169247
337,903.5619862368259,905.0084289032933,11.34910095473617,906.6209075771009
550,1045.819197304153,1047.0376456538033,11.460356468616178,1048.6033761246802
1641,1130.0443145999313,1131.2374051473994,13.285862369411797,1132.6098728877064
1077,1134.2416988146795,1135.498534710453,11.376315869401816,1137.1356659774692
305,1175.9921003045922,1177.3310627367275,12.13254102747555,1178.7554300813092
1905,1223.5443891107498,1224.5941252582502,14.37747217520165,1225.8271827380554
1656,1311.896468643328,1313.1512634727274,11.84004095188772,1314.6512405484139
357,1353.5646286542667,1355.0258849846082,12.66306836597404,1356.4141988401989
302,1355.9955370073396,1357.355905423142,10.588982388761002,1358.9834523457603
361,1623.7725693959403,1625.3105869209012,10.28912005760385,1627.0406685447344
1067,1672.8063664887784,1674.1404201959376,10.333568543986688,1675.8175727576981
276,1803.6254136448104,1805.1225424734869,12.241307265939083,1806.5585712121992
1639,1850.0407071687262,1851.2393996272228,13.03506587643676,1852.6194280808722
2310,1985.8284083992178,1987.0848911449377,13.217060624266557,1988.4255426979068
1078,2209.8707040581944,2211.125450189754,12.50672703115223,2212.6069192032132
2362,2343.873941633843,2345.324126248253,10.543346792970377,2347.0270555553434
2271,2396.1717128882656,2397.377698349155,12.413701386611187,2398.784895869173
2520,2571.864848167802,2573.13204329984,11.56907378011861,2574.69078219223
2286,2613.819201347151,2615.2448515463584,12.144030160035204,2616.685475322675
2317,2615.7534898439226,2617.1270350760697,10.798641955410208,2618.7928180994218
2108,2676.108269546577,2677.355410229194,10.885175987668628,2679.036476861837
2313,2708.0554830028696,2709.3499217721655,9.93374899456413,2711.0417490928103
2332,2793.7768363041378,2795.240983077127,11.999707024057805,2796.7858588996064
3669,3019.7972957927336,3021.0116446070347,11.354902663223163,3022.5725724253957
2547,3026.1731225865688,3027.225555305067,15.058380140730403,3028.4306724029675
2545,3032.595052175575,3034.2226275018297,10.758452068005685,3035.802919045452
2519,3034.733147689888,3036.103881819203,12.448704316081354,3037.5804305851548
2276,3116.1070428966364,3117.2805610931537,12.54875224318164,3118.718570108614
2114,3315.2410380048054,3316.355501342438,13.088078432161712,3317.7610585001144
3072,3560.5149924749953,3562.112569462894,9.638357822261174,3564.05695670115
3655,3564.7638481239255,3566.337641801327,9.761085846682972,3568.1855343049515
2268,3603.7299017307487,3605.238606154816,11.263780502531269,3606.7150024667903
3922,3747.7079741860134,3749.1618255763374,9.822840649037744,3751.038742125048
4360,3783.7940143736228,3785.354881732882,10.888883879458211,3786.8404177301727
4357,3785.914373183386,3787.181454853191,12.564793274330038,3788.5828830807704
3913,3920.1273979172247,3921.2714543125035,13.08974009667492,3922.6819582007793
4531,3930.135726905969,3931.46566152338,10.65829079135733,3933.205819194893
4316,3964.072576747702,3965.4041807436597,12.270394919018717,3966.7817980340283
4358,4143.858287448341,4145.3008421386185,11.645406451424522,4146.76717954061
5083,4374.533663292873,4375.542624471887,15.2076429547213,4376.736232648171
5063,4459.958604120349,4461.1883844108215,13.53505443778661,4462.535992160465
5646,4553.851735834127,4555.064374983069,11.442948621069593,4556.674237276067
4284,4776.152107668988,4777.3803004402,12.68491139804304,4778.713480065005
4367,4778.232417951334,4779.464827756542,11.660202797827374,4781.04611421148
5645,4819.963990183483,4821.164929810731,11.828187672560057,4822.721798084147
5908,4912.2429712300955,4913.566344132634,11.733406823379724,4915.125205790346
4335,4953.722889379934,4955.197411382129,11.784062399942497,4956.613136236971
5904,5000.168623358184,5001.375109624877,12.850225106635163,5002.774077538424
5650,5094.279680708832,5095.364600086678,13.557078719342567,5096.707611737004
4342,5133.489188371168,5135.009844599264,9.691010575859979,5136.827106800935
4351,5313.929050074557,5315.370567410191,11.328104105471773,5316.795524404354
4816,5362.120841648362,5363.36059284996,11.632506873090387,5364.972071359384
4533,5454.328895511099,5455.546801624758,11.91942693723121,5457.03253418486
5671,5456.211692291634,5457.377105271029,12.414933639682175,5458.784654642822
6332,5583.736180404606,5585.200407883455,10.524113530748158,5586.88745578033
4550,5722.156428396928,5723.346489896502,11.978565034445145,5724.863612819133
4792,5724.194914770474,5725.481817108429,11.49265282336312,5727.083274439701
6333,5763.827136523389,5765.318807631763,11.930582868362283,5766.851969837306
6129,5898.230972445914,5900.060330890185,10.304962529657026,5901.692072744699
6790,5990.1378315395505,5991.436774407254,11.638307049544437,5992.983607205865
6817,6080.142036252075,6081.269164094443,14.380654509290688,6082.580135752047
7061,6350.2879438264645,6351.517210018987,12.374895004380106,6352.996229232547
6283,6359.027205211674,6360.239394966382,11.88335991569062,6361.74485312762
6816,6444.110912386214,6445.508253842723,10.269447865879075,6447.366313622514
6325,6483.532100587619,6485.005299158225,11.177023377884382,6486.693138656976
7077,6619.932916905486,6621.112648838286,13.619710023927565,6622.444831297734
7901,6626.724616869555,6628.078639119659,10.394077642229675,6629.767047412944
6274,6846.076774287959,6847.483628293856,10.236690084714843,6849.268272108399
7890,6889.992625531684,6891.474205537076,10.068602299739917,6893.349972434307
6276,6898.110575849638,6899.471167863882,10.42569881513271,6901.186138286086
6284,7023.678652152872,7025.180114785961,11.200530811895261,7026.757083379986
6340,7026.015045801587,7027.254681612351,12.3302163160875,7028.718622724628
6355,7027.891388003867,7029.209559791597,11.130619848755817,7030.791134561175
6799,7070.15434151444,7071.4058639752975,11.853264904513154,7072.896616876612
6357,7113.865287194197,7115.277672932743,12.048972971796578,7116.814607223249
6303,7294.074264161833,7295.427259934923,12.293263971279172,7296.841638297522
7654,7610.307766737587,7611.544724257599,12.762385830902817,7612.897232762101
