669,8.55180356244176,14.173757176156807,13.543561561115657,21.775190717392704
907,186.08469814446357,192.123210571048,12.516853858830652,199.81283365668668
666,291.08221599585767,297.0165937366043,12.144077200136607,304.92365314579797
475,363.6835772658093,369.51974829495344,15.117669779534058,376.81083279977753
691,373.3591917006232,377.6962246889413,17.277234442375587,410.18252874867807
770,543.4651346801309,550.0589206281379,11.931828101261372,558.2545926145636
679,643.1775152959146,650.1809109106453,11.131561114087505,678.1900476186435
685,1176.4383850594772,1182.559841718203,13.07301500524989,1190.6371496735558
2901,2258.368433116007,2264.4308732895197,12.512871787208388,2272.6996264729514
2482,2613.7698877183543,2620.2330261318134,11.59696253344376,2628.608436401356
2774,2977.486495204926,2984.0625340969355,11.287535300351264,2992.6712292340353
2694,3247.6231614719686,3254.051726657207,11.792462102576916,3262.6631709989488
2663,3336.6620507675198,3343.0574339119507,12.311334556286868,3350.939265138342
2676,3438.944849837756,3444.505516867404,12.879923347316973,3452.589553866613
2684,3456.220370084944,3461.532888308177,13.93113260324114,3470.4326688478004
4672,3963.596993426633,3971.2945323085355,9.307458427230486,3980.978977319346
4684,4056.4044874130927,4062.247405549834,13.275177861874575,4069.7636202703884
4691,4064.0835870415253,4070.077986850321,12.832731868781515,4098.135857167498
4781,4156.220090842916,4162.233816412307,12.23776366856011,4170.372000527472
4489,5043.70313516347,5050.149778990588,11.59325097464523,5058.905654424002
4655,5045.906754104631,5052.049177789555,12.633217917246911,5089.975977791267
4663,5058.7550342474115,5064.496573907137,13.19944940122796,5092.431785307542
4667,5147.299237519957,5154.252216825633,10.997824224442196,5163.96006322544
6671,5583.765624608215,5590.112068100991,13.25660114133948,5597.8691357520565
6682,5856.293142546458,5862.4590382566,12.471444512489487,5870.867163147006
6690,5958.332753010784,5963.5947031786045,13.737594335796075,5988.196343631822
6472,6496.63636243376,6503.452610819102,10.883212207661503,6512.559264577751
6676,6871.67228311349,6878.14274397591,12.250816927347445,6885.575164051441
6777,7029.993697516936,7036.214085347498,11.670079436360535,7068.60633227115
6909,7206.50401249452,7212.303007216279,14.205325077008466,7219.754082392386
