941,93.41716154515218,100.56511497449146,11.883913623191132,108.75398566135007
669,118.14336991183471,124.11545029780889,13.295085581405017,130.161172829423
950,183.98046801320896,190.30008203320932,14.001621625713367,197.96809935432003
432,273.6501070319275,281.25137508312656,11.082705410103943,289.8137272536171
417,275.98610212505514,283.0496767428599,11.238782959313287,303.12662986295845
672,298.3023825623774,304.2247727731116,13.779104741323598,310.28597457549324
419,363.8598320182414,371.1345799698315,10.507449455252047,379.65986467599396
953,372.7235481227019,379.05106170667847,11.956418530253515,395.8133736159622
660,377.96609762917507,385.52472918336036,10.95172286850485,400.3858493341654
431,453.7074025663248,460.036809505152,14.462105213478337,466.91182200741304
932,461.7328475572124,468.2551134174095,12.006297455287626,485.9143780021604
691,464.99096927006224,470.30967694823573,12.284941897576878,487.917823218292
425,543.5139660271253,550.1907541862552,12.962197302252827,558.0072358931036
420,545.798478528848,552.0407260269088,13.153361559881095,573.320259709522
670,548.0854653418354,554.4439383756705,13.045736173964654,575.9542225939323
658,727.9349289278131,733.4611698529815,15.85001108279661,755.5296071138908
694,813.3255187289824,820.2169935257035,11.971371735700139,827.9881365183232
416,904.0332485065286,910.2165739217924,15.003634286559844,916.7848711931343
663,920.0138168633923,927.478319096453,10.42548002481241,940.6242313754914
414,1181.6185244910462,1188.2813606447753,11.985328024941658,1195.9830752794126
171,1263.8002084004631,1270.472280579848,13.638440814582939,1278.1275295154928
426,1353.5119289135919,1360.2958965692328,12.808584217594102,1367.7336144440385
949,1361.0373535209242,1367.5623940173978,12.77114517328075,1383.3711371512732
436,1445.9264143644264,1452.4685254300236,12.811140428961618,1473.3645194119804
442,1447.8745916391997,1454.1415951826089,12.089992875341846,1475.6755421543282
954,1453.8413433504359,1460.3667077242594,11.738427239468814,1479.98236575552
423,1533.9372095422016,1540.357284656804,13.96560664068619,1547.5656469626351
682,1536.0216921294038,1543.1253912737836,10.916945593747815,1563.4616350876652
956,1553.1279958435612,1560.3368259271354,11.264426416361156,1567.598009872628
689,1555.0201084792816,1562.1155708004956,10.726264544257097,1569.4957862493284
167,1805.9242426161213,1812.3647259857946,13.44774475676968,1833.1872398993864
441,1809.9174728757923,1816.1439356920364,11.83300603952035,1837.9042605199718
693,1812.0646191942906,1818.1073520514688,12.773401860932854,1840.1119169983915
185,1894.0158266974936,1901.2068111056576,12.12171804464767,1908.8681858065313
437,1983.2838308905161,1991.4347639200005,9.471489512272086,2013.1602448417352
429,1985.7465626388112,1993.3656686504337,10.634193332437972,2015.6220964992624
2426,1987.5958440715017,1995.3160662432877,9.571628673471524,2017.871206117377
2695,1989.482676884143,1997.371474316677,8.754067286088045,2019.9112677981736
2666,2076.1332345493056,2082.4702478532668,12.798196308301165,2103.4564600445688
2924,2089.9600551407198,2096.541532840481,11.833441349204392,2108.7496203278165
2415,2163.5520060125973,2170.087086369945,12.335479102454682,2177.589906651749
2952,2172.0283554223242,2178.5322138456104,12.779240715806571,2193.1050977746227
2685,2253.572382114045,2261.0882401627455,10.725906572533688,2269.72008096969
2933,2262.4375693182237,2269.5216590450877,11.390844890317252,2289.7287846776203
2678,2264.3031935748154,2271.3262035511652,11.796523927546389,2291.6606258861066
2960,2266.225782306729,2273.079099548101,11.056113041229713,2293.559584329629
2442,2343.817314777397,2350.2627795864464,13.329253387023105,2357.426256982799
2947,2362.153227568055,2368.0544368505393,13.852459863459632,2377.669145358501
2935,2364.9304915357734,2371.230433319632,12.054467863480596,2379.686498805105
2444,2435.9324843794107,2442.523543160148,11.788178918477799,2463.7300378187456
2944,2437.9223309940644,2445.0855684873163,11.07901476347854,2466.3422000455275
2660,2443.9407786894735,2451.258160267429,10.770541012243886,2468.457175359541
2421,2523.55234846577,2530.144929203581,12.288010428648072,2537.682262793648
2931,2525.9666497190947,2532.5012826200077,12.594623824532395,2553.0896019475567
2949,2528.4014270641837,2534.352229064009,12.624615438117765,2555.5626923609057
2686,2530.2622902107064,2536.174741331121,13.550518507026512,2557.7074553378175
2195,2614.043800757689,2620.4207598060043,13.392767866959879,2628.3749808693983
2413,2616.277184341649,2622.365914926395,14.127832075135377,2643.359906437247
2680,2703.7809105162196,2710.095544689644,13.503400776827165,2716.909749112084
2942,2795.568897566967,2802.263987963778,12.273883817937508,2823.6315285181286
2937,2886.7710935660525,2893.242373160454,12.97153475652795,2913.4955295649447
2436,2978.773571793085,2985.401312074027,11.382752601500947,3005.8168826256588
2435,2980.987159697093,2987.2521802325937,11.770252923356608,3007.8392865651635
2430,3063.437385395233,3069.5819092581733,14.94145599621556,3077.174854520996
2674,3153.864874786796,3160.4142008358067,13.536051500118225,3168.113451260669
2422,3155.7919760311597,3163.0896034515545,10.412885856615176,3183.2801622015886
2420,3335.8019714786346,3342.19133324442,12.899130839980547,3363.459213831612
2956,3342.500115481501,3349.3195699292833,12.16504456000975,3368.271769107205
2694,3361.422524536963,3368.278584107296,10.778893592923117,3375.347933019627
2687,3423.48546921398,3430.119349161971,12.378864410933627,3437.599300907176
2165,3425.6427424367744,3432.1155144230556,13.015980171173895,3453.476953328394
2438,3427.928765834986,3434.124721026396,13.21408175757404,3456.2638603617115
2670,3432.0041264627794,3439.0122295512997,11.94014550823821,3460.6450427501295
2663,3448.886988113352,3455.1515183157135,12.133767387083019,3464.330845984646
2676,3538.281098869559,3544.4018654749393,13.086175397490592,3550.6664055947135
2684,3540.0435508252517,3546.1858845594506,12.832652719564551,3552.3432669990843
2441,3603.455031017767,3610.156231232361,12.571375349194751,3618.008086123853
4683,3783.7582401475447,3790.519431644215,12.634790257480471,3798.4946326393133
4943,3787.5072918298747,3794.3416608449506,11.699696023961355,3815.9359279303194
4430,3792.504374318198,3800.048680799685,10.411959288270351,3818.28176274474
4428,3963.56705395978,3971.3989247455474,9.985206128117078,3980.135333847066
4441,4053.565641516852,4060.234102646292,12.480068230563164,4067.955856095197
4662,4244.470517259063,4252.1146499663755,10.604231033839236,4266.1150457154035
4673,4339.856162166802,4346.255643513415,12.27975243997459,4355.912374085662
4425,4413.718502175212,4420.1918657107835,13.192084548868603,4427.628224833033
4434,4415.974042773452,4422.0619762252745,13.993077144966133,4443.0291992286575
4930,4418.058539196316,4424.597759946704,12.984739035714439,4445.441024836534
4409,4684.060901228031,4690.496456567991,13.161374925886246,4697.753688591834
4669,4691.194830839872,4696.228344495845,16.286047834270953,4713.899340742207
4406,4863.5060464722155,4870.05167678308,13.658958797128246,4877.201942051802
4440,4865.6358844620545,4872.535328802568,11.506488745306239,4893.209164542741
4931,4870.904604288946,4877.068104127359,12.782905621729748,4895.773616183497
4950,5136.094290396621,5142.615674541217,13.023215075302772,5163.183906182549
4661,5138.040497166202,5144.403948673753,11.45106957636216,5165.530638397109
4655,5158.945698265962,5165.26053289867,12.92906605610871,5171.5265086798445
4426,5223.821912840634,5230.488384343688,13.15335233224434,5237.814077405619
4411,5225.872223655526,5232.3633169680525,12.461932194178669,5253.192406932358
4424,5313.5862561028625,5320.248118232156,12.584134234632797,5327.870379180024
4429,5315.709910181182,5322.14955262301,12.663483466247664,5343.62282855358
4173,5403.893896604792,5410.270196014641,13.780048172066953,5417.466983719158
5044,5520.280415667047,5527.46714562076,11.570082856140539,5534.6097630982595
6413,5584.205008007234,5590.502620387569,14.183790017969114,5597.823777237027
6956,5689.014663342213,5694.629737626758,14.559288659567107,5705.80758374959
6195,5763.481979431578,5770.307333360149,12.131118278658015,5778.633731656448
6932,5765.472333467343,5772.107322437597,11.414529452240119,5793.412928654859
6697,5781.826686678722,5788.393017088245,12.280894931803406,5798.090981295587
6689,5854.13187599653,5860.596060203508,13.299819323530171,5867.845180204268
6418,5861.633122585628,5869.381293687591,10.23114351560016,5883.243306385839
6692,5886.23267168114,5893.262997327695,10.977883861789799,5900.485571402778
6682,5969.423882479867,5975.553011135973,12.81180740537566,5981.797745360154
6177,6036.123070005702,6043.307618872693,11.132874215033732,6063.709597372894
6678,6059.878551583537,6066.447815479457,12.903958538541051,6072.962361766813
6690,6061.757349381534,6068.244342717395,12.366839798700576,6074.714600862145
6955,6143.105540412555,6150.169560224896,11.941967223166465,6157.192872628887
6667,6148.419285010141,6154.544593371653,13.427549017010065,6160.725351906086
6664,6219.9870369374885,6226.418816995718,11.509939142866505,6247.660760199832
6677,6231.130610178116,6237.525966797528,12.198488840006512,6251.883295681673
6679,6393.795438177105,6401.069448427263,11.409633803639336,6409.408994309226
6428,6396.710481301047,6403.230658465676,12.504293300215043,6423.441222653563
6423,6402.051748746517,6409.297300070608,10.880297133364682,6425.963813937531
6417,6403.884042097507,6411.1813573466725,10.64941307166798,6428.341902410188
6668,6410.971864864154,6417.092076781303,13.441940793891883,6430.553861051731
6437,6483.622450553532,6489.609688067065,14.932015581158115,6496.874883374247
6695,6582.356209063501,6589.506023495413,11.159179621064927,6607.814200643248
6411,6671.028922173362,6677.347372254634,12.164234730994616,6696.0616758076685
6693,6691.078821378701,6698.018576085191,11.175400191388713,6704.894156328033
6434,6845.968441936647,6852.123972232189,14.247584786166389,6873.579797936089
6957,6874.983290784563,6883.067267915084,10.308153805644613,6891.051488950275
6698,6941.288787694875,6947.46598504417,12.464719706563057,6954.948245235516
6926,6952.2282822419,6959.046107025126,12.182481997506523,6965.868727387055
6420,7023.926432714033,7031.006515334589,12.423010547988644,7038.714680756737
6684,7043.634824870705,7050.090908030435,12.369016684975117,7056.7390236266965
6675,7117.928498197883,7124.37716211569,12.373793469575661,7146.126705651108
6694,7119.771362915433,7126.164827553697,12.377028934451994,7148.58529944161
6666,7130.89110585658,7137.123111753972,12.430861836087134,7150.497689006788
6685,7206.590210337853,7213.007178990878,12.917282506414914,7233.367196288214
6663,7216.752208245819,7224.012896083274,10.845107087946003,7240.317981029184
6661,7222.855143076444,7230.094316805391,11.266125389067314,7244.231936197197
6696,7293.896779742516,7301.09491719241,11.408311384244662,7308.942089325723
