1367,28.0,35.07972769720314,11.383538816536111,42.73147597508405
1373,252.0,258.0141262851822,13.822805698624572,263.5007027034625
1349,268.0,275.0035330904726,11.447989134375055,282.8429422773225
1450,300.0,306.40753036394756,13.07086076516899,321.1367721113198
1357,350.0,356.40986970712856,12.571255375261305,363.78081752000907
1416,374.0,381.1376276873251,10.758486467097255,408.3283591877071
1376,475.0,480.6507411716854,14.742948120714882,486.9081854151447
1475,521.0,527.2442224190024,12.3531970828412,533.1453808438997
1396,577.0,582.3883645168416,15.727295519602563,588.5173687974557
1454,626.0,632.034062032331,13.132684163414751,678.2415211008189
1479,770.0,775.5257849489516,14.837049777471139,780.6756279667717
1358,786.0,792.5282428003742,12.155897326082474,798.5986821244727
1460,883.0,890.1692942697679,10.611242345342502,898.0555281457753
1474,1013.0,1019.461508668942,11.841423602526488,1038.5876772420859
1489,1146.0,1154.0004503247455,9.329553688764577,1161.962814800037
1461,1190.0,1195.5929813594137,14.583936570331765,1218.3467108355521
1347,1427.0,1433.5428422415982,11.86851441938622,1441.0061545922044
1354,1520.0,1525.5793824460757,14.46072484078632,1531.891749921031
3446,1814.0,1820.015961526094,13.251417624717458,1826.7766590629935
3424,1846.0,1852.3595029469059,12.463285054728587,1858.2408597589388
3429,1883.0,1889.5266101981638,11.630253850369346,1938.7383629796846
3501,1887.0,1893.2020586672957,12.993089107500213,1941.249949873031
3451,1992.0,1998.0348591725835,13.439405639810193,2028.1637107293593
3428,2098.0,2104.3114811899945,12.839995099883163,2118.7386144584193
3496,2099.0,2106.3236553809375,11.328213168157298,2121.1371844461996
3355,2147.0,2152.446911239286,15.033637535466495,2158.7092527480045
3375,2178.0,2183.142134717056,16.277482450181132,2208.349843970794
3486,2259.0,2264.5389990991853,14.5019292604239,2270.949485533978
3487,2313.0,2319.290998022242,13.176860044215438,2325.003735601757
3364,2391.0,2397.2599434055783,12.259329690253354,2403.1195614961666
3488,2438.0,2445.400865480955,11.025790256317213,2453.099525677784
3399,2456.0,2462.127960905488,13.050099427128282,2478.5086487685458
3420,2575.0,2581.3562205441967,12.98795874266602,2587.1442805246907
3426,2616.0,2622.146949368291,13.135370011937587,2629.15672750108
3435,2737.0,2743.454595107184,12.448143175198295,2749.7093707416734
3479,2825.0,2831.105971021719,12.659190206541357,2838.2358012148734
3354,2863.0,2869.4602309485404,12.500723716442037,2876.797642648388
3402,3171.0,3177.2460081606946,12.552509493641708,3183.922926832316
3482,3218.0,3223.5953116326314,14.737538026943552,3228.710702681596
3361,3313.0,3319.2454339121036,12.733370645926602,3325.9616472639846
3359,3504.0,3510.023610953542,13.515054666029123,3516.9264032521714
3441,3531.0,3537.2186014016534,12.92015463875386,3558.5900454700186
5385,3661.0,3667.207190327758,12.48717821043447,3672.9321290569137
5451,3679.0,3685.2720300158326,12.325150048415065,3692.457874082578
5358,3743.0,3749.5640126188173,12.212389578492193,3755.592091740363
5352,3789.0,3795.4066839180146,12.20634623600603,3828.376140433819
5457,3790.0,3797.131539168014,12.552978274098601,3830.669930938929
5391,3932.0,3938.423061456229,12.324804551727535,3944.5376427191395
5436,3962.0,3968.378456179547,12.832845433295802,3975.511848819688
5398,4413.0,4419.436121831249,12.575709495647972,4426.7568001387235
5490,4462.0,4468.274733828029,13.078591351795293,4474.135482856984
5481,4558.0,4563.357421910568,14.843008167882022,4568.108612950607
5372,4628.0,4634.566957695257,11.837644076668324,4640.853375790546
5367,4651.0,4658.474816243788,9.979028463996649,4665.717835788303
5478,4749.0,4755.320280523346,12.229319380761968,4761.218352113254
5479,4783.0,4789.099782011396,13.193022394182368,4795.805686577263
5361,4835.0,4843.068590670667,9.206074987932016,4850.931006284098
5445,4938.0,4944.48638105762,11.538727440311913,4951.764650672833
5366,4966.0,4972.497669365919,11.687389933422448,4998.377268231923
5430,5208.0,5214.336257559148,12.696831081253748,5220.988906124863
5502,5245.0,5252.070321896972,10.731269263645855,5268.711347128437
5500,5250.0,5257.449734627454,11.308068908151352,5273.586112942227
5497,5334.0,5339.571898859608,15.103744936337348,5358.061760529303
5422,5391.0,5397.299695262338,12.205926432224325,5404.772104419013
7384,5743.0,5749.3883785393355,12.385301981761783,5756.627822531962
7406,5840.0,5847.068092596364,10.619766716018601,5854.962048292063
7361,5879.0,5886.356031478992,10.283571093914556,5900.752822916166
7387,5961.0,5967.0223784197415,13.422848672944792,5990.198782877588
7474,6117.0,6123.450193663286,12.771527513007404,6168.418174941033
7402,6121.0,6127.068538113676,13.399473615517035,6170.932328940368
7354,6183.0,6190.069061752134,11.082538517710248,6196.955854855172
7468,6217.0,6223.329889965339,12.84840634653677,6230.555494552866
7462,6252.0,6258.495099396446,12.642851087980288,6264.836881958646
7433,6299.0,6305.135811062173,13.09617185365292,6311.881138099715
7461,6660.0,6666.55605771404,12.019035593164286,6673.766130468922
7399,6667.0,6673.2597309274215,12.603009169477131,6710.6261800520315
7446,6714.0,6719.459854170189,14.263318901048422,6724.471645273779
7360,6734.0,6740.351819673114,12.20762394721582,6747.367249998828
7367,6789.0,6795.354560407181,12.555786318143115,6801.564697394508
7444,6801.0,6807.494875423997,11.816522363687275,6813.72469397528
7459,6812.0,6817.584995251076,13.996195857566718,6822.685428229816
7487,6922.0,6927.555308965501,14.832902231061961,6933.818256248076
7495,6992.0,6998.491193069122,12.297333003888237,7004.601622831074
7453,7138.0,7145.485627310007,10.61643034312792,7158.500902107181
