1362,228.88617491551844,236.5307412417286,11.51782031101907,243.7788824408473
1352,238.72838036363567,245.55773787659552,12.80720417720708,276.12651905860565
1343,324.92983898715846,332.1470778558441,12.372385909203246,363.67498792470536
1512,410.88979037835816,418.39568417424107,11.845248769888727,425.4081151507287
1363,780.8906344454892,787.4080139709047,13.48280138770641,813.8920327292017
1508,793.1321420605158,800.1323258990004,12.976418448069957,842.8289196042034
1510,858.8760148233633,866.1957020848979,13.369346679918255,872.602698069491
1514,950.7374813507031,957.4632172806021,13.095074606590652,963.7350288276242
1452,955.174683756846,962.3521171593886,12.098970971279787,993.6521077439137
1631,1038.4506598720534,1045.6158220245695,13.227188311697612,1051.739171291972
1505,1508.124762580089,1514.426980310454,13.165593089228823,1520.7233306244946
1640,1578.9391342984234,1586.567896168839,11.803579344779836,1594.172617585568
3628,1818.2016558671498,1826.131985630107,11.563465121328496,1832.1431885529603
1365,2028.4707646793981,2036.0887337678212,12.344527912709005,2043.1355987485315
3363,2032.9685865482445,2040.2696433234967,12.304086810991807,2073.7847434485325
3617,2121.2876035239906,2128.0204545810943,12.881633470493929,2133.955949348281
3629,2123.5408774874427,2130.4090848850133,12.988375221449123,2164.7815223055645
3346,2209.2296291594926,2216.2469542081403,13.838076585631708,2222.829829487095
3351,2482.745756963033,2489.4240084352873,12.057743845770151,2523.793506620688
3369,2667.3334129972554,2676.0748881583004,10.840122563266963,2706.2603335456697
3637,2703.0160020926464,2710.4935136942386,13.748468413736223,2715.7542240817693
3362,2756.9629577766796,2763.4248848950033,14.982354761510381,2769.3061924371227
3360,2850.5364994580536,2857.014532501511,11.506898841634852,2888.2554959401155
3366,3029.787456686707,3038.016353264927,10.910746733953907,3044.810811097793
3508,3063.2985252272833,3070.3220734044,13.302156990944216,3075.4803155467534
3621,3198.710355813041,3207.428997300381,10.321954500958512,3215.384883817915
3639,3204.949209658302,3211.274627680572,14.441767076355507,3243.8631257695147
3349,3210.388697585924,3217.0424314124593,13.659181089487095,3262.908817541041
3358,3471.1416943542313,3478.2696865172006,12.980369195104025,3484.9532711986
3619,3473.2278936929933,3480.0803264669216,12.75297973303778,3513.374143036797
3440,3748.9980059403288,3755.449848496531,13.624955593194473,3783.222375328454
5637,3829.2385460020682,3837.080946432542,11.523655249721518,3844.0171823865426
5639,3840.9730931381437,3847.1833575787873,14.706415385519032,3877.3911406312195
5512,4063.6308437592666,4071.351654360169,12.134081387052555,4076.9572893020836
5629,4098.716572753916,4105.601204853129,13.161169159453012,4111.971993860006
5348,4106.835395556289,4114.301333025329,12.413428309903601,4147.631910854243
5351,4108.564296280242,4116.079763137442,11.142831473365522,4150.177509057697
5513,4278.670305922759,4287.133220797932,9.950917185512369,4294.612998334403
5510,4342.150184228444,4349.092063484626,12.64205635845468,4354.407535830238
5619,4368.926931192561,4377.18759313797,10.28643523932383,4384.543502388736
5505,4375.6892359176845,4382.497951214715,13.213224142479621,4413.828891879041
5644,4377.797305028404,4386.279324757949,10.739065817430811,4417.57680094421
5346,4379.7520904620205,4388.131425887471,11.579369912810765,4420.365734800783
5349,4731.064791113111,4738.407383105306,12.559542303953512,4744.826836897572
5621,4957.948309596377,4966.496413117654,9.96354942863878,4973.244479538231
5514,5088.661752090658,5096.3265805217525,11.172777497741501,5103.392040786198
5360,5095.012591436667,5101.239155178247,14.242867455151913,5132.938985195751
5506,5270.466218869124,5277.044034685023,14.418449797297397,5283.37427821892
5515,5359.11655999872,5366.1280861472305,14.13924507713609,5371.995805833979
5362,5371.432267764778,5378.041192305557,13.597156085146406,5407.881626812244
5641,5405.84145326034,5413.494777090234,12.244014423470935,5419.383976681722
7638,5553.6020342883585,5559.447688266472,15.258730249105794,5583.1535335252765
7357,5899.162724991242,5908.245135207935,9.411806770253431,5916.505146579784
7443,5905.431384570997,5912.015276616459,13.754622008563498,5943.0225215095315
7508,6008.31214163907,6016.286975343229,10.492274109332953,6023.868718408946
7442,6172.067302070073,6179.064734054127,14.2817008095231,6185.614614821083
7351,6269.435705830325,6277.014385566066,11.926442430738886,6283.607978936043
7501,6311.645077325254,6318.54695581389,12.69803146650962,6323.822078466154
7503,6438.946088346298,6446.591605109421,12.68970951661048,6453.56722625222
7615,6443.032989439473,6450.059280818055,12.489217658242373,6483.816406678796
7506,6573.010408579809,6580.605897525961,12.794838998814393,6587.686753808043
7635,6714.290103881983,6722.498403087491,11.709879254500487,6729.866328158995
7511,6898.179992445635,6904.567412850055,14.307703728292454,6936.202129780281
7362,6985.561597455467,6993.27686109806,11.189119063277536,7000.413393269655
7363,7159.061340249574,7166.39036963236,12.863630003317322,7172.718719963625
7619,7203.298471510934,7210.019387526782,14.97174419003632,7214.916100220009
7352,7252.363923021687,7260.444272630494,11.389676348285308,7267.262757136617
7512,7338.836131096009,7347.329017528827,11.183719508456045,7354.833582162753
