535,360.61126639000423,363.40389446637806,11.43893174420374,365.8967250772748
457,839.3912376451356,841.2997811422762,14.395439028583008,843.2193522998374
529,1470.2704139371901,1472.2137907334034,14.865985038930592,1474.1934799159976
547,1725.0830616808664,1727.1831986392572,14.315536712676916,1729.2318695620904
2552,1925.89537298599,1928.3142477191857,11.542421337107653,1930.8013840086026
2524,3333.7960988392188,3337.2925808314567,7.812617322161223,3340.593674567616
4546,3723.377272938723,3725.564916422923,13.16306435301153,3727.7398611864937
4530,3902.8096650776624,3905.0363800407067,12.680482712336678,3907.2221986608442
4452,4231.316936910531,4235.171120148357,12.433337374030259,4237.523546311839
4533,4360.758260130892,4363.275520069325,11.186332124155017,4365.882672794865
4532,4681.341157784643,4685.490633230376,10.93088092761232,4687.7147807174415
4540,4951.413992871435,4955.368280563925,10.424917496441408,4958.203599709379
4451,4985.767917008909,4988.216889409319,12.442671856593467,4990.534456197061
4547,5041.536089025299,5047.147440888319,8.22169552470354,5049.899542219239
4527,5167.6727974898995,5170.469479502161,9.978920537500388,5173.277752645707
6543,5613.826405470702,5616.030850667767,13.385680565078722,5618.204887232692
6526,5671.272300773623,5675.131466244952,12.298038681735836,5677.216748154629
6547,5701.961439852397,5704.159777824579,12.961686830141085,5706.313655300332
6555,5761.288932384102,5766.053432130754,7.648434603253461,5769.074900474328
6538,5791.322253572225,5793.382595964015,13.893421135846117,5795.384543460579
6540,6337.751382612729,6340.341245217929,11.41449570207176,6342.957299050526
6551,6931.288514675161,6935.109197708669,11.909928816816054,6937.26823564522
6545,7144.780028566325,7147.057435251096,12.42670050063002,7149.354719031875
6546,7230.51712867696,7232.528575399428,13.924038569377183,7234.521672855564
