238,199.53093853792794,202.57899537111985,14.38567598867832,205.71423105859427
225,275.872395394002,279.3661978827687,14.905961443613513,282.50885423162134
46,322.8843687766002,326.2904602368157,15.36307651423204,329.3684812628913
237,376.7507343962988,380.2912834552251,12.467137584604382,383.9221939586168
246,568.812971605308,572.3855533560485,13.03621648015832,575.7974422780454
243,849.1515913457098,853.187019342724,11.735046201137736,857.316400247072
235,903.9369883975753,908.2780819212492,11.241035449198886,912.2636057559648
216,1632.940045900716,1636.1135609485202,14.069666789690272,1639.2666244370496
2241,2525.790888370564,2529.4136449709554,13.787455635175723,2532.832696490373
2257,2542.4000482707697,2546.268454150281,12.001764705079196,2550.0536686635082
2244,2883.691178000787,2887.568363508909,12.349441209977526,2891.174189409025
2230,3604.47127356839,3608.202695922012,14.675800811907383,3611.3196323646625
4087,4909.2971676392,4913.478233105933,11.532576674857314,4917.270405307356
4037,5359.055629437689,5362.60449468906,14.001951236340705,5365.739355863612
6088,5719.604837933746,5723.540943625888,12.994213214897973,5726.986726762097
6059,5727.82563394934,5731.272972578631,12.733939849838125,5734.875791382802
6228,6315.86143472718,6320.143744711165,11.663362168001726,6323.890145785789
6249,6964.889824697313,6969.154156382583,10.32285328191768,6973.50675007491
6062,7068.853285620215,7072.566715962448,13.680026622630997,7075.872410313818
6246,7113.7641486812145,7117.511982490568,13.190723976578813,7120.9308349943185
