1297,114.09259753301684,115.25369100834331,13.245264116842915,116.43309811279603
1204,183.6613922345074,185.34743371879304,10.586631951481289,186.67030419825986
1201,185.68491805708436,187.22122292563193,11.837620328475094,188.44953474159655
1323,468.2821772090197,470.0878622048791,9.718221986215834,471.5775888041265
1212,550.0549158945986,552.0317516633608,5.717257937010528,600.1312730031018
1270,993.5206593177047,995.2017728705013,6.742541869801887,1014.5069739307941
1234,1019.0277024851456,1020.4470638173011,10.861685707630995,1021.8816589776403
1226,1130.656585049,1132.3313836703533,7.8031625548228405,1152.2167262260177
1299,1308.7380385770884,1310.3788911656702,10.369564188916362,1312.875295835712
1263,1365.666060493977,1367.0551048667187,10.625144667757603,1368.5593249076592
1319,1443.8530706873194,1445.5080621352117,10.384386163159332,1447.964683846621
1386,1519.9417200478329,1521.3301863228355,9.982430442270287,1523.6596790145509
1220,1533.486550612982,1535.0731006573535,6.7541302759301916,1566.3781172705144
1213,1578.7766696617828,1580.421198630397,10.920811158235697,1582.7828735638843
1370,1691.2090781446716,1692.3573470445153,10.387216961032802,1695.2593933857431
3194,1893.513858284874,1895.0231976067437,9.452034916688108,1897.75181242044
3294,2006.9162401239387,2008.2032471223756,10.04989621357252,2010.7377217088426
3447,2060.4346433788032,2061.565925375595,13.360174932023098,2062.6917022443704
3245,2073.5524555881634,2075.1034359697715,10.312296436299752,2077.269775305913
3227,2166.5249824734265,2168.302543549236,10.702694954311106,2170.795288874403
3243,2253.720952231615,2255.3282359224318,9.652630646642253,2256.9021943131524
3686,2301.8835469610462,2303.2369223872106,9.603822115008585,2305.856303665853
3182,2343.7234746865547,2345.422080791149,10.314301392856017,2347.7840428253107
3185,2350.262892948505,2352.033855523067,5.867904849290397,2394.580371246081
3299,2845.4743216288066,2847.034312558664,5.732168575321538,2877.217589350991
3230,2986.923458574442,2988.3608281607976,8.124181709714136,3015.2295102492685
3280,3173.912306692115,3175.390927423125,10.74224309831443,3177.978693227806
3457,3220.5666795327807,3222.2845334938715,9.180793479709079,3224.0767510610467
3372,3226.7590098956066,3228.3978883437994,10.78385482144338,3229.8280329427016
3365,3393.7681287757146,3395.1537623458644,6.870542849044569,3429.0439339771856
3187,3516.568658638345,3518.29588295934,10.108724968406769,3520.754099167136
3671,3648.852189066956,3650.3617668215998,11.860972381466985,3651.650114378094
3684,3745.90214596957,3747.4331968519577,10.040320893666028,3749.929199777307
5236,3801.7568648202764,3803.058191893043,9.37819628893277,3805.3765797385595
5457,3919.04726539135,3920.5081453742127,12.207407940551311,3921.673910020961
5459,4295.255598244971,4296.507567942253,11.886654465536802,4298.7524043853955
5373,4478.5571272906445,4480.135642324554,10.410568259636694,4482.3565462491115
5464,4484.64157488003,4486.007704367168,6.498996282148695,4533.193086945714
5228,4728.449960468814,4730.182910622096,7.026218212192835,4740.18740113501
5265,4773.549577040337,4775.144528138819,6.742112901061761,4809.34935853603
5229,4886.235971738626,4887.401991627792,13.330037592291362,4888.589014700006
5255,4953.581891963422,4955.17965508355,12.019781972146946,4956.452876326938
5334,4955.749177131033,4957.136310730645,13.531239016642536,4958.272482001253
5300,5003.79461419268,5005.3929997431715,8.245627873342013,5016.383559006953
5287,5046.109623599106,5047.50270380785,11.499604031940935,5049.783290749135
5276,5139.736587203385,5141.427107633611,10.921439543238762,5144.135210134359
5240,5223.857261516978,5225.3967802234865,11.869121952891277,5226.68512261918
5312,5338.269328074071,5339.51539308763,11.6658265732715,5341.778702058646
5290,5406.463734443188,5408.255621728229,10.254230293705351,5410.540956557245
7269,5433.116832598646,5434.433219040917,11.597212785269576,5435.697759682489
7210,5607.997267962963,5609.445994128938,10.669378338552471,5611.700551770961
7283,5685.697389662406,5687.048700506361,6.639384031783167,5706.073085952053
7454,5735.755230272489,5737.210713884575,9.58228845655212,5740.069847543872
7302,5808.992602926493,5810.508554155792,11.82494717614117,5812.805568103398
7223,5898.886296450413,5900.522461078574,10.604102789947282,5902.815897360823
7695,5989.8840175804335,5991.21578972535,11.432943203844555,5992.559342236361
7228,6067.8276302429995,6069.223319575618,9.69620963410315,6071.774407538584
7199,6303.837295239012,6305.467883842946,10.530063511946647,6307.794696081182
7213,6427.945507664738,6429.078867003171,9.438178534835314,6432.103769015092
7194,6485.730917678821,6487.243580060978,9.733510497158818,6490.260617097836
7379,6544.719859508071,6546.01104669983,11.644451203240733,6547.344380407174
7204,6604.939964153556,6606.006847381423,15.040299632071964,6607.031128939805
7197,6754.402216583262,6756.143049565292,9.414309773909903,6759.008537186117
7461,6814.590923964534,6815.616303925245,14.902607216876177,6816.66961349255
7451,6922.909551830128,6924.104807972371,9.815948930295248,6926.725248302566
7274,6960.1446584722225,6961.397930151176,11.796179889821444,6962.6905620775915
7365,7088.893926524816,7090.444862446851,9.49349663754017,7092.0094664457365
7462,7100.113815642369,7101.530358516462,10.734572522163225,7103.721978040495
7295,7116.261703618451,7118.1614186624065,7.283034512565677,7155.038122453937
