1218,229.62592988647395,236.1195828687432,11.731527668038153,241.59337318838067
1232,320.0726126830447,327.21969939723726,10.567180720139135,332.84406841884373
1298,321.8769113898747,329.0500730805121,10.114757569161842,363.44214593454507
1455,334.8388796377717,340.25804362286357,13.557865631346138,366.0139315254858
1385,336.86609459347153,342.1465221836566,12.89221280669807,368.14143136401833
1377,409.72913404780115,415.2745459652719,14.039729317305449,419.8550394511604
1219,689.2513538054592,694.4998008099908,14.323642298250142,723.3729472909571
1233,859.7601981145236,866.2896418384415,10.648275464475478,871.7427502265309
1454,974.9821278904188,981.216382688103,12.681704350879988,986.2526334219353
1391,1059.200182236175,1065.0893233408622,12.00319152357563,1069.8437265906055
1234,1131.7875096975968,1137.266071356606,13.041328593563042,1141.7700930401147
1453,1142.6443282098182,1148.0200938037763,14.146619205487848,1173.1730314243891
1457,1254.1385549581955,1259.4077862001368,13.782431149165648,1262.6770196740654
1665,1353.1594027145188,1360.1109233183568,12.271580067838801,1364.153723600127
1382,1508.9673296986193,1515.1686343613064,11.460787123020388,1533.6030991529863
1452,1579.9940124874436,1585.4535465790234,14.222023146985379,1590.126304528434
1231,1685.7905046565345,1692.4346537080705,10.89743855338453,1697.7582878809235
1221,1687.578176369997,1694.2734992428684,11.855159084799183,1713.3808148623384
1225,1689.4145785456176,1696.0231786718996,10.968341397110809,1715.8361937252632
1296,1795.2435802144455,1801.1975000421828,12.330751523989166,1804.9533353539732
3456,2315.5557542229526,2321.1537044813176,13.948509782301718,2325.831038086404
3230,2481.813847316218,2488.22446667827,11.249249489436355,2523.9141488723135
3372,2498.820800756088,2505.040943843691,12.170058914737384,2528.46449702692
2027,2537.973763610983,2543.361655735132,13.88012068335384,2546.822354666032
3217,2584.179541824987,2590.2247399640237,12.749351046318045,2595.15169118873
3388,2587.666848486166,2593.537990324139,12.236628553611785,2613.0923505511346
3377,2675.131700433844,2681.370032353535,11.61225039546759,2686.5342731747332
3384,2680.360081949681,2686.221175401129,12.483330488906942,2703.490994493074
3236,2855.6637672282395,2862.254190418253,11.618992544720744,2867.520338900736
3233,2929.960016156199,2936.2851855542285,11.614920322579188,2941.333722217928
3392,2944.8021720168513,2951.113153056727,11.975033843654982,2973.193273730796
3374,3020.084237458893,3026.582447256075,12.184199711874355,3031.937510449124
3301,3494.782686944626,3500.07299850848,13.986294114210857,3504.8275639181365
2034,3524.587532024199,3529.4840213921666,14.922259725436147,3532.5268249589776
5371,3919.4600043924456,3925.536363772106,11.914969969708851,3930.744448697525
5372,3936.453110904959,3942.3559858816857,12.173052550600195,3963.1476713888073
5229,4128.368529255489,4135.220640075203,10.833013523463928,4140.2902652898
5379,4189.632988391679,4196.0490116660185,11.55485747033953,4201.16602607412
5223,4208.39038074977,4215.317701905929,10.775199183597842,4235.946475309947
5301,4279.766974157788,4285.12863323074,14.98649162203841,4289.755346765347
5296,4311.18479041457,4316.416866695479,13.909194503823901,4327.860624343924
5224,4489.920395018033,4496.071446542748,12.416211606646248,4500.363623860674
5451,4494.329152228148,4499.382415843261,14.444965352670325,4502.73301126849
5374,4564.910374799509,4571.166417734707,12.421324003330522,4575.9077916916385
4114,4607.201068876613,4612.354739610515,14.34938075339179,4615.667060200948
5220,4655.563676069606,4661.244292176675,12.660867240958096,4665.774270841619
5452,4660.445201662227,4667.258977084198,10.98556093581284,4683.422804987583
5221,4665.937398021142,4672.344223712656,11.030190766953508,4685.973470410612
5298,4742.656446478742,4748.105530357091,13.251620682326672,4752.768416276708
5455,4750.9459374516455,4757.420233677628,11.549460278913601,4778.058487393188
5454,4845.500655035452,4851.567736823882,12.234643162588045,4865.912297621019
5385,4850.3204736543885,4857.036048120624,11.4860704292369,4868.110056797966
5219,5114.205323749405,5120.0152409507145,13.220774652537285,5133.27741752139
5453,5195.197511020402,5200.461434600864,13.740502632736783,5204.877357144413
5225,5196.907340800573,5202.174922362114,13.781851880102558,5223.2383891150075
5295,5271.86879026212,5278.215755696683,11.490093263544713,5283.548125288023
5300,5273.7758498879175,5280.132579033424,11.300799478586868,5313.30756695797
5297,5384.049291466473,5389.418427442342,13.741875970246692,5394.094661461462
5213,5386.7954999210815,5392.416224496073,13.474678868581861,5403.553761620905
7209,5629.725975743458,5636.0156626699245,12.161395357149852,5641.152426094737
7451,5824.933989665161,5831.363532686911,11.42275757759115,5837.13838583306
7454,5826.813434316511,5833.162195521472,10.879630540519734,5853.542450452878
7383,5828.693502801724,5835.0015179065485,10.883449482616635,5856.197938733904
7668,5943.271127444411,5951.1306571087825,9.820987544279264,5955.999599064228
7457,5989.885421897233,5995.541707334397,13.716390999040316,6000.4508989155365
7300,6104.363773373726,6111.283557120282,10.756173162954175,6117.01419688423
7210,6260.188713756535,6266.043424510738,12.867028707242449,6271.25427162313
7371,6274.814626039314,6281.066275086851,12.52954215637691,6303.467642597432
7221,6279.58058897504,6286.124511297223,11.4283224188202,6305.767983615289
7295,6443.270642352243,6448.529174574887,14.384929574796912,6452.897011258806
7385,6454.1411341432595,6460.189611256132,12.781702646925064,6483.2760626599975
7452,6458.278816376619,6465.148476123619,11.147991369337882,6485.685924830175
7384,6549.877496556215,6556.205374905615,11.950388503675612,6573.6316236974935
7212,6560.233620554593,6567.261364951954,10.638658500793602,6576.051457734367
6069,6587.3991609113655,6593.451083262416,12.23912074407338,6597.327606852
6046,6592.14028668216,6598.404313133585,11.419168568996474,6602.409899380842
7226,6889.9652981078625,6895.5630456554545,13.957970309291694,6900.015274404881
7232,6894.0134681398,6899.3326331582075,13.151874588759826,6933.27895985416
7656,6933.148146230936,6939.556590819206,14.4575677416521,6942.766598552068
7298,6992.328661628327,6997.471888982127,14.644698588600793,7001.959736473486
7370,7082.101605807359,7087.164679075241,14.556082868599306,7113.326370810369
7456,7085.491718478532,7091.332695482594,12.407199483122984,7115.79613417747
7373,7161.8271379323505,7167.479479188246,13.760046736118333,7171.900042406904
7230,7166.07707328685,7172.415322931717,11.292949775472184,7203.258643894878
