1386,175.73679089976278,186.21469418588828,13.701088791221652,200.0710850475699
1545,209.66012311782046,222.3876027206816,11.952084577920393,255.29691398433226
1573,221.16539768012302,233.35621704618393,12.32142184249526,259.97305169883515
1566,222.97619266406167,235.13368785254372,11.127511869466046,262.0258854205557
1541,564.2924947442525,575.4035641651108,13.894123800055258,605.0360518889844
1672,615.6357959755042,628.1986800335187,11.747550635766606,669.0668691653281
1570,761.4110330433559,773.3322130562608,11.991668833905047,790.893984632401
1370,788.064236003316,798.0886314902662,15.969153444537058,810.5070662297146
1404,790.4172747535758,804.4521201010183,10.55404080394526,824.4434408588036
1900,806.2607029701072,818.5017082024476,12.356715670790269,879.3572646835435
1553,819.4328052670717,830.1281410707787,14.594924361469456,881.7588748072344
1424,859.1688437816198,871.1007593207187,12.750979140818155,887.6850170226577
1643,889.9750412952328,901.4359361162483,13.182222865169543,945.3498731805223
1422,1059.4707678971952,1072.3557730335947,11.00404029494192,1089.2865749032524
1916,1077.774278480968,1089.4694499544164,12.966810015770818,1106.6051078993896
1917,1079.5355302190615,1091.1250122754413,12.067808579386595,1152.3047577422142
1647,1160.0664576211857,1171.1243179408882,14.786081063439795,1221.2376808541271
1388,1284.2589451719132,1296.5201486225008,12.608082022222467,1313.8848247599194
1576,1297.98407757398,1309.2701117681918,13.201922100210759,1362.0836220138547
1410,1338.0003714548777,1350.0093915045006,13.894021756015034,1368.1945084038089
1914,1353.0184726594011,1364.5466087347722,13.23892229541674,1381.2381593334048
1909,1354.8213238284063,1366.3121152995147,12.92574024926467,1428.5872876059798
1523,1376.8162632750173,1388.3193993707785,13.237472128736355,1433.1967795183268
1645,1378.6084238313654,1390.0522183561302,12.667950555971094,1435.1835368877896
1897,1396.9493147070161,1410.0478684287348,11.3335106082407,1437.1496365517241
1426,1535.7331126819806,1547.347680760331,12.919166550425704,1570.999790240315
1429,1537.670654427052,1549.4164837236756,13.217379276252942,1573.0592890939397
1428,1604.4238517326999,1615.379965997413,14.209895238658456,1635.4166256843205
1596,1636.0096831478934,1647.1246292932042,14.305896107234833,1662.3569925879433
1400,1683.4928081572662,1696.4294410872137,11.34691838731572,1717.4205278287222
1585,1718.334946186267,1730.14430608043,12.532467888195514,1773.7517720779315
1420,1737.3489857268796,1749.5805297559452,12.652162232610106,1776.0704971697628
1901,1811.4835939505429,1822.3427093654,13.1134094885876,1842.5699539219283
1905,1828.934681789436,1841.265651012924,11.888890742554661,1858.931910475399
1574,1849.711509962652,1859.6049496068135,14.528574137032704,1916.2210959439542
3545,1930.6264242009115,1943.0470012558264,11.372589881368269,1980.4035569521318
1899,1941.4725268902953,1955.5197116111526,10.993836547038418,1982.8698617081177
3897,1945.8809059572,1959.1651432240255,11.183953627844728,1987.254406518272
3919,1960.823644280886,1972.014293878013,13.738518220851384,1993.35933440657
3666,1987.963464502659,2001.304528499526,11.315160002099196,2019.8148559767178
3549,1989.818684918673,2003.1023296384055,11.164437671673701,2049.1962536527444
3645,1994.5162262628548,2005.5095136970929,13.32430506474972,2051.682182915887
3420,2145.8407321555724,2157.468130981267,13.499508733743376,2187.4516858104225
3902,2149.0437571974294,2162.0501198687734,11.652211872768852,2190.0548453126903
3913,2165.001142091506,2176.408644275881,12.824794854990301,2192.449807522786
3553,2192.1312888704906,2204.5222493762276,11.894928660873031,2222.6126647954197
3394,2213.4755346139395,2226.515715701791,11.275493391256719,2261.848939955853
3663,2315.717181127767,2327.4858069110414,13.510628559962429,2344.0095321422277
3661,2395.1313582835596,2407.5422836094917,11.899734386968202,2424.8972148818884
3401,2424.144947488597,2435.4290425162962,14.756368697624357,2468.257155810743
3411,2429.8903530765347,2442.0073008337836,13.104899889267177,2470.507928556241
3560,2454.0755871063793,2464.6482573057397,14.841267617859952,2478.328734830973
3541,2461.6001844182188,2471.176080739673,15.673707713175592,2485.2960191998923
3406,2497.176852522253,2509.2976603865404,12.252925179148244,2537.5040191728426
3653,2529.567591644941,2539.5882983315473,14.876191247094999,2555.084132941609
3426,2555.8428042856226,2566.196430135746,15.153252730199084,2601.2105046102574
3901,2644.0365529640226,2657.176214155661,10.544585803258958,2674.7259494767836
3573,2655.557414345236,2667.3595757899875,12.542292984869084,2682.1874045406485
3907,2710.396193356282,2722.49995430969,12.083116393929478,2741.920381493424
3572,2724.200563085714,2735.0775920671285,14.887075106594109,2748.4705231616613
3430,2764.109522984923,2775.4185539466494,14.390845078675282,2790.8423573425976
3518,2803.087599101656,2815.44587365638,11.930403420216978,2833.222008905795
3525,2804.8614529137094,2817.211801969617,10.718187790453387,2877.0051515163873
3896,2850.452087338994,2864.00732056146,10.43253039814707,2882.1565301189394
3425,2896.9009627716096,2909.334754662886,12.943341239609236,2926.5454673513786
3921,2913.9596741750147,2924.2636522341077,13.85242905150467,2946.4267855985486
3414,3029.803983945758,3042.5149700438196,12.697936914274809,3060.0908314073754
3891,3098.8519760741674,3109.3810316366767,14.46134138105399,3123.684096369104
3564,3143.027921535322,3155.0902570838452,11.583366410751218,3172.4697601451862
3918,3167.5525648001576,3178.388370106594,13.645362985780846,3222.3637942222917
3413,3169.982313333442,3180.49014666864,13.91253856952301,3224.7316706891993
3409,3233.717186330249,3247.0958472466873,11.16191464798382,3265.6675499778894
3556,3267.827590369554,3280.470605873613,11.74335842441628,3298.1971845707267
3658,3349.3720483672273,3364.22294901156,10.095045772039859,3384.8308590235392
3535,3351.238723254453,3366.0471063275054,8.781750609826915,3429.510091441978
3662,3403.609367074802,3415.1431482165613,13.895373899635532,3434.155207549549
3570,3471.5340889751483,3484.2929178483987,11.783353502332243,3500.7085931881265
3557,3473.909059789004,3486.08929947436,12.107135299150482,3502.4753426525435
3516,3539.3461485538305,3551.0795508282695,12.907500443470042,3569.6201148883183
3544,3542.0809754784273,3556.2359460652524,10.68948355445847,3575.0178812253753
3416,3585.081356866279,3598.074173692188,11.959176457382956,3638.6910668189807
3530,3619.155714812006,3631.2430322468413,12.72580811244052,3647.306354876557
3398,3641.614248885632,3653.322509671033,12.808342065956127,3669.2536671024845
5658,3687.9994627812785,3698.499848427449,13.462287065194165,3712.1448573886287
5428,3844.758434713902,3856.251144654156,13.293730912331961,3871.866145117925
5414,3917.005677595783,3930.0350356779713,12.18103377085096,3947.6248140639827
5421,3981.750242357646,3992.5140943924594,14.993287638981585,4006.9897433638266
5897,4068.6724159752275,4079.5504509163966,13.418291205054755,4121.628194362757
5418,4070.040694813765,4083.1385415602454,11.62103530487517,4124.127036835641
5564,4094.721940932186,4106.478617197795,12.391026841565768,4126.124958499912
5567,4154.029645328833,4165.076401130036,13.317240253103101,4188.3903431136605
5522,4164.052517252646,4177.351983870639,10.67047294071511,4195.352394164252
5416,4190.194680615186,4202.459580797952,12.071950912846162,4257.500217314211
5604,4289.379583303936,4301.28694239555,12.408220361321838,4326.765904568304
5566,4298.085970111425,4308.4067028293985,13.729840924152276,4329.493148194579
5666,4313.070976188821,4323.181020848116,14.782870187339103,4336.706718924185
5889,4321.127298052888,4333.243820171533,12.629980881115275,4349.607295475202
5397,4324.382157809981,4335.254182743782,14.08081859244512,4395.1570074495985
5431,4340.543489847741,4351.450801966119,13.376697104189278,4397.645271813484
5661,4423.424952732613,4436.137220578482,11.32226068929827,4471.055727336205
5656,4435.347358785531,4447.091939898234,11.946702537262325,4474.91627005594
5572,4491.617486649906,4505.2705438109915,10.45476144817213,4524.476299684555
5415,4596.039356191861,4607.285538835535,13.450313272254146,4622.973186538045
5412,4609.187157167153,4622.343123614357,11.367188515747738,4671.475394070519
5430,4611.108874417385,4624.1899807576265,10.846935914164996,4673.9874888996665
5524,4638.981999712016,4650.214699895908,12.34487344139017,4680.339508387813
5911,4685.583186387519,4698.234947096426,11.894594004674664,4715.827378917254
5562,4695.577976656799,4708.2346416999335,11.146683299194605,4740.185151207502
5584,4697.588074101261,4710.096842400667,11.79299762141469,4742.652616161209
5659,4774.563973337643,4786.155650896634,12.415265874156518,4814.478675109733
5538,4847.354356890757,4861.401211925534,11.03095141211096,4880.382502110551
5639,4852.437949479412,4864.234921646592,12.829077709297824,4882.379732363598
5898,4867.292177092171,4878.159211345592,14.005889692123331,4891.646973535861
5369,4936.5022457996465,4948.6171710657745,13.137819112538113,4964.947229657974
5409,4945.0890928893,4958.509658190656,11.85010517203382,5018.775447472115
5426,5004.897908017551,5017.448337930818,12.082641374925343,5033.989954571809
5367,5013.686104062241,5026.470423968509,11.098936838669397,5085.492316093487
5512,5053.296625343332,5066.450785138179,11.061013648756735,5090.163758414388
5417,5137.801167486456,5148.511918422747,14.912309979338792,5161.45861787272
5900,5225.2869691412425,5236.2925495768595,13.5409343706375,5251.6613737620655
5545,5240.102662721548,5250.22191248024,15.573943588240184,5292.243397204377
5638,5242.262015972981,5254.0459899073185,12.36925443376107,5295.214274790252
5594,5309.993732303448,5322.515132204604,11.815861183128147,5361.369777951132
5569,5312.002337295759,5324.2878695086365,11.752344599561749,5364.122704040529
5525,5321.4342619851595,5336.367620434706,9.35568219157777,5368.424938090464
5518,5323.46539802456,5338.377030430334,10.409671227800237,5370.524518660106
5413,5409.497470515785,5421.2766577614675,12.868773483961643,5435.9035695753955
5890,5414.63625332826,5428.123675032435,10.631055336021866,5446.738822661104
5401,5482.122637312274,5494.325044398015,12.318563313937908,5510.015408940611
5647,5511.5337274928115,5521.681819566379,16.16415045792469,5568.622096166325
7555,5522.231440738253,5532.187627254241,14.026051134875622,5571.133131429765
7398,5820.020072584629,5832.171490942523,11.77174581678659,5849.185459329056
7404,5822.2914831700255,5834.025711162258,12.142884187400325,5851.073029139421
7405,5824.48797870566,5836.393328699805,11.909801621804341,5853.034331542591
7400,5826.295267883724,5838.249946323743,13.069344703161978,5854.802439129695
7920,5910.898798041735,5924.453458486046,11.145580542251393,5982.205508466762
7650,5939.130440366188,5951.156598650065,12.482439605551413,5984.689311514414
7416,5960.119758776206,5972.406260361707,11.099208720337655,5989.84283843635
7905,6045.35339709834,6056.525382850106,12.379351195432836,6072.974586244834
7549,6056.124625360128,6069.05909634407,11.971701305521337,6120.788246526499
7406,6159.982864879729,6174.1622019425395,10.887882550833794,6192.561664590086
7516,6208.498912302851,6220.515855658508,12.560685747471794,6237.71966215955
7908,6229.834602241137,6240.550257669138,13.797889040037074,6258.078555084171
7413,6296.288779550295,6309.16958213944,11.611433264521187,6326.548775972103
7565,6327.923724433081,6342.162909158363,9.89735919639786,6396.380419723605
7586,6330.285887393267,6344.190396674935,11.456804828556166,6398.851193251409
7577,6346.414885360083,6357.154556451262,13.485521974116335,6406.994356107957
7430,6365.670543791065,6379.001415751266,11.520422519503715,6409.424712871053
7538,6396.194767047786,6407.460230238141,14.058259459296314,6468.252459497754
7915,6429.162896982356,6442.521544169688,10.901230699963325,6470.3602800018025
7391,6431.342994765486,6444.405891028333,11.173878403128622,6472.311885595741
7642,6604.041765448779,6616.306373136491,11.62955827138934,6677.414819627511
7414,6840.904939110244,6854.161839783843,11.520317178248066,6879.283290023922
7399,6912.3104139902025,6925.182788214989,12.687483039514392,6942.152800872756
7892,6926.033518000152,6939.461406622243,10.348050659089738,6957.58834713121
7377,7046.715586089477,7057.3252991433665,14.367327841491637,7086.32220815805
7639,7144.181990434103,7156.273064277067,12.236246391603842,7172.814514530697
7897,7177.13119783425,7189.169702780417,12.259450248569186,7224.08142777174
7899,7247.203911469132,7257.249666071296,17.40034339571339,7297.784346364537
7402,7381.800251992655,7397.325677805086,8.751896847137884,7418.735964968451
