1274,768.923031783755,777.3546342870098,13.113056256881308,783.801105264108
1417,948.6564552277438,957.2016227575152,12.430999843607479,963.5388729908009
3276,2298.550247715952,2306.586360316772,13.852036654452206,2312.894495130858
3432,2569.1534944539812,2577.272115690378,13.349037245853966,2583.8381128729006
3426,2748.9538960424143,2756.6183519188758,15.14443983412627,2761.3176629534646
3434,3048.856372336364,3055.3974726095403,15.497011887995377,3059.8537196354146
3278,3142.355241239958,3150.46585863553,13.069228316377234,3156.9867524233473
3277,3674.9334412132953,3682.1754223720936,13.437453651334058,3688.496671869292
5424,3859.058167658863,3867.5379185292127,12.62550386818185,3875.1140557099343
5264,3860.885121993074,3869.3105928254254,11.607141036873138,3915.6069627926013
5263,3952.096598556498,3961.502947120992,10.592615429776606,3968.9982236447336
5428,3954.047129364048,3963.393314871816,10.593213204948384,3987.22473768015
5421,4123.662921537091,4130.471062580722,15.616340284087146,4135.12360063623
5267,4279.010620363477,4287.362990766509,13.273081927076012,4294.307828325685
5423,4309.4843298139895,4318.397962070853,11.819885686912341,4347.60029801459
7275,6981.259399669716,6991.099525964583,10.860823709286976,7012.547899863923
7420,7375.031023330263,7383.192118621139,13.053160969372183,7389.695247451091
7423,7459.5754334802305,7467.224694403191,12.982089738877525,7474.131806767858
