1867,29.493711499624357,33.081814205561685,13.549712297783513,36.26704683301401
1354,393.5745677213034,397.34557924265164,11.684345316833332,400.87996635971507
1511,403.9172403978462,407.2644831607447,13.183293042930222,410.4967633800865
1824,513.3606548392314,517.0411060951292,10.788485112186958,520.7145828183895
1355,577.743612602313,581.3657956531573,12.427782454306572,584.9612670791482
1201,648.1484496938826,651.1298205097111,15.030318203246786,654.0182526048179
1875,695.6725928855244,699.0385211911268,12.853976355326559,702.3189305240168
1505,861.6144149570732,865.1759930040826,12.249530456154176,868.6314296069988
1359,956.1578947298442,959.4360373372369,12.427702873770293,962.7216807683176
1898,966.3660473853023,969.4517634492631,15.435157561448973,972.0946311601119
1847,1096.6761581335657,1100.560470641018,12.02694389260762,1104.0899300413203
1350,1119.8217683451287,1124.0938981148806,9.776624822165143,1128.249314621824
1502,1121.7803204200434,1126.0693923014908,9.81100505466618,1130.11896132546
1510,1203.3920263683324,1207.1395343433185,11.062667657857052,1210.898485450403
1855,1230.3842191044498,1233.319054296934,14.500089495206588,1236.1489318034264
1509,1473.3386369918107,1477.024545267065,12.358337547590718,1480.592021374274
1770,1565.7136914801245,1569.359961563258,12.797793552389676,1572.678143143991
1825,1623.5716951964016,1627.4765421137201,11.275550581504485,1631.0590587166625
1762,1698.0418301652094,1701.5725286061609,12.308165452682866,1704.9373205041004
1871,1720.0051000290346,1724.451245451644,10.199770771450988,1728.7322275677293
1199,1727.3978717542948,1731.0667173384927,11.732805864302565,1734.6778869425916
1843,1744.6271019758433,1748.1067814267851,14.160887214053266,1751.115145690057
1507,1817.074664888603,1820.492056930681,12.665917432222871,1823.7959399013025
1208,1827.6975230100531,1831.1465515115478,12.803647910064843,1834.4572131153495
3780,2084.517665975057,2088.4137128982998,10.613284385576657,2092.2245439782264
3196,2090.0990764627054,2093.0909368103144,14.439681965460458,2095.986989943087
3841,2335.59403885814,2339.178295750251,11.753712409619256,2342.6352166873244
3837,2346.4137402985866,2349.3702606313905,14.683112239482586,2352.194210488818
3198,2357.7816393568146,2361.3974797879405,12.257469538331364,2364.945424987177
3768,2386.950807120008,2390.56345729126,12.824963949941958,2393.8166130501945
3882,2448.5885385531465,2452.1320689302665,13.868766544193559,2455.2500657507844
3752,2629.4586767444553,2633.5153686901735,10.609668582316067,2637.505936748116
3511,2646.949524346972,2651.3875807247928,10.2208157820235,2655.5996287003795
3832,2677.632729804584,2681.2056830799784,15.091407361248473,2684.0565968234982
3863,2692.686713133919,2695.5872073167548,14.91009404318807,2698.447503192741
3773,2712.4407996301015,2715.5673555441613,14.535472134158256,2718.421072902029
3836,2768.735031578159,2773.315512776756,10.380530642092229,2777.3400815526243
3362,2906.1812719573463,2911.2041215083837,8.840455600429049,2915.855510610293
3875,2963.845696811933,2967.5829712069963,13.67933331000754,2970.670825248909
3757,3071.581034539301,3075.0529242018924,12.983392226414765,3078.125317508156
3879,3122.6207219638145,3126.2483922431693,12.63558616092437,3129.7416484156765
3801,3259.220115490544,3263.1171495304816,13.137573863392706,3266.173911135694
3821,3261.568143401435,3265.2473972351536,13.556547301986155,3268.426041163464
3811,3424.567438408824,3428.0224670268117,14.110745853277376,3430.941344314975
5838,3660.9977472834717,3664.3131583496915,13.124785932323757,3667.6816870918756
5763,3712.5424598205745,3716.1572588119097,13.05479179534645,3719.377426521467
5908,3745.6180778268954,3749.361781556595,12.440456106152556,3752.8189343420454
5860,4022.7559347894303,4026.1005777911596,12.899764269050694,4029.2974856315586
5359,4173.848807232952,4177.492755519964,12.313205240894185,4181.039672578995
5504,4258.230084932184,4261.3592166136505,13.835108896236731,4264.392064544901
5785,4355.631090226179,4359.391984991473,12.207033041537278,4362.730873019753
5877,4364.671107776207,4368.035804306282,13.61063641306924,4371.173565017787
5759,4375.778287523944,4379.536354369909,12.451384424756077,4382.83945035269
5866,4390.3909770797445,4393.614565723751,13.331752663376541,4396.7115969876795
5185,4519.576498229601,4523.206721232905,11.118278722927966,4526.885718210071
5797,4660.548189242479,4664.513674103589,11.247166429515188,4668.425341004879
5201,4697.873114750217,4701.439437265327,11.916286916146142,4704.950699279102
5815,4718.422568724029,4722.157790274713,11.932440647901903,4725.732745969826
5850,4736.581175426681,4740.274055742296,12.434890401162193,4743.629176919681
5885,5012.7059853390165,5016.4971189787775,12.380705175250272,5019.719531222577
5773,5090.5250739969115,5094.080569347585,12.433345165828555,5097.442085878153
5788,5190.833303928473,5194.454298929171,11.800182560406814,5197.978806736106
5356,5251.483113398019,5255.100304675634,11.64033390841976,5258.632806283012
5836,5325.384424412827,5329.050455986827,11.145477457452348,5332.711014335929
7865,5508.621882424572,5512.190777858546,12.582908998512716,5515.582207282044
5342,5599.251572702951,5602.617635292407,13.17176168959036,5605.88165205471
7802,5755.09213008379,5759.183509014608,12.051559350713081,5762.822037752056
7846,5842.103645460182,5846.023444574621,13.212755607007502,5849.148697013234
7828,5912.3785471505835,5916.115882276846,11.781035285134946,5919.726365231385
7760,5916.491793154456,5920.223943748207,10.64393991997749,5923.996477031376
7858,5918.242861238502,5922.0553175717005,10.778174098409087,5925.83020955035
7833,5994.716495325652,5998.109573191051,13.22118168612608,6001.186545090619
7872,6022.814873542435,6026.237836354782,12.37450977336331,6029.630852773163
7344,6065.04889639954,6069.10983191315,11.055784581623152,6072.975620968328
7510,6067.410083729401,6071.08846112225,11.214624688790881,6074.828286524189
7847,6217.475147607924,6221.404922248385,10.826760017505656,6225.367557530253
7197,6502.380769678833,6505.605301329031,13.656490990530939,6508.844541801851
7195,6504.1137852429265,6507.47940754334,13.387161653309708,6510.620137136973
7508,6695.442393039329,6698.264819704516,15.16901140483697,6700.999459020877
7362,6769.785073018122,6774.079389546859,10.515466146033075,6778.130961215534
7749,6773.18912584947,6777.364852882578,13.192379515027268,6780.48371513524
7877,6790.6000164267925,6794.299694535937,11.667841940278798,6797.75633163165
7779,6802.698121226098,6806.311034268776,11.353459983490513,6809.831507867237
7756,6812.7299956960105,6816.477889646761,11.794226780950451,6820.17664391764
7869,6841.787773824395,6845.406585224375,13.323441208755922,6848.512008844831
7903,7166.787694782997,7170.36288260633,13.107394340568947,7173.67188512932
7202,7577.782665818953,7581.408570048732,12.123234374965747,7585.015412508654
