227,195.24866621806854,199.16412268927425,11.35627790161265,203.94526857318002
229,210.35492240579165,214.0025525170261,12.351265716159935,218.48808060688177
241,281.5873834906952,285.03921760009376,12.89885262568181,289.3406267579042
211,298.6342692628215,302.2678387698924,11.586691657386934,306.664978338048
255,303.2122905381183,307.39764401884383,9.91191494514201,312.7146087968211
257,371.1037471366652,374.0413900001191,14.726487471518082,377.7248110578342
266,560.0565822508094,565.1954357253258,8.228612538338199,571.6229002982321
85,690.1081479036908,694.0614563020991,10.701392170680892,698.8841471889451
238,836.7509926843522,840.227804361204,12.104370509468515,844.4580369415081
259,917.7306975249217,920.4579410324211,16.330182379899664,923.8380336263787
254,1271.8241440651072,1275.2204376833706,12.362110677806308,1279.38165579661
91,1495.4065439441508,1498.2972852816301,14.250372820993222,1501.9661796202774
42,1586.2799779853246,1589.5366883027925,13.13243679277505,1593.5843786284797
2214,2274.3736311226035,2277.4328540370275,14.312534075046951,2281.168733816742
2248,2298.8386580933598,2303.2300496359526,10.041448855941248,2308.8504523029337
2239,2461.141554449783,2464.3591297273124,13.399516972029271,2468.3232312403306
2235,2555.977091904861,2559.2499967274516,12.527250318600315,2563.318099971827
2220,2564.542366337943,2568.4540404393438,11.366484142483516,2573.2508482337175
2221,2624.073127752548,2627.2180855925008,14.222844653175175,2631.044503242846
2237,2633.943044068993,2637.2467195558515,12.621563146920256,2641.3054742473914
2039,2667.073091136444,2670.303077216072,12.73632727386406,2674.374064418444
2250,2806.511966457383,2809.648211860203,14.419998048407532,2813.4106045942945
2219,2835.0310803497305,2838.2393444891004,13.652515930710992,2842.3052710818747
2226,2983.3342717926175,2986.5339493094616,13.34606601580548,2990.551476243346
2222,3255.8851857227023,3259.1207813933597,13.266586972077361,3263.1820515157474
2081,3298.709584534219,3302.1896886982076,12.20837967906695,3306.5097052544193
2063,3386.1209998333225,3389.4327123871194,12.586586544464895,3393.487692804073
2025,3478.4638050625445,3482.310429023396,10.829725106774125,3487.15475390705
4199,3701.84188005953,3705.3664486429334,12.048759231096405,3709.8263601048966
4082,3836.3715067988996,3839.419371799829,14.339388360928693,3843.128283872486
4223,3978.7703347481897,3982.2004803562795,12.037383055344389,3986.454999157944
4047,4017.0413867162747,4020.415747701972,12.135316801854843,4024.6944551561924
4266,4065.8674444900616,4069.493121400868,12.743935797212668,4073.8898953234634
4064,4199.843926985456,4203.203322839322,13.38260168945057,4207.274739961022
4219,4254.888655910069,4259.138817090297,10.639020388420377,4264.267953772439
4086,4287.1085663770655,4290.482860299303,12.925159722128862,4294.746361208759
4200,4421.864989959113,4425.461864821964,12.250390269840427,4429.841592432607
4055,4467.391125217674,4471.154719854785,11.807101651627807,4475.7400871432355
4233,4631.9593485183605,4635.408757677663,11.622132684651007,4639.896692435393
4238,4696.244563608983,4700.130503749697,11.233918647371105,4704.821360340209
4049,4736.342939831589,4739.396553290957,14.009723632315554,4743.226451264942
4253,4784.591624379173,4788.493188065389,10.612625915908986,4793.30625055119
4026,4916.688101253888,4920.045310295245,12.786069616565083,4924.072377437653
4228,4972.601166881211,4977.321373858066,9.051967808695554,4983.251869843287
4077,5186.111814918347,5189.432617207036,13.020789039501455,5193.506244002247
4048,5192.195066127009,5197.121889477041,9.35674260531762,5203.024672048924
6239,5516.369408290568,5519.3182293860455,14.212060003864266,5523.011511850937
6221,5525.32113391588,5529.021739955655,11.227191293673334,5533.731118582696
4063,5551.030022066258,5554.367642346485,12.825111530945396,5558.498304233041
6078,5906.95759066882,5910.358576235775,12.917377335844076,5914.5523627022985
6260,5958.697229559069,5963.2758949207955,9.768071736452903,5968.983561993957
6238,5960.713626731404,5965.23595284771,8.738400092490641,5971.078044848996
6065,5996.011960896508,5999.231290605319,12.781941721411272,6003.299395110016
6081,6001.040662462466,6004.543854878291,12.25742540144409,6008.9353230877105
6231,6041.761543005699,6045.2201907736835,12.891859197849689,6049.580562651069
6226,6043.863719592607,6047.314715062841,11.808260084552186,6051.557469423649
6100,6356.949783946115,6360.004252260948,13.591227391517487,6363.855072315227
6195,6708.067410020379,6711.513285054905,12.118727955516311,6715.713280717262
6240,6852.45411753392,6856.501399146112,11.009293966338152,6861.361861171723
6080,6897.755923209372,6901.46239811308,10.778567754467916,6906.1073130580635
6030,6986.899252451805,6990.423540761787,11.96409300413721,6994.831788462612
6241,7043.148924951508,7046.464536648573,13.19925129398995,7050.548171526857
6250,7044.933166208762,7048.274256492065,12.404249208052638,7052.4634954401035
