173,106.29484235770202,108.51719002661974,12.774336519169806,109.69522129341416
327,214.02181082881933,216.24854504688784,13.185106845644878,217.3644000033156
156,308.39702679968406,310.6022069414671,12.823164812058309,311.69337707895903
346,391.97387652040464,394.469873205593,11.130900953973478,395.8041965166748
339,467.9638058595463,470.20095684391123,12.950392487996472,471.3342030355238
162,550.1165108736701,552.4361019206506,12.89730426951843,553.5600023493155
258,649.9907990583635,652.3465819094793,12.615115388299156,653.520252556628
308,662.4268473442346,664.5435863288436,14.477157284016576,665.5719202305946
160,723.7477598077857,726.395292753733,12.496328845305635,727.5427673297952
394,830.8050853158301,833.0424090054679,12.007459857747289,834.2549248212077
187,1087.5822433676997,1090.1013335461564,11.385335518699776,1091.3814725695604
365,1444.0975350587842,1447.1191598210578,10.26879444719913,1448.597788651565
175,1724.7881294347865,1727.2531190920174,11.404632581470317,1728.550088915771
2366,2083.089494228944,2085.2367769819516,13.238911936391496,2086.3243169267607
2393,2173.6447707120196,2176.033210202335,12.92980216173884,2177.172565537504
2372,2258.10271462203,2260.3816559369866,14.018356248270235,2261.408151527951
2245,2450.5582587424433,2453.280549383638,9.986325210836124,2454.730308573256
2379,2532.432441541397,2534.579061293479,13.015192996356937,2535.670490274929
2377,2620.811409645735,2623.288041671467,12.333478622639825,2624.5017948463687
2401,2624.7997182915274,2627.5188488139515,10.856228331944086,2628.927649798625
2356,2740.66743094194,2743.2459879636494,11.557745832594323,2744.564811581556
2303,2793.873017096569,2796.4901992156474,13.8865488518227,2797.5582445913587
2181,2795.9213205308915,2798.36735838837,13.608366364800627,2799.455995326564
2392,2797.8444790246403,2800.1233736756417,12.696090099870892,2801.262858376526
2162,2801.2004682077118,2803.515854031536,12.157136309190616,2804.6915865302576
2158,2803.9063299049517,2806.394018932788,11.535094783945263,2807.681719594171
2339,2813.8826426792266,2816.391336284952,11.295762646964342,2817.6251572218034
2265,2912.1964441666364,2914.2934351874173,13.907584395424205,2915.3306151208953
2174,3063.8471150307882,3066.609719367317,12.999104028025574,3067.725288430568
2388,3067.691448069979,3070.141526154238,11.936162075913444,3071.3590289797376
2376,3070.059193340148,3072.311810475524,12.746411599509674,3073.4354250490564
2387,3160.147866020292,3162.3176910270095,14.346245991831841,3163.355230560572
2307,3254.5892160819217,3257.1204067906115,11.477407529016217,3258.4071754932384
2332,3271.5726332053573,3274.2397134069474,10.609672666128954,3275.5853047987753
2258,3347.9239262422498,3350.427861048632,11.954579867351049,3351.6419571988695
2363,3423.6340762546097,3426.087306541476,13.536126355600317,3427.176871998679
2178,3427.4575754560674,3430.3734761204028,9.71883633995217,3431.819287778584
2398,3429.648031482957,3432.3945050264065,11.120697463882948,3433.777698015004
2382,3603.601837302665,3606.149158722178,12.008085742829136,3607.339902876828
4260,3969.390250401552,3971.5015153672116,13.516294599112184,3972.552957153389
4376,4596.587467514819,4599.058624753395,14.711393605072542,4600.046502730314
4177,4626.099626522572,4628.347139044158,13.02915312459447,4629.473997210932
4387,4683.7728454693815,4686.538867283367,11.773230900961325,4687.753661406587
4174,4694.58244819282,4697.128643709433,11.227741200231124,4698.436494639472
4374,4780.413686522755,4783.103059711081,9.964730409963208,4784.535968216496
4313,4785.346325866781,4788.033893672854,11.33110520481331,4789.329586039335
4317,4863.936802601925,4866.491752741995,12.093495160528416,4867.6610222399595
4373,4959.701225202527,4962.190759811278,12.242120653951353,4963.416168104359
4190,4969.465650175225,4971.519927943514,14.052200658453481,4972.5598949969835
4338,5238.925956160402,5241.147252499577,12.61147090647312,5242.288658722713
6378,5588.050635175041,5590.4845724852585,13.212341300260237,5591.578437693046
6173,5682.89996746712,5685.070135327334,13.789072022484918,5686.128508459386
6397,5699.955633745069,5702.476431842913,11.087373524813815,5703.767991213572
6243,5859.369701531641,5861.5362147356045,13.310627409488587,5862.618627555373
6365,5953.072568485172,5955.2610534262085,13.617814980219972,5956.326222020198
6336,5968.67766860429,5971.060476688318,11.805545232358163,5972.2718266027605
6402,6126.116794434999,6128.447647091894,11.404085707886,6129.656895856151
6344,6221.829595562694,6223.655590917092,15.550396599349556,6224.605270531401
6395,6317.159388367994,6319.21145847941,13.680556654610518,6320.273137505714
6325,6393.672732166841,6396.2053540978395,13.523071438420828,6397.29937410039
6400,6395.921684158026,6398.289830448651,13.628995823219933,6399.357338707589
6390,6758.051472031428,6760.4469316593495,12.340859901537769,6761.622972419341
6374,6763.324070931143,6765.551925654498,12.648564917089654,6766.729486844017
6181,6954.8862880901315,6958.181503824816,8.749593404946907,6959.82567362151
6388,7030.086659858538,7032.207605751494,14.019327272571614,7033.258429564519
6403,7208.12729806041,7210.158144731243,16.79925438532204,7211.028458498083
6391,7218.242765850533,7220.48607263769,12.861962288522623,7221.644502562021
