1048,184.47831125280888,185.24440138602267,10.310635725339028,185.94439815168332
1204,221.99658400602218,222.58368083905228,12.179065793689965,223.17328174542476
496,278.97921274798387,279.57051330277847,12.135832296498531,280.18834838087344
261,366.38041652367406,367.0946610255948,11.90009683731073,367.70116127162754
498,460.77059822851754,461.3549156353828,12.452338757045725,461.93451853572617
245,544.3200186618117,545.079292694986,11.253002233663407,545.7206692369767
253,817.7107829222052,818.3496067382206,11.268630166348538,818.9900937852793
2,904.3345348405045,905.1366078947927,10.382184605021788,905.8317806290698
12,917.6194761164899,918.1532714667218,13.98038720141556,918.669524096614
780,1009.536045021191,1010.1304155841916,12.03234817581897,1010.7302495944928
507,1119.8903740993458,1120.4169828540485,13.65928765184396,1120.945371437963
1282,1173.7411000537018,1174.4922916021778,10.12175879175459,1175.1922367919933
952,1264.3849334896586,1265.1144251005494,11.282827921585117,1265.7541061902375
95,1353.7696522098117,1354.4861697330205,10.660255317647554,1355.1385181955588
246,1445.8991606485322,1446.522696473684,11.80418418928981,1447.1337772941542
1185,1447.8904260339784,1448.4602935911157,12.947203284538743,1449.0200275472416
511,1624.3078521726982,1625.0398823456578,11.957656428661165,1625.643463131132
1281,1635.4895473475876,1636.0479192931175,13.121988231055013,1636.5979435373522
510,1841.8569815906144,1842.4130645367406,12.597603773624195,1842.9859839418384
17,1897.7642294529319,1898.4161945100493,10.975798531644543,1899.066721968639
190,1985.8478197517309,1986.5037401689674,11.283523671284428,1987.1345206154735
2256,2166.3669835581136,2167.050397619088,12.729918441307833,2167.6173621045964
2783,2176.3562847512135,2177.0347743311722,10.720947500962183,2177.7079808419767
2095,2254.337242095224,2255.1240358796945,10.712524088915021,2255.7977717424787
2782,2278.8523309304483,2279.491441190952,11.176509898425692,2280.1286754823154
2507,2436.0064960200984,2436.5694058809972,12.703180535649944,2437.1305364448554
2503,2794.2925309722955,2795.061585382742,11.353585352690324,2795.697279873552
2957,2974.4035295453737,2975.216071232149,10.046114067902582,2975.934499433428
2186,3066.4821185256183,3067.147568726051,11.293911050158034,3067.7866220732562
2494,3068.7880472831325,3069.468558944532,10.87620079619912,3070.132474267892
2265,3102.9718507055736,3103.4747045615127,14.214747832225909,3103.9824456586343
2264,3250.180696513556,3251.019307414977,8.513499173364263,3251.8670683077275
2101,3424.4229588802223,3425.199599680813,10.178927824271996,3425.9086538940114
2108,3426.3437812577154,3427.0643427070536,10.989757616799444,3427.721082547121
2930,3428.6591748432584,3429.3115038785854,11.536050139310106,3429.9371436402444
2270,3516.751376710278,3517.451754681391,10.918701616724706,3518.1039742911507
2258,3606.420431938157,3607.142102273227,11.127660687965944,3607.7907032561316
2268,3638.0041669143484,3638.4835990931006,14.91503054072391,3638.967500995945
2192,3693.5272322494243,3694.254925736177,10.723057089411478,3694.9279998044635
2100,3874.5580230505443,3875.3310376061168,9.717180905968002,3876.069953831102
4245,4146.379473785057,4147.074184557843,11.745099579108436,4147.6886886419525
4095,4238.653663474178,4239.32803845802,10.712656786811658,4240.001961011744
4516,4240.572550481805,4241.30169921167,9.441121888217422,4242.0579973658405
4005,4242.625602015453,4243.360637841005,10.469226953236237,4244.051882431474
4262,4361.092392534258,4361.570864122018,14.944974312388549,4362.055811007471
4093,4689.84465746764,4690.441110926378,12.267132375020728,4691.02825565301
4172,4773.657577959397,4774.422879613521,9.47149575536071,4775.177162347148
4515,4864.422192069426,4865.203015693044,10.544890522033885,4865.887462026987
4179,4866.410053700539,4867.098333474509,11.127449071170531,4867.746946792214
4189,4868.67502943233,4869.308677047649,12.49964199276333,4869.886086517761
5207,4870.458089739048,4871.043069901674,12.144892097366204,4871.637345388173
4499,4880.64043629548,4881.2811638763715,11.516843945477435,4881.907846993187
4186,4961.505183809248,4962.0963294989815,13.054121344402265,4962.649213256472
4510,5048.530290955137,5049.184346442233,11.907850138131774,5049.790451790882
4106,5135.772992188086,5136.457262814958,10.585076178975967,5137.147150825113
5047,5316.590785544296,5317.277879164333,11.523160734694377,5317.90421874475
4785,5403.782281220777,5404.492642479513,10.765331221361611,5405.143671522312
5183,5406.365835347802,5407.0326553996,12.039583692032265,5407.632128923292
5206,5505.726120968382,5506.304093117014,12.297270754132114,5506.891004782534
4160,5622.538533317212,5623.050275378563,13.873477635076002,5623.5705062716015
6096,5766.356452397767,5767.066428417603,11.937047224311524,5767.671051279858
7190,5775.948184290495,5776.493393665795,13.108355738086667,5777.044210140957
6169,5854.60928635285,5855.43965459061,9.467810307849103,5856.167989389538
7188,5943.608126371629,5944.3353119785115,10.762913026196665,5945.004947852813
6496,6072.688161766604,6073.326923633786,10.772846645475969,6073.996886912496
7183,6214.211522861813,6215.019343677052,10.394395557737665,6215.713699748028
6097,6216.378551840896,6217.107327644689,10.398214333250527,6217.801428711307
6948,6431.382076181222,6432.0287746888325,10.829000310440415,6432.695263880147
6170,6762.495296097402,6763.177236978609,9.943005644331565,6763.903115240959
6248,6764.4378245812895,6765.160885204496,10.143673586531143,6765.872403728636
6165,6848.761594946924,6849.466314322973,9.976045986213816,6850.17398600957
6171,6850.764271495254,6851.4449474350695,10.417436545309616,6852.129882024175
6255,6852.649369537541,6853.323977907098,10.832240344339736,6853.990267744676
7041,6951.705445217114,6952.186247501967,14.585077427080293,6952.681096548585
6005,7024.287987144347,7025.065694662072,10.561989038300704,7025.749032964495
6091,7114.313426594446,7115.06064211579,11.70223399934647,7115.677397143936
6178,7119.420597140644,7120.036382722197,11.803750835341633,7120.647833417855
6495,7131.651930585438,7132.290750471314,10.600160935899806,7132.971628026219
6155,7207.858694095651,7208.459213804248,12.31700634869843,7209.047687504141
6017,7298.470951540437,7299.09815299884,12.414370954880173,7299.679528542222
6494,7324.053161408155,7324.575615060853,13.686851553947543,7325.099673043234
6776,7384.5300424170955,7385.070590618846,13.332441169515397,7385.611932715757
