1255,565.8446711229906,573.5379175477021,12.877913949560291,580.671781911746
1236,922.9821535255809,931.1050640814183,12.51935060114855,937.5249077026061
1224,1112.736467166025,1123.18961657287,9.818733539579311,1131.8481835922946
1242,1559.2147659778182,1567.3770291511364,13.919832794379744,1574.1165168301472
3246,2181.3556274739567,2188.293932262094,14.792780326640267,2193.5631535065863
3267,2451.0520733865533,2457.545843214695,16.02035597638055,2462.7970261945684
3229,2616.450577705644,2624.066419850242,13.953685049148937,2629.799165044819
3225,2996.6276683871342,3005.099353139123,14.1461449009265,3012.047904236484
3253,3176.8781761645528,3186.2549416773827,11.097206560326985,3243.302007827353
5251,3984.7104228252333,3993.2753041948026,11.922040649825513,4000.990373323936
5253,4074.5658299081692,4083.0816571672594,11.55782827938855,4090.7799800612033
5266,4702.983865183113,4709.346042414134,15.691517277112155,4714.30261291178
5398,4907.0,4917.167488129739,10.860257716686498,4953.562989702123
4031,5223.411736421377,5233.235690017783,10.013304607454247,5240.859842703247
5254,5242.314298430798,5249.608753713224,13.772598781964804,5255.275370642105
5257,5333.673512224561,5342.085711503553,11.610344326076051,5348.566067760281
5255,5423.041689297797,5431.218404792546,12.809801969814076,5437.469248786946
5252,5522.2731718632995,5531.162603456241,11.935114101504054,5583.418976930445
7234,5693.599034350311,5701.4680612665325,12.989651488383949,5707.572260576392
7382,6560.0,6568.012578519469,13.77141491059441,6575.519190610103
6034,6663.0,6673.171358137922,10.721356141479442,6680.5173147933965
7216,6863.824540126383,6872.5041195538015,12.178763401144773,6879.987113799664
7233,6865.75654215173,6874.4138790523375,11.573351155526225,6934.474919976091
7258,7131.549756915381,7138.603911287404,13.850195457100014,7144.011389945202
