315,141.64617926430145,147.04892648351037,12.234135404686612,152.67357967032174
402,533.6485311232927,538.5158026674147,12.687148703968287,544.7269574023168
314,1236.8992963097714,1243.3245249516356,9.40940013149897,1250.3651868705304
380,1238.8955124924985,1245.2706769210588,9.750879914633726,1252.3175654923198
2381,2873.7072112995907,2878.368789401006,13.556629012414378,2884.7310502367645
2405,3469.8463836457345,3475.388285761771,11.469690431784285,3481.1629805617126
2375,3573.976995195245,3579.270889989525,12.383691816997707,3585.016120980634
4394,3863.6857485903956,3868.369175101808,13.617690671735843,3874.6152175284833
4339,4131.646026206036,4136.103429884349,13.635599018869948,4188.162628087783
4401,4369.218830224975,4375.445555441339,10.402978663510883,4382.0662817312605
4335,4666.167164461979,4671.188177978517,12.474348573208419,4677.937034897737
4386,4909.561753170835,4915.284214974976,11.040529997762743,4921.295290258277
4390,5287.604584315871,5293.333317615395,11.508317912071965,5299.457634026286
