757,430.31052085493405,431.0107163147643,13.443232580299986,431.5477612876947
211,481.2664410272685,482.1179228668105,11.227068685800502,482.7609776729431
55,658.8371858735243,659.5018499003685,12.804478171520678,660.0617283272512
1394,787.4006055666928,788.2147079931091,11.36086324495368,788.8501896745203
1244,1565.318875595016,1566.1593907601075,10.215052732436376,1566.866153678155
758,1746.8646543682514,1747.5396093912354,12.298429232810223,1748.1355380265545
1237,1758.7450794425597,1759.3487252088432,14.402956472412303,1759.849984828076
2058,2113.8382796269652,2114.507991294503,12.456925345117837,2115.089390784238
3024,2191.800279827678,2192.452418841451,12.834370065715518,2193.0148056524877
2758,2334.23639533138,2335.098681273769,10.667336035530028,2335.775478222243
2070,2647.4015756558533,2648.2673488136293,9.69664505882904,2649.012829594269
3001,2733.2528868638024,2734.0690705876727,11.728146009119559,2734.684651300223
3573,2920.963115518102,2921.5990683733444,13.003140973428714,2922.1501233554513
2738,3270.2686337031414,3271.0645387328777,12.422556669913325,3271.6457089918686
3820,3741.2597314040668,3742.0597781317897,12.432030525040584,3742.640505508757
3576,3822.359691117203,3823.157962387909,12.355516747867686,3823.7422860244274
3416,3827.2540473040062,3828.083189353277,12.11116487798707,3828.6793021590984
4767,4143.393494098804,4144.388753622191,8.937520777329656,4145.214817623073
5007,4345.926914053047,4346.528675677421,13.902572086994061,4347.048910529784
5821,4732.953797755529,4733.566811577936,13.547264506973526,4734.094126111168
5833,5262.201074167928,5263.019213798387,12.30863432255295,5263.605763068435
5015,5518.213574604038,5519.0510225196285,11.666205189768887,5519.669871610635
7819,5805.901424388252,5806.525560893915,13.482698260379888,5807.054030130946
7580,5995.306144336686,5996.045981982669,12.332483568767632,5996.6313969509465
7018,6154.317941905447,6155.118512607335,11.99358006779718,6155.720469690739
7824,6171.932507801014,6172.545294921552,13.667211612816372,6173.074593907489
7826,6612.0,6613.534005540158,13.044881998236084,6614.076192186089
7250,6614.248456333671,6615.12621572461,11.496113572382843,6615.754221044124
7800,6906.27721019158,6907.006382708324,11.342029099486078,6907.642919646632
7242,6966.134334392992,6967.046876848682,9.868986417788765,6967.778423146503
