524,232.9665997864142,234.08561930011325,8.329936286955284,235.89376794562267
536,384.4293588452118,385.40936186955525,12.01692107257671,386.40266886933307
1651,499.00841432468195,500.36751757724375,9.009087275112712,502.3107481351856
274,647.4636657541793,648.5062494366063,11.803737478542233,649.5550761438584
539,1194.2353376532203,1195.2060473954234,12.546651971705215,1196.1591862635307
1919,1218.8181582743503,1220.0809798492803,8.169930027190096,1221.9533221034565
817,1311.2004486637509,1312.2522884230202,8.918706051115192,1314.4589064115466
282,1373.2622830513446,1374.295826064737,11.682553866608561,1375.3224606334143
287,1549.2173123735279,1550.1162807757246,13.42899212181624,1551.0040770349633
296,1639.674649686986,1640.579394644866,13.152239077387172,1641.4513833867438
789,1668.9085774019063,1670.229339443604,9.369572586297728,1671.9370208838122
281,1717.8757859260672,1719.0249995875809,11.959191977222563,1720.0205453521428
534,1735.5171176973204,1736.5232877004794,12.070408132293531,1737.4852668488509
555,1737.342542762737,1738.3155768412446,12.902143783917053,1739.2390052301341
1670,1758.7705673730627,1760.002974841208,8.666925123577167,1761.786417744544
812,1855.8708854859622,1896.1762775083532,6.28056373956079,1897.789668992376
1077,2118.9685018347254,2120.2301526205933,9.049812931604537,2121.99298722341
3654,2209.0423452517566,2210.431442271337,9.263622627661707,2212.6134450390814
3076,2216.5196197999503,2256.210345772716,6.350351037102459,2257.8126580546
3915,2658.9053788667406,2660.2494509772187,8.635680537528662,2662.0772751509744
3659,2748.971347583327,2750.2959466493794,9.14094975359432,2752.5356461610704
2550,3198.825774671949,3200.125338855919,7.903489878482955,3202.930323148099
3073,3378.894983603771,3380.1605644481024,9.178329510569768,3381.9006356109
2522,3425.986927068749,3427.3567636542853,10.570354338359998,3428.520303395538
2538,3536.174920610439,3537.1912041037313,12.12682142090739,3538.1744923310985
3919,3648.7946063090344,3650.034684118231,8.75969728576567,3651.812783424089
3912,3738.8721810635175,3740.188838052534,8.486154059554968,3742.4038280569894
3889,3919.0169241891317,3920.316026099374,9.427216952617805,3922.533976619514
5900,4368.859770998009,4370.1846125038755,8.200536975767248,4372.247952963945
4806,4458.840681708838,4460.065002803488,8.578181350050992,4461.955698240691
5079,4818.902046828214,4820.18223832279,8.36092719236623,4822.760733660363
5644,4998.983301637702,5000.267154408417,8.582766434058582,5002.1827756456005
4279,5327.665558606459,5328.467816510664,14.80242635345327,5329.279443741876
5068,5719.068450913209,5720.424903537616,9.72950590833465,5722.700432605398
6796,5809.041598395104,5810.288975235513,9.707331701488124,5811.963244384194
6291,6483.011554095158,6484.324141229679,10.566469461731279,6485.392448501818
7054,6619.054445287356,6620.401765176212,9.244103144041706,6622.685239941334
6792,6708.857880671407,6710.188489996172,8.273812853602623,6712.233150822762
6527,6873.537384998939,6874.399589552275,13.792458857272468,6875.263777511633
6287,7126.492772727605,7127.392127664644,12.77043071667967,7128.31165401841
6308,7227.294044604841,7228.393293437833,11.12815381244143,7229.468251759371
7066,7428.825667214554,7430.073094788424,7.805120679815165,7432.3941214213155
