41,409.03863665779437,410.5314820820746,11.791822110606018,411.4057276163916
111,1398.9654089488176,1400.3466825396808,11.12225196152694,1401.332335368061
116,1491.0282000364032,1492.4622088836472,12.365084210814564,1493.3737968701853
2041,2838.8147102965077,2840.3583625577844,11.887824089305617,2841.297686475719
4052,3648.9052101885472,3650.497938242322,11.263823448257481,3651.431889193139
4037,3918.9040568587834,3920.4814923185995,11.458861253754653,3921.401269335533
4065,3924.9001813556756,3926.1665245976064,11.28462157255652,3927.1733666208597
4116,4098.726957966078,4100.295649183454,11.757439380377448,4101.23069937047
4058,4188.473153299839,4190.0412085589805,11.077532804810959,4191.053135939634
4041,4548.630149556773,4550.097258065137,12.690270400240827,4550.980024255614
4073,4818.626791766447,4820.1851103646395,10.024466878707212,4821.298985780778
6030,7159.015120521228,7160.510965094629,11.488182381976719,7161.4825739561775
