577,17.50267060546871,18.231518194636255,12.78132416649124,18.88783847878651
524,65.31983185564675,66.14512792826538,11.435616222907175,66.87868195327404
650,74.70327865484857,75.37624527432655,14.836564267641437,75.94164856834009
549,107.87134284393163,108.56501011369765,14.014380003496939,109.1576650935946
412,240.41629397321333,241.25953417371642,12.110275532202628,241.95222215480007
569,249.27622418013638,250.1024933755924,10.867369470519547,250.8744044007512
540,254.83579808425625,255.59048999698777,12.906613213802288,256.24460652148247
409,312.0,313.4707471550336,14.56861145573852,314.0492575346531
499,427.34755540440483,428.35502361906,9.759403040811195,429.22116051499034
613,470.4664897952843,471.33035590152747,10.764680927295696,472.10071172872927
563,495.09860964678853,496.02725489612254,10.088438556427096,496.858765368417
583,727.2866597232567,728.3023602400689,8.827959439863372,729.2299418313511
488,755.8879327453909,756.5517796476851,14.426069891578496,757.1380394129702
414,773.1750314446726,774.3730836131791,9.60823856298073,775.1996249821067
444,1311.399690147755,1312.3808289133353,10.516298440943803,1313.1756253695955
523,1488.2153963811986,1489.0630507904907,11.439617493373973,1489.7963482380344
442,1491.45294405706,1492.352673747601,11.580133468375315,1493.0766297360078
542,1519.7381389199625,1521.1639195614543,8.174956565865733,1522.1879251827222
532,1549.177470713457,1550.1340507998993,10.407306000650422,1550.9400847829727
2436,1872.5194915396276,1873.176619179863,14.19576492451888,1873.7675448787156
2556,2186.5629462445495,2187.2414487991246,15.088706038918234,2187.79740384836
2545,2257.634984860606,2258.4306910341356,12.279438164571152,2259.1117973300047
2557,2267.6577236093112,2268.3330028234764,14.564619972466033,2268.9089630836565
2419,2314.5542864396625,2315.4031124205926,12.291680569258828,2316.072889662077
2497,2427.65006984343,2428.350770802656,13.673974984680036,2428.96424583959
2597,2594.3312621659397,2595.1409984612364,11.026284019484269,2595.901784442619
2624,2726.671460931851,2727.494806817834,11.51634944454728,2728.2174392239613
2438,2768.38144123852,2769.2064040562454,13.061145195060645,2769.848663382169
2550,2810.8678264007035,2811.6076885350726,13.00777138604186,2812.2436378567663
2441,2931.5805640106732,2932.437475696964,12.027656201312809,2933.1224856220515
2606,2951.700513974399,2952.50164630978,12.117373135320001,2953.187722267705
2578,3114.593240818951,3115.273611628726,13.704515903168335,3115.8857195184205
2536,3527.0,3528.5014803241597,13.918390765958602,3529.1073828097697
2521,3609.7562617154204,3610.5514505990463,11.959404088908371,3611.2439897113936
4521,3642.804591875543,3643.537386247743,13.28370419202209,3644.165407668514
4594,3710.796581945336,3711.582933371932,12.35547354816117,3712.2630831228385
4415,3733.4618862034017,3734.2779735348977,11.945484692664547,3734.98021731358
4522,4098.83954508001,4099.581755055941,12.92194087590349,4100.233422510705
4420,4102.354166159357,4103.314185057484,11.489687328250854,4104.04143592357
4654,4190.507924090882,4191.359415795459,11.556983159412566,4192.084533689698
4410,4192.441053465287,4193.437225913881,10.486609496715824,4194.216249715837
4552,4341.323519537173,4342.231697290906,10.27746387762952,4343.046545282073
4638,4549.3067867534755,4550.308576160834,9.711516987073836,4551.167984513819
4431,4731.309760014083,4732.1597769343325,11.57235192238293,4732.884663488511
4615,4940.803090142103,4941.552164304103,13.074262743606571,4942.191272925231
4558,5025.375833620586,5026.175691625526,12.0337400615503,5026.872785153047
4491,5206.282091960769,5207.000568491818,13.08364890317614,5207.641723139948
4627,5269.680221498326,5270.488049739409,11.501707820429878,5271.212939598013
4593,5275.616611441427,5276.42289310586,12.202982562558747,5277.110050442308
6427,5444.108372552726,5445.005350527858,10.874116240286531,5445.776782626192
6636,5483.40368599291,5484.121704891348,12.5444791080908,5484.79041677938
6431,5544.43622849733,5545.231453776931,11.991768438199834,5545.930987157016
6642,5626.240455289774,5627.103835572611,10.919587773530093,5627.872055260272
6410,5733.389327473339,5734.190439107061,12.535755515014289,5734.859616349608
6581,5915.207190811046,5916.072843850558,10.449164238998772,5916.875648947395
6417,5935.421943931249,5936.441748636335,10.839477403769909,5937.182541474638
6415,5937.513750407462,5938.356011316673,12.622304093136952,5939.018382697854
6430,6045.567001271735,6046.458405865835,10.668123894823962,6047.219068923888
6605,6076.706541239096,6077.413080024673,13.833191059735247,6078.019598047484
6524,6200.197037412465,6201.111174467131,10.764601535773524,6201.890454803787
6423,6267.685883878277,6268.375177854924,14.1863388533177,6268.966496192622
6504,6344.759798100975,6345.561267347014,11.797635022389075,6346.281812638623
6535,6425.219568610507,6426.130110362165,11.025441211050575,6426.890954499665
6432,6472.624559582017,6473.536807342773,10.854843372160932,6474.341670817039
6506,6796.0,6797.540299065036,14.429091797919959,6798.126626736032
6482,6831.471676997355,6832.327012854131,10.642110295266875,6833.1066218143
6638,6847.522122827163,6848.287972919204,12.340632034404091,6848.967730834795
6516,7060.486459198045,7061.168915931079,13.976960158881056,7061.7690923795635
6453,7117.600216379282,7118.372473793604,11.946038392249166,7119.075254137999
