528,181.40504874378922,185.2381776420587,10.901374561104431,187.6013626494015
548,205.7344824503314,208.34616884048523,11.446240455226077,210.96651287828442
523,750.9377764688497,753.0407494359571,13.700069574282551,755.0747735748355
553,932.9352457831856,935.0441163654297,13.596432416594016,937.200937590469
544,1296.977003183457,1299.4565456107148,11.342975122864948,1301.9047267758622
545,1387.7971200619318,1390.229609296922,12.081219271209681,1392.644633995451
554,1441.2628488137784,1445.2422269673057,11.666520019669173,1447.6386211371182
546,1561.6782944689267,1563.5260624710577,15.193697298660705,1565.3908480409289
532,1653.7886413504111,1656.101777643924,13.193035468713825,1658.291373044765
2441,2089.9539283610366,2092.158918795316,12.400530667215847,2094.439042843328
2541,2192.0516355111595,2194.2418376321057,13.151586918278648,2196.3946834317608
2547,2372.8517310120965,2375.0781458833544,12.856923634752533,2377.2344854426215
2532,2639.2263202399936,2641.0699323789495,15.62616920749943,2642.895515628165
2446,2913.13121069373,2915.291205854991,12.739850606607897,2917.449022442678
2447,3074.2534712969687,3076.2877005620967,14.482154211356338,3078.331243710322
2440,3095.417613765713,3097.591340355246,13.085194385687602,3099.8368376331773
2524,3151.3412478392493,3154.9669663034356,6.29831293359034,3157.029628443431
2521,3454.1986258460815,3456.507637439879,12.253463246618933,3458.8049531443758
2536,3601.687252927426,3605.3572190640552,11.88981526862366,3607.565979322198
4445,3905.891795700226,3908.1283340799,12.032153273178498,3910.452552177985
4547,4771.374892766165,4775.131764002216,12.076785230547387,4777.385541204849
4550,4805.984287767741,4808.388073752463,10.681579648523215,4810.809561292518
6527,5581.544676983777,5585.422373829961,11.47123266645151,5587.5487993585
6541,6394.457837644412,6396.501706868214,14.210629273864358,6398.531945994827
6543,6695.002724237713,6697.330211788814,12.458756346943566,6699.724117942978
6445,7021.299595303227,7025.170778595859,12.249974797191225,7027.520775837625
