1514,277.81882946890676,278.2788722156489,10.973488277585442,281.01426711532883
1367,454.308553606214,454.63875618089736,14.824976704618342,456.5622646003576
1515,456.82226489141806,457.17367624867404,13.891742561953892,459.2420236967637
1378,724.0819795510221,724.4840263984477,12.175808637300547,727.2856421405318
1370,815.5316601015603,816.0407245083834,11.936445570040702,818.743131705265
1525,1685.0424665165392,1685.3906000781283,14.061400616302253,1688.74448541121
1528,1686.8269331178064,1687.198242470693,12.217678359282985,1713.3816452538176
3223,2390.0040383680857,2390.400475577111,12.348097923286383,2393.729671471413
3366,2391.7698667403274,2392.1950447128997,11.452408381474918,2436.6586268114893
3226,2480.115955969391,2480.5409154237645,11.519323613365302,2483.7438686749547
3387,2481.892050913754,2482.2941627596133,12.481721804547476,2523.3114954373814
3539,2829.639194030468,2830.0382889371976,12.341565818215898,2833.6312538081143
3520,3208.698525720312,3209.1873895879926,9.729296873319448,3212.853035686866
3549,3286.912100743521,3287.3380137403983,11.527675566798088,3290.878087438878
3545,3621.80845056507,3622.1780593820804,13.22503813068361,3624.339240892681
5513,4414.915329776907,4415.266103131941,13.922315021600099,4417.568833747772
5528,4683.061909397818,4683.525459675308,10.56033339900902,4686.157748754522
5546,5132.724568571987,5133.285154699788,9.90340750964931,5135.7225545491465
5516,5204.880507253097,5205.234829925434,14.11339041749628,5208.5219475022095
5209,5311.7615426537905,5312.132382405246,13.66113445614868,5314.265652991896
7377,5997.944143555995,5998.363142836108,11.548088644464697,6001.91811518422
7388,6350.005004936896,6350.395264348942,12.543568012420174,6353.749710995001
7392,6438.074257327064,6438.470386222785,12.357708640686031,6441.8890247037625
7545,6648.212399858803,6648.589903166344,12.967424072071687,6663.621471173614
7544,6737.695587464615,6738.2134479838705,9.862881035594375,6741.91058706797
7371,6824.888472545359,6825.25923411819,13.213002486864475,6828.925230658711
7517,6914.668253684553,6915.131419298741,9.217390895050647,6938.95343166549
7513,7318.749158558993,7319.08966848614,13.687054779395448,7321.150510083516
