1301,183.84153853667718,186.44704148721206,11.363794550682165,189.56000178657735
1385,185.7923690466761,188.1932017857179,10.343649283998285,228.36845002732142
1303,273.86746110958524,276.3284615967651,13.49882178674594,279.28420076215815
1374,454.10903339312824,456.4416786055841,12.178502482399736,459.4449602524326
1455,633.5501484906861,636.0172717967397,12.365576174701781,638.817110487822
1225,724.0710234961286,726.3829376020564,13.979057932625084,729.4632670682104
1666,826.6450834947733,829.1471160994101,8.030920472114799,862.9656716697945
1218,903.9568721983306,906.5149263866821,12.037258436832179,909.4395627514458
1305,905.9067210333938,908.3589333933064,12.02730940907994,948.3296351124909
1382,907.8583047618694,910.1930439768504,8.395300779292734,951.2806734035925
1231,993.6514826211611,996.0074801763847,12.963125733722071,998.8770574458639
1226,995.8978073244486,998.2114537246814,10.993149800307439,1039.970360429444
1378,1083.9231023382076,1086.3276440496716,13.56822148740071,1089.047149469042
1372,1173.738456108877,1176.4492609674587,12.013136447889186,1179.5144443991126
1238,1175.8173161382865,1178.3798169757338,11.291986481964283,1218.4695190898005
1377,1356.084186606668,1358.558694517308,11.431955975935734,1398.0192304918621
1384,1536.443229013229,1539.2564298235493,10.005184471090045,1577.9875730504857
1392,1538.3208644615265,1541.2546247146702,7.621565972295224,1582.7300667308848
1457,1803.9124817374113,1806.4056756993293,11.528608960174838,1809.4027300580685
3216,1897.859197763968,1900.0818107339364,8.270314930485462,1944.8076170935753
3223,1983.87996155079,1986.4042985513245,12.439400067763431,1989.6738308011018
1458,1986.0221800704144,1988.351494975397,9.839389183609905,2028.1656300128525
3453,2163.9984716427584,2166.4978514985096,12.914727188228424,2169.4591129374253
3382,2256.0047901213184,2258.519064801615,10.524121861010817,2298.490882688342
3377,2703.7438120928023,2706.1967310426735,10.436602988375187,2709.171779928854
3648,2716.7556675195488,2719.174665223213,8.720858338075262,2750.800374562082
3227,2793.7272066915343,2796.180357182874,11.778794646406425,2799.08634246572
3449,3066.2292302967885,3068.548903674461,11.22770374776669,3108.0208433821604
3381,3153.618638603052,3156.2390614419865,11.057072009231549,3159.1495697432015
3229,3245.833527081375,3248.1283467705175,9.69261745885116,3287.9842524718943
3448,3333.650365618953,3336.2656403450874,12.926384927686819,3339.2263746913413
3454,3335.6143475689178,3338.093769729972,10.389280709498909,3380.2483285287617
3212,3423.4965671766645,3426.0093852000396,13.407041846256298,3428.6423995302357
3368,3425.619380481542,3428.0457009824067,10.755456125096359,3468.4071039828023
3209,3427.999910571253,3430.2451846174545,7.630551186758105,3471.090136469477
3298,3513.6750394052888,3516.123296431029,13.210858228128352,3518.9793097666534
3295,3515.930708835744,3518.4562034279857,11.15725888834793,3558.3523036987085
3211,3606.1567878639307,3608.49918843012,13.001910536033648,3648.228195381659
3386,3693.7867078773575,3696.490195760321,10.53981201800395,3699.628270141348
3383,3783.563677139516,3786.0485567868523,11.84774484188416,3788.9420139640533
3452,3786.1522247427333,3788.494623915588,11.111599793421487,3827.839995378881
5454,3963.9227366702753,3966.4187389929207,10.72421521410815,3969.617507424551
5449,4413.743800260749,4416.212271613229,12.780303360342689,4418.992548302442
5378,4503.8737184947495,4506.475096925285,11.150851294409476,4509.383884845154
5218,4506.064242861556,4508.387221673892,11.793306315527573,4547.814812374575
5215,4773.583545226318,4776.051080881961,12.46874162631841,4778.823867815939
5643,4784.20295772039,4786.158888643405,10.384090623382088,4818.162826771066
5210,4863.477251299554,4866.162000425799,9.802012451261428,4869.51105557981
4033,4887.5125537513995,4889.572800063867,13.292179860584634,4909.468506647989
5296,4953.977853910992,4956.474518191662,13.027683950572804,4959.317833906837
5222,4956.022659237518,4958.475798076082,10.8725859795503,4997.922481963007
5375,4957.976812140124,4960.406928983014,8.46449941384543,5000.610558971788
5656,5054.183193391572,5056.181806216776,11.252350363526562,5087.986158388443
5227,5133.676281756076,5136.115093324998,11.425441143226646,5139.158450370344
5216,5224.007397164416,5226.4506263480625,12.028634009185446,5229.511447629483
5231,5313.585562283798,5316.129297420155,11.553541137214275,5318.997744774027
7224,5496.309958495128,5498.494210353514,11.9007698572967,5537.949748066305
7232,5583.662999587145,5586.221059064791,10.486580948948534,5589.022620275556
7299,5853.603754541008,5856.000055711344,12.897719155980225,5858.780789316904
6022,6061.204127943245,6063.101973515805,12.814336684893174,6065.909195299969
7389,6126.149672744888,6128.5562277617455,12.198155572196267,6169.976744260069
7215,6213.5987691974815,6216.095635140216,13.00205521995925,6218.880006834942
7454,6215.723648731565,6218.193936201197,10.178696773365028,6258.304696580728
7455,6306.248842899749,6308.577182389771,12.754109066976369,6348.037640600434
7392,6574.392705630225,6577.087955580699,10.83790309508307,6580.395380672754
7216,6663.786182884505,6666.375744314898,11.09311360896171,6669.293136692835
7642,6764.357172257069,6766.4263258123365,12.322265922430491,6769.542893540615
7381,6847.705316553989,6850.059368166187,6.3140708391505616,6892.0825190260075
7377,7023.772414040652,7026.2108729637375,12.771493633797913,7028.876114085934
7664,7035.415033762253,7037.517930406469,12.26466008801293,7068.2352073372085
7235,7113.593270205204,7116.032184795477,12.982977003791548,7118.7638580698185
7220,7203.521003502612,7206.075162309201,12.390780287665219,7208.932684086526
7302,7207.679175808995,7210.089217043153,6.9897613594798145,7250.629047262384
7458,7383.890891550953,7386.278233616502,12.133597367899014,7389.207089538327
7373,7473.908351136591,7476.483133144263,12.072413047212502,7479.585375081379
