151,500.25186439794265,504.44283126638095,12.59932727512535,508.24030553052614
391,558.2028470017278,562.3630156629587,13.851539092295665,566.9289568231735
190,647.1420871140609,651.3374517365835,11.067344172439935,656.6738567660656
194,742.590839181384,746.5588659180339,12.175750632655255,751.5068920933307
375,744.4530037548873,748.3260874946933,12.187926985184294,753.6955082187204
144,768.4641874014969,773.070978112034,11.052743362695132,777.5850518544449
384,1185.9672936635304,1189.5992748058243,13.035048896208135,1193.2469347442895
186,1281.9325183544179,1286.220819349606,11.798932055713827,1290.4845518734298
136,1308.7959377857921,1313.2618581563604,11.293345795756013,1318.6963667862256
133,1758.886373720515,1763.308091122455,12.921081806675172,1767.996337359089
142,1760.942598939812,1765.0026556591517,12.969002799173294,1807.2144005397504
403,1816.3175901599518,1820.0543218445716,12.994070288143002,1823.9494465380346
108,1848.8738211352036,1853.387352265222,11.254663694824146,1858.6104160879104
2156,1906.4787706117572,1910.358999763913,12.725310156930457,1914.212625951679
2372,1995.7378505808322,1999.2296525285574,14.028367719891872,2002.80829488619
2081,2030.4055606666136,2034.4523928274323,13.069624532836542,2071.3826133132975
2015,2119.1265333723222,2123.4322650085314,12.044888822719667,2128.7274005603854
2403,2270.719348857884,2275.2368723958675,10.561949279040274,2279.6209735929365
2152,2300.6695648805467,2304.5894384938024,12.241064483532437,2335.4367630265947
2102,2389.111537676332,2393.5107915176127,12.59711970013743,2398.596481942396
2027,2540.7229432242293,2544.1860416230925,11.880071855007364,2548.9339277849454
2263,2627.58499350567,2632.058192350735,10.709838276226781,2637.8081843863297
2150,2658.701694340322,2663.395478493427,10.757040296279108,2687.257681138728
2160,2715.6588011813315,2719.223638250523,13.16075719633006,2722.821693515641
2040,2728.527169259601,2732.498455725124,12.74335856979434,2737.803021038863
2177,2811.130106010256,2815.3320230464874,11.056641832378022,2820.7204527503472
2185,2814.778023579991,2818.430972327484,12.764869805405683,2863.2717684542886
2266,2816.496408624083,2820.203231935098,13.61088251347678,2866.2213553641745
2255,2819.121854811951,2823.2175546507906,12.170823263911501,2868.6043696663523
2022,2838.723787268353,2843.0821646366153,11.214471920565254,2870.5401355283593
2005,2840.7905150918823,2845.355860190053,9.069698746427674,2872.4201510713847
2004,2928.786825182589,2933.3509699260353,11.674051681279908,2938.4801401966324
2108,3116.2206084479403,3120.5498577168723,12.586184894525474,3132.3891417252385
2019,3118.2288268182947,3122.4214838212565,10.05302747376121,3134.3661896029403
2107,3198.9934597641413,3203.525831563207,11.668374173742594,3217.696146116878
2169,3259.4967792367256,3263.365951062164,12.392650943173846,3303.264548392716
2105,3288.567415885577,3292.4761917925075,14.75681940966545,3305.8458314291265
2148,3378.384298627352,3382.5057726610644,12.613511943932554,3387.5109149353248
2133,3469.14259708424,3473.4436749675187,12.403899142853767,3477.316326766771
2041,3603.3204242719135,3608.0114277782045,12.530279471197558,3612.9829697198957
2037,3618.3583973870714,3621.6246285566344,15.102985754497519,3655.3400113385264
2025,3648.5962849210446,3653.105281594217,11.429223094896711,3658.0048971182637
2091,3651.1793419872893,3655.3391881058938,13.672022177129644,3659.924214553515
2250,3705.5177720444744,3709.011170930411,13.493457939529879,3743.2466289323174
2077,3738.571738611632,3742.5766704208413,12.103584631019272,3750.2916193754427
4008,3740.8256904065943,3745.0085198571123,7.039165744302481,3752.0786705064215
4140,3832.6388522865204,3836.503019135311,13.105360894492167,3840.1300714939375
4384,3980.78646684726,3986.017908868088,8.813983229912163,3991.901250086767
4090,4008.703255186599,4013.0141430985946,11.543484763090772,4017.1933060490096
4187,4067.9468109064546,4072.270522691594,10.821412977340989,4077.746372630379
4183,4069.779204886953,4074.1220445267904,10.286096094849103,4095.0860288186195
4005,4098.857571241998,4103.220708469961,11.535516722631758,4107.364333271155
4377,4157.200735846859,4161.296003053684,11.901137191376518,4166.574906215803
4371,4246.353413657077,4250.1457496487665,12.153733313732092,4254.8479989664775
4156,4250.56973518688,4255.23784257912,10.18706601853875,4272.929832483324
4086,4278.883194138183,4283.438394667776,12.009045532095767,4287.573233614981
4132,4280.909891917229,4285.156870428359,12.133108324537726,4289.29667888202
4392,4340.245268702962,4344.223611180154,12.982158201567591,4359.318458415553
4129,4368.792853443841,4373.074051487168,11.758133043049249,4377.074936262181
4167,4518.6093657640195,4523.411317870347,10.907691660090801,4529.450700097536
4019,4550.978587237171,4555.298313092749,11.150203391848192,4559.627038392338
4012,4638.616131223662,4643.022804877766,11.589863439849621,4647.131866871594
4093,4641.099540148075,4645.04408205212,13.155257275697757,4648.975775347359
4171,4695.756015248542,4699.299376122612,13.948378434980219,4703.752736228749
4386,4786.581160768319,4790.507627284564,12.598560639326111,4795.994427230084
4031,4863.366234321274,4868.256054364049,10.312507551073248,4873.722478669557
4085,4909.039370967258,4913.239186252156,13.15512737733247,4916.844452572616
4373,5058.726401197375,5063.322910265993,10.896433667484368,5068.135547988301
4385,5235.121864497667,5238.596949371955,14.010812318391515,5242.026571791667
4181,5415.788065499369,5419.366637845248,14.052208620524038,5422.829270733411
4039,5509.0836721482765,5512.600292986227,13.320798693878286,5516.1756937482105
6006,5541.109442932589,5545.528728053498,10.708571992612978,5591.0872772683015
6132,5898.678880186765,5902.616175670288,13.777425844705316,5907.5894834502515
6008,5900.870889284084,5905.473609907629,10.183628472717594,5943.3217548784005
6080,6033.137089678745,6038.047644126237,12.769042024475675,6042.050597249638
6002,6078.460833129656,6082.360821933786,15.566577501303904,6086.824843323768
6141,6080.683305002307,6085.167478428027,11.124161981217227,6119.564849469015
6105,6169.000125185508,6173.4152256683965,11.731352633801531,6178.315570442961
6394,6231.617765591037,6235.40337581657,14.363825078359461,6238.940101600332
6383,6408.259510358574,6412.553646178467,11.746153185676631,6416.840383348635
6018,6709.10841565036,6713.300121293216,13.343142643578608,6718.6198545576935
6152,6711.117840394419,6715.263542554365,12.46605711064293,6735.450476065761
6012,6712.98157695738,6717.121291700356,12.233606803909586,6738.0655091625395
6395,7126.3970567332,7130.252612755314,12.256299633369533,7135.816195821817
6032,7128.562377117859,7132.358654215923,13.298629057998856,7175.675867097201
6379,7133.249381996211,7137.501314140683,12.96700813783672,7180.267527420174
6385,7135.112411855612,7139.371581203686,9.525800073323975,7182.581025549753
6178,7220.957392939932,7224.344508473783,13.995304759751386,7263.3049711069025
6072,7251.205153940349,7255.327715469005,12.654694343711704,7267.998652799348
6000,7253.09604335786,7257.382208009711,10.032488176000708,7270.37286817189
6137,7341.578378434276,7345.501566975214,15.99526839729584,7354.029862865833
