675,167.2789731503087,170.2011744750421,13.326217354796276,174.9306214673254
950,170.3778643402365,173.4057801849629,12.581412690300882,183.25259363991904
660,238.41517204353426,242.1023739418565,10.359236276872132,273.3680904207523
437,309.6993441836253,312.2684856530988,14.94312786009711,316.8783531549429
430,424.12495667214563,426.65553278994486,14.90091900450352,431.7927355420009
941,438.3969340880477,441.23385363235354,13.474720141554966,455.7649056076098
410,504.39141971554614,507.4293355896461,12.085632583275117,543.679489724689
433,516.0042151471181,518.6212860796415,14.4564083089403,546.2781720076822
408,522.3385444784661,525.1316132345034,12.924699237249007,548.4867574325483
427,618.8644707607133,622.2265450992539,11.39005725116464,636.0061151969372
664,620.7331252453573,624.0872480157138,11.7359923721241,638.1794280442018
674,670.7261197243223,673.5735655977411,13.62294710406484,678.4004926990574
684,709.5183731599866,712.547639776253,12.896260996761077,723.2412846643441
672,721.6015954612825,726.5100927679224,11.162955781869682,730.8931247467626
959,724.841329465635,729.0725981513518,12.374219393262429,732.9917367569868
679,765.5083684508363,768.5369993116285,13.064245015430705,773.9999860670615
692,786.5081009072114,790.0312592565493,11.36877145960256,813.5466538383263
670,797.1677310861684,800.1335166397458,13.245702656783365,818.1220936898166
661,800.1383830503629,803.2401110253934,11.12730482367242,820.0510561276153
922,890.9828818639858,894.1250987863708,11.867369112423011,905.9024741737045
686,1043.1232907517492,1046.403418129334,11.699424933738428,1083.573215097164
662,1179.7539383437888,1182.5038308880662,14.397529979202345,1186.0713145193508
681,1216.3612043058804,1219.4655078387484,12.072868353840326,1224.5234826739513
174,1223.0572530381557,1226.347874221876,11.995657453389095,1265.8734790494768
443,1237.3773940437725,1240.1274347992107,13.168428866860047,1268.270339974547
676,1272.6932369383721,1275.5099216485444,13.082215153206329,1279.1563696270398
669,1285.8135623438925,1289.4817737892,9.975415822908143,1294.0794404819524
435,1420.239242268142,1423.1912328958956,13.108375248384043,1426.9197704057149
658,1430.0120697681787,1433.1680318584577,12.411535934073152,1448.0632420099978
663,1575.4289168971268,1578.493288275412,12.468312123310003,1583.6985016261438
956,1608.2109762147734,1611.1710811037433,12.980808832898235,1625.8369021092285
673,1664.600487124134,1667.5902306136772,12.351959700578783,1672.8410783357067
955,1721.0979045654876,1724.1391963270214,12.800719213654446,1728.0859077291225
421,1789.9453302396455,1793.2712505321697,12.004043063444627,1803.0204326080452
689,1801.4299100207495,1806.062000733893,13.20261774097545,1809.3785195624703
415,1865.4730788187128,1868.168831166318,14.720242982085468,1893.8022310083998
2432,1959.505283605215,1962.1228692364862,14.677498745853697,1965.452797329492
2655,2091.2301581981496,2094.1737181523486,13.146445325118432,2097.953818906209
2434,2147.8444368609307,2151.1449746731614,11.556348544263727,2165.441288830613
2681,2173.9121697462747,2177.134609676359,12.050931182344947,2181.3065052443544
2427,2251.2775750286805,2256.1372977160504,10.768404054191958,2260.573025331575
2415,2254.057704046695,2258.1763308236405,11.4289389858959,2262.4329394815463
2949,2256.327365527551,2260.001519883105,12.241423681512057,2264.2710541775655
2411,2418.0001572274296,2421.227206256737,11.099591209578367,2433.5634268081485
2678,2419.8385283749208,2423.0873939461476,12.066576141607817,2436.328139764642
2409,2475.797386726013,2478.3060450620706,15.871001532875159,2482.782351884273
2439,2481.796967695672,2484.6262427197926,13.453712857528897,2522.9672187314745
3045,2532.562120384142,2535.4216856135463,13.404105458521192,2539.0086409754967
2414,2590.199408977685,2593.1391909368926,12.872495109304847,2598.2129438846105
2950,2866.110329003176,2869.1410684663356,11.980192736522357,2873.879678632294
2687,2882.7376033128257,2886.480044898096,10.491422997558953,2891.2414375398776
2953,2902.7688117616035,2906.2030009740365,11.207993843915999,2910.5554382320142
2677,2958.998015788782,2962.183519728018,11.157379246018902,2980.545237339933
2671,2992.1490676413327,2995.4499826038113,11.800698086007468,2999.7493841681976
2436,3116.1383677317394,3120.0489971189872,9.528212714960873,3125.9775286594386
2690,3260.3224455699947,3263.2936200859504,12.386154483122874,3267.0954693113117
2920,3354.458072407002,3358.079310210464,9.590401850831261,3362.8407769387686
2932,3356.3402782007333,3360.0750615565016,10.609749155158056,3364.6813546962453
2683,3408.208458254109,3411.474533212238,11.404591070323571,3416.935256605006
2667,3433.0544659084276,3436.0885027408012,12.53074333824652,3439.91669933743
2676,3494.8404969994244,3497.4523543623873,14.452949900131445,3501.9726057570088
2686,3569.796752524998,3573.1891724046395,10.541115684234269,3603.495373221096
2657,3627.8648443059833,3631.36918973229,10.178657816433033,3635.993092907515
4928,3694.1484700714573,3698.045579380804,11.020174863626009,3702.492753415573
4660,3855.5374320038727,3858.4757080291743,12.115161147591479,3876.0212535425494
4921,3857.7634080475495,3860.5081000033206,13.759102924653225,3878.2690035689957
4427,3949.653987646636,3952.5403344063925,12.376550041373678,3963.2626566559975
4666,3973.2725090036324,3976.1464565014603,13.127036906800262,3979.9198459484974
4663,3997.6367751735206,4000.073667384779,15.29980374447347,4004.82672222006
5039,4054.186645533224,4058.3000896096682,11.878922745700347,4062.6074199570403
4926,4063.2485921644848,4066.473404261461,11.630103246093054,4070.7253516170863
4653,4127.391854598779,4130.474472202172,12.126211075217213,4143.045854844346
4652,4217.373037892838,4220.353513566019,13.479820352678447,4233.143552561575
4685,4252.301216850099,4255.458047670271,11.657915797771494,4259.581946504925
4670,4254.028435588004,4257.198278708552,11.979376066295776,4261.364038459548
4671,4310.755823554738,4314.041673986804,11.183958810154003,4323.619891095779
4669,4324.224113524061,4328.280580165244,10.406061294727873,4333.308156702848
4434,4382.689224712185,4386.165444463841,11.024881208034126,4390.603721239296
4428,4384.606586010092,4388.054172296911,11.236210286452362,4393.479633490006
4422,4397.1367500451115,4400.210534483982,12.655156872518791,4413.260558664792
4930,4411.125554931959,4415.5435577066855,11.264938610294209,4419.683204685779
4432,4665.305702941091,4668.460394427554,12.192183143178024,4682.976961668937
4940,4681.545035627958,4686.522785228664,11.148328268293104,4691.103694501402
4941,4756.1341355457635,4759.031300258809,12.969718545754658,4763.92748000781
4676,4904.128564854751,4907.121809301447,12.708045655111805,4911.989247821691
4423,4908.978519162896,4912.125550143907,11.242285200901502,4956.368429753731
4682,4912.055499001287,4915.494428695238,11.079100889958125,4958.536013949471
4401,4995.001660887559,4997.585296356934,14.48843933937737,5001.954153721638
4674,5052.387035900685,5055.269340293282,13.31929403340718,5058.8709147696345
4918,5119.2770235628695,5122.444499363281,11.596408392295706,5138.189047162868
4433,5131.128109757566,5135.523738469575,12.156218550224315,5140.347823725203
4419,5200.76524250464,5203.494214713758,14.018075913384365,5228.019156560097
4933,5227.029074598242,5231.39808921633,8.61345643175116,5236.76336411311
4679,5311.532096285762,5316.377981322435,11.409182392830777,5320.776719666925
4416,5314.316200816447,5318.270869898094,10.493406859955947,5322.855647074618
4936,5316.647313867249,5320.251490053528,10.503331131929418,5324.733102934056
4426,5453.421309353932,5457.071364443655,10.370267244064241,5493.357647378569
6680,5457.665325185742,5461.296124008067,11.010061913808034,5495.858977251022
4430,5469.489520595985,5472.454548544004,12.200856883032671,5498.354959616745
6671,5509.633958386202,5512.428937543818,13.751640179810273,5516.0231609093935
4415,5535.08706742205,5538.045896709079,11.954628803215229,5542.895833038548
6930,5565.823646639733,5568.599510565202,13.303188599499105,5583.00308532631
6442,5635.362616546366,5639.227673178157,9.496382943842843,5644.871341409863
6424,5721.819433283552,5725.33155846575,10.138639523339547,5730.816470215085
6419,5742.449306656633,5745.491080913883,12.174153720175363,5763.574097080929
6435,5744.321779662404,5747.240170186285,12.095326319105594,5766.483219996301
6676,5746.083582585919,5749.008087363259,11.823040689132094,5768.640142533419
6423,5828.3553647171375,5831.276841942944,13.52858673368766,5853.325116086009
6427,5837.2733573385085,5840.37993331877,11.917005654209547,5860.230448607007
6687,5869.471717798372,5872.289667281487,13.151826144948423,5876.002777471323
6163,5987.013264298387,5990.0087077879225,12.643746060169422,5994.848190693781
6416,5998.212262039944,6000.627932767613,16.123631069904665,6033.10981999322
6410,6105.974027604934,6109.234688933438,12.292139848549319,6113.508388443944
6660,6133.506838611759,6137.111605026721,10.478340742613499,6141.733552024956
6159,6168.36279152589,6171.252014589157,13.405428251241531,6213.184903274712
6668,6222.446882918852,6225.4253861090765,13.540817332414742,6229.120637737289
6681,6287.475142697266,6290.563467954914,12.7384593085537,6295.990196968464
6672,6310.908176177563,6313.637814679725,14.110136446783084,6317.2036329077
6944,6400.4267545683115,6403.112001020828,15.094843615189658,6406.405894848455
6664,6492.703640668663,6495.598381372043,12.953419567046485,6499.388874909002
6666,6523.022613230114,6526.010558704836,12.601401548181569,6531.133100693548
6428,6558.6392081025415,6562.043893539957,10.662526005191117,6576.0122212466185
6409,6647.826692532787,6651.150873974906,11.847730998797905,6656.277632354612
6936,6740.163295983863,6743.367312972115,11.560626679787992,6753.513566413626
6179,6792.574117122972,6795.284753780352,14.019558174326923,6800.423397932177
6186,6800.5310303071565,6803.510594035937,13.245624144573798,6843.766769747187
6689,6852.918515821606,6856.107052176817,11.071202480188813,6860.371315519321
6438,6873.156525069013,6876.295233203726,11.975186171781665,6881.706152475572
6175,6904.393400078084,6907.250101171931,12.673012604879288,6936.27342056186
6679,6970.195276528477,6973.214208094842,12.159758657104637,6978.202546921639
6954,7008.164201240067,7011.048919357324,13.879732413526284,7023.607096599407
6670,7031.2920210861785,7033.643132548631,16.532275898506388,7036.648600777169
6692,7200.740878060006,7205.033234987755,10.129646204312118,7209.702299193886
6425,7270.466108125237,7273.302276816949,13.442028423391609,7293.152392165562
6693,7316.801407043153,7320.351877659922,10.978399100465728,7324.774917687568
