1005,156.0501769322465,166.49347160041256,11.027473838652146,183.03393467985512
1011,158.0140577365486,168.34630723802084,10.60499672965451,185.59884541087823
1811,193.73481935517822,201.62866766499837,15.550125943974512,205.44427476447663
1838,210.62312244423455,219.58396338752777,13.03359801227494,224.99435680194188
1002,409.318726227484,419.0700917489454,11.9302496845792,424.5772726394682
733,606.5696134366331,617.4594262403236,9.971056421724152,623.5485807056035
1808,643.0560198118322,650.4845071448976,15.259482113703223,654.097703528921
762,679.649177913882,688.6079656377199,13.374153359220015,693.7853540397375
1832,748.1372073644413,756.1525733362789,14.98813455122648,760.9975053105578
1830,823.5904482473293,832.1392312258791,14.1456624647123,836.2887173169103
1004,859.6899323775021,869.0203291610424,12.374672282132735,874.5722093352638
1025,891.7122024523957,900.3980899883746,13.774656389369042,904.7650250795032
1826,1003.0282804190791,1010.3358215675903,16.261873985930183,1013.8790147171804
747,1056.7306733151172,1067.4750571187685,11.03883031945557,1073.715166443258
1825,1084.164363264296,1094.566260304085,11.725142954900265,1099.6919952341807
1837,1094.4355964112078,1104.0394095151335,12.54369638409508,1108.9156200243049
1807,1184.365149195868,1193.5244266512882,13.248944162975844,1198.093300778791
1812,1296.211697999583,1306.074052443471,11.499088272052838,1311.7159937086792
1809,1365.5598449381548,1374.598566123272,12.715286362077364,1379.1809552766847
1836,1368.7148620024707,1378.4752187282784,12.404333473802165,1383.307537350364
1822,1905.2834258044945,1915.4754253152423,11.281917258275504,1920.6892568637527
1831,1907.1350819118165,1917.3055471667597,10.615639592870894,1922.461694707952
1803,1908.9699562515134,1919.1073470460142,10.43872447275423,1924.331089556874
3828,1994.809107391953,2004.15123543343,12.861775725738388,2008.7805023005017
3019,2119.6235936574726,2128.2759898555855,13.68526115150799,2133.4001873376906
3802,2178.2555085613467,2189.0374466369717,10.394985862281136,2194.2144258116477
3026,2209.350691353895,2218.287802538643,13.665837294682666,2223.5922199461747
2754,2230.842991504143,2241.2780182249203,11.637848821498338,2253.003054557032
3012,2299.1253610780436,2309.122194776218,11.443113168309837,2314.753361172637
3023,2388.923035626108,2399.1283975880747,10.844885232712512,2404.7908804610333
3006,2390.851009271115,2401.041812720145,11.740437585278848,2433.2480375970076
2756,2494.1640754744294,2504.2131930094347,11.866602314213383,2509.8084056907837
3829,2538.711463589233,2548.1196128570987,13.071736892094643,2552.7796281247975
3813,2553.878959462519,2563.521621336958,12.066567742882109,2569.261622113559
3805,2899.6321223902696,2909.382357026415,11.975940569203155,2914.314072562905
3005,2929.267535333622,2939.113414408013,12.426412228723839,2944.861658004335
2997,3109.4318957597347,3119.3562365536704,12.374906606406288,3124.8947715291583
3809,3164.304253932513,3172.3723674847724,13.836252458965303,3176.4329500791428
3819,3343.7445166248285,3352.1702763061844,14.332847708952285,3356.3218363945443
3797,3437.340602917881,3446.3746666737065,12.456841594214655,3450.87421192116
3832,3615.3068006322883,3625.1990986428727,11.977155328493033,3629.921642600343
3803,3617.084349474519,3627.037342686071,12.385558396406054,3631.6579316957577
3004,3649.1924473771164,3658.0457627252504,13.263379552631948,3663.1827252389166
3816,3704.5627931400377,3713.433779741383,12.951325448259919,3717.709451725776
3821,3795.7216626444165,3806.068083818853,11.733047958137623,3811.02268137306
5803,3801.286585812815,3811.505017976448,11.450590764352235,3816.3680375477084
5824,3803.126455811601,3813.292676819749,12.63388192319961,3818.093654013196
5832,3884.6197284118043,3893.5873296167815,13.477703407302188,3898.067448042608
5008,3919.0765274812084,3928.414472041597,12.585331369321672,3934.172054027746
4727,3941.3706343437025,3951.2164102509064,11.545569990966591,3963.4244628937013
4998,4009.1834878909813,4019.0808503910157,12.224694233648192,4024.68098242845
5027,4114.101397013332,4122.514332141023,14.00135825948634,4143.562350906829
5821,4154.598823019246,4163.423002289034,13.34668277864853,4167.909565487545
5809,4156.366375405365,4165.299897547948,13.481133662193267,4169.68393817161
5798,4423.620752806792,4432.046002601817,14.3196520150545,4436.215270726533
5825,4522.048311897449,4533.324568506724,10.659712408836798,4538.720099129474
5804,4624.925743727514,4634.1481993557345,12.402741855399283,4682.7915162824565
5810,4784.5605392743255,4794.347582258252,11.455235897881947,4799.189756662515
5831,4786.4237713359635,4796.1869076237945,12.641015718018647,4800.929383339328
5006,4819.821864268031,4830.3068964991435,11.492498340610487,4835.999696380684
4757,4821.75424833392,4832.141613538946,10.941679697840225,4863.174675745352
5829,4880.028613192034,4891.239120406791,10.864984431300023,4896.755548652007
4744,4929.766257694403,4940.315014796399,10.924579517072251,4946.227799706062
4992,5015.4619724479635,5025.296540433055,12.277260818668399,5031.275085680102
5808,5055.957215210815,5066.2930539111,11.456818343684628,5071.446212263169
4732,5359.344997485851,5369.230211351035,11.715394251892958,5374.996383533395
5799,5507.114206800246,5516.379977804755,12.273179598581203,5521.093152538422
5025,5539.146897017727,5548.313841774969,13.195739433944132,5553.5351621885375
6998,5565.3029637938835,5572.640775266424,15.56164916936596,5585.646612706692
7022,5899.407559226509,5908.141451025963,13.803563921861508,5913.145516437655
7024,5901.609689839119,5911.39338588227,12.242780184499892,5942.957685417273
7833,6045.785462477346,6054.447492821383,13.853325360020273,6058.730422503316
7824,6134.403014044153,6143.489930878701,12.550210896259244,6147.9674606658555
7003,6292.065722626812,6300.0846039168655,14.790677266133056,6303.99473294314
7818,6314.716939523311,6324.39176429068,11.48628010880222,6329.185622277999
6997,6349.2984974878755,6358.168191379521,13.161706884920116,6363.612183420171
7805,6406.266354687061,6415.489010380122,12.833730549075215,6419.910650929695
7811,6499.437484379809,6508.159867730674,12.962398189115037,6512.407985207535
6766,6547.931893241219,6558.1514796184765,10.971603975959335,6572.723464905084
7821,6585.943440591034,6596.236511624638,11.27664364962983,6601.266665840005
7808,6859.694087069382,6870.4561844884765,10.84866882710082,6875.855744332756
7815,7034.0395139380535,7042.557307411382,13.714900842273979,7046.780683476478
7028,7069.1658901100345,7077.254000389855,15.30623078097014,7082.144519644232
7830,7127.4950328806235,7136.6072805452895,12.978678237078713,7141.125146377477
7814,7215.622152001734,7226.065560781932,11.724947310606533,7231.225949120922
