270,100.97320592678533,104.02229298614512,14.260311285474181,107.73999320467544
223,115.41033926065695,118.5599308649288,13.258934133601217,122.34957093516678
203,193.0932859639211,196.44155803745326,12.896018148762815,200.72769530551892
200,195.14163172880106,198.3492850293779,12.9015727583578,202.5502966255574
253,282.45474164963764,286.3048863002935,11.039934690967444,290.9717078852305
196,371.85528959369856,375.3858835995305,11.843140426666217,379.65075860895803
231,373.71093386511046,377.16555778180054,12.44595489862522,381.4109058455457
66,508.0788008570726,512.2540879043063,10.15314909183598,517.2529099169225
224,551.8770220642416,555.5574883130336,11.43328451077411,560.120284046425
70,600.9471681116224,604.3875226781903,13.217413457947114,608.6412128017539
244,674.154324216379,677.2289511547314,14.136186087961699,680.9844459528387
91,1046.653870672088,1050.0967162382374,12.960517252202873,1054.2555679487534
84,1227.4520124422545,1231.134562237542,11.34175271180422,1235.6095308858726
258,1368.8339351684829,1372.2015557178008,12.6434703954218,1376.31001282296
239,1631.6292959331677,1634.5449200647063,14.218880311761934,1638.22162977437
230,1641.92460474525,1645.511155751305,12.224610470415184,1649.9143791205784
262,1824.9247025605464,1829.0961220149543,10.665255102281993,1834.255171617152
2267,2084.47950188042,2088.174071775088,12.10216586463035,2092.846497031778
2202,2091.179248755535,2095.1287719542206,10.639685361957913,2100.1359005270033
2247,2361.392741263741,2365.117759649239,10.997236206174678,2369.8831836508116
2032,2396.182460791549,2399.294999619236,14.350256950108493,2403.131261998261
2229,2465.7332166947026,2469.4176749860208,11.811116251265203,2473.938179703803
2269,2476.0218693594843,2479.3512292661094,12.548693386364711,2483.439559444866
2070,2487.617020887997,2491.289670573128,10.995357040333278,2495.824919643445
2080,2489.3597436655605,2493.0987231663994,12.337981202078074,2497.6086124470517
2243,2538.990872083671,2543.3011343947514,9.640564105204579,2548.758660781075
2241,2805.786748084268,2809.0838726776597,12.729552796874337,2813.1558325648098
2246,2818.4455994370896,2822.011752419815,12.640103405203433,2826.3452383302074
2222,3071.8488783588105,3075.1036370793067,12.596917382018656,3079.234754363133
2076,3298.686775680067,3302.199044543394,11.583857005889664,3306.570902270232
4226,3795.6589889499132,3799.1406198979575,12.390592898991873,3803.4160774369752
4219,3800.9816148656014,3805.0313560433683,9.725154353279008,3810.0276387799986
4260,3972.1700247947388,3975.565444486267,11.754501072944766,3979.9144742490657
4199,3973.902619300054,3977.3453859946553,11.798008766187927,3981.664319515854
4236,4062.815893098578,4066.131215099872,13.496901671300115,4070.1620339394403
4234,4082.7926431751807,4086.416329937036,11.645955778516093,4090.958541294573
4043,4376.889400892086,4380.252184133767,13.347180471734552,4384.318134391083
4220,4511.477689065251,4514.638497390342,14.323990138566469,4518.474725782733
4240,4693.35351512932,4697.352209462513,11.279426982732803,4702.266499959601
4235,4901.818119882735,4904.576767087217,15.440893318052723,4907.965279587945
4074,5006.220719962881,5009.226789057684,13.599461759350772,5013.076456538484
4259,5053.243092226785,5056.045894563207,15.784066949345382,5059.49195682797
4038,5186.978611169246,5190.358006792308,12.659325905562865,5194.560928470381
4230,5335.004088442318,5338.203437306524,13.423455298246674,5342.136619489464
6235,5501.769317661217,5505.393730762577,11.22117321619105,5509.897659949071
6070,5636.946814432926,5640.08281472871,13.776685991630028,5643.966110150803
6027,5729.592978618324,5734.238131775559,8.606656637866207,5740.104817262584
6230,6244.714559112373,6248.416443904312,11.579520277499839,6252.861551577162
6082,6357.569171411829,6361.494799877242,10.61464872111409,6366.324930513911
6260,6411.15106705886,6415.333794509779,10.92188588496134,6420.328269914697
6269,6505.861688657806,6509.334409177487,12.729578100452732,6513.51677989904
6227,6517.252468851785,6521.198472689114,10.163797288426101,6526.280392713581
6078,6536.338439848752,6539.261461262732,14.575500628708408,6542.904047326009
6224,6581.652191885175,6585.056440116682,13.088509059946556,6589.242492513443
6265,6771.960214742043,6775.45183575178,12.323057958952647,6779.738225889857
6220,6852.178171782997,6856.138561209375,11.521546272531076,6860.813124106307
6087,6897.701963028225,6901.312739379399,11.76058246302987,6905.650664936499
6101,7167.699174802733,7171.330455520335,11.73758690803347,7175.674082943337
6237,7212.107770544827,7215.2931891407125,13.453119145212234,7219.323697390893
6236,7222.4696503592195,7226.14260477911,11.206585629303245,7230.712889545495
6051,7256.835137468177,7260.1893067868805,12.553390328548748,7264.3496917762595
