1914,273.5740843207624,280.3776793477447,11.608541624039818,288.5072178887728
800,365.6053169083208,372.4474054139093,11.837558428391304,380.964078597021
1526,413.4257436210648,420.08444217522714,10.76828991760613,455.9448164461777
1913,436.1511284027578,443.4184090484063,10.451414633682203,457.940602289422
797,545.5432056665495,553.1720779245364,10.774204780806771,562.5918131464521
1062,633.7559663647571,640.0541266137178,12.954710817124539,647.5610560683526
809,637.8494988207005,644.353724760291,11.70559871156403,652.6122244007186
1665,684.6332278588412,690.2092404475851,15.216503160952103,723.2366535035408
1645,692.9027442859948,699.4553625678393,11.667019648619803,725.5731187876881
1912,704.9905308486179,712.1683634435597,10.961123508194321,727.6373402472817
1918,709.6416168391266,716.262576359156,11.031304373537413,729.9442907725036
792,723.6476661853998,730.1471666644973,12.74270801390858,737.9202124880594
1552,771.3791105777432,777.279779558408,13.974957317920264,785.8090937603952
802,815.3671019547673,821.3701666410119,13.145845687414067,828.4975407749465
1652,885.7931568396112,892.0835116523713,12.477395042382732,903.5530228618899
1916,993.3853890358091,999.308966280167,14.016989030579348,1006.0438125583014
1894,1062.6409568227605,1068.1366595182058,13.638279122511136,1076.4259695999524
1910,1086.1375717595583,1093.0188952806147,11.12084238728375,1101.5003784461708
1540,1158.2228987342237,1165.2194138078726,11.38329088683045,1173.806137164481
1892,1164.9490837128274,1170.2141274681483,14.411573913704695,1177.7693924965185
1917,1221.4668780970412,1228.3289850443346,11.841370138091868,1237.818660538923
1649,1250.1060839596012,1256.4376933183141,11.695916190517035,1268.2009093175468
1651,1427.7822096293771,1434.526771209147,12.098599078296367,1442.9924436318367
1076,1533.9336371518502,1540.5204062740925,11.92001771294343,1548.2731416760369
1893,1613.560163144676,1619.4994271100175,13.054094297401486,1628.086655109568
1921,1615.2978873632728,1621.1601446978023,12.118197531070463,1629.9019013577824
1907,1671.534116261582,1677.4875659027225,14.364300462908668,1685.592190916071
521,1733.1308203669764,1739.521390816539,11.98004279958755,1747.554904182
1667,1793.7628514290182,1801.1795801960293,11.017052368834062,1810.2432546827763
1518,1959.985806732602,1965.631366529317,13.940964394374506,1973.8413352062255
1063,1984.0763616427123,1991.2301986073667,11.264587288043456,2000.3417313492525
3079,2073.8212651018857,2080.1605945430892,12.685845254117373,2087.5698317945557
2811,2084.2848652291023,2090.314659170987,12.134176978213109,2097.834487837125
2521,2165.873188446545,2173.2778945249206,10.543995910199229,2182.5091471586206
3898,2258.3299281034333,2265.5218460608367,10.965502169286895,2274.677326797008
2792,2260.1531324779207,2267.3985840811283,9.762249220856008,2276.5808464503625
3649,2323.1827904091188,2329.0600336092784,12.723496191273211,2337.9507221210542
3636,2479.0745381464385,2486.290675122766,11.140129684555848,2495.812185673469
3911,2480.93305035335,2488.0596590078494,10.93400089060046,2523.525077972793
3897,2703.8069035635544,2710.326298239878,12.898579660190942,2718.076992382852
3533,2867.689364180062,2875.1691403124673,10.100442818418228,2884.465620393525
3531,2871.6431895304277,2879.122934549254,10.135709686146951,2888.268817703497
3889,2873.527679304845,2881.064697636526,9.798246935004881,2890.192113050376
2526,2885.7756252560466,2892.4540049105967,12.046931888347045,2900.654780792742
3910,3031.4834985510597,3037.1480073413813,13.668537431356434,3045.6225503613737
3887,3033.5939053879806,3039.260041644949,13.390467656638531,3063.0537867862795
3048,3153.9033914291726,3160.1213356287594,13.300037326203318,3167.4323186120437
3895,3513.9379200672765,3519.441438585262,16.497884598174174,3525.3086912237854
3668,3769.0123795583077,3776.1720365996393,10.364666337307469,3785.7192027450633
5666,3935.720587534375,3942.342507983868,11.930902982397807,3951.7246112986163
5653,3954.121737201713,3959.6327016927303,14.381313490649703,3966.6877256943076
5659,4038.268567854193,4044.2916470306236,12.466967214491593,4057.864049820494
4800,4150.580675258712,4156.6016619063785,12.568567611366154,4164.531355580342
4782,4237.955787895277,4244.194364842724,11.817556986026338,4252.064530293405
5900,4312.664950246579,4320.108043531254,9.89460984842307,4329.541864286814
5071,4323.800314467158,4330.337298934397,12.815508727860808,4338.07915414965
5644,4377.775194213391,4384.215049057547,12.541013563235538,4415.842617883283
5903,4391.410016931467,4397.519373969477,12.312047397051957,4418.017795241589
4804,4413.718798048814,4420.204870655541,13.21890310652202,4427.605517536557
5891,4573.928215288062,4580.105496877997,12.953614566027833,4595.374135978035
5916,4667.645875396442,4674.440968636172,10.85949511867532,4683.789409649549
5889,4670.2435502850985,4677.191572004178,11.43744609860342,4686.118830583727
5066,4773.6913438879765,4779.573389562573,14.989404600672977,4785.910179889071
4793,4777.960898277609,4784.519038387394,12.61908411455041,4792.493237447913
5663,4819.151217129269,4825.574702511919,12.002819402912017,4834.628353253103
5652,4852.775249561492,4859.157857948714,12.493244270675218,4867.19162965196
5059,4953.529858002734,4960.113082856075,12.857571678605767,4967.814182871948
5052,5133.830594191277,5141.140488897088,10.595718496310734,5150.51939115482
5658,5181.517550878759,5187.241704263814,13.384009358467361,5195.434615569935
5904,5223.599510040244,5230.124311487257,12.960746770085539,5238.070300838742
5664,5295.471490153774,5302.288387815337,11.349948746488387,5312.275550036033
5667,5297.354996921187,5304.087624427007,11.146944229015284,5314.440648433548
5668,5379.020261785716,5384.338993980536,14.704312849399255,5392.212983845068
5914,5384.272630580933,5389.605676659782,14.435918761133161,5403.897650926077
5525,5455.613240432011,5462.174680918919,12.031456552844372,5493.047570896823
5890,5496.662082264913,5503.267430353399,11.763693476219064,5511.721149625065
5892,5498.637565999712,5505.387459372681,11.998571786850734,5513.916595350037
7665,6008.139717089115,6015.190932878436,10.77044337397808,6024.925485898244
6818,6247.530887319963,6253.336800653362,13.582298369602427,6261.864586712641
7896,6272.329114209029,6278.526679684643,11.879857362736502,6303.445364765118
6807,6330.158944959285,6337.148429454605,10.790711842649046,6346.950882452251
7915,6376.895967700702,6382.497082855063,13.817382722933568,6395.7804506106395
7064,6393.498412913787,6400.018401671598,12.190294900576765,6408.023637429914
7540,6461.251235801248,6467.104960320571,12.428715650804076,6475.709302209008
6539,6484.040692083593,6491.102681573246,10.863860002464817,6499.949275365871
7670,6621.369892198011,6627.12269109218,13.670539001255575,6635.702581965871
7908,6631.649274334598,6637.186668635786,14.59161048023998,6663.344360510981
7917,6652.151754730425,6658.239365860924,12.360357175586845,6666.37236832053
6819,6880.217788459751,6886.500810945076,12.78912703635164,6895.879134789274
7671,6889.359453962451,6896.124498306323,11.474008603559328,6933.655805377802
7914,6902.874057642841,6909.34266344204,12.199900253033988,6936.291080673087
7643,7003.209374542227,7010.0362782176835,12.118345314059106,7019.495082931743
7650,7099.283275896947,7104.507074592473,15.112237817257567,7113.691906571603
