3096,2009.3053214390152,2017.3987702955678,14.36270883008369,2025.443012347434
2872,2141.0922360241384,2149.6091570270664,14.174312967915284,2157.9415089887852
2858,2144.111015369281,2153.187873834034,13.04129741933839,2162.058403479631
3146,2904.0224709073464,2914.3019837999827,12.201057099767219,2925.6777577910975
2879,3399.206894648264,3408.401951440926,12.451104559723813,3417.6637261204696
3142,3529.96891736757,3538.3097068568236,13.496821002348634,3546.7561551527883
5105,4075.1692501805787,4083.6853495388136,10.188405586668898,4091.4777117379163
4850,4144.196856584453,4154.360455471799,11.80628496534024,4164.0291563423925
4885,4281.560057052567,4292.498828891262,11.443218475874572,4302.507701025721
5128,4283.680997622167,4294.295603369902,12.02766150657187,4304.2723616680705
5083,5041.052535248723,5051.13394964931,10.989759255804216,5061.432260689357
5143,5251.818975194264,5261.319774967876,11.843420876390521,5271.294348361128
5118,5318.89882693616,5329.3303920808685,10.781884594173652,5339.7728905818885
7161,5592.988568272681,5602.155239761414,13.939569325727113,5610.620621824785
7160,5730.591041523398,5739.509894790112,13.271579740144846,5747.748482508871
7150,5801.439956035248,5811.455720520016,11.905730999177406,5821.659771760461
7936,6213.884765272376,6224.545686382401,11.673278593662419,6234.000159499882
7167,6429.82851385665,6437.505137627271,15.285837024403016,6444.92618704168
7156,6771.488923125356,6781.600162238754,15.186409663336422,6789.426281318806
