799,183.52492881947558,190.4196514984513,13.251369535638695,197.01713164740198
1081,273.80256637187193,281.48153961052293,10.789160621782777,289.01669899123834
788,275.6931236563084,283.3092989835683,11.443149780070875,290.7879648042284
1069,633.680379339244,640.4279522217903,12.914271909421398,646.7134835059909
1909,745.0627957814534,752.2118467080038,11.870715412560054,761.2434278177485
523,1173.6768411454807,1180.5407076316549,12.941147933881902,1187.1582601388309
801,1534.11483019316,1541.2932303431446,12.360949551509306,1547.9748936842034
1079,1623.9122713025756,1631.2733351432594,12.73076179383822,1638.1866203231045
1908,1743.5058882982453,1751.1755407859443,11.16225909797625,1759.7052344257227
1070,1806.450652116007,1813.4080769520008,12.473762035757243,1820.3024736467873
2790,2255.9447429685592,2263.230444446396,11.444711921287576,2270.383813627348
3901,2372.1341829163957,2380.357815576458,9.868756063772846,2389.5191748863326
3918,2374.00691868027,2382.3033802232962,10.468978253079886,2433.3598709628172
2788,2883.656340677168,2892.0919105593184,10.045464199869928,2900.3801943432554
2789,2973.4024089118,2980.179708542497,13.744061439475155,2986.453818062165
3073,3154.1683658366974,3161.0066524566314,13.355160107879723,3167.3166670423616
3075,3156.2720710372687,3165.107497746404,9.614400734516849,3173.8163613949373
3080,3244.020983360696,3251.1270896877295,12.562371290663458,3257.6581100812928
5076,3966.1457531244546,3973.514681475993,11.494139155636988,3980.8318724979003
5048,3981.95596199413,3989.549326549983,11.747974068016326,3997.2409138427297
4784,4053.946418937312,4061.113268689664,11.978046235901799,4067.8740395939785
5062,4074.584238734674,4082.301254593205,10.793449766499078,4090.926217967939
4522,4503.862694466996,4512.137891105447,10.733532080099979,4520.5369586076495
4528,4594.523167014125,4601.283289262106,13.062560807793488,4607.976852813352
4788,5043.739803160314,5051.00406485728,12.810994560798365,5057.8340699660885
4812,5045.7219851106265,5053.501071938988,11.170435837066274,5060.926483126984
5049,5609.520833714424,5616.143581297507,12.819678841266397,5624.294126251016
6788,5673.881533124595,5681.048804931363,12.206669193999588,5687.813420201126
7073,6057.618236511382,6064.445697198851,12.341634919915897,6123.475605365298
7922,6501.568386098013,6507.134127735424,15.335086710651966,6512.686404135223
7072,7045.20914142185,7053.162043381825,11.290451138407219,7062.64130389358
7900,7408.743859581259,7416.057504192244,11.127474991581801,7424.86466909201
