130,603.1422240713844,606.0737602652167,8.801198639631464,608.9658417684687
127,958.1678851899806,960.108126077586,12.933367197885097,961.9489061476289
323,962.2520825988364,964.2801980977641,12.665093992387042,966.6097498587683
368,1772.271524705324,1774.259997724163,13.204133389701942,1776.061767248861
2310,2128.0806653817017,2130.016983312446,12.986013924311694,2131.915865223885
2305,2133.144734061075,2135.4460510116473,11.131944735597616,2137.6572323128166
2363,2220.623347386281,2223.0426432398403,10.485748719722135,2225.3077401784876
2311,2674.005907091141,2676.284247377379,10.962702916468508,2678.433011639217
2340,2678.6256556251374,2681.0464125434946,10.694720057708881,2683.3963146821307
2119,2854.6344609488274,2857.0158914320614,12.531408081112412,2859.0697923553867
2313,3119.4087998169907,3121.112335075115,13.71617193491445,3123.621697409901
2330,3299.2043446714847,3301.343051708017,11.763737777365844,3303.34627584288
2117,3362.8747039267146,3365.081070456804,10.712971400815784,3367.885381155935
4120,3716.4160734577626,3718.361669890454,12.710369127133102,3721.3603003993967
4130,3805.2884840132406,3807.206530572418,12.765222489035901,3810.244938027751
4308,3846.369181774936,3848.4298813029486,11.876114106224954,3850.381440349792
4330,4743.1017667372125,4745.144417795154,11.833695930345929,4747.138261559659
4124,4750.0006767481955,4752.255590602299,10.961586447339482,4754.504966390381
4137,4795.933882392336,4798.053259461304,11.726690467756127,4800.789692475741
4116,4836.894096145574,4839.448287440717,9.938582499211266,4843.489646142792
4341,5278.362012969017,5280.493377707564,12.37248434052764,5282.425317707973
6349,6185.612470658015,6188.443478446453,9.401986148814643,6191.019781741509
6128,6505.087801354858,6507.19110014599,11.620157002842069,6510.012941955828
6117,6779.194242740687,6781.441452267847,11.425738366526177,6784.642076791352
6115,7137.298654867392,7139.458692745085,11.208793277448253,7142.334993366337
6309,7172.294405212946,7174.385518503562,11.568970577021004,7176.417221213261
