1414,772.3292885714773,779.4061641115317,13.14128730706564,789.73830365762
1420,1138.2032343240053,1144.318181919655,14.70335575608147,1153.8350012310402
1264,1220.291019397911,1228.1183963859899,11.52256444125319,1239.7395570040517
1262,1308.3520004958623,1316.2488165353698,12.765917865975101,1327.4779287601405
1417,1942.416617458104,1949.1735082200573,14.298860393393369,1959.2221520193834
1421,1944.369210386944,1953.42453356193,9.487791467473068,1983.451014848323
3429,2304.7756682589807,2314.359419863168,9.662529500966562,2327.954368344499
3276,2848.4473010258703,2855.1809924702507,13.582168500413971,2864.3211525642437
3419,2938.3214395096747,2944.53021799554,14.458520452674243,2952.7741349343823
3265,3024.394122376265,3030.5587239488023,14.789757527645545,3038.559839127336
5424,4546.780156703964,4553.5969211647935,13.751512478245834,4562.595001827142
5270,4646.604820717162,4653.348045627057,12.71380203953641,4664.2347439539035
5421,5272.155277164328,5280.522401247861,10.888788327625981,5293.262860597328
7260,6018.9877967516695,6026.233879548473,11.971975809790806,6035.911965923661
7418,6437.973544895851,6445.101655928099,13.913015510717779,6454.853719978825
7430,7067.851817991132,7075.210742614279,13.720354810026176,7084.637848664906
