1261,634.1033414130693,640.1211431984251,12.011973690394955,647.0116419607804
80,664.7038073114411,669.4526931624528,13.669633193002165,676.7416879134848
238,813.9723717331187,819.0195590060346,16.00138930544047,824.1436126308089
515,815.9464695751226,821.40210656881,12.191676302264932,827.9213105078361
258,907.9524381656224,913.3914001928096,13.366115304743902,920.0682985492257
182,996.3232428910167,1002.0200720797266,12.067629083824304,1008.8130017465833
260,1174.520231533612,1179.3588409561414,14.52152482976728,1185.086467087016
256,1444.2569932275426,1450.4005098467717,11.507864088769153,1457.3003707104835
76,1446.3325144090443,1452.2908855991477,11.49295379012969,1459.0751681750105
435,1462.5035729961467,1468.1791829276322,11.78960352132943,1474.9358564067595
248,1532.7430264201307,1538.5356682237602,12.581157009705832,1545.3245395204622
221,1536.352410348236,1542.1128665451247,11.525464711688977,1548.9228292074802
246,1624.4490790160103,1630.030153417102,13.24658991280149,1636.1373568386837
97,1714.3835349926185,1720.1603888742961,12.625585096377286,1726.466171264222
2421,2073.8749344911053,2079.421270059686,13.319191816241736,2085.4735880506814
261,2184.7827717393398,2191.483701880738,11.02482409621797,2200.1635291153607
2261,2252.4395169168424,2257.6302768361256,13.789596874356397,2263.8260194512513
2256,2260.5245691485,2267.118051575476,10.83044105180856,2275.024024660405
2244,2344.1364659689766,2349.5486215425262,14.113853350496669,2355.4547922004767
2249,2433.83702334423,2439.435395666642,13.120121823240508,2445.7901498418655
2078,2437.745428827826,2443.457754068558,11.741054370683123,2450.4040190707424
2438,2539.8853773038677,2545.4596896586127,12.046017238473487,2552.089566791801
2102,2704.2324387900444,2710.054802431742,12.507620016597723,2716.5635106438467
2100,3262.646416027938,3268.4275961939197,11.971394838829033,3275.458018400271
2234,3424.019870860607,3429.598590083963,12.473837691790742,3435.872064260796
2424,3605.969739718139,3613.0730350924287,8.568219168801914,3622.003461043602
2103,3607.861673815933,3615.0955638311266,9.498962811567965,3624.033775918194
2501,3619.2631633374476,3624.590356698245,13.035565667830479,3630.869027634869
4270,4236.360713850434,4241.434176213888,13.963024537326358,4247.229067521495
4513,4412.218276732022,4417.433470558403,13.219700752602666,4423.726996895558
4244,4596.236959594055,4603.152339906396,9.852206984250579,4611.321633681739
4436,4629.222997955344,4634.573536761392,13.043585894363282,4683.2386034185865
4509,4780.385158905236,4787.3901945989755,8.961941823697419,4795.76188368668
4269,4864.293117625592,4871.271384289712,9.48760646930467,4879.703521931322
4176,4956.17116637422,4962.192307798261,10.801676852537241,4969.529409522131
4105,4962.104812102567,4968.38141395437,10.839212111796895,4975.7042351034725
4081,4964.008218335244,4970.223114129671,11.089183689684615,4977.447421118096
4090,5135.952213826728,5142.2332073753605,11.359910345108327,5150.540739101041
4256,5223.898772391046,5229.056114511529,15.103753455420946,5234.425929050664
4239,5226.1801142846625,5231.487814554907,13.0931793336978,5237.644535253614
4257,5314.031883936618,5319.414041345689,13.743304192713454,5325.276969548274
4187,5316.118747238023,5321.441446822327,13.619084081322042,5327.555291224278
4107,5345.75921989031,5351.024476683018,13.290566278775946,5358.303072222193
4260,5403.809781874556,5409.163768816138,14.543166021333839,5414.948111188672
4262,5418.939748396013,5424.058262959829,13.431517783230529,5430.26164960782
4500,5425.797375412931,5431.284626904732,12.967524297617414,5437.757245247875
4086,5515.076936158404,5520.294225294116,13.607393304234712,5526.372795915732
4272,5764.163614009426,5769.480893629786,14.02286177253088,5775.52065027719
7272,5766.402355605584,5771.571191836379,13.894198987897274,5777.346888720373
6265,5780.59651716975,5786.275041857432,12.102905370539013,5793.165467849103
6105,6066.126754482315,6071.518513655979,12.035152508951445,6079.349818214623
6263,6142.769674465054,6149.442455013023,10.609642407291643,6157.281277909603
6169,6144.736439856341,6151.283311858644,10.317544568694965,6159.839703447394
6107,6394.052635393511,6399.568980427892,13.746499872096363,6405.693680734184
6240,6428.989131257377,6433.325682159845,15.568993968871085,6439.8230077013495
6250,6572.405872878593,6578.034527026987,11.758212451995139,6584.804351841354
6253,6843.852077355223,6849.341449355564,13.724516313764168,6855.514957245164
6422,6864.565054685918,6871.233877935494,10.434160273731521,6879.790810656231
6249,6937.3868767913045,6942.425881131865,13.964629598792028,6948.486538208338
6493,7116.4788810381315,7121.62600231634,14.519427965825491,7127.3235139066155
6256,7223.6001109201925,7230.446141500869,10.488389870056421,7239.207564100776
6258,7225.49036542331,7232.383333365157,9.762130208847102,7293.097258895054
