1281,60.0,65.53364209197359,12.882916061483042,72.45141371015083
1204,304.0,310.5171799459088,10.82618278987509,318.0447101266883
1320,316.0,322.4208251786069,10.760041902636182,363.5436061804211
1251,574.0,579.0363463853799,13.917055985739319,585.4220434256812
1293,724.0,730.1184972443339,10.970815396557745,736.473367844859
1267,757.0,763.0686462512564,12.147253811752675,769.9427591626618
1244,777.0,782.1520757205601,13.465589418163715,813.5873424093925
1298,945.0,950.5015610662892,13.157446822336112,993.5349126950341
1275,1037.0,1043.4125620761947,11.169447419068222,1050.802701773145
1303,1042.0,1048.0935517063845,11.463382151009817,1085.8430391414072
1208,1103.0,1108.573959478334,12.752658710293984,1114.1022955345252
1195,1223.0,1228.3759218360271,13.321304456572692,1263.3756280509474
1234,1353.0,1359.0673354346343,11.464410622324724,1365.238711632233
1216,1387.0,1392.582372648126,12.856343512327442,1399.65132721003
1314,1571.0,1576.375808902958,13.200166967228803,1582.802952812805
1214,1654.0,1660.0995600160738,11.569511031812866,1666.918225743142
1280,1776.0,1783.0184928924812,10.528107662382293,1803.3353850297235
3336,1827.0,1832.5068160502672,13.265304864381736,1839.0
3332,1916.0,1921.5059942399732,13.404447833238372,1926.9086093718213
3245,2111.0,2116.5048616078593,13.167831416266008,2122.87598676522
3205,2147.0,2153.458474265945,11.326720367449125,2169.0322428857103
3286,2218.0,2223.1981880497437,14.268941536675978,2229.3574287472265
3295,2255.0,2260.191702449839,13.360342514449854,2265.3609670872534
3282,2396.0,2402.0780213589956,12.091640532814127,2408.8857381533944
3299,2404.0,2409.223718295662,13.882064020537385,2433.24955285324
3225,2469.0,2474.1747667307504,14.269571278011192,2480.434417061113
3333,2500.0,2506.0204221120357,11.322086652183987,2523.492098676287
3320,2508.0,2514.4859134790286,10.851206739490525,2525.941526163549
3292,2599.0,2605.2788633253863,10.762562143756758,2611.598975164392
3203,2602.0,2607.5514420527957,13.167066915447876,2613.6733840666093
3276,2703.0,2708.3741462606163,13.253584527487947,2713.6484584378827
3226,2803.0,2808.506392244526,12.864489477070125,2814.02242712344
3227,2850.0,2855.109069248999,13.917873376106066,2861.5333529429895
3275,2927.0,2933.274418304422,11.129134311049746,2940.6702102406857
3196,3010.0,3015.4283238589655,13.767471173542164,3021.8665354322798
3296,3168.0,3173.0648029514514,14.040887920426494,3178.1280906988827
3291,3310.0,3315.604079028933,13.22975648658594,3322.509123327397
3290,3545.0,3550.093448224207,13.77147080116195,3556.446040660659
3293,3584.0,3590.217410150306,11.655362664569388,3603.50672542402
3283,3586.0,3592.4088835944335,10.8935657253669,3606.026566984659
5310,3603.0,3608.527803910689,12.237340786479269,3614.1513063864586
5207,3663.0,3669.0357490623287,11.873750812471553,3695.6194234064824
5265,3677.0,3684.1097399987707,9.949321791428945,3698.3214252621246
5327,4037.0,4042.1236365713035,14.305843707694194,4053.3964317289337
5216,4116.0,4122.06931909027,11.429461647615302,4128.826897942277
5253,4178.0,4184.1181059372575,11.05765271167806,4191.226194649656
5333,4256.0,4262.4969985506505,10.6510696696568,4270.478127909206
5328,4257.0,4264.421002642353,9.575756766506311,4327.021464472894
5235,4472.0,4477.485113434216,13.646813639313065,4503.306975681793
5329,4494.0,4499.5653619316745,13.204412117422448,4506.147743836392
5304,4502.0,4508.233123588851,10.491717299412711,4514.593948668276
5204,4862.0,4867.331122114984,13.397221915036528,4872.5241304874
5202,5040.0,5046.063295885639,11.886533544930199,5052.075365291806
5292,5330.0,5335.277887285592,13.789868845312753,5340.378592828825
7189,5432.0,5437.275422191813,13.414957342385177,5443.944669019992
7201,5597.0,5603.509815123331,11.705377614555145,5609.213395642828
7291,5715.0,5721.307817211393,11.344998949805174,5728.694063453693
7275,5824.0,5830.409171486375,10.632135100047083,5837.851759959449
7285,5842.0,5847.533815859502,12.558818034671896,5853.733319321329
7218,5962.0,5967.44338833652,13.227036519744155,5972.8801382159145
7320,5971.0,5977.451270186868,10.698855462279008,5984.849136318567
7183,6077.0,6084.227144714989,9.057631814829946,6092.624294848695
7296,6087.0,6092.5414250839995,13.016387755606416,6127.7402254449435
7254,6148.0,6155.351991880664,9.474638420687338,6163.963827279319
7247,6337.0,6342.42552235497,13.358539879223175,6348.872356677604
7284,6695.0,6700.548357998864,13.396197612332928,6706.852581460856
7294,6752.0,6757.128488237965,13.826477748080668,6762.000823140258
7207,6952.0,6957.529902027553,13.165044092112735,6962.86930344396
7210,7020.0,7025.428156637207,13.431601237200365,7030.897927834504
7194,7036.0,7041.401726005979,13.247278926350903,7046.835715170364
