368,172.8932671624337,179.04391990096497,12.13702542730338,186.8674800351831
311,244.38379334808715,251.04004287591664,10.693958316453594,258.55305930688877
363,436.55796392223016,444.04156608894647,9.3005557417534,452.8927214547236
340,519.957425307906,525.2556603778272,13.548821041671316,531.0011585390703
379,768.4953503125996,774.1532655403647,14.771831931848299,779.3800116169188
337,790.5835930881569,796.216373460707,13.362152633941323,802.3519906147745
364,794.1201450626816,800.2039568585328,12.71144961527016,807.8440259872558
397,948.7558621792977,955.3738782381929,11.115129453605206,962.4314592424098
166,1038.4667971484955,1045.3630047188915,11.453388536748328,1052.6545219801321
191,1128.8912487064451,1136.0438829624136,11.304332905540484,1143.2146145525267
188,1398.4959999122038,1404.3506567016611,13.645331808845864,1410.1462186936076
265,1400.852135552765,1406.591481951277,13.267155899124399,1412.4209181244098
155,1488.9317505341473,1495.3309804740147,11.64085902790013,1501.7691687874544
178,1491.1496763825446,1497.1947140622442,13.259675953176918,1503.5804876702914
163,1578.8541055743137,1585.238904097962,12.129077428087864,1591.801450272719
331,1777.881211506528,1783.046201380612,14.331573183333585,1788.6018178470313
2166,1939.1769556204245,1945.3589538953222,14.192972223307095,1951.1029122849907
2327,2051.3573757220793,2057.2627091166655,12.353042341764981,2063.6521923131613
2375,2298.333326879977,2304.4824848995568,12.66899646458355,2310.6376341527825
2384,2303.3523920737184,2309.116413371225,13.314828787962272,2315.18735018908
2386,2388.7398594023975,2394.582078540028,14.44882491380115,2400.1752953688388
2307,2407.6868030025703,2412.4769134274648,15.13399407172564,2417.5750204568694
2356,2413.7193456729606,2419.5723905598793,12.384768108850142,2426.8245340356343
2255,2754.9918232166915,2762.4014288504427,10.266921231102097,2770.7349048397596
2378,2839.1376476100495,2845.310732425384,13.660648452548543,2851.1917820281474
2393,2862.3756331335358,2868.3662216702505,11.844047273881266,2875.750478013063
2158,2928.651763937158,2935.1534357313435,12.34833815395391,2941.8009900060483
2161,3288.4237969202945,3294.411490603209,12.787262744500365,3300.4237495202397
2372,3407.2362617154977,3414.1797931488704,10.278978762187807,3468.3928657006013
2383,3469.115739843696,3475.366773024005,13.523563639390995,3481.3282667327076
2338,3496.9214235206823,3504.434018514157,9.893327184642095,3513.6455269098183
2377,3498.9380593281285,3506.3406198921484,9.9484645523129,3558.30682606533
2173,3558.595913302335,3564.4985564804933,14.179131775541348,3570.143753228229
2314,3582.739561233509,3589.126049607184,11.138752108908927,3596.7913727382474
2399,3588.6804982535327,3596.1301973097343,9.724262071217648,3648.678670274046
4362,3850.0420856515398,3855.532115736256,13.477581121926507,3861.407015339784
4319,3855.053601623952,3861.4040509469673,11.11098611324303,3869.969203075514
4347,4023.4366827216754,4029.5818578935286,12.516407395096904,4036.194341676524
4373,4305.648245421805,4310.589454374929,15.563658094584566,4317.008246985177
4361,4395.2995421910055,4401.429004995591,11.193160401058249,4409.047100524727
4161,4549.05874589717,4555.239567574047,12.26380407328262,4561.604777028473
4164,4551.2212254826145,4557.201955208392,12.914191237941216,4563.3799976917535
4402,4662.3334250641155,4668.428072944549,12.66701431238495,4675.928949749943
4386,4818.549755444815,4824.520446500792,14.112450378582592,4830.393263676895
4271,4821.014047103292,4828.0186342272855,10.99089972057217,4835.435117511766
4252,4909.172658704654,4916.1124702812995,11.070445278106066,4923.083199416018
4177,4998.881461851362,5005.501284577959,11.473416366193565,5012.29226176195
4343,5088.866018924788,5095.218556810051,13.331987276313116,5101.333982028534
4250,5091.0504158016065,5097.168079990161,12.355140101535644,5103.373549305573
4326,5103.779255580817,5109.268871783973,14.054817222582527,5115.128648069446
4328,5200.152132360747,5205.58846718106,13.927155171256441,5211.701827390777
4336,5204.278592322394,5210.378240844427,11.771827563201512,5217.925265639031
4307,5206.086363264387,5212.1765609810645,11.58893110112929,5268.596231746751
4375,5290.495043393659,5296.247653489734,13.292506860040898,5302.328766692633
4321,5358.9839638189305,5365.264732767665,13.19827262065716,5371.425577044338
6244,5538.929070670509,5545.203938117495,12.515025044199866,5551.610946493473
6313,5552.395281646035,5558.051412471986,13.337324214402729,5564.137244581937
6362,5912.201908213792,5918.045543228102,12.590025765622592,5924.210437515717
6392,6195.2179660856655,6202.187435436352,10.976884926927534,6210.310003026278
6376,6198.877196858246,6206.055037225457,11.312056526329103,6260.767157994188
6257,6349.14052314309,6356.088478545112,10.300972032639196,6363.713781119091
6328,6438.61363713044,6444.543529178148,13.07350186045564,6450.37332244497
6259,6440.892490923966,6446.581385565451,14.211056437182187,6452.241861858412
6327,6468.213071157239,6475.233205140446,10.138666030509777,6483.882196061033
6395,6633.7304041719,6640.451521402303,11.130623465786268,6647.622565062079
6188,6708.697777702224,6714.547778654576,14.578589352755682,6719.940331408596
6318,6721.722160506637,6727.326648707324,13.476936185060831,6733.242696150962
6335,6903.167421081098,6909.066800249142,12.90993321165831,6915.4650273060515
6381,7183.854137512177,7190.233776012671,11.94830777569904,7197.954821715959
