1493,814.0130071547712,818.2731546517227,12.975144702666253,823.681420814561
1484,816.1042926248292,820.2091564721956,13.587941967092267,858.3760248340685
1477,1534.1740391716212,1539.2363623723436,10.313579737779817,1545.0085228002586
3486,2973.6134312385107,2978.3611488660576,11.209265067139873,2983.9351834034514
5493,4413.965569821344,4418.319521774286,13.326389699271083,4423.355109788371
5483,4953.98296332528,4958.248306952674,13.592580182508891,4963.525475508111
7493,5673.8249999746085,5678.134635507796,13.799509068673778,5683.699976904633
7482,5853.610094977235,5858.171482235069,12.196461302173404,5863.493815922532
7475,5855.559790927905,5860.000578255954,12.826703070425275,5901.614297082623
7488,6126.934906909789,6131.530584860078,13.604841911790164,6136.524497278515
7487,6755.972192988298,6760.0124803107765,12.60223698651276,6764.977745151431
