1508,273.7322395644404,279.4013843144029,12.628283777530106,283.4649085711993
1699,278.0123422827272,284.16209356974036,10.804887876606116,288.78881979581195
1959,318.3968844322473,324.33032410126714,12.000066112205857,363.76780046132956
1958,408.05725291350217,414.0374397466287,14.221044336668127,418.8127090470489
1700,430.8628559400821,436.11336749176405,12.111258034081132,454.74244985746225
1586,558.3476100476715,564.3112533581353,12.05737452530696,568.6329399461258
1696,561.8028010374464,567.4782539947032,11.951494197762463,571.6589563306353
1956,862.3030239634888,868.5073957774989,10.7016516702843,906.0073343987905
1725,879.6585718703437,884.1867352135115,14.424998396945554,908.4689483971672
1532,903.6968496424039,909.4004127726529,9.975583927458054,915.1939969602199
1962,947.6477433507241,953.0496695645214,15.195444850971832,957.7240302430359
1514,1090.2771873124318,1096.227137448045,12.295880091075833,1100.317998777727
1577,1108.369532318097,1114.1306915957923,11.271143218424243,1118.3912594727376
1703,1151.1617513895976,1156.345772573376,12.367792295276208,1161.6790583410561
1689,1184.3059617305144,1190.2524952346378,11.412241588384829,1194.7185967414937
1681,1186.1954641436168,1192.1228569545428,10.828655941513368,1196.6035175241843
1712,1329.4966457444946,1334.3242514263015,13.256223112876677,1338.8686546472186
1512,1379.7160531451711,1384.3813169999705,14.085618127091179,1387.7547848375207
1641,1537.6867346393751,1543.437562048442,11.54013970902841,1547.7476124538223
1715,1578.1778570455397,1584.2170054864268,12.218259350971461,1589.6316269977438
1694,1670.2119554620763,1676.058204573039,11.504473507942324,1714.5783513043173
1548,1722.37938982126,1727.5111715613177,13.444533473904029,1731.4728586317444
1675,1785.4277171524561,1792.2674842810377,10.24868653414507,1803.3432755319277
1704,1789.3432608635853,1796.189356237473,10.951357480737727,1808.1636559881047
1683,1803.6283856428906,1809.1178964960072,12.931855281551298,1812.8866483052504
3957,2039.0012717504997,2047.085487531708,7.575244026633678,2077.62647733423
3540,2093.1784179748056,2098.1005231526146,13.62979055064535,2101.7407647891982
3736,2179.770339365697,2186.0048174814015,11.261566557440203,2190.6509268549726
3608,2439.4715911463763,2444.606455104145,12.747490598345138,2448.4236015988836
3692,2441.823471628998,2446.4905034045373,14.074982543865797,2450.154542947473
3583,2636.6427093445523,2642.2067662749173,11.486893880393655,2646.3819649981456
3648,2722.3326076120143,2728.19427427746,11.132726787493763,2732.7108223940945
3529,2803.8578097257137,2810.0855712495404,11.106352000071416,2814.4598493930166
3649,2973.499453766181,2979.5447832069326,11.058954031293183,2983.8109843691645
3727,3136.071261301039,3141.180751344684,13.757394652458105,3145.8635201267443
3668,3333.5961348875076,3339.53686576622,11.956564870336349,3343.7438842031447
3673,3335.594999492789,3341.2531247860425,10.994284423924146,3345.505289610851
3534,3447.626393690158,3452.3551135693638,13.949581187432997,3455.904025192471
3667,3459.085560105656,3464.424837112089,12.94841999815191,3469.883455120968
3710,3478.3927277330317,3483.6216451743894,13.24207894077953,3513.317576398963
3958,3560.4862940987277,3566.4435668709466,11.66861214037298,3605.5484870491387
3563,3603.968668408107,3610.084139984086,11.563490994068044,3614.3135557111327
5678,3783.4775574162686,3790.0096500588315,11.031918941817844,3794.6684023695643
5694,4029.8940778508263,4035.5211828105466,11.581787312594956,4053.300583324622
5955,4100.231692893311,4106.020227435633,12.428501429906262,4110.978703892739
5966,4187.574142767849,4194.414953705887,10.36740978053231,4200.194131835255
5695,4212.75745942896,4219.039153012874,10.971660400652137,4234.586219013328
5548,4233.552756688232,4239.11312325906,12.606538936767484,4242.917140998983
5690,4304.155554422496,4309.472307011527,12.952341434846417,4314.418140021357
5574,4503.514617039965,4509.135778494904,12.621783248216781,4513.059252910623
5727,4555.274760854768,4560.030855961064,15.82095125621895,4564.632439524018
5726,4571.256894226877,4577.163052871648,11.160174741316395,4594.787795118464
5541,4593.990687129685,4600.051975002168,11.256650514590323,4604.472862548609
5720,4817.8074712910275,4823.53111582319,13.536550516240407,4863.227243420621
5551,4862.0636970104315,4867.527804538276,12.423593819691032,4872.441088461378
5698,4883.876685625312,4889.2291208550505,12.991853090644186,4893.042094624767
5980,4910.633342877576,4916.366856614907,12.133857478514248,4921.543557240399
5530,4954.084390730594,4959.500333664771,13.573682154956673,4963.12883963308
5717,4956.208527782483,4962.310847836327,11.113375850420473,4966.773510582008
5603,4984.448667617756,4990.364891519925,11.802003285034388,4995.685054703971
5689,4998.357433943051,5004.517763809918,12.573736515293172,5043.051837274853
5601,5228.074778430624,5233.276677735836,12.186383702038505,5237.176447436221
5518,5253.014009375072,5257.3592079127875,14.915640971123615,5260.598756421492
5653,5313.605831766271,5318.64716772212,14.907121351222317,5322.074571357172
7714,5479.530536577361,5485.240933497543,11.288454903959536,5495.881199897331
7725,5504.5066974548145,5509.11727882012,14.511683663293013,5512.479333810009
7556,5615.2293160295285,5620.570536497661,12.539165456970654,5625.764141180742
7701,5674.037003854118,5679.339654339339,14.760698287057197,5682.6613440361025
7547,5684.156365537986,5689.433163627777,12.568080368257542,5693.296653079765
7524,5766.098095342069,5771.446638448761,13.147556049685226,5775.145667117754
7980,5809.89215938939,5815.308617744336,13.629308041971123,5820.326656261432
7972,5815.5317299396165,5821.3953186583385,11.653620730590335,5853.301827790266
7690,5835.744239198187,5840.477821628639,14.074577857912155,5858.455995029668
7675,5883.10344971978,5888.343311824414,13.069399642513929,5893.521505262537
7532,5945.984646504979,5951.544732983455,11.443601923152197,5955.646657709312
7515,6071.242020062668,6076.14167106454,14.054679189120394,6081.396696579015
7981,6079.657860990425,6086.0913168446605,10.840863758651956,6123.212926856348
7976,6167.67632916526,6173.169443141079,13.658722244039788,6177.877148429829
7711,6177.895630982639,6183.333332335942,12.78248784958087,6214.753401165536
7582,6215.93667881231,6221.486038228196,12.892280477764237,6225.433438151674
7969,6257.8540106948885,6263.406633290566,13.68095872068179,6268.819109775275
7680,6329.491957026208,6334.548079884262,13.5603078186183,6338.270427157357
7708,6374.665046084884,6379.461673759624,14.837291035440295,6396.0960667393565
7648,6483.736245660291,6489.206277955007,13.638150200019952,6492.902761749572
7685,6527.923064054585,6533.562010881587,14.210303531803174,6538.642699210403
7568,6665.613126357997,6671.354473057732,12.036911382611317,6675.524989023404
7563,6782.609963546745,6788.132333183726,12.254024308821814,6793.697040340102
7964,6806.772914208511,6813.210317553395,11.880249103370838,6843.626672993545
7640,6870.830540011123,6876.080618344365,13.128578160769747,6879.905056768922
7713,6888.386230174962,6894.2428666335745,14.232617408804886,6933.497408227352
7693,6962.856714023707,6968.19812371062,12.314410525015685,6972.957936787419
7729,6978.096623156654,6984.023849228136,12.864850667867039,7023.598834052692
7559,7113.59985718354,7119.501787956644,12.072816821379485,7123.677975620996
7721,7125.917690065916,7131.4056063574135,12.65953231918138,7135.346924559172
