450,274.2407875737501,277.3290496132417,12.927529534957497,279.9968386986196
528,678.1826015143996,681.4953610690869,13.124183334177902,683.9317107189962
1799,903.9704851436485,907.1783496849129,11.632784298228994,909.9728243042856
735,1966.0,1969.592241782282,12.307477666174067,1973.5868959297302
2464,2658.081933914859,2661.4632306210656,12.122754163499666,2664.316088943291
3803,2795.5346910960907,2798.4434576405556,12.827573171430027,2800.975665996442
3812,2887.2418055829176,2890.5427188178583,12.507481774225766,2893.132191416836
2532,3102.1116095501325,3104.6153957512806,13.41596690423005,3107.140386188349
4530,4443.582920012674,4446.145667256607,13.907845365424897,4448.588233066321
5004,4664.0,4667.1670550413155,13.834393035327729,4669.663902181767
4535,5193.535388462807,5196.3172799361955,12.489748748675945,5198.967247080041
4467,5364.318653196849,5367.33265486351,10.676171182826513,5370.483861643727
6542,5584.002785355911,5587.219251650458,13.14832313609868,5589.775679926416
5823,5586.241151350104,5589.256897364758,12.14351256903211,5592.087176651974
7017,6552.0,6555.234215736819,15.108926483905595,6557.505045480086
7022,6642.0,6645.353948256336,13.057466684391514,6647.886153227336
7825,6665.929363214389,6669.124734885795,10.777087387869395,6672.187579665085
7805,6934.190994390692,6937.4695855006885,12.220782130711983,6940.333115295706
6548,7222.989788403286,7225.43049181304,13.767654210581314,7227.927254573356
