450,232.3397387007901,233.02360170047808,12.300469875268831,233.5669021893585
464,1225.3330669030752,1226.005238657205,10.787872514174097,1226.6247168062014
3817,2406.582636684859,2407.2538481482784,11.190953924134337,2407.85101362157
2550,2592.4584811083014,2593.2549385064513,9.458616459652188,2593.961474322255
2527,2772.429257840454,2773.083031382621,11.856180888785813,2773.646691077035
2455,3105.503885731639,3106.136422620276,12.621725991888258,3106.66589468305
2547,3467.9419529301113,3468.500150579402,14.019610363892768,3468.9768293973743
4449,3923.9404520625844,3924.568084199229,12.324381927534121,3925.117431927987
4530,4433.4903492505955,4434.046481763518,13.423593495699858,4434.54432545186
4459,4776.387167582969,4777.068342411532,11.60324053056553,4777.644289387646
6542,5552.631250678951,5553.216227647866,12.971473701317837,5553.731423642598
7830,5903.993821004643,5904.473135843508,16.042247364281668,5904.88971409124
7801,6008.7853113876645,6009.466206926214,11.026720186799793,6010.070943860409
6451,6602.978143630417,6603.552702171291,13.44298083794579,6604.047221883324
7819,7003.307697951305,7004.009865582381,11.962285086800648,7004.568525675181
