232,36.39321495297722,40.38803457469709,10.420476382358045,45.5653518989573
257,168.988128154862,172.15834127029424,13.14987362652307,177.41288717305952
199,183.72371969681657,187.48373970508135,14.020565932184208,228.25828344451864
238,498.9254357160045,502.6114550724228,14.826451890288622,505.9289570448612
213,517.2957737278068,520.2878172910315,14.65474414378171,523.989202948144
201,590.7872244024253,594.5075269892304,12.243693195906936,598.9949302205189
214,982.4488342085616,985.0475422530603,15.65863871059944,989.8252044211214
373,1038.0498686037226,1041.608898690627,13.584176423165937,1045.3604176404056
205,1069.0674530611766,1072.1617871698234,12.860509468836497,1077.2920341587774
256,1155.6022682553858,1159.1145682769786,11.880643214563431,1163.5636136693406
246,1318.012021711508,1321.1522322772316,12.792606583381204,1325.0866563729203
197,1398.0189446281001,1402.1238434618713,11.287429709667045,1406.8321522535607
171,1684.5063806595886,1688.2719170103915,10.674854661583415,1693.0809814868096
261,1803.557562762858,1807.1142694728321,14.510568816684998,1811.8711021646543
2217,1997.1809147941497,2000.4869021215686,12.363697277583055,2005.9957013216394
2174,2390.458807837034,2393.582927551983,16.09206986513723,2396.891644347011
2240,2523.488476268779,2527.129197998407,13.851300433073806,2568.999157598053
2186,2602.1391706337185,2605.2853243818877,12.801471695515271,2611.2662899108154
2154,2838.604413997712,2842.0552060274385,14.572438433092474,2845.6896653773492
2199,3288.374122209819,3292.020794491491,14.116713267242876,3295.6345794664135
2218,3459.3743983585837,3462.566884061151,13.74378062284666,3468.4434256098316
2209,3624.661822734121,3628.360569535029,11.671762772832201,3633.9592908459094
4226,3650.9776865666554,3654.54660014572,15.055193114068478,3658.18080458316
4268,3883.780289724898,3886.584798814484,15.1877111543471,3891.4566388628527
4233,4255.302876588793,4259.097373818554,10.425959892649608,4280.892707937457
4254,4584.359925851292,4588.276197506624,10.423301264688785,4593.897627944706
4383,4670.505721561189,4674.245405183658,10.409398705939285,4679.973734183379
4179,4914.844410777628,4918.493048966468,11.996962849885344,4923.038411660266
4391,4916.945459596713,4920.33004232069,12.01414073078908,4924.873164537345
4255,4970.78962694187,4974.368773387332,12.102603454512655,4979.752748074499
4260,5100.589136310309,5103.6084305733,14.251220455927315,5107.402657072341
4236,5164.795495253334,5168.53178278297,11.528471689321472,5174.166431020499
4370,5358.905602294709,5362.497783544361,13.643889866641604,5366.511955103364
4243,5448.478734646993,5452.2932177333205,11.893133068254166,5456.687046878407
6224,5545.577840398005,5548.523375707456,14.708255310057638,5552.270753167667
6245,5775.730714253637,5779.053115800708,13.059751608103538,5784.702265518523
6229,5960.067807957796,5963.537077886132,12.221534774851564,5968.772811331294
6231,6135.316482975443,6138.365465972791,14.431436883375362,6144.1456883896535
6401,6288.222468397858,6292.3937027789425,9.76494280081944,6298.423775078943
6366,6629.878111664045,6633.31159496772,14.013245023959701,6637.139531370569
6228,6631.715790776472,6635.064375865106,14.403974132929118,6638.816283272698
6183,6644.083713332682,6647.548786918444,11.618263161452575,6651.824034490012
6223,6767.060522572849,6770.467870767498,12.19398982491876,6775.894704791064
6254,6798.713813816576,6802.154883041619,14.176650427395419,6805.7548009903585
6262,6829.766046222703,6833.301502223039,12.01178264508442,6838.886326223048
6211,7023.586686792713,7027.169802888576,13.808814408118236,7071.156034655761
6222,7043.925520179183,7047.457711431598,11.67666409834926,7073.537969771208
6389,7093.30121761461,7097.154590875186,10.447122832496227,7102.097832619707
