1783,41.730819705628534,46.38600210285535,14.154863872646061,53.118177999994344
1859,72.79332587841039,78.47200871823188,10.13744978902607,87.07912300621653
1871,86.22488080458136,91.17766261098298,12.452145627406507,98.74593615090026
1831,163.52916306668246,168.41549674732545,12.282184569007027,175.81577716171745
1502,231.53436017876152,236.46071332521586,12.471743171936778,243.90957679540048
1503,304.92253779631375,309.20296295475225,14.282118456585973,315.9981495740545
1892,326.6314453067681,331.24819359915256,14.493692894065076,337.99300065496385
1899,393.8413841696835,398.58382343458203,14.319798330441404,405.3681231304341
1838,436.4798011955453,441.3900039024743,12.766663241368686,448.70125660119146
1779,448.43872204494676,453.0247709664593,14.37806967206255,459.89413067704487
1776,583.4329735781878,588.4654413809586,11.63259811247311,596.0317682354981
1856,599.158845901962,604.2718111953617,12.62061291969167,612.0548164415928
1867,614.8958036341168,619.3604809221374,13.940286001017713,626.2473048276021
1921,676.5533993800271,681.4159439702456,12.997200346674752,688.998429173586
1866,857.5079932583483,862.0175492686856,14.348626377779503,869.1168891931505
1769,863.8493688353525,869.475415665397,11.406764937555902,877.7390988881434
1824,879.3855398750558,884.1875539958156,12.593598348506385,891.5816678881569
1803,884.7079422499748,889.1631102682941,14.100164369775435,903.6052130687747
1889,919.5818104728323,924.4968181979826,12.249750949879889,932.0373981948867
1910,926.4888600976269,931.4924485422532,12.403484439660849,939.5822828317888
1788,1138.5493195509123,1143.3087347567148,12.99093753040109,1150.6602444551952
1846,1162.5097599988187,1169.1168868006177,9.174015075914243,1178.7001618821553
1908,1164.6328290042804,1171.0608267723842,9.93123458512936,1181.3534832553662
1785,1176.5973574838358,1181.2419368090198,13.265736629385609,1188.6850443961575
1852,1213.3970338224553,1218.0119281234763,13.996195454408099,1225.0625586561493
1854,1312.7116153378765,1318.07627865269,10.839749561685728,1326.1634991280214
1885,1390.5559657504634,1395.4673060855077,12.809666362255477,1403.023601029568
1882,1429.5407659873251,1434.453052377878,12.40939425410508,1442.1387255751747
1767,1459.7063640310369,1465.0871197130439,11.555678424935754,1472.9153074685682
1864,1497.7537813498263,1503.116116109086,11.14711093256094,1511.559786895427
1879,1510.2325196548086,1515.4180255440701,12.041037629352092,1523.1207480206638
1828,1541.7822164601878,1546.300403525127,13.778760712691714,1553.1306731954996
1848,1577.2410710442537,1581.367718912225,15.031603727885315,1587.8695872571016
1870,1591.526349701615,1596.49461007813,12.226155593285894,1604.123053859213
1850,1598.0987681545103,1602.4922163134086,14.200864143369376,1609.1302692446588
1773,1618.408849048186,1623.0426913166993,14.00412947613719,1649.0229341235847
1845,1623.8292325092157,1628.5293763065395,12.653618165223842,1651.8448824078166
1829,1675.2454567369502,1679.4941939524197,14.479092447982117,1686.0781144195423
1868,1697.636223513262,1703.4599786646386,10.00593073501741,1711.9719684826025
3876,2051.7694949834195,2056.2224802840765,16.132682245250102,2062.5149080772267
3787,2073.577570631751,2079.4545192024116,10.996061466358412,2088.4315930308067
3835,2079.8981084323827,2085.12854195659,12.041776149589067,2093.040898316022
3850,2140.2569935986544,2145.451982302291,12.354072777736757,2153.1140853070806
3774,2158.6908336492,2163.4276621657873,14.688111235941468,2170.3847007382465
3884,2180.6309054366384,2185.3869668329644,14.1746951611789,2192.396862483836
3857,2227.46217120182,2232.4440690317138,12.35246420272789,2239.9834444878384
3781,2375.5800070350338,2382.0531885623723,8.955192462194171,2391.5768722166863
3361,2561.0626784383294,2566.2603727584496,12.176178455860938,2574.391329572898
3910,2729.6446609593077,2735.2471958439605,10.936895064549953,2743.5707877146024
3344,2825.650317481413,2830.159374845228,13.426344301290793,2837.5344151302243
3917,2853.4427105127256,2858.462471350194,12.198204097910876,2866.1742579283514
3843,2863.541332967925,2869.4713189143695,10.045582162724521,2878.364268736924
3886,2877.7848155963584,2883.251924367382,10.688258124343697,2891.8282832652985
3839,2957.942542936466,2964.117375108078,10.237738629301571,2973.4968505441393
3888,2973.0566170116836,2979.071538968691,9.590849118602103,2987.811898298758
3897,3037.7048965724643,3043.0493107340626,11.063335470423848,3051.058604197396
3809,3078.4451356492104,3083.4385369992683,11.951635589674588,3091.0699982256115
3860,3083.449451400848,3088.009364373509,12.852381714420215,3095.1119142566986
3834,3144.874780228004,3150.485253724664,10.927828321630296,3158.923430304944
3782,3146.8182090081114,3152.3377085448633,11.790593478284253,3161.133948851238
3764,3171.4327569408124,3176.424188771479,13.111000009839719,3183.6213985877025
3893,3177.8313225626543,3182.547815915508,14.991018580395016,3189.1480562231413
3880,3237.7215051162157,3242.1941140468984,12.896312964549022,3250.5452713381665
3916,3316.5926026063585,3321.5549989211345,13.348996234441481,3329.0393992778554
3875,3396.9832611489173,3401.163347282628,15.116335184471597,3407.9592017657974
3760,3400.5304322860516,3405.109273338542,13.378473766941053,3415.935583227207
3865,3530.4602094499323,3535.49530905047,12.332235807151319,3543.105363762311
3790,3539.375006430612,3544.2682567121838,13.587133800370333,3551.586353055214
3779,3552.8069262869767,3558.3068236187314,12.267163093603088,3566.042522551639
5821,3829.473549766579,3834.1688439399263,14.169558055012212,3841.0535222725157
5857,3839.2184950092296,3844.3635554698417,12.206073390021272,3852.0275005131894
5799,3896.5799620314624,3901.4965262467326,13.09443285941952,3910.0768005130685
5827,3917.4937018476003,3922.5699225141966,12.578359515766502,3930.011086483011
5874,3938.532344533702,3943.174758116667,13.764126115639872,3950.4642738329208
5812,3948.9166513962036,3955.1089342685973,10.11685739337373,3964.013927265638
5849,4010.683909025223,4015.444607058116,14.355147412139484,4022.4797549567243
5830,4102.141431098359,4107.302079103702,11.139859744230389,4115.563564844186
5822,4118.042964958213,4122.508494480809,13.422064723452298,4129.467325548857
5848,4151.553160735596,4156.348486954325,12.635182592055436,4163.863265819006
5858,4247.283234335567,4252.561520692784,11.814882268487995,4260.544620172965
5864,4249.4866016774085,4254.376479630335,12.143863756361265,4263.029898362646
5770,4306.8537682752385,4312.1471827794385,11.816082167178863,4320.117757889679
5839,4319.575434985152,4324.07155133479,13.576104152274345,4332.4614362608445
5888,4389.466740035237,4394.529108874714,11.916766997147757,4402.369528363649
5774,4494.469342155552,4499.5170268881375,12.39375302687238,4507.157731476879
5760,4549.040910032678,4554.3800354755185,11.622925764326984,4562.681951020853
5872,4594.593543775299,4598.434927892848,16.32299502591932,4604.866879723506
5873,4607.167539268548,4611.386480943253,14.486216270039613,4618.04020360415
5902,4620.65282175962,4625.39795020789,14.18090241476411,4632.0818205579335
5810,4673.1519646936795,4677.550772460192,14.58180105656306,4684.724736182573
5782,4695.458169623659,4701.141409797192,10.556673141120985,4709.742338821093
5372,4716.009861341245,4720.279474021765,14.688218793225632,4727.038509104999
5837,4717.500881321176,4722.1452541577355,14.429859019803072,4729.692039005202
5819,4722.108708198282,4727.4463483951895,11.86622809040449,4735.757031859767
5850,4750.721568121582,4755.423228711732,13.190865791505411,4762.988431423968
5863,4817.4906348230015,4822.435742187074,12.605034990366194,4829.976104472734
5856,4820.661401083064,4825.298010517834,14.322013941642743,4832.529397267587
5838,4861.632258297355,4866.147150927306,13.233395700966495,4875.798142880069
5809,4903.383642343525,4907.549033552002,14.94700737235129,4914.382232468039
5756,4968.483363563706,4973.233164997578,12.317089382502408,4980.949689051937
5786,5067.474680928196,5072.004476816242,14.062317784205339,5078.8738655773695
5889,5093.854648469207,5098.011303725693,14.591172640698243,5104.9396805807455
5829,5104.636452603981,5108.506083696484,15.561889308627903,5114.970293493834
5876,5112.808790569093,5117.591164103632,13.13893503336231,5124.870787663249
5842,5309.346280021225,5314.213422500337,12.745858346612982,5321.758568073108
5792,5345.459895008865,5350.082762944723,13.366700981426098,5357.040509535225
5794,5404.483547842729,5410.206552971501,10.879494889982965,5418.870303200106
7800,5441.32081899149,5446.045616293656,12.350956726270137,5470.1862922368355
5869,5467.2780565020375,5471.636780110511,14.220917885594961,5478.610368177235
7864,5481.96227293695,5487.3645381103925,11.46003209304907,5495.7422828818835
7854,5551.538941892309,5557.031275420187,11.046308316216486,5565.1531406468475
7811,5646.37071260655,5650.324711224307,15.510838919902751,5656.795454905638
7774,5652.455073972835,5658.308939915188,11.47780916218122,5666.736536785327
7824,5832.214302468112,5837.232901894409,12.387820667600334,5845.023949844079
7801,5857.104843244254,5862.121216226899,12.736507431359017,5869.766809370344
7841,5868.693452682954,5873.398916412662,13.613328719401094,5880.389383466666
7509,5964.469840269541,5969.074353020716,13.77282636487393,5976.4770154492835
7884,5995.485426344796,6000.531535250703,13.652031317107514,6007.944742681192
7784,6046.545901475478,6051.502273036242,13.47347714228546,6058.855567390597
7814,6048.552157541196,6053.550603616346,12.152125858460243,6061.6637482689985
7772,6053.653276092913,6058.03501583433,13.43759229798186,6065.487382625267
7364,6079.58310917328,6086.1132806959295,9.172479850235554,6095.648936866687
7846,6096.546375074585,6102.358688156891,10.637044710354093,6110.833592940741
7857,6129.143927248377,6133.465476093021,14.865054827532823,6140.487912568275
7885,6143.24209047306,6148.410443819795,11.622385452233297,6156.071062204032
7878,6145.723955533684,6151.3571834744025,13.318109743250044,6158.952390892792
7806,6215.93263530372,6221.208044904726,11.176121783169153,6229.05844128657
7342,6254.765288960185,6260.016333915323,11.178113086482249,6267.997495590713
7816,6273.407978884485,6278.195068562074,13.183211031022667,6285.519282840264
7794,6285.700038611749,6290.465749903857,14.605234697312094,6297.583245174643
7910,6337.51038986877,6342.411389936553,13.197150137505226,6349.841637426478
7830,6365.813922253469,6371.244618846299,11.074893414967875,6379.474910407504
7796,6446.045360923757,6452.156682380506,10.558770229645475,6461.246435997227
7817,6503.598358494653,6508.4209415420455,14.27179804808066,6515.160469794651
7505,6608.6602647367545,6613.545429080349,13.22522759263826,6620.940842118666
7790,6647.396137986799,6652.556765273753,11.47116867957502,6660.479787709137
7904,6683.348270082247,6688.376057260907,12.345326278495124,6696.053956077332
7860,6735.785279383287,6741.059668213324,11.72371325232621,6749.161280299014
7792,6767.25965850305,6772.154472533483,12.483028231265939,6779.819530754418
7898,6780.953745527634,6787.114947427014,9.332481574596878,6796.143833086266
7906,6785.478039877564,6790.189131475344,12.668706015656257,6798.516342118645
7789,6793.099397053862,6798.051812335215,12.652125262342238,6806.122720337586
7838,6897.139204788492,6902.459373404436,11.062899548057402,6910.794843664729
7781,6905.232466743737,6909.610404076773,13.573608357958177,6916.636410678221
7849,6908.514136747368,6913.114666264601,13.356832070434436,6920.547094546579
7815,6935.54955848714,6940.5474862449255,13.590346631286836,6947.914727713849
7776,6949.06058060578,6954.1660575608885,12.158920398813944,6961.932071875393
7799,7095.978639077254,7101.217377538229,13.41535101243634,7108.075418111477
7872,7113.379291339846,7118.447050462042,11.787066712190834,7126.069280553805
7807,7172.467089683052,7176.607537341397,14.553418203111548,7183.1086878160495
7809,7191.551301736583,7196.448320098164,12.886049183405667,7203.814209760884
