1285,142.14073942088896,153.30155166472125,9.914193985090368,164.41513886675182
1293,155.52409058695727,165.16016818272118,11.765659923889881,174.93622093005217
1188,213.1953664613703,221.5953492731986,14.231034472095617,229.84845863425946
136,347.2789769870568,355.51050995751314,14.368748671949836,363.69659009812057
1430,439.85503386462506,449.27405283414294,11.650795672938731,459.6544637430146
1193,561.0081664121535,570.1109106695562,12.143279978229595,579.0577292064858
1195,652.8871362815706,661.27403555476,13.369650072616297,670.8610156696487
1324,694.1529577778614,704.2423081999387,11.915902621148314,714.0564651693143
1191,920.0227200880345,929.3127304470265,11.870778739091232,939.7719935449975
1289,969.4132707431547,980.064621093631,11.573850177196434,990.3507844739465
9,977.5400946813248,986.2208467608854,12.612374759210864,995.0561773613458
1269,1007.0572928634373,1015.0923144650088,14.077782002345671,1024.1678334856965
24,1177.7407949851943,1186.1279759052961,14.759912569045452,1193.8465719617395
1202,1192.1791008072278,1202.540090470814,11.383852073706995,1213.4040728150806
1290,1325.4065004964543,1335.028902830511,11.386893911680941,1344.6982060859032
1279,1328.7960507492714,1338.1608129403444,12.879802759386472,1347.2786182216255
1287,1384.1763476628842,1392.534699517358,13.774289932006266,1400.7280507372848
1436,1453.278155543475,1462.5726476257137,13.328489459288429,1471.4047147644194
1292,1662.503573872164,1673.1319973733912,11.745558271566527,1682.4960827435832
16,1798.377577785449,1808.3637905897656,11.08247290823453,1818.3736611776114
3207,2005.346776684556,2016.0783797020104,11.151354225914764,2027.0258314733107
3428,2074.6920206247582,2083.4604977113368,13.040688333044478,2091.9485652776657
3210,2447.020925899684,2454.305920710121,16.229115283199146,2462.7379600498525
3293,2493.8109256137204,2502.5691977162282,12.867312146673337,2511.4643936169236
3439,2508.7977670946866,2518.1020833114317,12.15773633852788,2528.7951532906036
3203,2833.188249129079,2841.382633321061,14.827209488606261,2848.959564672227
3208,2903.9873815831247,2913.464795874282,12.202278858358234,2923.2980472905374
3327,2905.780126498918,2915.2232111238295,10.858822758177128,2925.0724828057964
3204,2988.8650952488056,2997.2512582077097,13.654445811818993,3005.676862915189
3294,3393.6552901831933,3402.250282298608,13.031265160776966,3410.9789133327104
5192,4160.412901847516,4170.134176554106,12.209450628996843,4179.744245489381
4024,4217.030898265791,4226.273823528615,12.131842612746247,4235.50983975439
5451,4488.990482968006,4498.004960614673,13.131859220425687,4506.88794715866
5294,4520.213822284477,4529.32389762646,12.116428112295926,4539.807024973353
5201,4697.98711775325,4706.185634396403,13.921371708645854,4714.356275898858
5335,4705.562868786048,4716.191195035086,10.478762969318202,4726.660702552352
5300,4903.0561473726,4912.123660563462,13.82758333818196,4920.646194966093
5208,4976.750616625849,4986.06164035976,12.72772636087701,4995.417152401423
5288,5330.917302320335,5339.498027988286,12.549116063726453,5348.043169615185
5206,5385.855545470391,5396.350600982136,11.153641545422266,5406.769572991335
5295,5524.356107403441,5533.241408891188,13.00876227981414,5541.631713543499
7200,5602.707063047944,5613.410395834982,10.673234436526304,5623.844740109054
7286,5693.834799952171,5703.320890866466,12.310855720589736,5713.6928077022985
7204,5800.10234024835,5808.2133003101335,14.789353190029642,5815.782858148448
6135,5836.048527105634,5844.441158326084,13.045597630228645,5854.196238320242
7203,5877.157915815574,5886.48103790405,12.651390847304022,5895.955993181732
7293,6006.896477257265,6017.499820673241,11.108062938934559,6028.070193292094
7291,6235.427067790707,6246.115189296317,10.914306002354763,6257.635092393082
7415,6285.416038892687,6293.481362380816,14.219288755538916,6301.632310892202
7263,6352.249060381358,6362.141688065722,11.342665899792289,6371.95492099095
7281,6558.814079970179,6568.266204201318,12.559817065940505,6577.397271089406
6004,6566.603589069738,6577.126277705281,10.394444038511542,6587.713234021879
7273,6903.1863734482595,6911.581238677025,13.66931501813272,6919.784748199978
7334,7249.495803427052,7260.273271707563,11.144118991538457,7271.07720709236
7194,7251.458513064495,7262.166711876536,10.215402464419988,7272.935130006773
7201,7253.262367251503,7264.103888987255,10.48459417419304,7274.878189574533
