1414,144.0,149.3754973102617,14.311145158654336,183.53308192632844
1467,208.0,214.13807187998694,12.810960555778044,221.72985604114749
1430,219.0,225.16601989735418,12.541158557835006,276.17332524252055
1455,408.0,413.43430919238307,14.206884306293839,420.3126672642486
1435,428.0,433.02487018408135,16.322654469315843,458.5988911783603
1482,516.0,521.5407938709111,14.527235893830024,528.7699634020752
1448,518.0,524.2122043920732,13.23493415880251,543.4343808917113
1403,591.0,596.3837353691517,15.111562274556775,603.6304537186878
1354,629.0,635.0804736086346,12.8203218117572,641.6720842288336
1470,661.0,667.0965258734886,12.292719944843075,674.7157898549025
1440,1040.0,1047.1644082398996,11.136169040141349,1055.8708417982568
1427,1145.0,1150.4973055708444,13.822284505983486,1157.8851287361622
1364,1183.0,1189.0845621661974,12.941826557226358,1195.427724907252
1385,1271.0,1276.0952806058103,16.36590125911066,1281.2588082442687
1398,1320.0,1326.1073115945157,12.340723287152624,1333.9184320272964
1400,1384.0,1390.0867770055875,12.494122096461577,1397.65529872123
1392,1505.0,1511.2966340657879,12.757523568395,1519.3598259676176
1393,1571.0,1577.3632217096558,12.354874945813888,1623.516741023554
1381,1717.0,1722.3446118821087,15.369065290025775,1727.817321889982
3384,1820.0,1827.2092706626595,10.060534569111093,1834.9053274076296
3422,1876.0,1882.0313214406758,13.16673460944331,1893.4927653491757
3400,2000.0,2007.0136971358868,10.863990279766503,2014.9192351832635
3415,2029.0,2035.4705994679643,11.722230966040527,2073.4098868699625
3375,2141.0,2146.1736076172124,15.133018936059669,2152.69646255474
3392,2164.0,2169.3329919453836,14.830287430633671,2174.7483859295244
3467,2318.0,2324.178443506039,12.331573510453016,2345.44179284044
3486,2744.0,2749.6085318365485,13.768913037142141,2756.7623491808367
3448,2935.0,2941.048706193688,12.33321634094416,2973.2280188410814
3462,2951.0,2956.5685807220257,14.094978617905602,2975.914250700121
3374,3035.0,3041.4299341635474,12.478003646771885,3049.413770217623
3356,3037.0,3043.234164612549,12.440782785806638,3063.5911084714608
3359,3144.0,3151.2582272547447,10.222466841729394,3159.0390489179376
3397,3201.0,3206.418931632097,15.14260203926009,3213.68033886539
3348,3384.0,3390.0059297638013,13.213933537788078,3423.086971860295
3427,3544.0,3549.5580486882777,14.533174349377095,3556.697356809618
3488,3554.0,3560.1070869017262,12.645741082585017,3603.241017878701
5404,3603.0,3608.5314750634466,14.464663983423085,3614.132767498704
5424,3815.0,3821.2747635114774,12.569635438102473,3828.7233003133233
5426,3881.0,3887.160049244235,12.91870802139108,3893.529014257267
5350,3982.0,3989.10799818521,11.182428309899349,3996.684747910681
5368,3984.0,3991.144853187611,10.55269033224882,3999.2286847239816
5359,4027.0,4033.403292015406,12.391470664322025,4040.8896694495606
5398,4158.0,4165.4539261320915,10.577700723712244,4173.5060033969285
5451,4272.0,4278.164954817169,12.47105413440173,4286.206057720964
5384,4300.0,4305.599667476417,14.356698362110821,4323.402321625218
5485,4355.0,4362.129042107382,10.783128316264877,4370.681962764829
5437,4440.0,4446.147119595132,13.328129483006034,4453.59222594261
5481,4465.0,4470.330477738844,14.056277698148872,4503.521907132871
5476,4994.0,5000.388799626325,11.706958566125332,5008.781760326728
5453,5160.0,5166.212434681049,11.773375524479702,5174.160382089304
5374,5206.0,5212.099197470001,12.42167358022518,5223.408419724006
5393,5264.0,5269.411889391738,14.801164886683344,5276.954312096126
5357,5303.0,5309.477332227709,11.220338448999,5316.402843993466
7399,5434.0,5439.465198947271,14.111266970369151,5446.419687951722
7453,5535.0,5541.021734967211,13.122736930482642,5548.6765119504935
7440,5700.0,5706.331598164389,12.76596747660835,5713.888981004511
7473,6078.0,6083.291797313574,15.517822771697046,6123.7022896523895
7358,6127.0,6133.286743072362,11.958898435488134,6139.969318765435
7415,6128.0,6135.027700888838,11.915296655423806,6141.773257286997
7412,6412.0,6418.03601730637,12.288991828761384,6424.378696962972
7359,6595.0,6602.238250279467,10.664997027169028,6611.514113909749
7431,6612.0,6617.261652099158,15.390529144993437,6663.563626954711
7377,6626.0,6632.179883554169,12.113032151955132,6666.083621681028
7469,6672.0,6677.301099500409,14.217952609200566,6682.819988251714
7450,6676.0,6682.492926305944,11.14974395104038,6689.439467506977
7422,6900.0,6906.255293865638,12.14819175745982,6913.9935167607
7466,6939.0,6946.2203726128555,10.304951030682005,6954.239835228028
7470,6988.0,6994.420331146,11.940726404399456,7002.4919112813095
7430,7006.0,7012.011120802322,13.123723660631256,7023.463275761253
