1320,210.0662654816589,225.276014304654,14.011097711286173,237.1592938440404
883,333.33226583792987,348.44230944437885,13.169935378152676,359.8300179576819
642,465.4078168122954,482.38186790146256,10.584327807802099,495.36510855833427
600,467.5369662861049,484.3159075561038,11.181782844294233,497.09571505130776
403,469.45009474986466,486.2411152534569,11.843594601806577,498.9260412187251
872,471.3152801689337,488.10689497511964,11.609287833982096,500.69842366101983
384,554.781406312893,571.1990805865058,11.970019948590895,629.0248075590755
372,601.8064455181897,618.0237200300274,11.888857176483699,632.8549381127076
371,716.1996788950291,731.56183488051,13.386099443933068,751.5647130216163
611,808.6086247846918,828.2235341601319,9.80840901680067,842.6245740379824
387,810.9063205132957,830.1700782672664,10.478390857043197,845.1345869214266
368,815.7897863617368,832.1236196075749,10.762772015258868,887.4663988383207
902,879.7884822168451,898.4260266506856,11.240127197861769,912.7327551347933
880,948.5603012267366,965.4350553984088,11.957793521810773,978.2303778055839
606,960.2904709412305,974.2133915050279,13.641311622407406,985.9410064867317
351,1021.5698920810592,1039.3054902270017,11.618597694709308,1054.2576709288762
595,1084.96489559755,1102.2507377721336,11.582282564397662,1115.4442916690173
597,1086.7521579369657,1104.0753938530404,10.55059257867181,1118.4806327698527
628,1153.5753998383057,1170.0607319945789,12.526742198931288,1182.0197800617998
625,1364.9548308946657,1381.4805640038114,11.401766853290368,1433.9007603896714
619,1437.411857757057,1454.3629762106157,10.502104070957323,1506.2513657604957
906,1439.1859755259186,1456.2804151685175,12.160092966060056,1508.3877234861693
377,1441.031552233555,1458.0790598103663,11.92529890042859,1510.2295851658764
402,1617.6113665454975,1632.4025040302813,13.222077173208806,1643.2776613295443
641,1636.6106501145844,1652.2996826011083,12.756068827714362,1664.8674615141997
863,1638.3996129916711,1654.1114824318543,12.863973873939306,1703.08367177654
655,1640.3016989117143,1656.5330610293815,12.34905573397007,1705.3750149192322
887,1711.9658243737417,1729.4864503809424,10.828453707982376,1775.8333868878844
134,1728.047307810637,1743.3527444123802,13.222066054071433,1778.077060307982
627,1780.3848685555874,1796.3990479948166,11.857948526510945,1842.2089289100054
868,1782.395751506851,1798.1323808145792,11.787897276166248,1844.3782236510044
406,1799.5325483858144,1814.1768112241853,13.88848563269455,1848.7361367466965
346,1913.14423576014,1930.497651645988,11.645548008109543,1944.6465041876934
399,1915.0115098733374,1932.3418764167143,11.379491915670494,1975.5596554217627
871,1916.8772368210205,1934.1120887820516,11.186710681794983,1978.0716285518968
916,1983.8652376146754,1999.5634648710122,12.961903436946784,2043.4654024357867
911,1985.8109955520827,2001.3272518304639,13.39522275201153,2045.8796711605955
607,1987.507862325902,2003.073112348991,13.271713030902575,2048.44052417648
877,1989.6922528764608,2006.1905686647713,12.428704374547044,2050.3399766870943
2630,2058.9777604411647,2076.005716233181,11.131405419716529,2118.8287864895983
2371,2075.758540663246,2092.388171222195,12.471520546195944,2122.8007992196663
2917,2189.0737729629795,2204.391361158092,12.922282361676816,2216.8371006102016
2603,2191.002839183722,2208.079402328829,11.87080495907946,2247.512136439482
2334,2261.7606476029855,2280.2414957880496,10.472897638956907,2317.594358647852
2393,2342.0809538596022,2359.08803678407,10.269930612503826,2387.8682425792267
2136,2348.994011368737,2364.423630807043,13.497289945810024,2389.7541518262215
2336,2395.8980434964315,2411.3953175938304,12.526393001596269,2424.6725275713643
2595,2401.9276134435595,2417.45158664942,13.252939318041541,2451.39933932929
2859,2406.2355466160625,2423.1258777552753,10.504136521048688,2456.3085979955003
2388,2410.499735125806,2425.3305505391722,12.781078736043218,2458.2705469134635
2588,2533.569044471416,2551.270209762291,10.815811543590376,2565.7702527604997
2585,2535.957196032601,2553.1079739584784,11.848113669017843,2587.259873192029
2899,2542.222979490944,2559.4944604800708,11.569652790521248,2593.853177277025
2629,2606.6379564327576,2623.5322652609484,11.881103899393077,2657.8032262824854
2916,2608.5698022242213,2625.3126688768393,11.456687401742295,2660.1355898698894
2628,2675.569891779447,2690.4804954319247,12.809339675897142,2703.27176791809
2889,2679.2861940451535,2695.574445093643,11.764249428053784,2725.7311661821172
3339,2763.022812651321,2780.4267738134236,10.983887528316243,2792.9731827808637
2635,2882.5108559966575,2898.4641495551514,11.825880737050722,2930.030084417294
2372,2900.7059832937725,2919.04215995763,11.437496508118793,2935.0097431193512
2870,3016.303498757894,3031.0151064194747,13.758572000453377,3043.544554575143
2849,3089.3040151620103,3107.060014213891,10.626493050455823,3134.4394668753994
2385,3091.21727158714,3109.000962760107,12.281363117196015,3136.688848253225
2378,3154.3845118606223,3169.5712818330053,13.13921700397572,3181.8875290811106
2608,3308.0075528190287,3327.2663380610693,10.839401042324482,3341.456973584199
2376,3420.5871522610278,3437.5446448022685,11.519361042599783,3471.309754409972
2896,3433.133158162711,3452.2989270299904,11.004699747276335,3476.070451776886
2368,3568.780422505452,3584.3805011563854,12.890265073494293,3596.7616529727443
2631,3706.3213675701086,3722.2120146354605,11.751787031990066,3735.547386628394
2627,3782.1284575223344,3800.4934195086207,10.68279942736501,3817.8745172992676
2641,3784.042947579456,3802.344705203401,10.817399057498742,3820.192938047294
2613,3786.2102118246185,3804.2602968267606,8.838712671907961,3822.0568714704764
2625,3788.1113057185084,3806.2415488515135,10.973121277818851,3824.2744252805537
2343,3789.9273814746316,3808.049850606866,9.436704751797482,3826.1067968319453
2369,3797.999891321206,3815.258581301933,11.578823211292853,3828.093441259647
4616,3845.443903350591,3863.344011932031,11.620944181648959,3879.0726912686714
4913,3847.3747754357823,3865.239684261242,10.792756650142557,3881.3726809723858
4632,3984.7403740366053,4003.091276221764,10.852985436282824,4018.0569348363783
4592,4057.440061651649,4073.30771739808,12.136308667118662,4085.610624536644
4647,4059.490946886225,4077.334768591719,10.855434961941755,4090.762346335048
4629,4061.440155935066,4079.2423566611437,11.19554072174872,4092.667042349425
4367,4063.3802246671075,4082.1119660663617,10.671300535162814,4096.011495961824
4358,4065.3372892582784,4084.0419400521805,11.058811299580533,4097.883549721813
4614,4122.630814594141,4138.047970997425,13.338250190592216,4150.839499746092
4906,4258.930970925534,4275.409053569088,12.21910362512963,4287.718421281158
4657,4329.990679721979,4347.45803527192,11.464371579812552,4361.22063402875
4890,4341.573349648585,4359.360329912778,10.554678398398226,4373.012855638972
4380,4350.139722827333,4368.408533512263,10.64401232255934,4382.91503431195
4889,4402.731426634372,4420.039500944926,11.489693186515625,4438.710394606271
4921,4471.66188033997,4488.03170867753,11.881808482796432,4500.553979615917
4394,4694.850740266723,4715.304267425223,9.750028001767882,4731.748035321772
4645,4740.533499353013,4754.207189266029,14.083081492229356,4764.671650383754
4888,4744.815386206645,4762.06884752118,11.591306836355097,4775.104593130561
4922,4880.001314291559,4895.4979493033825,12.382145598855239,4907.24010303661
4641,4881.900241801971,4897.250235645622,11.316040626731793,4908.991474827537
4899,4885.907413376746,4903.317659156972,10.71637161607214,4916.43424986853
4901,4887.728354841263,4905.211012249625,11.121665800839565,4918.350856730824
4652,4950.925876033863,4967.462722696402,11.345017493053632,4979.824343709302
4609,5224.810173283387,5241.211933521516,12.495875208386895,5253.398847039608
4591,5295.453893833292,5310.6135958136865,13.41551371481269,5322.122526130191
4407,5299.155302437604,5314.307794044141,13.360743460164514,5325.741707294282
4878,5364.700418003348,5379.316983151248,14.01865231291952,5390.046079250195
4410,5398.712678605313,5415.5383308130595,11.104118647582059,5447.838149256268
4904,5431.894792620908,5444.041845540266,17.48180748909656,5452.450612185159
4860,5437.822586166181,5456.089157595885,11.628253121958325,5511.027987811172
4639,5501.082376811451,5515.621576859053,13.671443279252754,5526.414042851514
4626,5503.308822823077,5519.542046814811,12.495638175311004,5531.843704240177
4598,5507.031054952661,5524.2270763782,11.845700669415928,5537.937141960938
4395,5575.605722048131,5593.082462522147,11.53722713439054,5607.428747908931
4366,5638.597113450122,5653.384609388343,13.200558483874357,5664.3983853109785
4637,5645.24957897009,5663.372625053623,10.762117696167042,5715.340610829114
6384,5707.855900598093,5721.226353563245,14.171292639297967,5731.266293716263
6637,5848.108146909927,5866.346253519215,10.935947452395764,5881.057878555528
6851,5851.809502021362,5870.161952543448,9.928761857612873,5921.695794874942
7330,5878.168473603344,5890.421203251797,16.36290430793283,5927.854748498498
6600,5918.678919127788,5935.038033325694,12.85231831119293,5987.574174540148
6648,6057.115343035271,6074.323558456049,12.149940211960448,6126.324403379966
6345,6061.057377103358,6079.076242127951,10.937826340544126,6130.26795814852
6146,6213.021899073884,6227.071617662631,14.513825115513626,6266.487131641322
6855,6263.931864982783,6282.378288369046,11.061526810525391,6330.578032401602
6646,6467.174187086615,6485.230957436122,11.402138204121616,6499.7659466001
6643,6469.109642039763,6487.116440858674,10.125720210413354,6531.44500679202
6641,6742.661443210413,6760.108989708354,11.77766958900557,6774.498089050251
6145,6764.967362140573,6781.345731119786,12.419398544393182,6814.319475882715
6847,6812.351864075324,6831.237045510384,9.826033631143,6846.881906356163
6623,6816.329247470566,6833.230290036925,10.870128132855235,6875.057210091928
6907,6818.286595046573,6835.075058093797,9.782662405785826,6877.616441880409
6883,6820.242658601704,6837.075565430281,9.9851773712238,6879.943103293413
6636,6949.893162983784,6964.317088825245,13.995224783229002,7007.266184086013
6853,6955.902223638126,6971.55498916866,12.442431113879596,7012.194429382748
6909,7019.039847449419,7033.113413751911,14.331730922259007,7044.894577646796
6628,7091.859326446494,7109.230570504374,11.79173351713731,7146.204906527664
6916,7094.135022235563,7111.430527061293,11.454527058564027,7148.632659911024
6626,7228.019950015092,7242.576733612966,13.441710187100009,7278.777352014412
6370,7294.802100590758,7311.024817915203,12.634496078484531,7347.585464066974
6375,7316.892750546372,7333.0501335676,13.07527856950144,7358.230100526552
6914,7363.852731455605,7379.5465161332195,12.923004196806826,7392.777742756129
6905,7370.16263357723,7391.365945568126,8.135121023823583,7420.021399053333
