105,95.57521784487984,98.51596142888442,12.337212096350072,104.49255803275118
83,97.5130532064328,100.56219261748582,11.833613418991796,106.94225541551765
101,167.9298468103154,171.22896218540032,10.395351837495584,185.42802371501708
354,322.3816052510684,325.2199770365942,12.658343602429872,332.4737354453554
364,410.51736869978913,413.2487141599129,13.511730219112078,420.2664744420175
75,419.26387428030114,422.2246011918271,12.672488104159454,457.9409861000581
327,502.59282180848373,505.3450276369623,13.039799719192656,512.0138982461015
122,551.0058808036897,554.3037425987895,11.458248222312655,560.776624447325
79,597.2056993183963,600.2050240242424,12.13126505151553,607.5465286664804
2,688.8458690219891,691.4586151310305,13.439806690929338,723.4787757912525
106,704.7974393457417,707.5280521679312,13.934000278769732,726.1628731203147
102,716.0105500835798,719.2145913712075,11.170043723103289,728.335842697434
87,867.2455425032753,870.2236774991567,11.550103449880885,877.6897671701402
59,876.8260064713219,879.5690008995253,13.656076618277048,903.4727267000518
121,1310.3681165477385,1313.242826860561,12.646134519797032,1320.0869551584715
53,1400.5077471854438,1403.495757710047,12.564578661484527,1410.6478586560847
315,1494.2795242063467,1497.3091890775713,12.29212136750896,1504.928596057664
103,1500.8901072630265,1504.241782628458,10.325399817981898,1536.0208439037672
57,1502.7553930715435,1506.1495717869311,11.455202937500772,1538.1283539668107
153,1650.5084421953875,1653.287989676391,12.963714342252562,1659.008760706117
141,1677.8187497681924,1680.578983198465,13.342380643488914,1716.0545792363966
67,1768.6851332969193,1772.2908957865843,10.354297737339035,1803.6659614263515
2013,1974.5047265985866,1977.4952842476825,12.357035802081128,1983.6281783219595
2048,2309.317131198076,2312.4498219551715,11.376030762849188,2343.4187534336693
2035,2397.97196358137,2401.060987551767,12.692670445450489,2435.7722213570764
2363,2484.3470574294365,2487.333197163239,12.598666385521685,2523.5481353953123
2153,2533.537774104592,2536.063270743106,14.620316336838073,2541.2933534434587
2085,2585.9230869231396,2589.087723549461,12.200139133387212,2596.838127756306
2081,2728.6257893207467,2732.012538557374,10.969089857398838,2738.774097739984
2132,2766.218493479791,2769.302181406362,11.392169548695849,2776.7173076026643
2341,2840.4156166810585,2843.5336806535875,11.70579464614027,2850.7486314029247
2056,2850.8380795194576,2854.188073378358,10.738712619567407,2886.348849506768
2141,2852.706951350145,2856.0418403460767,10.573677769043368,2888.7167984409375
2099,2930.2814034679973,2933.238866473222,12.591764281546226,2940.885915978981
2326,2934.2107450289027,2937.4717035915187,11.057736978493336,2975.8146771528627
2049,3029.4669540335226,3032.410573296471,13.05365044155119,3063.155395731456
2009,3135.6430941032413,3139.4649234758995,9.398774419086855,3153.5008537693147
2041,3137.777600838809,3141.462732865706,9.971698567156206,3156.0200747601702
2152,3183.4802740356104,3186.0265985831106,13.997477400582634,3192.73319636319
2121,3205.370813008331,3208.2936613788866,12.506841883123261,3246.11549001392
2111,3392.0301521714973,3395.0537325839928,11.214394712066113,3428.268948300929
2077,3477.361895884965,3480.2503439347915,12.341643208772352,3487.4403492631063
2134,3479.304413780931,3482.038052747106,12.886952756936742,3514.701931989653
2365,3562.408724447374,3565.254849193832,13.375320701735461,3603.722607937789
2151,3575.3373602170477,3578.160954030418,12.389755351709606,3608.548235376712
2123,3650.0812158185972,3653.1180512506076,11.813827954930082,3660.952961130893
4076,3751.3846062885254,3754.116698121237,13.254836327465489,3760.73669494964
4019,3837.471496926364,3840.5437458296274,12.190494576617592,3873.4921852938646
4061,3840.193107722224,3843.173082075669,13.027654709571216,3875.880766255897
4342,3924.1588222051887,3926.4921728305203,15.496817228617555,3932.7040758819153
4121,4010.324374361776,4013.0659380922884,14.51157433909014,4019.87432999401
4352,4105.894766912859,4108.236419865829,15.895127809155218,4143.459721795243
4059,4147.038270204452,4150.522434063622,11.285472104187578,4157.34828224341
4132,4192.420084028799,4195.131369243496,14.439550884676812,4233.219419083911
4149,4287.495610916762,4290.452247427916,12.615666326862012,4298.030719447598
4153,4336.961285074421,4339.549467722567,14.310652954420423,4344.896727634812
4316,4378.010521164576,4381.468446614413,10.284071945772938,4389.510914479433
4122,4379.9852840548,4383.402440913358,10.071174730146671,4413.4092823308465
4326,4640.829681774195,4644.071733814961,10.989467937667868,4683.366043911268
4042,4831.734086244607,4835.026545165279,11.508642217228152,4866.115181626288
4096,4865.319660978081,4869.159038721907,9.683433918315613,4876.815444682467
4133,4916.211458248369,4918.495403368486,16.403928163846583,4953.274440017429
4105,5047.574436565775,5050.438884613828,13.085495001881862,5056.159589413854
4036,5180.076777252378,5183.224612244584,12.230880654048113,5190.842561786272
4095,5339.83049444786,5342.384426976516,14.082743711229886,5347.626565085442
6098,5548.199444772188,5551.311813939635,11.336824664579867,5558.721500633643
6315,5636.337534690313,5639.312375660532,11.739535925720023,5673.429048178801
6103,5728.296382215072,5731.449930236641,11.861944028022604,5763.498526124176
6050,5732.119646740291,5735.272367226889,11.09040970477362,5767.816559372826
6082,5774.491403810984,5777.570157270842,11.928265978218079,5783.805845361822
6053,5799.289586436055,5802.05645916129,12.820513382224188,5808.814141609888
6366,5812.325434432894,5815.006901323454,14.336838186920971,5853.206127534543
6089,6092.720279641875,6096.304910649674,10.402257214322624,6123.09173614132
6091,6199.609229673236,6203.444132353356,9.348733482925237,6215.589759783461
6097,6222.486190137476,6225.459476685252,12.441345677612246,6231.2035546069965
6068,6272.316375384518,6276.194263219613,9.419692698618983,6303.262732836603
6042,6274.28709880721,6278.222014779059,9.942603472334147,6305.881252994239
6099,6579.171881859946,6582.172156028334,13.162650807697858,6587.693428270767
6130,6620.328642483896,6623.274607045736,12.034205263093982,6630.884982805571
6049,6630.70328244271,6634.134723420003,9.883867321023294,6665.356124245065
6144,6632.585501265278,6636.066118232811,10.900209807817028,6667.651312523039
6100,6935.873911456585,6939.0011447857405,12.225504358290385,6945.2968589424945
6337,6980.460511165571,6983.271795026847,13.833307903691644,6989.764603926194
6041,7000.116548828511,7003.160221443533,12.381168839617994,7028.290523644824
6033,7078.060211735019,7081.1836770230775,12.295895134420672,7113.202560093809
6016,7198.42705988263,7201.245117831331,13.335633351269607,7206.874760609739
