413,176.0,181.0638265388491,11.439317974325187,184.85118594322464
2434,1882.0060168003502,1886.084199445631,13.8081007831841,1889.7323519257197
2437,2175.997379055486,2180.204526284101,12.338158460761841,2183.7216276917807
2409,2538.9255088211808,2542.430456280228,15.257355262348561,2545.886426990415
4415,4487.0,4492.128118677724,12.571291703983848,4495.866096377208
4430,4830.0,4835.073626994348,12.68216886609816,4837.681927637352
4422,5012.0,5017.00134262914,12.957268449252462,5019.57045726796
4751,5088.315640476848,5093.437515230431,11.65789871703203,5096.311753313719
4420,5223.639621882432,5228.318053376089,13.109602911939412,5231.770380687875
6411,5853.681557062555,5858.274883799026,13.006112564982077,5862.198509208085
6414,6766.685142837246,6771.406627669338,11.895803687673911,6775.37472872248
6424,7214.606894000723,7218.577478601864,13.172403013560672,7248.167901630366
