1566,589.1573456871062,597.0396045372294,12.278902797887111,601.6675599220334
1233,603.8824342127871,611.4376527176473,12.452035932865368,616.0411029018817
1254,605.7125842565966,613.2144900305607,12.62589592131738,617.8408667032955
1387,678.9598855600636,687.2270628907569,11.055878594180255,692.1296000458273
1366,694.438371784913,702.466063771876,12.028708518052273,707.4492124440828
1561,768.3795398445061,778.4248912938326,9.285646301906535,784.3909418540154
1413,875.031263788317,883.2165860722273,11.352434741845814,888.3066974008333
1414,948.9117704151724,956.6052950095286,13.753828989081681,960.7953920154338
1375,950.8924850384782,959.1115047741534,12.009851948379255,963.9084481747614
1240,961.7657247852875,968.434101153925,14.505667742994179,972.4789916553809
62,967.3799445564437,976.2833405549762,9.95743755244012,981.7570215040216
1383,1053.0826365454698,1060.2559382293384,12.537760251636099,1064.7889273356138
1553,1218.7535481789675,1226.068597381834,14.493877336722282,1230.0951441504765
1575,1221.2476507342874,1228.3063897902782,14.168004152180474,1232.5574480621963
1565,1398.895159305229,1407.3816076575727,10.996798784752006,1412.5263236264027
1382,1414.9773926712544,1423.2889919618685,11.211015755021489,1428.2775645517577
1555,1488.5293250445895,1497.1876424288862,10.713804029271254,1502.5376804022414
1570,1490.8193651870472,1499.0350274202265,9.868583870608305,1504.495427269975
1402,1500.710764936918,1506.613986591219,15.379321493117207,1510.247062526162
1247,1503.282270700557,1509.6066375245334,14.190007577367819,1513.4476873379995
1384,1670.754748291967,1678.5653302480791,11.567500192928613,1683.5846639036872
1538,2029.0452879929796,2037.3020576385493,11.674145307334618,2042.1435942161672
3229,2132.3375020759026,2139.0107874330565,13.944532559750403,2143.176857217794
3402,2223.579649768917,2231.1813523432893,11.344185661526303,2235.9067638933193
3250,2225.8105331196543,2233.2422887766556,12.832362588056538,2237.71695781552
3254,2227.5913984580984,2235.060192129503,12.85537535151567,2239.545469394799
3569,2388.50638528565,2395.6186508354153,13.84535972329572,2399.8110046059237
3415,2390.7474990532573,2398.2311195343523,12.510387202843557,2402.792112513373
2069,2494.8707477593216,2503.2304476865143,11.094892073564345,2508.289480495216
3399,2584.784869810004,2593.2846805902504,11.415536321067451,2598.584646747479
3219,2586.7612983372933,2595.166782566894,10.056823722653748,2600.3677437047513
3236,2588.655961268648,2597.146467679191,10.288336983914244,2602.1580740359914
3517,2658.833493257792,2667.022100042961,12.018117121409883,2672.0199182865454
3417,2929.0859653365424,2936.442928634676,13.933690376331214,2940.6323548061064
3409,3018.9031499354487,3027.31242896629,11.272965436799886,3032.3083849603013
3572,3199.445498216741,3208.388783424962,10.711695336143775,3213.823638580129
3238,3211.7268805946383,3218.367916211665,13.344907300893187,3222.554566015646
3376,3305.3503747799364,3311.4383533124355,15.566537119678014,3315.2043830045004
3528,3378.783027980714,3386.0630037258256,13.600412455761987,3390.260926467761
3410,3755.418905661776,3764.0301256767343,10.154649300225634,3769.4730664092035
3239,3844.559084413831,3852.2379936038205,11.621057099873646,3856.9777082600244
3241,3846.376850589788,3854.0478029141173,12.971007238139183,3858.773089961818
5586,3918.7565179715966,3926.5667648920894,12.754114670574975,3931.015168703824
5420,3932.462489542847,3939.110253769933,13.63482551288038,3943.2902864939715
5565,4008.8197691375694,4016.566119801742,12.362594937626845,4021.300113429886
5421,4012.7584862282483,4021.0571202238484,10.956577242372411,4026.272769979723
5409,4115.4944455603,4124.284070993412,11.030067498901055,4129.609834036749
5259,4117.39366007691,4126.220927110729,9.54267542403899,4131.532953257635
5411,4217.326125559144,4225.019987760371,11.31395159176707,4230.667536454474
5575,4301.26716085977,4310.377229038768,10.03985353908491,4368.161236059511
5254,4476.990187565412,4486.32314693912,10.127437420151947,4491.949291288574
5266,4478.866381532111,4488.258793746104,10.362431154433153,4494.599925898422
5267,4480.854530719034,4490.183050564084,10.672895994348043,4547.809949706998
5263,4656.138173123771,4663.412915105509,12.429012048683026,4667.917443317233
5394,4744.549208420001,4752.206705067038,12.347132282216473,4756.948398563774
5566,4850.5462233703165,4858.473264561015,11.756917431483819,4864.17149741944
5543,4852.653579970919,4860.381837711331,12.353067946837005,4908.072782490759
5239,4927.746703446364,4936.415115546763,11.13264342035996,4941.628235409734
5238,4929.5619624090605,4938.2335937370835,11.781433865470603,4943.7978069276105
5583,5088.986622594009,5097.48944268976,10.153539221088439,5102.864799590397
5244,5104.768053777164,5113.213704461445,11.114904895653789,5118.40722801077
5412,5106.661615526896,5115.033428830522,12.03849830578261,5120.191568445798
5521,5180.882975204172,5188.501135212719,12.445702564564447,5193.21241047829
5540,5183.053697015391,5190.445666327064,12.431973988215166,5195.088747122119
5249,5200.9809149241755,5209.406191855116,10.829807753918733,5267.920399771242
5231,5202.792706022163,5211.191529235877,10.452170989328263,5270.486665237884
5536,5269.082583148447,5278.3672709121,9.776828669599448,5283.950588602038
5568,5538.905929188513,5547.001451275657,11.522777560404801,5551.802457801564
5555,5630.791756634845,5638.490730750532,11.952868839656512,5643.37906057585
5417,5632.846721248447,5641.245692617282,11.371870746639358,5646.389280367708
5538,5719.027380437283,5728.0271262404485,10.933779738337483,5733.43594744347
6080,5737.47870248657,5745.117666873,12.377069102622373,5749.771005865168
7381,5826.415523851368,5835.265254248967,10.701855108811275,5840.9181084931515
7239,5828.314716364756,5837.214644474366,9.954228632076191,5842.809105427952
7401,5898.553949904611,5907.522690953856,10.5839618208864,5913.009712271253
7374,5912.525733430049,5919.273130073404,13.89480594734124,5923.4646570941295
7570,6022.656858164261,6030.222173152748,12.366419243908718,6078.214179045353
7560,6078.388622090416,6086.485511975757,11.605770588213904,6091.3509912865475
7397,6080.4041818057185,6088.327421662448,12.21790727230321,6093.139111267099
7574,6168.9250071171955,6177.350018764895,10.722710029314875,6182.393822210869
7404,6171.306994383363,6180.02770727978,10.727052129520649,6185.163577215044
7256,6185.469255422592,6194.202869275255,10.179841573351036,6199.635683672272
6068,6272.379022580217,6279.250802371376,12.978674151888072,6283.5627097031365
7525,6349.080381893383,6356.549880552169,13.51541663867123,6360.792222588118
7385,6351.339147219761,6358.245765976801,12.998747450366938,6362.460867524631
7575,6439.0297742473185,6447.479385440829,11.388770628843803,6452.548667530307
7411,6441.013335046629,6449.291321030191,11.10369524839801,6454.4505732912285
7402,6528.647954408435,6536.062094260303,13.08789322548123,6540.431618303022
7254,6544.8946076144,6553.207187818194,11.419376921083739,6558.274412710612
7236,6546.795386630136,6555.028551455602,11.354075356133222,6560.082882108732
7514,6563.022438049831,6569.385784439674,14.280076397941063,6621.147318386507
7410,6798.482426072382,6807.177045456299,10.590229284406076,6812.507776494102
7526,6888.447876286241,6897.0044965367915,10.485446233469151,6902.251923370669
7541,6919.912781837128,6927.086442198742,12.515007428468492,6932.512322246621
7417,7068.482727341176,7076.202853888484,11.677705791776654,7081.02185748038
7242,7174.988803869808,7183.135920478551,11.54247405622354,7188.130192371815
7516,7189.458319116657,7197.531811782783,11.778383593737454,7203.284639699928
7583,7193.683128424848,7200.218509328518,13.43474517063817,7248.1386842340935
7557,7338.799490279253,7346.589532624716,12.641929044022145,7351.359104797766
7571,7428.858416001102,7436.479706953934,13.127979725632882,7440.912629568731
7243,7444.018052422635,7450.592147975103,14.087649609607725,7454.638658541456
7559,7519.02525048769,7527.079927876836,11.427202240391376,7531.835737977533
