703,30.521779479339934,32.21848176202482,9.929373486355093,33.94114984754297
803,103.22060955724291,104.4942681353669,12.623290289810058,105.81103701228027
702,659.1315324439284,660.4291266005716,13.833774362633822,661.6929887602995
806,730.243645553951,731.3930363612744,14.86275538802589,732.5195812232765
724,752.2606683216708,753.5392247419514,13.17167378116932,754.8608767487316
696,853.8119040846435,855.1482769864026,12.96014633660694,856.4842756636492
1851,1018.0530617445879,1019.1918165555401,14.136213425786686,1020.4103928443044
764,1032.4816520199558,1034.2910216039597,8.712879875456007,1036.2316745021678
1026,1079.8617030925684,1081.2712066367926,12.839261008625789,1082.6119682038473
795,1117.9506202052664,1119.1689549166886,10.25280175108695,1121.7290986647886
736,1138.8123256744493,1140.3777822618952,8.720299296762528,1173.248298757538
758,1181.7197471394807,1183.0818267069092,11.97755315912873,1184.5060094848516
1015,1249.2008630472767,1268.2735528056403,7.082129899459149,1270.281699810899
751,1422.4396026281872,1424.1333232381028,9.806181644986737,1425.8334166827888
765,1496.060567001324,1497.3533743990934,12.83705331523508,1498.6844891271126
1018,1623.0921442964811,1624.4855611582595,12.996957447960575,1625.8337207457232
693,1631.8785258911366,1633.3066780589897,11.833160840974465,1634.7137147978294
1848,1740.835656426856,1742.0367878766074,14.732369275393252,1743.1973800407516
763,1869.5574521787144,1871.0990821739738,12.996535111919652,1872.3684424852197
2756,1901.729715053036,1903.1033629539927,12.231363028601088,1904.518519808751
2808,2012.8034858621616,2014.1541274643237,12.845709527318064,2015.4844048339016
2787,2207.5420343761257,2209.046549249725,9.767399537162083,2211.708287047916
2757,2307.4954523158094,2309.165784603407,10.525812924059899,2310.857156352698
2716,2350.871672973209,2352.0862841843036,13.509715244368955,2353.3443519792077
3854,2370.370967685811,2371.618980724944,13.357141141550112,2372.909501123741
2767,2496.9771702199596,2498.317884694271,13.156160956500981,2499.6166760309484
3013,2587.8395961797996,2589.208017551887,11.926211377470372,2590.6655388032727
3008,2603.9330333344797,2605.5113104924135,10.863152057850444,2608.322343060687
3032,3063.0547078401214,3064.460863482295,11.876187712002581,3065.8902935826836
3028,3126.1121151903744,3127.541713087288,12.853363894079655,3128.8472039635935
3018,3136.1615189281633,3137.558919337947,13.370411780373438,3138.896936652137
2761,3206.709993155759,3208.1965133984927,11.70581975144145,3209.6759390488683
3844,3275.8983177781283,3277.1549246976138,14.37121928793279,3278.930278032816
2699,3281.8562598752515,3283.2958028660305,8.018344068856864,3288.487285370361
2745,3306.9809948737648,3308.311961175052,12.879780407543171,3309.658446052319
3010,3576.19757421492,3577.57996634982,12.810530572616402,3578.911838183373
2741,3614.957177000513,3616.2869536659964,13.376489480527406,3617.5839200923065
2766,3655.882808096575,3657.143151215935,13.662960322618973,3658.3770970711025
4751,3835.409562067096,3836.54240117756,15.27338527093293,3837.675610727326
4713,4151.762629491232,4153.022152037321,12.707890169946724,4154.35389858547
4735,4247.041697241507,4248.362614249151,12.542030272394895,4249.7412582156885
4784,4389.133667537282,4390.436133801744,14.506600815028726,4391.60555388271
5044,4404.064402243416,4405.483197377311,11.555339737321704,4407.7811780967395
4738,4466.645655514772,4468.000257500827,11.929801402761814,4469.426062989376
5004,4485.147509531048,4486.5838016796615,13.088249182103038,4487.789435320276
4733,4509.883863327391,4511.325382636608,11.930718972856345,4512.780949958541
5857,4712.880920292756,4714.40512499133,11.773836834604618,4715.919481524421
4719,4800.182530648742,4801.521778685193,12.814087549523874,4802.84946467738
4765,4916.973570848736,4918.523361318202,10.787089030382669,4920.0534289915795
4757,4929.799731256236,4931.082926053752,13.055520923363147,4932.37053066142
4718,4962.986870239185,4964.356831162739,12.49876564568417,4965.7137165943
5032,5285.998752929897,5287.314601523885,13.924762465852549,5288.541133266888
5026,5300.142072127674,5301.4894099229405,14.135870382649793,5302.724181908311
7005,5490.067343005041,5491.4793899772985,11.850974628754031,5492.914513706012
6700,5503.255774308364,5504.489937599379,13.504666635780026,5505.81589334441
5036,5556.080631002087,5557.5386240338585,12.828517676757212,5558.91684390417
7847,5702.649865292245,5704.122552068413,11.975497264602044,5705.60206614226
6776,5775.491826305342,5777.136967462554,10.477277780755053,5778.747462569867
7031,5842.926335736824,5844.214066165434,11.135119998911136,5846.694957961576
6717,5975.385237070474,5976.567322438579,14.81143198394247,5977.7738933670025
6765,6014.904371857739,6016.240603252052,13.437304768294565,6017.5534885185125
6802,6229.539989545148,6231.132672380169,10.384736749196296,6232.773059145518
6753,6287.027224387464,6288.3533006838525,12.750017085579143,6289.70638117051
7006,6297.000983733639,6298.45906938136,12.118301964807914,6300.2786042314265
6745,6310.897963813689,6312.09013522729,13.807172914984767,6313.323743036873
6791,6318.505031131331,6320.054119812212,11.094499634550624,6321.630638162438
7851,6330.776912272909,6332.1173315077685,11.869934530912907,6333.518583997163
6808,6405.6960982192895,6407.122608093255,11.226644189381503,6408.615565990629
7015,6492.268039582841,6494.084975426437,12.264021242746669,6495.448949671787
7000,6551.4358059289625,6553.114779404637,10.0535429081269,6554.815773441137
6741,6908.901873976297,6910.184834477387,12.661324198750084,6911.543456232131
6706,7154.9820938539115,7156.456521772626,11.932886033966144,7157.951761144656
