1827,135.0,138.07130665241087,12.675315259639863,139.6627764121238
1857,293.0,296.19329870456005,13.305449874117194,297.72606718612724
1854,776.0,779.1370633071667,12.031543800709118,780.8420801985468
1852,855.0,857.4979714708613,12.624502383379564,859.1343088215941
1851,937.0,939.5526168053241,13.264976252580215,941.0597548846705
1842,1573.0,1576.0782746087223,11.078776549221185,1577.9010629037973
1841,1936.0,1939.1925778243622,10.231123381554886,1941.0866952693789
3853,1941.0,1944.0324040232686,13.071274400861336,1945.5714507906507
3851,2183.0,2185.586274761608,12.910785289636232,2187.158155734869
3863,2288.0,2290.506281049958,14.011269375680568,2292.0283174640003
3854,2294.0,2296.5010761937942,13.266352365680703,2297.9781138279122
3848,2510.0,2512.5542527029857,13.058207583452706,2514.154664840945
3856,2746.0,2749.1274809276715,10.014708646603289,2751.116850212966
3812,3540.0,3543.108302313662,9.99143651900528,3545.1870103345796
3836,3715.0,3718.0010911610902,11.131329002796674,3719.813390532471
5825,4253.0,4255.550381365073,13.354504701484538,4257.009512466626
5832,4792.0,4794.496011383751,13.554790594645684,4795.974267191043
5818,5133.0,5136.296486201032,10.139978776002346,5138.3793546226925
5849,5193.0,5196.318641627134,11.852282157692462,5197.918668765202
5809,5364.0,5367.011635456827,13.500325662102558,5368.577143679427
7829,5695.0,5698.1114774038415,12.203184277698057,5699.855197193643
7802,5809.0,5812.060372561522,13.895727864060705,5813.469322026787
7828,5978.0,5980.452810311867,13.07060181326502,5982.099870344938
7804,5997.0,5999.572851923885,11.783286438818712,6001.132676585306
7856,6079.0,6082.156696582457,12.489365902186048,6083.7590431948665
7816,6168.016463195165,6170.315115156186,10.843252734793575,6172.254912176611
7831,6433.0,6435.607115190954,13.413104793521418,6437.061081277659
7820,6438.015418533531,6440.302111085462,12.454145227652479,6441.85127825078
7843,6574.063617994297,6576.4121870815125,10.701528906715518,6578.388398763254
7806,6702.0,6704.556742090015,13.034818878456937,6706.142947723176
7809,6891.0,6894.116940708661,13.195665028037924,6895.601232413081
7814,7058.0,7061.114119706582,13.1860364492649,7062.711934605695
