1240,835.1883399121693,843.3199029529732,11.486697185899375,850.8993282501609
1247,1461.889532272551,1469.413606365209,14.572314906119145,1474.7232959425928
3229,2005.1534747626956,2013.2713008145518,13.80225372701379,2019.772047224568
3249,2007.2831635789157,2016.1676819228237,11.17657913825052,2074.4292618146087
3236,2542.5293596273455,2550.3594822266427,12.628397755997685,2556.4240257172078
5409,4007.0,4017.435416683214,10.93515217259136,4026.0306117827017
5251,4701.748190615168,4709.113536301792,13.57881258546216,4714.8773007189275
5402,4727.0,4736.257032871103,12.236226819101539,4743.798082977932
5244,4975.3855168283335,4984.448927800889,11.212740457371439,4992.474522994208
5252,5065.858023929116,5075.13990714752,10.39233531098989,5083.152187814152
7280,5970.773026762348,5980.314818581933,10.8319667662189,5988.225193468494
7236,6417.556944048289,6426.402880281817,12.071898048694743,6483.510715410093
