350,519.268666248792,523.0184509402706,13.236270536953946,526.9340176031769
366,610.7525653778455,615.1977978573963,11.646089740246497,619.6549919827332
1314,789.4499667137446,793.080735664228,14.970472015724965,796.7357460230979
337,882.0222156777102,886.5372344493237,10.984751762715566,891.1324129241511
1308,1308.5124009871986,1313.2167024709315,11.846343626340982,1317.8519258638682
2126,1966.9614003886247,1971.3164738481028,12.589408968985573,1976.7035097513715
2350,2402.1034028928857,2405.642833808838,15.091731173042543,2409.2959739428616
2586,2840.6642712746548,2845.107376714929,12.327523982590547,2849.614893017132
3317,3093.2719127677433,3097.5038249659183,12.237332213241366,3102.957573504676
2364,3395.8446928083176,3400.3472068856413,11.553845926914578,3404.947381181567
2354,3397.615601663508,3402.2237315618813,11.095352843114567,3406.840801650611
2362,3559.100160059944,3563.495693957557,13.344701810175488,3567.677614765199
5324,3695.1087935574838,3699.5614846660674,13.497016632513894,3704.7545876488275
4131,4189.094057156271,4193.341461014554,13.292115309530018,4197.291261995937
5323,4284.835706046377,4289.4609823725605,11.103253873035765,4294.260202053128
4132,4565.538673413582,4570.083662940997,11.675436538733969,4574.64228911705
4360,5088.85106314737,5093.3083012225725,13.43843141570774,5097.341851001503
4128,5289.203568351823,5293.229012975679,13.576750740879808,5297.273169782572
4357,5366.922820099284,5372.312955553617,10.165206946427038,5377.687298775747
7316,5480.438303696903,5485.078150060092,10.987550148543496,5490.920277637102
4371,5560.611372275083,5564.425606910261,14.458156792410742,5568.1997184853
4340,5628.543339401542,5633.43445730746,10.598159769901708,5638.326062620196
7317,6032.75463681109,6037.621576457239,13.282284936726931,6043.2180288549425
7315,6036.923297784659,6041.4033961565465,11.705118546228356,6078.199340222576
6364,6083.799581421712,6088.206448873679,11.74822655726703,6092.695310646794
6342,6183.453166471211,6187.160689098529,14.297570841498185,6190.945991036745
6135,6186.094893969745,6190.193811082281,13.166108772305853,6194.244711283396
6350,6722.6781624344685,6726.442068142037,14.39741174840545,6730.308662599293
6346,6724.819853214581,6728.53773760698,13.599855943084068,6732.369516319366
6859,7428.87730803545,7433.3364007491155,13.007690711718546,7437.531343657078
6345,7462.621311611597,7466.115375455895,15.739154074665471,7471.706416163554
