664,185.92380458148594,192.26098673511527,12.165820913839983,200.66024006726317
898,545.3763805116146,551.4569893067556,12.800047407929352,560.0943743946746
675,725.9529004746408,731.5893859201892,14.901890217957922,739.124180319353
670,1173.5948369571506,1181.4029126651487,10.100467510796648,1190.9292368934875
2675,1893.810663166363,1900.2922602058327,12.329586848152744,1908.9209454361326
2682,2073.761253549106,2080.151160356712,12.856481144916643,2088.3284319439117
2656,2163.415189967992,2170.0789611065134,11.111241647707814,2178.740592520936
2689,2253.684051272993,2260.236614689648,11.542392050090676,2269.044121738495
2692,2527.2126102728266,2532.2949077851044,14.342163204656034,2539.7958217422906
2684,2793.975757040306,2800.053899942714,13.100382555660145,2807.8051377349075
2777,2826.3979469770043,2834.0308592544807,10.046291534960814,2842.9413086527784
2670,3243.979169713141,3250.040264182172,14.32670754685368,3257.699894789112
2909,3267.035771390094,3272.4592517259125,13.97205940469644,3288.541751544705
2659,3517.8061066948226,3525.1553264298423,10.332970934619027,3558.435520868675
4480,3701.6496121509867,3708.0231157340704,12.040909180175417,3716.8347684600767
4660,4685.840259261024,4692.082972955319,12.486218208131346,4700.770285540478
4472,5043.733609828625,5050.386316720471,12.081701134952255,5059.215264384428
6680,5679.171229580475,5684.242109135333,14.479468482234374,5691.736519822446
6679,6040.052566845873,6046.58699571646,13.211820159940439,6054.337791496314
6772,6143.366576931705,6149.399026257672,12.180858324590778,6157.546880159111
6908,6330.369896737498,6336.388870465045,12.736108462856395,6344.757103534586
6661,6572.200017774311,6578.079452158651,12.45804887678551,6586.437605541577
