1224,769.3677897464504,776.0012692126121,12.690853707314869,782.5820590058362
1539,979.4520796383507,984.3561851099294,16.715603437770035,990.5013942337984
1221,1039.8686050167544,1046.2707835311182,13.528469890912813,1052.3877508909407
1391,1489.8950058746425,1496.281505949494,12.80914657509742,1502.7191574562257
1230,1581.0954890596531,1587.2900082381186,13.160098113628488,1593.6166205564493
1369,1939.432519239024,1946.5577817435828,11.504452910864075,1953.7376019677888
1380,2029.885302691829,2036.4364385761396,12.460471361522039,2042.9592182236904
3231,2031.9571503547818,2038.2060358157396,13.582111497146409,2044.694996971611
2029,2122.4685813763012,2128.269823663608,13.23511472273283,2134.174829988549
3547,2389.6953469958194,2395.616324982297,14.303545398936064,2401.085528882945
2031,2569.5711361496365,2576.080676867825,12.32783250965782,2582.514393441309
3513,2749.4103630888717,2755.3011732743016,14.405051073377358,2761.0406623018935
3212,3199.396687308715,3205.357097711955,14.163347100928789,3211.1711145023596
3523,3289.4940390267916,3297.2074079959293,10.23825967249458,3305.3446506746477
3542,3561.4641752803827,3567.3231423901825,14.288721037387457,3573.03113458664
3522,3684.7803597387033,3690.4796535751766,14.094385334122945,3697.3613979528204
5225,4099.381101831243,4105.620425983071,13.782442020330803,4111.4281814925025
5212,4375.623798857024,4381.589460527653,13.034842015763957,4387.633219504437
5545,4459.486238413819,4466.094857119089,12.503188624122398,4472.661657728198
5385,4549.577502899438,4556.1724503797695,12.115545584290254,4562.787836403299
4030,4999.691085035367,5006.315380242311,12.0858276648199,5012.923545599132
5543,5185.104269618215,5190.474682048876,15.193752967780844,5195.90741741048
5373,5359.974013459335,5369.232327285441,8.110928769102227,5378.886014685833
4033,5539.833471191403,5545.550666839787,14.861970143518034,5550.894147749127
7219,6259.3866940092175,6265.5914763892,13.8004938519909,6271.66660926317
