360,40.859766038183466,43.453825133307305,11.16737958005725,44.693247787295604
182,183.58856822911824,186.23937104573412,13.197965470771491,187.30370219335302
161,185.91565221429457,188.32070933542892,13.370044792551571,189.411542210078
190,275.99119174956877,279.1902067560004,9.60698936818867,280.73163741960207
400,365.85703078312446,368.1320765304445,15.01937017296493,369.1027817889493
269,395.83449965343675,398.003764194942,13.351281070499839,399.0960731300961
385,457.48692897604747,460.2150280260488,10.47069265384532,461.61326026126517
389,633.5775913387872,636.2053939807032,11.561169914998851,637.45626805904
176,641.2816760077518,643.5532016094099,12.07609698353833,644.7482955223635
192,728.3135865678321,731.0264479500304,10.393476262257993,732.4136551360507
404,903.7966878012776,906.4306698611268,13.320525157566621,907.5691252438105
401,914.2655830098048,916.5492007236356,12.498169472204099,917.7106815231435
263,1083.8520308865577,1086.5356375218348,13.098877484067692,1087.598640515371
248,1093.4306095308818,1095.5394777949607,13.995299165516471,1096.590994936554
268,1263.4572259747927,1266.266932382486,11.31927319400359,1267.6119759510498
157,1380.1749670104655,1382.3225982594695,13.720381412416925,1383.3974110095626
160,1533.4815897799474,1536.3668072066343,11.209810636841476,1537.6583556842893
375,1543.3152375155414,1545.5465888359356,13.646717417332255,1546.665322818051
252,1820.9325658488624,1823.265475978797,12.633486421229573,1824.418190685143
2191,1903.9917770039906,1906.3416543344704,12.427985478144882,1907.5076621402156
2372,1905.7348377803391,1908.0717558878523,12.2595509293305,1909.2409923664256
2255,2004.6818152487222,2007.2202251810204,11.812901071386232,2008.4839860983961
2380,2016.0794683227607,2019.039882091677,10.606394109838455,2020.4447878381195
2330,2073.3651182060057,2076.1152003606353,12.591259730127506,2077.2884718486657
2366,2175.5421348249492,2178.0116050539355,10.994774496783766,2179.31499728868
2402,2253.783323715929,2256.155602704933,14.255119335281774,2257.172338638136
2375,2354.9833787490093,2357.217199686151,12.806122389053002,2358.3538448989357
2331,2732.1239348177796,2734.0773334132086,14.821659189975549,2735.0603610161775
2177,2895.8300179345,2898.231507437703,12.671900989969274,2899.384376553619
2185,3065.813344568481,3068.4894178866098,10.868026747751149,3069.886310437912
2162,3067.742147710653,3070.4671336587267,9.992878315216043,3071.8521128402645
2376,3248.487844139228,3251.043622913109,12.397170266118152,3252.23128532143
2401,3426.1694577707794,3428.5789629896904,13.085634002872734,3429.6877625087695
2188,3524.048511824563,3526.2325618868363,12.894462958626635,3527.3746460972634
2309,3612.3626940371946,3614.230187914629,15.820658786601966,3615.156317668383
2254,3693.69840016112,3696.2833513713576,14.214828738206398,3697.322313476538
4312,3798.9982097349603,3801.1738550553437,13.745872568819765,3802.2452933127424
4167,4143.641955029,4146.294229120733,13.162165130557346,4147.39959493788
4400,4505.898926924309,4508.287689080522,13.25307142401556,4509.404780359529
4398,4622.787920574547,4624.6380391546245,15.166764294247244,4625.5951868406955
4181,4631.108010955183,4633.418542246951,12.802263116206008,4634.565840138053
4397,4685.606909462261,4688.2036923336755,11.573316731039194,4689.492233648721
4162,4968.903073309971,4971.502655848517,10.925374903905341,4972.846208624212
4391,5135.9997269860505,5138.38587985857,14.655052295995757,5139.376491793924
4376,5228.625100673701,5231.413032694469,10.322584645333821,5232.81295235417
6331,5493.630377717874,5496.41267329721,11.265398743264905,5497.7075128084125
6154,5504.036504588536,5506.531179576403,12.18446599606821,5507.746703055428
6305,5519.852826870722,5522.139546858966,11.771543623384693,5523.345666050801
6175,5594.238726093853,5596.174800019806,14.929984085994773,5597.147661185694
6170,5691.95370663419,5694.10032352241,13.488039804843542,5695.184874247339
6370,5860.354276307659,5862.602651465193,13.168266645230036,5863.718663392596
6245,5971.255552911112,5973.532787236834,12.732509792938613,5974.66484364555
6253,6220.117398240453,6222.44998874124,14.103126430731125,6223.4827521542275
6177,6308.584419598803,6311.060397702235,12.421981444352854,6312.215679398087
6400,6663.719147329614,6666.532000625237,11.041712112870531,6667.911470424684
6388,6674.036027797783,6676.13219959414,13.941482530388432,6677.182908815321
6265,7025.734066447436,7028.218422821717,14.901683032677782,7029.193507195116
6158,7027.819974910378,7030.050117616772,13.753350051934492,7031.106319232965
6315,7048.5169922184405,7050.618994796221,14.371355060489483,7051.6927348337285
6335,7205.86996887972,7208.519051266226,11.178308010309978,7209.857355337287
6372,7209.897161029842,7212.306633512595,11.922542653813862,7213.498693510569
