756,190.2446825463385,198.45873340598857,10.708325531533227,205.95567870159925
752,274.7040597115263,282.16314444272024,11.556119567883037,289.43502286771866
1835,291.3267212250592,297.556748214735,14.184592067623516,318.647188423425
1847,385.0744518456896,391.6303110018951,13.883208609281118,398.62390376916295
1036,678.9856395364624,686.2118402509875,12.195011031806262,692.1953661788788
761,1274.918202553966,1281.563487641282,13.366171087364064,1288.7376875336286
773,1553.6738615989227,1561.1629607121472,11.130218362306607,1568.6667812942237
1040,1590.4769924413406,1598.166651145405,11.632403804195116,1604.7601661789429
3851,2362.4924986399924,2369.5700233429466,12.368326421751656,2376.673741065538
3845,2547.2604036645184,2556.1006270310204,10.078313008609113,2564.479681891015
5842,4796.614386539514,4804.524978259395,11.167550587786177,4818.161387609073
5848,5425.844361575832,5434.171449456676,10.179109368848483,5442.209931862352
6756,6487.508191688737,6494.584856799698,12.948398860470487,6501.511309637675
7846,6504.590260952689,6511.498489245398,12.398670301290505,6530.613866115625
7850,7040.1574606471095,7046.127903017804,14.633860395533114,7053.073439812421
6766,7068.647726453496,7077.364667879213,10.27798733892171,7084.607218244272
