1159,273.9394543994773,278.27502895178816,14.046780002223489,281.89955121880956
903,490.87843852514965,495.35164573512463,13.437473662150675,499.04480215221776
400,569.2027854576183,573.3481581230618,13.121527395970604,615.3911828929714
917,765.9599166034743,770.4181775191389,13.607096518024862,774.0853340814297
898,836.3449233502149,841.1382556693596,12.339474572292644,845.7562894665862
896,841.7121950488839,847.0544340152912,11.693525410734486,887.4006465054698
635,890.3506047289378,895.3763840049079,12.455757150023077,899.3346523746271
640,1025.9013532438914,1030.4614802290412,14.212588772800203,1034.0319217477115
1160,1027.9521214076926,1032.2464200313646,13.996830406851211,1035.7846343553813
651,1171.9165549859813,1177.1939432431539,10.609988784288955,1181.5594394710945
919,1251.7233990981501,1256.4399489139205,12.204772367111337,1294.9482519881105
1183,1431.4946937791556,1436.2698472552677,14.84694144273642,1439.625918369954
621,1453.9557500307956,1458.4497529590692,12.705650422593804,1463.525992545928
654,1640.1832518448325,1644.5135815301,14.288668734723334,1648.3200317621254
912,1647.461037843075,1652.135402105643,12.280840819516767,1655.9461735961372
884,1977.3384435677206,1982.309747296421,12.280210838762404,1986.4609737282
2913,2053.102601461099,2057.5597324092096,13.519478548231024,2061.1894350619064
2391,2112.0281863799064,2117.4833182408593,10.721584801338835,2121.829107650293
2140,2113.88593981689,2119.319678310357,10.826916255923422,2123.687217494596
2910,2183.7182666109343,2188.3078095857422,13.890143498089875,2191.8703401185353
2152,2326.38555604034,2331.2786740853453,12.803960157586033,2335.2839498029393
2902,2333.0453013118654,2338.249657439374,11.213608817465252,2343.528203124831
3326,2337.1029754361944,2342.2791571666153,11.409232716204746,2383.2328701874194
3316,2400.1543333631957,2404.1076135772414,15.310340402890413,2407.349420230605
3182,2405.8798971465926,2410.204371213999,13.877149456967198,2414.915280605294
2402,2521.63515101321,2526.13796886692,15.003055615208394,2529.460256532193
2885,2663.7111600450535,2668.27042823456,13.456905847802972,2672.049260378719
2871,2864.464789528158,2869.4930838189844,12.593771264475517,2873.42474063081
2892,3063.67813662713,3068.267964621042,14.854713739543831,3071.4538877909235
2890,3067.7167825956926,3073.493564011048,9.898476647952263,3078.1625531929158
2886,3069.638300567673,3075.3840028453205,11.291054419622744,3080.1133365965293
2641,3071.8630722882795,3077.460464585183,10.516823369004461,3082.2070255667472
2386,3343.8359244763283,3349.33051307712,10.902338073413496,3353.7449308461623
2884,3405.9946674208863,3410.368727895574,14.653014280254494,3413.670356957011
2912,3481.5163349710338,3486.4132481226584,11.588101116582752,3490.490969426102
2619,3550.7935571992507,3556.055035843126,11.761680420581662,3560.3765960013
2655,3556.382637075862,3561.5196283299815,10.431288382339494,3607.074257704696
2891,3676.1804478259014,3681.1277371436263,12.631645445475716,3684.891097365158
2903,3678.31504596562,3683.0864998834736,13.643390954675533,3686.8106668908426
2906,3745.629316484441,3750.1968521492167,13.485018780159137,3753.8225074317706
4636,3892.496012021015,3898.261052412104,10.058691764043136,3903.086649315803
4902,3894.427529733844,3900.1699871062706,10.183184998262146,3905.7741058674123
5184,3970.7875128077694,3975.0162994236885,14.586869156688177,3979.7515761800896
4643,4027.2134112007475,4031.4692243782815,14.623028587929076,4034.9254626734573
4919,4029.1261718114,4034.3884312221007,10.920222534126331,4038.7565860323252
4875,4153.723106305809,4158.498985364856,12.198927500519149,4162.292142096149
4644,4293.046293336896,4298.467999798518,11.315616313471288,4302.942664567164
4384,4365.555948409453,4370.164388158773,12.861109249212856,4373.8946718842935
4618,4493.680606975941,4498.257686411669,13.184608425162669,4501.869194727044
5326,4627.852167485926,4633.373332237379,11.349651668479995,4637.886463893893
4149,4642.0208648711605,4646.3258029595045,13.542251879172232,4649.90416836243
4918,4987.426030205442,4993.133068294362,9.58004622999663,5044.16986265886
4372,4989.248863121267,4995.144204365702,11.025846217116785,5046.806390331917
4633,5186.418978309166,5191.351579621427,12.178519640782728,5195.418743840099
4138,5307.792796344702,5312.58007654657,13.483354473519727,5316.111019849553
4893,5376.035169359332,5381.4139878683545,10.903417161090651,5385.865902106098
4647,5596.948203996445,5601.3059309098335,13.827687975912234,5605.733791211885
4382,5663.368828056347,5667.459919007541,13.865113594779224,5670.973448532552
6649,5787.982285066462,5793.260954056385,11.747896832389877,5797.614889255947
6868,5789.959656742098,5795.128523495178,11.992855542140717,5799.426774942016
6910,5851.9197495545595,5857.454293466501,10.793599874739382,5861.969681406845
6914,5942.570999689869,5949.033855584194,8.452830414104007,5987.514792614031
7316,6210.940622619052,6217.067233975299,9.475852341028757,6222.801758514992
6637,6333.6569739777005,6338.34175398312,12.255690994073777,6342.28163169504
6904,6337.9605833802525,6343.379806741034,10.878117389663327,6347.714849684516
6899,6339.911264906366,6345.206423608627,11.466157736472079,6349.508158716154
6890,6341.853094977907,6347.03593104895,10.614397669232561,6351.446477164967
6145,6533.5909862720355,6539.129120283066,11.137913593611035,6543.624244939581
6384,6877.92411277497,6883.064263467814,11.967679795464532,6887.341745870464
6909,7019.351657453063,7024.005724165803,13.302743457057401,7027.663869162621
6883,7021.364610531926,7026.202335425781,12.000217969422676,7030.284011989838
6651,7281.589170040965,7286.273820216118,13.256554945681867,7289.8756436699
6643,7347.4905914566925,7352.420305221688,11.894740120471528,7356.296666881761
