414,194.2771383231463,198.32283908749616,14.588114087841564,201.9896451181397
166,327.1037120151361,332.11003104714956,11.864626214628545,336.7708776825326
161,396.428688125743,401.18278953923175,12.7567107136519,405.3916824227921
907,402.08749694067217,407.1456656134757,12.829107954362946,411.6983110423198
169,474.4327310244624,479.36460189286606,11.859351127204024,483.9179664126238
913,533.6869364680841,539.1833014553359,10.288185655850013,544.2260614082473
171,603.6188011624632,609.2223178982958,11.23152779529176,614.2443614834868
417,816.1451660006973,821.4060452739413,12.123923363791322,826.3560641004426
635,818.3620642511949,823.3778657532149,11.946582654880862,828.2121636447531
625,824.4711652447111,830.0361615891034,10.562661179148538,835.3090827048579
901,877.440968003569,882.4060677712632,13.185736999114702,886.7755769904619
902,883.1316027775606,888.4662077656611,11.968246714769963,893.3440861647247
1199,900.2391690660747,905.6293250769232,15.192433546366308,909.3485573802946
186,1021.2628160252973,1026.0489563701453,12.701593552820231,1030.480061098222
140,1107.0185652494188,1112.4019612987747,11.265733795670863,1117.0956862717198
189,1156.0250054214655,1161.3031720601434,11.696805762026958,1165.94022295082
167,1157.8610143150238,1163.238977890663,11.615661276986874,1168.0297409956863
911,1159.8384718498608,1165.0043330127962,11.398235760997316,1169.859040353995
900,1302.8654373208785,1309.0438903636662,9.446528157689794,1314.6282442273584
621,1427.6926954052158,1432.2596802720814,12.929196477506874,1436.485245679955
410,1429.468564787256,1434.038352025485,13.382257519845231,1438.309696180064
168,1498.6758214669183,1503.377795624604,13.438133800251524,1507.3416934856295
1208,1521.1720165062113,1526.537694497899,13.821221222019721,1530.6420230908975
180,1573.744560220901,1578.457512199846,11.920797220893082,1583.4352257817254
188,1577.5397535714467,1582.2538837273646,12.372052879643034,1587.10880660866
1209,1612.7028081264991,1618.1606200008218,11.449042057136516,1623.010152834127
8,1636.692157972989,1642.0257207803995,11.548296788145693,1646.901031787866
895,1649.1767610256154,1653.2349870845285,15.066611145011912,1656.9530872925482
1192,1677.3985569009415,1681.4872274945492,14.37987255656149,1685.3747002005305
387,1781.742970750228,1787.0288692166641,11.265377345011752,1791.861597947783
23,1788.1737711544317,1794.1189664542483,9.435932109036854,1799.5624928620618
185,1981.4970230817069,1986.4286123174486,12.377529453720308,1990.8259206954363
2913,1991.3965534629772,1996.0107030271129,12.997856962618751,2000.182768251383
2391,2050.4459644731205,2056.050020981259,10.514388253881696,2061.053258408632
2191,2059.3566602620203,2064.1400444020805,12.26045752927568,2068.614550963885
2187,2131.8271568461755,2136.2737275787917,13.405229972451423,2140.3485145911923
3191,2230.025965621409,2234.2196870482344,13.666057827059731,2238.1774378140285
2902,2269.189201159086,2274.4451949490294,11.015967864274915,2279.4476275702427
2155,2402.80748611555,2408.2926291597496,11.601961988306522,2413.279644292271
2402,2466.929281435423,2471.468154390075,13.26992401210932,2475.5482373024433
3201,2577.9868868488606,2583.193656698382,11.107720589824266,2587.9443398686562
2143,2602.422116974253,2607.4728333978596,11.988149139552332,2611.89813813033
2883,2671.465840498548,2676.123713765596,14.91555713524,2679.754853922003
1999,2679.177310115587,2684.2757743848438,10.903911779728807,2689.1608227861693
2415,2681.1069098570415,2686.123923153246,11.875693358657307,2690.980621798391
2679,2747.0768722813787,2751.3348844415427,14.223379146267387,2755.3005590963576
2886,3022.845915850649,3028.224593471378,9.611540267404035,3033.6515757039715
2621,3099.120268019866,3103.616865598062,13.856181287978698,3107.706193664573
3192,3200.604955837298,3205.5517071860763,11.891264470282389,3210.1115930811184
2174,3294.3153102358615,3301.0230634946183,9.246732227578217,3307.4550568083114
2167,3298.399113438387,3305.120280651524,7.861745946576785,3311.4288345763975
2386,3300.460523594678,3307.224870032117,7.497488400332469,3313.46799531948
2022,3304.6558885671643,3311.467969514199,10.037142187539908,3317.6820275849873
2376,3505.7014127355746,3511.0440982049586,11.319206972511717,3515.905174852925
2917,3511.3936824321404,3516.5470172738133,11.311293040543333,3521.365732676575
2001,3568.376540833022,3573.159766538773,12.649321882783704,3577.354309400039
2161,3706.1905654556817,3711.3753807125445,11.29583544014279,3716.11403143102
2188,3717.968564767408,3722.5838300259206,13.503748389613463,3726.7196036453333
2179,3775.3400076144185,3780.365549382524,12.743792080721107,3784.8514346846287
4654,3848.5844595021745,3853.4890425762446,11.734873018883771,3858.164276289813
4637,3850.5652616590073,3856.466496595403,10.046564499098796,3861.918105337898
4179,3983.495065146171,3989.0625731647883,10.438794076151758,3994.396050799668
5204,4094.441829707101,4098.2063709323165,16.117476488656035,4101.61187264042
4874,4129.338881075481,4133.600824069826,13.685057647532227,4137.462200887773
4009,4189.457032086545,4194.374298574136,12.1609099255021,4198.754021997847
4167,4331.651474021583,4336.123887335082,13.226026001098388,4340.337626755453
4410,4471.950131471284,4477.253638040232,11.322909236591743,4482.198786062441
4897,4603.924481897464,4609.143591920406,12.26030447077385,4613.743523065715
4915,4810.595486743307,4815.536301504555,13.219815562380923,4819.916878898363
4132,4812.595159088879,4818.129546258938,11.605974382222756,4823.1456335168505
4684,4820.525534962161,4826.055945335905,11.110646719333335,4831.019667296109
4908,4879.38322604348,4884.5715163252735,11.697334976057205,4889.467377996146
4008,4881.672677103168,4886.528334777946,11.366880389446772,4891.3444554688485
5199,4925.123704633985,4930.005426829455,12.602387727831248,4934.543071414572
4017,4959.613000288851,4965.134670606537,9.020328634742123,4970.607040170789
4002,4961.486012652772,4967.201730331483,9.045083078467908,4972.568901574232
4418,4963.41770502942,4969.30373314469,10.842879093396737,4974.361509733967
5206,4994.8889481238275,4999.577176597837,12.610703017403065,5003.878911330024
4022,5155.614628258591,5160.071520867253,14.23494935616014,5163.970432074313
4189,5224.817160590086,5229.404343828473,14.486668357115473,5233.220721785699
4667,5230.475370371642,5235.470698556151,12.491246198082724,5240.101652286686
4138,5249.663767529263,5254.436687460342,13.991431389168977,5258.319887557276
4634,5431.214777195854,5436.393639145902,11.794179060889567,5440.903071487123
4886,5569.373765789446,5574.170152876797,14.32873867214242,5578.121925571677
7189,5619.3955799057685,5624.248986243383,12.551487249197928,5628.614079268139
6376,5847.477080324479,5853.028951922856,10.62175388358161,5858.138356773896
7329,5903.793822606502,5910.076506653465,8.87397124916286,5915.880793249103
6914,5914.834644392975,5919.078746288149,15.856886434024211,5922.622314969947
6683,5916.87763437979,5921.539104428766,13.129275909138086,5925.805354109569
6893,5918.65907737673,5923.335674958617,12.831174806691207,5927.628206484064
7201,5937.067327040928,5942.167591305602,14.434070318130313,5946.032648718286
6179,5983.771859525846,5989.206786433789,11.871876965438057,5994.009954018176
7198,6098.1238496628175,6103.539603154332,11.037332999947488,6108.625242611019
7196,6168.542910057678,6174.506288755857,10.692351654179658,6179.780539754506
6015,6261.476994812127,6267.0931532415,11.054074305010097,6272.1322550256955
6641,6264.042578967572,6269.078232982198,11.56087734891713,6274.015300709185
6899,6271.554279342897,6277.009995633129,10.7223977567884,6281.954697729639
6005,6331.988755468232,6337.011499070322,12.383182484876206,6341.699229428689
6642,6466.930096525161,6472.279637310905,11.06971551509554,6477.076559298944
6902,6536.236953129967,6541.444224726296,11.648508268114048,6546.071027887377
6397,6538.106910186058,6543.271382779234,12.497160574054785,6547.870399404672
5999,6550.877324040604,6555.584311913669,12.425451926578818,6559.887132719186
7188,6577.668386455268,6582.08425178153,12.913285426753255,6586.206051052566
6138,6606.046625418648,6612.027263434256,9.52591339433269,6617.5528762183885
6908,6610.6197805374995,6616.095181382384,9.585584163272525,6621.570146254397
6009,6744.50927065226,6749.483695494178,12.91262570887335,6753.981313286531
6625,6811.5348640419315,6816.157806379633,14.195544790442929,6820.123090183565
6398,6815.403982090487,6820.145662015305,12.959586370409554,6824.455771299305
6369,6826.19564393281,6831.380523695942,11.880954207605422,6836.353456635648
6909,6955.871123195309,6961.309103731588,10.87418667863331,6966.434506368237
6165,7018.283185145262,7023.123784621389,12.621491967271941,7027.522409242697
7331,7059.431462629066,7064.162975109731,13.10013542065933,7068.504022462216
6431,7087.7419287037455,7092.402788800802,14.247865413714118,7096.214801035725
6632,7156.645312750752,7161.593396462271,12.351412485730002,7165.976765355558
6001,7236.5888037849345,7241.510597667549,11.903716441599075,7245.944658702268
7320,7267.820696391234,7272.351909528036,12.810208905946034,7276.419783835538
6887,7363.663205947666,7369.39346971238,11.102126955308924,7374.603652936388
