90,274.0832173826432,281.29347705896924,12.53949665394201,287.74207419411056
76,1473.9773114175478,1480.302334151274,13.551122216509164,1487.4479406077
84,1656.0459308393142,1663.1728698397446,11.465382876043531,1670.894562707939
100,1829.5885332354503,1836.5414964054617,12.263577316853548,1844.4063114658834
104,1918.329767346446,1925.3568932935964,11.541539488758904,1933.1713090120154
2088,2550.8482183413353,2557.350890079019,13.343708540207455,2564.704579927212
2083,3604.284835043659,3611.049396350341,14.45640652808253,3616.9422543631613
4098,4323.49149043667,4330.469801663666,12.487426358060278,4337.020158482719
4085,4594.1535395803085,4601.3343374356955,12.154775157470098,4608.129690656337
4109,4863.540170386577,4872.411931170353,9.162337687644186,4881.144767780908
4095,5223.368705296462,5230.321252501385,12.264093978390294,5236.991415712691
6080,5702.322795004231,5708.556325763898,13.941216113203188,5715.7421778118505
6090,6338.9960636701,6344.433514817068,15.401125695903959,6350.951726421929
6088,6843.950710698859,6849.384058913497,16.4274639318321,6854.721246937588
