329,273.75561042603533,275.19863277927203,12.032884884099824,276.7717565860372
541,320.07007702665396,321.23752059014095,12.977037673912829,322.64504658250235
519,321.98218707414253,323.2686729103864,11.042360380656993,324.8704481044675
800,413.98677303410346,415.1675244444454,12.319271227308425,416.61267620074375
128,499.9158297884059,501.22817465254553,12.804402764997578,502.55789242991546
1666,507.0454548692958,508.39547931235774,10.254758848386034,510.2000066288719
332,546.1648183904699,547.4140622191771,12.597315351234974,548.7687469990932
278,870.049603884963,871.0934484166825,13.712756523004611,872.3890575857145
1058,953.7917387624154,955.0490755391247,13.204864072217951,956.461153065669
343,1083.8365112942204,1085.3746104414097,11.117825546908914,1086.8728899034197
333,1086.1496187264265,1087.4193386721972,12.693882205963783,1088.8775805984956
1068,1220.0074617205953,1221.2087283841734,13.198733950806442,1222.554705288721
1650,1224.3148650908852,1225.5172407766267,11.82419172804794,1226.989521866014
1076,1312.15053044659,1313.2421673583149,12.916479992777369,1314.6568545687428
536,1316.5460183721352,1318.0793959911623,9.3801426909645,1320.0891007641442
792,1399.9191660283634,1401.2254584553082,11.121262058878978,1402.8584979464622
2307,1893.7638095288075,1895.3102764281912,11.256589382605888,1896.8632111592847
1059,2030.1505932932403,2031.434413760831,12.261941271290004,2033.0050409836847
2299,2034.0037804714113,2035.1206428743262,13.453563210584871,2036.4782775413162
2290,2163.591988216496,2165.027127027032,12.605985928652153,2166.4790755142485
2276,2523.975227745183,2525.4051593941876,11.848033675691473,2526.84246145403
2280,2849.8177639096534,2851.149297298167,10.642691122837977,2852.803988557605
2116,2883.548299452774,2885.000944126134,11.864207779567845,2886.4764161444155
2548,2932.007067513095,2933.2144237280804,11.84042546746172,2934.829569838773
3896,3021.901643067407,3023.028628370123,12.996077401347867,3024.421941801899
2350,3063.708745740027,3065.2128533867885,11.155902046366894,3066.8019349714405
2267,3119.2491490863326,3120.3103771043898,13.296227451171525,3121.6592974777864
2804,3202.0971406510726,3203.2201766437975,13.38823384795213,3204.563587664536
2272,3210.7761851498917,3212.2186273295824,10.2047302262761,3214.1327657155166
2336,3423.827866639241,3425.208433292347,12.37257876108982,3426.608438800501
3077,3472.1489164252894,3473.3902334678455,11.588982264981555,3474.8838930757815
4356,3783.8580215713205,3785.304549285726,11.626335526587603,3786.852036802013
3296,3839.8795982244264,3841.086559900718,11.408882541623568,3842.692873191303
2527,4010.281734144091,4011.5540331150214,11.916708237824757,4013.0919986782114
3053,4104.04328865581,4105.334757101058,11.09883044330446,4106.971598942546
4791,4107.955802170034,4109.138202115503,11.670826936153759,4110.69447333287
4130,4157.321792260977,4158.5026749767185,12.182041331426364,4160.040521477502
5649,4190.167310642821,4191.445262533971,11.577062230811828,4192.947472225449
4330,4413.608970865897,4415.19859153844,10.732728962302852,4416.759893519376
4304,4416.082537397696,4417.373375329003,12.062010589205132,4418.883457195842
4528,4561.122901056473,4562.47789072912,10.230724225295772,4564.202365458929
5636,4640.0176442287275,4641.25500739843,13.639859828648664,4642.590508652197
4785,4822.957115295314,4824.0638085816245,15.266302019868988,4825.270296599089
4278,4954.001998046264,4955.352440982797,11.62382157349048,4956.795763748525
4806,4999.841929632896,5001.048222522534,11.3375713621056,5002.664530119492
4291,5011.626972413086,5013.049748796737,9.91443763233793,5014.879810218308
5910,5094.14327216398,5095.225327297426,14.19354867306266,5096.508827409441
5644,5186.9322363765505,5188.264226520924,10.773057045215019,5189.925475587297
5918,5366.339473746536,5367.532967453694,12.714478725763843,5369.001252314963
4803,5449.989342154204,5451.1999929878975,11.51249058874043,5452.754779352128
6328,5496.235511377448,5497.537156050306,11.86591516408787,5499.0823402800515
5076,5811.844108331605,5813.078861603716,12.10104206789634,5814.627381647692
5665,5901.7191833423085,5903.092652532348,10.438014110674404,5904.79336517451
5916,6080.083151817377,6081.303483997694,12.493139224872413,6082.7546416824425
6289,6305.318868848086,6306.568728661024,12.379218266101665,6307.888777119619
6310,6393.568811747877,6395.008854259528,12.46636252278716,6396.40717917978
7074,6439.7762256316355,6441.225903828083,10.517243972656738,6443.041190615305
6524,6451.036540600789,6452.183788852731,12.741649873782947,6453.6261840841835
7920,6531.53532961867,6532.622004277407,13.656943630660345,6534.008623025516
7072,6980.021661394567,6981.248502254252,11.687491630190905,6982.745127095515
6541,6988.960283297463,6990.239838140526,13.262087352565961,6991.574059684602
6278,7023.603719697145,7025.076126047248,11.553975051171118,7026.579100563393
6815,7070.203058869527,7071.352865598007,13.761154447914498,7072.642805664499
6109,7141.456599500688,7142.475662055532,13.823088751812602,7143.752590799974
7085,7162.271314532898,7163.5241914299895,11.121477799321495,7165.118162216119
6530,7167.943142356548,7169.136185989561,11.965335597123115,7170.70706953862
6804,7250.327037298926,7251.548245417175,13.008109732048275,7252.8332973216875
7898,7341.7980155983705,7343.127455357812,11.383629267119234,7344.709953791251
7909,7700.348084581655,7701.54855919824,13.29962973144162,7702.918569161364
7915,7702.081178068088,7703.366188981609,11.473971133862117,7704.983313320659
