684,59.975796345097045,66.53825435376287,13.733081480928817,73.60068160775775
664,94.0143831127281,101.40263084261052,13.221039961265928,109.86091018898556
517,104.12636909822335,110.32460594179813,14.559379318404483,138.22733723946175
674,372.23968135339464,380.03956999301545,12.48835336738791,409.1639209717967
683,376.7410355427059,384.22733739683696,12.829866221245968,412.0188964512931
473,408.6177149243894,415.5383170952039,14.103918801790035,422.30644645660146
504,455.31473036895204,462.4320502052639,12.383210170564606,471.3211938072857
771,780.6184697150421,787.6060956437624,13.725886203390992,795.0936815897925
776,831.0326842332388,838.5267509569051,12.095872754981587,847.649117505787
686,998.6875868388848,1006.012292318295,12.477660316369278,1014.9569133727877
498,1037.8725810539997,1045.1086218376026,12.189651014528465,1053.1221073158265
655,1178.2823905499456,1185.0088940578014,13.974576224707375,1193.5168527768753
782,1195.8489436808509,1202.3040826311924,14.755908553617004,1218.0518373118875
773,1309.1083767615416,1316.58319785372,13.397047126737325,1324.0830819127093
492,1315.9148657157907,1323.210227066031,13.523410192526612,1330.8243855437045
777,1321.6208101958389,1329.3821553735463,12.267409837693744,1337.7232674538138
666,1443.375720999845,1451.5000576363936,11.810904221259106,1460.9188364372217
499,1668.551608742104,1676.11036639528,13.46324507015943,1683.9509166594032
681,1860.1988364045571,1867.1071542858126,13.728266952731717,1874.8027059531742
2668,1863.9729179967965,1872.4660682648114,10.38891173651812,1881.9106527049582
2663,1865.8190489930098,1874.3734945318522,12.016404690751056,1884.510222866024
692,1894.7787916861337,1903.519953351002,10.96385535589488,1940.9941463654843
2669,1901.38250127674,1909.3132331140555,11.36630264607447,1945.1903174024658
2495,2027.3040529953644,2035.1808246317808,12.12714015687285,2043.8329185148598
2509,2075.360235448371,2082.0869341904845,13.051851421518494,2090.5088095851493
2672,2120.808421402515,2128.546679703005,12.141597194129888,2136.679896458054
2483,2342.87679292686,2350.2942448237177,14.558768309781398,2358.179491104857
2679,2401.4436066148032,2408.603646523985,12.70478630506523,2416.5729820816764
2782,2533.5279769182575,2541.3564700734373,12.210625831295603,2550.8066865895635
2689,2670.929786588872,2680.107916176677,10.152392323048112,2690.0850397033296
2506,2800.151702500184,2807.254555678144,12.851193866998068,2815.9341955853506
2660,2928.7686555629725,2937.1789896332934,11.177203913517138,2946.2083091307295
2777,3018.7812624930384,3026.0950144285907,13.933261334206282,3033.3649300204006
2667,3109.0018037508826,3118.106402892589,9.859010437290458,3128.451504579678
2688,3161.147807566772,3168.558550293263,12.016023187110632,3200.580654801372
2512,3290.986822915484,3297.5044023938317,15.786967828001597,3303.9790006543803
2676,3294.468488474589,3301.459099864141,12.725845936950696,3309.03249564202
2772,3424.0249943758727,3431.0482178264037,15.6292119949423,3439.1562413748834
2691,3611.2376463735845,3618.166410024428,13.115822108567952,3626.749861911141
4656,3751.296515924476,3759.1714230191837,11.204053683883759,3767.644924524687
4770,3754.6966237737756,3763.138750540751,10.86480013419539,3772.1586932855766
4691,3841.8864792800055,3849.553505622403,12.049098441557257,3857.962149172925
4780,3918.7982159976377,3926.4424292700887,12.339224239782666,3934.2140006235404
4679,3973.064972104853,3980.0415354155634,13.879935683663886,3988.7356045889646
4670,4192.624640150908,4200.415227216581,13.00836116246792,4208.2311897097525
4672,4234.020011980703,4241.302279079912,14.498298649476624,4249.494768082048
4689,4279.072879948554,4287.368576590269,11.580810839307262,4296.230937723397
4502,4281.109596387027,4289.171721943518,11.689967777296813,4298.069698922641
4504,4417.746189688774,4425.198407271776,12.703234646715254,4433.815333724377
4516,4458.440217401917,4466.344713000763,12.150205395592797,4474.690634848448
4495,4460.775855696606,4468.16922044065,12.065900220270452,4476.4722351806395
4506,4595.1217589938515,4602.337601852669,13.496235072248398,4610.4867410432835
4687,4606.2157107217245,4614.4121272380235,10.742883788843017,4640.439352362232
4496,4702.548991869435,4708.359451202579,16.401585534487847,4728.408705887441
4666,4871.184963623317,4879.177700890305,11.491644159990411,4887.995594667769
4512,5055.457713197745,5063.232116394556,11.856440185747548,5072.390008660516
4497,5090.924443640269,5099.491251103933,10.110146715391236,5108.669515824339
4767,5100.385952140945,5107.142658770789,13.112156361929769,5114.495696506633
4503,5138.498651072313,5146.178586492675,12.411250428006495,5155.383033930488
4680,5179.1347451270885,5188.011672100576,11.106339762521959,5197.5563540414
4771,5193.574273027835,5201.485972227461,12.608975986296267,5210.249584140034
4658,5324.152333468436,5331.451146166284,13.199230192318065,5340.289668691191
4692,5362.899653069753,5370.451494336238,11.49737507663519,5379.031494457569
4659,5374.540896771903,5382.54004717409,11.053579403440189,5391.306171316401
4684,5402.2084717442,5411.236044417568,10.5870759806145,5421.551407358231
4781,5404.243838528402,5413.129079559703,10.246138300639142,5448.4708361048
6677,5538.917113884882,5546.16871871106,14.2173207461209,5553.515648332226
6685,5628.804663809657,5636.066738066255,13.158018424619609,5643.559098622278
6781,5911.535720165245,5919.032684291298,12.380967581247019,5927.0955741323705
6686,6002.101504418908,6009.062204170149,13.364172269140134,6016.828679513426
6683,6038.10787340656,6045.324920637498,13.134361702857788,6054.467318512501
6688,6084.6724943238305,6092.4884706657795,11.472916052345981,6101.132591148491
6497,6170.4302786869075,6179.164483896189,11.660885454728428,6188.780646019988
6657,6179.828172196701,6186.524486003554,14.08717623233435,6193.846955027181
6692,6305.491113055121,6313.304550509776,11.543542814435309,6322.430183893048
6667,6337.358414058894,6344.123341617285,13.80736569324609,6351.550143530576
6682,6438.735203353431,6446.0598330743405,13.100931537893233,6453.7085239783055
6664,6485.463127556318,6493.055485082596,12.759505658474257,6501.73662923984
6691,6528.769535160417,6536.361582717767,12.610999753409832,6543.96065864063
6655,6541.609781504926,6550.287362397614,10.563455893743113,6559.555804462275
6675,6618.888509871423,6626.371411409192,13.189423897820383,6633.907122782628
6491,6620.988355989467,6628.15536771434,14.201542532557745,6635.676576051141
6658,6631.41809214477,6639.033500533752,12.817417457547368,6647.150112979357
6518,6800.535960598617,6807.137562960074,15.33462032784169,6813.752595275002
6676,7068.504909906205,7076.020950270176,12.827506041445666,7083.6110302427
6663,7083.491462005371,7093.294859612778,9.033368314314911,7104.819223780904
6778,7115.628179235521,7122.5507753887105,13.138543364958567,7158.018119501723
6505,7159.085751592951,7167.158951529874,11.398889674519557,7175.716074946361
6661,7164.349762692765,7173.216937435617,9.921848442069631,7182.869802504538
6490,7202.733245288257,7210.505321906003,13.069669618920148,7219.551537157598
6689,7205.745312859517,7213.381339106626,12.728509591437566,7248.297818405326
6512,7250.943415858336,7258.118769734861,13.8517242259242,7265.416559316046
6509,7254.018802788468,7261.574733996387,12.44949823149752,7269.496768036879
