1595,48.39515917803969,57.103795946754616,13.656300218306807,63.975213112913494
1506,184.14086410239173,192.50252687062036,12.857232321390207,200.815417410786
1588,186.0619906985026,194.21650601881373,13.030746713784286,228.04464860197913
1501,197.88606239918434,206.49010140666397,12.012940164699424,232.52531289693988
1437,199.71383183502334,208.31728610945493,12.717971579829214,235.2680226374571
1587,213.0634189376637,220.1765394825068,14.147376618569657,237.24793351510033
1567,229.68488104157865,238.04279604486254,12.474695124730822,245.44237580477844
1577,273.5429926925041,282.21819693178315,11.994420836611454,290.74324364826856
1631,320.2292184543577,329.2036811130236,12.000365170710683,336.8579300651069
1639,363.5055099487764,371.26143377506634,14.373942249735968,411.2272292808736
1507,407.9415367185616,416.37685072430963,12.932668921235841,423.3637878484497
1568,410.39732220929403,418.27379348708064,14.043721511105133,425.0757385068994
1591,545.6115425435191,553.35012761692,13.417309615577075,588.4313426446281
1589,547.929905751359,556.3306586216697,12.640818952328452,590.9377820461516
1490,549.9162710459675,558.1141494712238,11.975791221948672,592.9987981474148
1364,654.5444763474383,664.4171134837651,10.582349365507726,678.5498239132398
1606,678.0888198897849,686.4600356499835,14.001082583452979,693.0927350564909
1636,772.1938087369216,780.2459774613012,13.416224895801964,787.3244563992982
1616,813.6153619963544,823.3450454526032,10.80901336420401,832.7846047139761
1604,815.6359734229178,825.1909606673528,11.683243133138856,860.6337101280734
1629,821.6217753435035,830.1180017292885,12.66437743819096,866.8616305086807
1329,823.2830386043601,832.0111522145528,11.91076143042144,869.9349006653938
1505,826.898376488963,834.3955966827642,13.807142354418527,872.6137406819802
1347,844.2279971168822,851.4933609669292,13.762453196417795,880.9232536244032
1593,848.7924422604182,856.3076779077668,14.281524456240625,882.7620085980166
1435,923.619440936356,931.2077250434495,14.229290006235004,952.9844122299464
1615,993.5347503018428,1003.3805161270311,10.798109597245634,1012.9534037713696
1346,996.0273276749223,1005.2174159035653,11.19676888095067,1038.4692931297748
1627,1005.8641790704927,1013.0909321548711,14.022780193697617,1040.8605906333835
1362,1012.245640068957,1021.5000428169272,12.728298639597126,1045.3219536382737
1597,1040.1843282086627,1048.4192904363672,12.593045599964716,1055.7100247118553
1555,1042.634841491047,1050.316222987696,13.210223191747064,1057.4166755931258
1336,1083.9120244013525,1093.3777697216633,10.994187868535601,1102.7964548493514
1549,1085.9154148854345,1095.2348062798426,11.551381507163,1128.4548642866962
1508,1087.8576151419488,1097.0073880717594,10.365637224078842,1131.2254711854173
1614,1110.0714354837448,1116.40406944124,16.547402023184816,1138.3043618146662
1498,1128.0625553328837,1136.4054398667893,13.38724447291004,1143.4139836574127
1334,1177.5867006243823,1186.1467236506319,12.858964136245438,1218.5471186055527
1502,1203.206284389542,1210.4097114047024,14.740074560835419,1221.0779943658074
1328,1263.7966650113926,1272.3167044857169,13.3777973250867,1280.8388236675503
1637,1358.1408166374672,1368.1372766789875,10.480912916919083,1400.5777879731575
1353,1455.4201313289288,1462.4356511691474,14.011226243324334,1469.933505088075
1446,1459.6492567159244,1468.3597883478883,12.597250269032276,1488.2084867357082
1486,1533.8034486605927,1543.0348664429023,11.084058072755203,1551.9212154877484
1580,1627.9810534040976,1636.2819434658381,12.45395875082496,1670.4207239292093
1633,1640.2845354784831,1650.3071787058177,10.292745804568517,1672.50948471864
1603,1715.9928465242378,1723.5761141268488,14.315478355681135,1731.7383286390138
1342,1730.3322247174663,1739.4067296046794,10.87842354716198,1763.752271117784
1504,1758.0884123350438,1766.5936054337888,12.539450288185035,1773.873401593427
1609,1806.0220680290854,1815.0746604148153,11.365271888550412,1848.5853156240928
1576,1807.88295990987,1818.2723606415298,9.313183365579727,1851.0806201150372
1349,1928.0585728878314,1935.2948205615085,14.116584182385804,1941.9444676190888
3600,1986.09912202614,1993.5927267102904,14.96119853351222,2028.3361705176533
3621,1988.0770043221164,1996.3311610601318,12.526866651795869,2033.7292747781746
3505,2085.7438909810076,2094.5672096405856,11.719599547762847,2125.266561224198
3632,2107.931723670719,2116.331327873362,12.32025091319201,2133.0067458893127
3617,2164.1834656582955,2172.0377619433634,13.865943518787907,2179.868054557707
3610,2166.264389125451,2174.2273199946544,13.762994345926144,2208.48630596442
3570,2300.369974956049,2309.19422272854,12.05416968000436,2317.2072660700815
3595,2302.2486639721164,2311.036333899452,12.151620216145746,2319.3375852861227
3588,2321.3322253709885,2327.6896811107754,16.15875704639564,2333.385347814307
3511,2439.5013664372927,2447.3391285292905,12.503103161222786,2484.1129269443663
3639,2441.3820881353736,2449.5835512608123,12.428896671343116,2486.3749045460277
3745,2451.91305446941,2460.4925565581852,11.999572999691999,2488.3418961569187
3488,2455.5147391548094,2464.086033722716,11.736947071311135,2492.236972747945
3353,2558.5614157697496,2566.3365568277472,12.531141500213137,2573.4291408464946
3611,2619.000209043961,2627.106539239517,13.90581172435414,2658.5273877392056
3507,2658.200943736601,2668.194912576476,10.18945269725654,2677.2825205566364
3626,2793.5778722308128,2801.6208644915387,14.234428137795962,2809.7203070690657
3514,2795.619856340087,2803.4325667716535,13.413003563141297,2838.090376400533
3634,2938.944975715799,2947.128484477485,12.512637278465313,2954.43681714794
3604,2977.824689403852,2985.6045870944195,13.778058404291354,3018.005493555811
3430,2994.4936028831316,3004.0302685936185,10.162716685388915,3027.159302103303
3586,3333.584089802744,3342.044344527262,13.040462303217897,3350.9350832029077
3572,3423.7155996583488,3432.1714031996594,12.278825912990742,3440.762716374542
3437,3531.0822383792115,3540.3126961427715,11.398561986100988,3563.1187512025076
3509,3693.6530112100863,3703.0966687908244,11.868766606585153,3712.1529919134414
5492,3889.8912748792636,3898.343492812158,11.811522859370095,3918.679079314569
5608,3966.0204956250245,3974.5741962386824,12.760337521290896,3983.6231059446404
5594,4055.8609138914117,4064.4409178331175,12.325403747068368,4073.4182501892187
5494,4061.929152280164,4071.448118095348,10.731792436055505,4107.667716252873
5360,4065.836683184562,4073.5705300617096,12.051003553685396,4109.968710849198
5598,4144.023405908322,4152.278769162091,12.727380690165717,4190.331528779258
5634,4176.556228877939,4184.245212387769,13.172413775883298,4195.001669229225
5619,4235.81961422783,4244.124330244343,12.918624781671024,4278.11515326935
5629,4323.559290369005,4331.289319091802,15.010603602333514,4338.738671037432
5592,4415.804315808697,4424.336077509942,13.045030589571637,4433.211328277179
5417,4428.305882828323,4437.269735941711,11.333567121720336,4463.921072483269
5628,4464.526965282815,4474.041115017552,10.90976160833234,4486.472313644988
5620,4565.9021870590295,4573.3869711043035,13.560890815273002,4580.2122730020255
5748,4604.328107884705,4613.1757369036195,11.877949028822382,4649.277475859888
5624,4808.981609814218,4817.292080855654,12.561166919763735,4824.922681497967
5614,4863.398019103238,4871.360798812933,13.885706877865776,4879.740310933964
5510,4953.256498023751,4961.604636211345,13.257152818995658,4969.919966985184
5618,5137.239740457385,5146.158902759475,12.514115637729095,5178.667650268466
5600,5178.085548599459,5187.289387775314,12.304848266908389,5195.35230540619
5601,5187.42064475451,5195.016989266696,14.699290067913886,5201.450840387786
5449,5237.028328788127,5244.434988721647,14.152809090467018,5252.161613809302
5605,5313.740006777133,5322.368036154888,12.780441254710455,5330.78727656793
5638,5320.2941776914995,5328.504493175502,12.294728165422557,5358.169144082699
5501,5332.610534179465,5340.318707541389,13.505526555798134,5360.600361074939
5489,5403.385930106011,5412.0764942398455,11.940748462095414,5448.586944761096
7591,5470.7045455728385,5480.229562622088,10.425629093553367,5489.99921934816
7578,5637.295115997172,5645.060546012302,13.96941306530966,5652.039986378454
7639,5639.502715341799,5648.239658930389,11.932056493772139,5655.865583368505
7348,5673.56349604482,5682.186670709091,12.555382542494094,5690.7705851837245
7508,5679.487426529042,5689.063392084602,10.402814254991316,5720.38831294793
7598,5720.177927558277,5729.483082440338,11.194563266465252,5737.889102220762
7620,5768.041655377496,5775.019347835451,15.092644600682489,5782.646127669394
7750,5770.346055818728,5779.196136287074,11.755020336848684,5810.8249019116465
7365,5778.749377655052,5788.029516397337,11.563239225461603,5813.696308961332
7511,5808.32454300659,5817.247675724116,12.996270819532576,5824.616740713784
7421,5879.13203551385,5888.344346226037,11.079578555545707,5912.6743917824815
7553,5900.37706334329,5911.37791483971,9.174809236664123,5921.622217661273
7498,6046.8622074758805,6054.477055837722,13.635762353593114,6063.0510826896525
7502,6217.711175322542,6226.393228746427,12.251092807476443,6260.779853167158
7624,6235.340171148448,6245.459836113162,10.012172326375042,6262.791932078487
7367,6240.911272800126,6250.308371457361,10.54372448804685,6264.721667025956
7346,6242.822510896819,6252.161906094627,11.05016496707702,6266.835637367903
7630,6258.001051777086,6267.2207858511,11.876449564585347,6274.924851928453
7343,6303.939077728646,6312.07440680082,13.767335174163016,6320.245098511535
7596,6312.213385907972,6319.488994449269,14.70266898443765,6351.1642093026585
7610,6397.871250182937,6406.168154668528,12.883655498919593,6441.166793894466
7575,6447.682289735313,6455.516063647867,13.021571317087071,6462.5804225081365
7744,6484.215948919849,6492.291122676333,13.604468387296558,6530.781089191672
7431,6500.4874790628455,6508.20747233153,12.923332851387647,6537.488738551941
7745,6577.618395453795,6587.316884029844,10.66927652139211,6620.868055766846
7503,6665.888177043209,6673.034958792523,15.026737124119084,6680.727924547487
7345,6677.774750473232,6686.340494913583,12.398268526672673,6708.341260694162
7564,6706.747359601129,6715.226297798179,12.358378956191725,6723.095882328726
7583,6833.71373108234,6843.28322375721,10.543296251016784,6852.9969919686455
7603,6847.991505341824,6857.075688564745,11.480917126650992,6890.594263440033
7510,6888.595865955489,6897.386628479198,12.059488162361001,6905.375928566448
7614,6933.666992252846,6942.075277783322,13.651189134567284,6950.689154506913
7362,6935.7623685146,6944.026015863066,12.453908326406967,6978.247435727766
7353,6937.915913998969,6947.103985574861,11.402838104870556,6980.65748260552
7350,7027.090275428112,7035.319266527415,12.865537934700688,7043.983222011565
7579,7031.440744270481,7040.159581810402,12.074927289610342,7070.896147424882
7590,7157.940180107169,7166.583112892769,12.210808828196784,7174.055785017397
7356,7223.463646326285,7233.038022355689,10.657309458977794,7249.029455032927
7324,7295.6422250636315,7304.513455878698,11.89300373118963,7338.777561642489
