1543,273.8397458404574,279.10751649528885,10.557266532463,285.8220714978077
1681,363.7142814988836,368.41866388528115,14.765565869884318,373.78005597539
1571,413.8530808558546,419.19099456998464,10.402563237201782,424.5644215481934
1520,633.8777268008396,639.1237044299437,11.021414696915278,645.446645865528
1548,635.918997183855,641.0305062257464,11.7708119422275,678.5422221387364
1649,816.1503937884987,822.1543061834569,9.594720328023136,858.2751320645176
1599,862.0499248215554,866.3636438225519,14.203738200368027,870.6645512357408
1418,876.0237274524894,879.6471602364962,15.804898828538862,883.2529543354962
1675,903.4919078311555,909.3271473725644,9.618595519861191,915.8689088505586
1643,905.8223739193957,911.3656570417689,9.813559601089858,948.2529241009611
1684,1003.9110763078135,1008.1848218555638,13.654450804483591,1038.1751880099182
1702,1274.895891914311,1279.5368803440792,12.739042263412522,1285.7076163112074
1676,1353.5513413038352,1358.525571196833,12.687209851890083,1363.955026352751
1612,1398.577797789326,1403.5679763714193,12.812711085440458,1408.1057004117044
1703,1724.257545867748,1728.4882695068939,13.08511705463487,1762.9687371838668
1705,1726.884136887602,1731.4409263681227,12.71436731849473,1765.4843567212977
1704,1729.3303683997137,1734.2968882833968,11.601511009522678,1767.6821526408246
1735,1731.1328116807667,1736.1590216171387,9.321366557523907,1769.7520702414176
1537,1806.4379900909398,1811.2205304069128,13.600645320178351,1848.2254588439785
3523,1983.6719268120974,1988.5246741523292,13.849305706426344,1993.8928187909933
3649,1985.7199593459725,1990.3686132682467,13.523213349262937,2028.341797237199
3712,2097.8080326584836,2102.221635758404,13.031907841971146,2123.6289698144665
3562,2298.8461182879746,2304.200363169311,11.850232711336226,2309.143486457249
3575,2483.4335650604526,2488.2468552095465,12.413609919997125,2492.9771894688047
3687,2523.605049528714,2528.532555062714,13.652679106209739,2534.7812774735244
3706,2704.182927753,2709.5182366556105,11.461117713463429,2715.899457798084
3653,2706.287064146817,2711.4294429394645,11.275616659614187,2750.3169988331315
3666,2794.000973385998,2799.1962308526618,11.98933673284088,2804.7930357279065
3678,2805.071846207345,2810.0560962635013,12.296185061836043,2838.3506560306364
3571,3108.7296511876934,3114.4654739978314,10.35178032176309,3120.3608408526034
3567,3110.7957825030235,3116.378503879417,10.078738877222301,3122.3204654093706
3442,3319.9186446762583,3325.33158792348,10.743114071208906,3378.2412495540593
3647,3515.951214531582,3520.601730485889,13.55558856141217,3558.2355242278973
3700,3627.7228090822678,3632.3379689505514,12.552820577417402,3650.294821235704
3598,3648.7688043063777,3654.4347159762206,10.616741882579497,3659.9167199336384
5579,3739.3315823130038,3744.4184038921194,11.121840231379903,3749.5454753895783
5700,3796.0434466919432,3800.364092110492,13.825571893223058,3805.905359652498
5646,3964.024665125329,3969.1615809670498,11.272791322135946,3975.455271978776
5674,3979.157046795632,3984.0038291275873,11.973906946361918,4008.212867409008
5672,4053.7018974292823,4058.1231343251366,15.920482820271905,4063.368686937799
5677,4167.621691387877,4172.239553472087,12.043117741039577,4190.9615391740745
5740,4245.991252128903,4250.198269947542,14.219346685540115,4278.66967225745
5538,4413.289412349091,4418.344758590695,11.168481608828541,4462.985317676329
5682,4516.432806351469,4520.614781882001,13.855858174672655,4526.095293961799
5652,4773.615189372993,4779.441136098573,10.210722174275427,4785.871940491693
5570,4818.5379216363945,4824.267262366383,10.634992531690104,4829.7854602347625
5521,4863.611464227647,4869.083840520764,11.457307499481326,4875.476380728281
5722,4966.334252711676,4971.410964964364,11.432485737888427,4998.48435229649
5419,5025.446528927734,5031.470981711095,10.303714020598845,5038.630493309748
5703,5045.709354623375,5050.3348220165635,13.119595071778685,5090.883988574536
5670,5047.62477273642,5052.461348650318,12.568758689008124,5092.838326473453
5643,5133.773401826378,5139.184797626903,11.711982380306914,5145.760638052182
5706,5145.850000098205,5150.497580727823,12.617435018915288,5178.673560544589
5676,5150.698830370231,5156.04561598422,11.474868172897393,5181.157983243843
5685,5234.052293994875,5238.246667912088,13.283664747071745,5243.665933358134
5548,5268.524716141573,5273.284802294326,13.557785100831452,5277.688176097256
5447,5293.019916853661,5298.510394855722,10.755567169547087,5304.784339627643
5691,5313.591210470821,5318.522040511314,13.690676305741508,5358.333169298815
7529,5494.115750190842,5499.420233866501,12.882453516044594,5505.713159632555
7445,5561.5326595119695,5565.494138228486,14.504543855427046,5569.477703307853
7450,5563.299948341573,5567.318059366246,14.24234413893066,5571.27270420246
7528,5675.7699887244335,5681.4898601511195,10.67881164127727,5687.860557447992
7700,5693.205034366885,5699.389102972278,9.868765166224337,5718.298786490528
7572,5724.563724773439,5729.067671406943,13.53009682496174,5733.533867735853
7674,5763.462410679003,5768.046796892476,14.00279573158415,5773.343012458351
7721,5784.285768405476,5790.4883335995055,9.809837669763565,5813.9709861951815
7652,5853.800767593728,5858.374906143988,14.096963944411467,5863.852452605737
7525,5946.238622843107,5951.260900702434,12.018163842416614,5988.467584386557
7713,5955.35495164911,5960.099659893696,12.544842897523127,5990.758242859393
7690,6033.516149677594,6038.214368408533,13.360118612303719,6043.739936702763
7692,6044.672087106957,6049.353433342847,12.190151377415555,6080.562394815515
7531,6170.791750451438,6175.425351463378,12.660409853824573,6179.813300033953
7419,6192.780120407184,6197.167705284351,12.743838884294608,6201.594141714983
7545,6266.636681268377,6271.040958486717,13.562168279544533,6275.478949960308
7699,6304.027183982151,6309.159616760054,12.329065574839118,6314.987356807761
7724,6315.097115118318,6320.501865556447,10.726606473489289,6350.960712380484
7589,6439.264612030944,6444.32161253502,12.159240635500641,6449.043665050548
7538,6483.732277763309,6488.538939339309,13.422076182635228,6493.798756959264
7566,6528.496784700314,6534.044801789866,10.541471950815234,6539.392158526821
7727,6678.281809137043,6683.40937943395,11.637070489156576,6711.015450595142
7542,6758.041915267759,6763.262862995456,11.379270642864226,6801.345099478393
7647,6843.385600326487,6848.460683880706,12.264296110947438,6854.542516185118
7644,6934.065431244512,6939.177879390457,12.49102617731575,6944.752138265096
7599,6978.88456800125,6984.495082905768,11.030341498261116,6989.911327231454
7688,7024.212789703603,7029.350874152293,11.646660912915658,7034.954945138452
7673,7026.366048102922,7031.205174715879,12.612115511744337,7069.8347881043355
7683,7113.771033721867,7118.612607881992,13.250106125809355,7124.296295983459
7685,7216.672585681018,7221.352869304802,11.958352594558734,7226.919166189962
7686,7218.471967450907,7223.110820827144,12.847798635327626,7248.353250762594
7691,7293.56325461808,7298.410942262055,13.239995951784154,7304.1862257510475
