1814,408.0672440002478,408.1101208183471,9.513989766359225,408.152997636445
1831,858.0935289379819,858.1477633028608,7.521607554962712,858.2019976677377
1018,928.0713665563484,928.1110886941732,10.2695784000952,928.1508108319966
55,1472.1255368034444,1472.1660711517693,10.063800837266639,1472.206605500093
1405,1475.1350535023869,1475.1830450750153,8.500025864291088,1475.2310366476424
1401,1662.977435250724,1663.0356494483156,7.934609770401402,1663.0870608750147
996,1916.9628122166162,1917.0174274053743,8.741676932629725,1917.0640923200974
2214,2199.10636284655,2199.158947248622,7.757616185340084,2199.2115316506925
3419,2560.076148223375,2560.1191127317015,9.494571787242764,2560.162077240027
3811,2564.0551071248583,2564.104844779027,8.201625416994627,2564.154582433194
3822,2663.098289111127,2663.1390222387054,10.014689096192448,2663.179755366282
3261,2745.0444351560645,2745.0893911871176,9.073968476712496,2745.134347218169
3589,2938.164875461404,2938.223517738401,6.9562375388686215,2938.282160015396
2749,3000.087319035853,3000.1515676647523,6.349234459958036,3000.215816293649
2054,3112.121093950708,3112.1617171578564,10.041787373490665,3112.202340365003
3023,3180.9737913913023,3181.0440235427127,6.358412319518488,3181.108179433853
2747,3493.9447724748425,3494.020791369551,6.346057658290355,3494.085072160959
3578,3550.0251711764045,3550.0885369979414,6.4376914670794765,3550.1519028194757
3035,3900.117098182569,3900.1582958804693,9.901757365164638,3900.1994935783678
4061,3908.0125181158305,3908.0585933345806,8.853557718775763,3908.1046685533297
4995,3984.9531779105555,3985.0176375308015,7.408976373680608,3985.0726963659254
5835,4002.9757664433587,4003.0274071071276,8.991774133646485,4003.072774083937
5813,4011.9629462207226,4012.021046247317,8.624456831477593,4012.068345412536
4058,4084.1787842104145,4084.2252780639683,8.77383949551957,4084.2717719175207
5568,4092.9679526385326,4093.0340888763444,6.847193138537116,4093.0936650560056
4055,4095.1560739315396,4095.2037599485625,8.554491108250275,4095.251445965584
5831,4264.097103199516,4264.153354053486,7.251971833688132,4264.2096049074535
5401,5347.108296389406,5347.161358128229,7.687829642525757,5347.21441986705
5812,5515.151014988027,5515.19661867549,8.945101400999974,5515.24222236295
5240,5538.080838482556,5538.122931303766,9.691191915755283,5538.165024124973
7239,5719.028117632124,5719.073123665984,9.063887075266747,5719.118129699843
7572,6006.004985751813,6006.050538100694,8.955182743199797,6006.096090449573
7563,6364.179355641238,6364.228340285441,8.327703819144729,6364.277324929642
6733,6552.077306522077,6552.120240202621,9.501389199382569,6552.163173883164
7550,6615.095476049839,6615.136857069278,9.857891713175569,6615.178238088716
7825,6625.129755899034,6625.177502733603,8.543594822297601,6625.225249568171
7552,7438.131565120661,7438.182409494438,8.023102229548023,7438.233253868213
