1294,229.05958372468427,230.1307588336536,11.352367956354042,230.901388840605
1222,321.52264404403275,322.4356019853555,11.739288547448716,323.17231789787314
291,408.1575536949054,409.29486654648815,9.967975095705532,410.15038327218286
1297,411.18471667660555,412.1833359072186,10.878013351665432,412.98757056977126
1211,423.17776665146727,424.2784309470583,9.903567480252882,425.14241080190106
1050,647.5822185600039,648.5029474278256,10.637974922031882,649.3070735110359
1456,684.113831091781,685.0060193479773,12.252095825311622,685.7200584415212
549,737.169498316468,738.0087401448244,11.800001267908533,738.7501362852564
1453,771.45272215767,772.3529129171178,11.63137692636448,773.0920780147329
1384,773.5819431394183,774.400303080949,12.826910046085645,775.0792237817899
817,828.2870624829741,829.1593311053435,11.40904135634678,829.9261330761553
792,1098.6213655211066,1099.4723072978115,11.240657345730751,1100.2337228243518
1915,1277.5963455462058,1278.490518637348,10.717154471927953,1279.3124238499656
542,1282.4386834077873,1283.371419114656,10.90928183570387,1284.171021059086
807,1354.090955709405,1355.2080990643765,9.963104802488857,1356.0725806493333
1068,1356.1119057353108,1357.0645587968404,10.909341371240167,1357.8664839634855
812,1370.3163928019017,1371.1327032167947,10.435998622609462,1371.9710010849228
811,1444.0921616250935,1445.189655743751,10.278597530443347,1446.034638498943
1078,1446.1067474907281,1447.0139337656747,11.76767549198877,1447.757366519499
1655,1566.4176057963657,1567.2753829219319,11.52094801205639,1568.0368004200548
1667,1655.3577052576452,1656.1247218018143,12.89041012083598,1656.803402721592
1451,2029.279430439588,2030.2960130407089,10.492915888114386,2031.125922968504
3649,2180.5505612983,2181.2454515192603,14.095119606525143,2181.8661255994625
3303,2301.1960000362856,2302.159283220339,12.09525531054327,2302.8825813378653
3076,2449.3897900685843,2450.191685241011,11.891977149003216,2450.927347216097
3084,2614.226105571965,2615.286601146606,10.152254363734645,2616.119410831823
3642,2644.642229364058,2645.394191451327,13.654162369638415,2646.0371650353527
2282,2660.9510794923353,2662.0763842335605,10.078332456796687,2662.944432140754
2809,2734.3457553130993,2735.1648046910236,12.72149641999106,2735.852497011824
3919,2742.0064304355797,2742.6328464157837,15.551207042497698,2743.19981637049
3074,2883.9252580850693,2885.0105180968576,10.948128508377001,2885.809602195151
2816,2974.1373351601123,2975.266350178609,10.357488721052874,2976.0981100048803
3301,3111.6586642450566,3112.5618016043786,11.454664993859039,3113.2990323026784
3460,3113.704712001545,3114.570369849194,11.909398937810677,3115.3140882633343
3455,3115.6575173783294,3116.4901896734564,12.435982294547875,3117.1895196362284
2539,3153.480082407719,3154.500527965903,10.606857246690035,3155.2716947551908
2799,3255.2961497807755,3256.0810791043214,12.433365348902761,3256.784708021483
2553,3378.1963644423286,3379.3815413829034,9.63539721297133,3380.2473253107473
3461,3381.147068085043,3382.269152786047,10.155704532497598,3383.117504069429
3905,3544.59468275171,3545.3495781991996,12.51823403064501,3546.0450789523484
3652,3563.5459010167083,3564.4123977813924,12.408058846548863,3565.127836776289
3458,3651.271986870925,3652.2306683357947,11.861255307302674,3652.9682357492316
3214,3743.203830297921,3744.216777829586,10.985383874488576,3745.0164482566893
5224,3829.2708250269625,3830.3479982614685,10.216414409992751,3831.174293346711
4291,3831.2429160159177,3832.3410298272806,10.368899274888312,3833.1571604808187
4272,3833.321988123207,3834.209487483868,12.81264322957312,3834.89228768679
5904,3995.765835426067,3996.5443319571336,12.507670337796016,3997.229079960038
2280,4008.1041026588437,4009.2525490764733,10.14051845187607,4010.096911318517
4545,4012.308460456522,4013.1553812312704,13.157942516708186,4013.820262947087
4789,4068.216255798841,4069.148280611123,10.54720102336064,4069.9777400456915
5899,4091.357451176036,4092.1431875595626,12.331201105078762,4092.8526460561493
4791,4165.047384642518,4166.084508360008,10.43165146747706,4166.923155569838
5223,4279.174559800788,4280.212902896859,9.620050491590652,4281.119657581517
5453,4459.08631058118,4460.103413610054,9.890746361116122,4460.987924755898
5891,4515.528471475003,4516.325154560968,12.227879920194805,4517.040246769223
5070,4517.764306851833,4518.51505658094,12.822818067585683,4519.192715270484
5663,4524.416076723032,4525.412013963314,9.479874940899435,4526.289346088442
5458,4551.7997678010215,4553.072439848926,9.172254847355829,4554.021821489438
5229,4553.965682605761,4555.082555562492,10.14759681492515,4555.94467844308
5901,4593.2468383589385,4594.178358308534,12.164083310931806,4594.897563790238
4551,4683.986604712006,4685.076949629966,10.692151336248674,4685.89516432989
4275,4728.245793555671,4729.4055689919505,9.82280776054328,4730.249313970577
4548,4863.931420012718,4865.049163467143,11.02860361832431,4865.842416693017
5368,4999.016759796481,5000.038024586038,10.843938426255528,5000.844786396483
5666,5001.117826777465,5002.062186347084,9.591930331330966,5002.974252541784
5230,5089.173438406825,5090.2641534914865,10.05134122245025,5091.107311285438
4817,5133.3836826039305,5134.411664556215,10.278961597985077,5135.234951140755
5069,5146.318785441452,5147.138216143358,11.777488079202564,5147.881029495261
5071,5148.292303352845,5149.069937800361,12.535049402018645,5149.76785889477
5299,5181.216426875197,5182.120375390356,10.95009916130637,5182.919315680142
5225,5183.34374389531,5184.185597565625,12.37727479080734,5184.892415144211
5370,5271.51874376155,5272.43137386504,11.776056911664682,5273.1558489058225
5060,5313.317693582566,5314.264841154327,12.004216701183012,5314.9936246822235
5454,5359.165909171089,5360.248779122918,10.700599322706168,5361.057036930968
5049,5674.06399041533,5675.185374409182,10.015366251319211,5676.051764694765
4526,5676.165632389456,5677.127323240173,11.322223855633528,5677.9000049596525
6813,5775.364961095542,5776.105671484949,14.020983975743327,5776.729627365098
7457,5899.265059433954,5900.285892021075,11.189548264989913,5901.062705456803
7900,5974.583104238966,5975.337149149779,12.675196329905301,5976.028144259965
7053,6123.401410269779,6124.411105981625,11.024160210837454,6125.172941048605
7672,6304.032956834962,6305.04882441719,10.967936590858587,6305.846465370403
7080,6499.227634022867,6500.201452360245,9.759490001150063,6501.101178693218
6050,6531.218357837725,6532.118045531582,12.025571606120693,6532.845534892061
6793,6573.992886783692,6575.007502226648,11.46380835563466,6575.77064089102
6532,6576.2490067138015,6577.249062888275,11.56756474536127,6578.004815382327
7232,6619.162732654385,6620.091716778857,11.716088292836833,6620.8384229472
7382,6621.435319076181,6622.333944781139,11.447271157789837,6623.103239847176
7455,6623.460751227304,6624.316587813867,11.905027615777868,6625.046092672335
7375,6625.356039350368,6626.14032109856,13.927536262383306,6626.7684634514
6792,6756.388334929348,6757.354172237917,11.282605577277861,6758.129219145496
7921,6758.5640982030145,6759.461803745768,11.89177400965,6760.186030380106
7653,6875.612872557708,6876.385829997639,12.658995673648386,6877.078271571747
7300,6891.266791815572,6892.235835242158,10.049115567217356,6893.103851241036
7064,7114.1224135575385,7115.2023813199,10.895062512331963,7116.00460501322
7055,7116.2485554507875,7117.216256582581,11.559519293613297,7117.973076583043
6042,7165.559287905432,7166.430726304005,11.770081573472071,7167.1777098727325
7058,7206.143478552567,7207.096050617634,10.923475451289441,7207.896938158979
6526,7219.540672649563,7220.458176822208,11.141976503043608,7221.2514551518125
7914,7294.033338699296,7295.148655281824,10.857167034293967,7295.954434116164
6288,7338.049017945997,7339.284567733865,9.455809453688682,7340.170079031695
7222,7429.034092878135,7430.038490156076,10.390889164605687,7430.880427285664
