1811,190.1641323277299,198.28704997057392,9.657556333035805,206.23362901278065
1814,278.2446770849434,284.2220859771609,14.009409305469283,289.96394207795214
1850,458.083153239401,464.25074792606995,13.457829451966969,470.22053942024525
1800,574.0655805807465,581.0649272186018,11.965807136276911,588.7635049551676
1816,645.6624761570309,652.139737341015,12.32004451592765,658.6640864511444
1817,907.9453586317345,915.4480973602946,10.371971630812572,922.8036046453758
1841,921.3929309446038,927.0741684073232,14.262073177629984,932.6810051986577
1839,993.9376409303773,1000.56664839828,12.872792998393265,1006.9617118241579
1840,1279.2453504707235,1285.4626053917877,13.050501441212099,1291.681076170457
1852,1294.098886927944,1300.3601086975434,14.21000243806469,1307.2871106849836
1862,1576.1361837843756,1584.309481615899,9.463601412531427,1593.4759200414803
1842,1721.3111051278513,1727.4667578284693,13.450928835553555,1733.5251157075559
1807,1723.33293864029,1729.3428994561184,13.073030810284216,1735.2636701031615
3838,1906.4286539740465,1913.212357393433,11.418218021190208,1919.9534098003178
3856,2076.283468820817,2082.423329678642,12.646858145802241,2088.563195092596
3841,2284.0400216567014,2290.472973891947,12.95115909587775,2297.7944677413834
3835,2286.5691336614495,2292.410371332233,14.254639046710428,2343.3321913098634
3837,2552.3717054985395,2560.003639025408,11.05048643642091,2568.6118043546066
3831,3068.902786666403,3078.209772099582,8.188059712010602,3087.6162354464354
3819,3191.040441093949,3198.3980749531747,11.38367515339836,3206.768494753932
5863,3698.7095101231553,3705.2006433629385,12.877077924178488,3711.686657622391
5829,3905.5663334801607,3913.2449198725512,10.035319198402282,3921.869449757072
5805,3992.783140596164,3999.089918943322,13.74288201363022,4005.932074818128
5819,4000.2262449431732,4007.5455330598884,11.885194442957758,4058.589543812904
5824,4006.002132847892,4012.3657936514073,12.144635888411221,4062.4952167158244
5828,4174.41422350526,4182.036965417248,10.311153229628554,4190.619556987918
5845,4508.02175312237,4514.240774792354,12.809163801330461,4520.417708326019
5855,4871.38264753218,4878.083045992461,10.130244736754873,4885.891773065402
5817,4913.93908621963,4920.325831617342,12.744662747847777,4927.786131000333
5821,5136.625914224889,5143.31849188964,11.91383120664867,5149.928158563144
5839,5234.294842345909,5240.23374518875,13.371190897665706,5246.177818792117
5854,5334.842068682143,5341.498143221552,12.188790036465248,5348.775316694312
5811,5414.076624877405,5421.217941479941,11.452219811541271,5428.450154383813
7851,5497.834378203343,5504.569900783356,12.414306297543613,5511.399426210387
7847,5703.094655522621,5711.097428884632,10.013795799463338,5719.833167720549
7850,5949.605883848473,5956.312125476913,12.605345321446428,5962.955371218853
7820,6036.273119792202,6043.427891038619,11.387189171371315,6050.69435990135
7852,6401.723789505899,6407.546201525022,13.892655662734422,6413.378416975193
7808,6484.306016915338,6491.191383090229,11.795455964005043,6497.803042451304
7861,6604.051987206424,6610.124648067682,14.614050342997027,6617.234739949739
7853,6666.093575072063,6673.0701297311025,11.670288441612689,6680.072767086357
7813,6673.930887234289,6680.57209784568,12.1844168908396,6687.204490200693
7849,6675.701908426363,6682.339191014111,13.177799308804774,6688.958179485927
7844,6709.996206487792,6717.506491207292,11.348619088259081,6725.887278611469
