1377,188.96136504681016,189.31999232940083,13.64653169248178,191.39782368892577
1543,570.586915920328,571.0082131395262,10.541353379463974,573.6143034624563
1387,816.2267578981924,816.586285892269,13.615756097261862,818.7178453375099
1548,930.080265679675,930.4916668347557,11.898959001520952,932.8325896574263
1382,1081.9361937738886,1082.3873960386627,11.091542584271238,1084.9488192308695
1389,1445.49868884915,1446.0473762794245,10.899217779165292,1448.705160662162
1511,1684.8394520973366,1685.1826793579344,14.318492289642002,1688.6951930344403
1537,2045.7633231327902,2046.1296164887221,13.795521749806698,2049.629695383629
3545,2301.1182434178118,2301.451372228059,14.694752680974577,2305.070472057171
3370,2479.1982384774587,2479.571525988177,13.113874257588607,2522.932093519683
3542,2565.166350576695,2565.530602194448,13.439186647080279,2568.786160876097
3373,2566.995822792759,2567.3839392876944,12.604365327864189,2613.5111054744907
3381,2656.0050210671643,2656.3856549694883,12.860771065313854,2703.136105098239
3216,3098.8296292162777,3099.252274086477,11.736785203559583,3102.9224146866195
5373,4863.469718491146,4864.130679081583,9.02463841219704,4866.787792710982
5512,4953.5452020500725,4954.137232317135,10.163759953484181,4956.474177194674
5381,5042.464562453068,5043.05495519936,9.545336577339148,5046.016717809647
5535,5229.175876777714,5229.56971263221,12.42965926437164,5232.1609853946175
5513,5233.70361969855,5234.181482345374,10.239873518636864,5236.781223700235
5387,5235.63315850833,5236.082650436878,12.022692335460338,5238.771856829454
5524,5491.996561565901,5492.414815969612,11.703180980017734,5494.734391671771
5514,5564.054925646926,5564.399148515401,14.221151253436332,5567.738303283785
7547,5833.778789676686,5834.133330021578,13.399653760903188,5837.758752617962
7517,5945.624926578213,5946.047773183195,11.389229611526876,5948.565138319507
7525,6262.024575477037,6262.428844362983,12.108885070418635,6265.9010442174485
7538,6789.105397745179,6789.473573101548,13.295961809494626,6792.809924709834
