402,94.18647934197874,101.19022418500144,11.617940578848293,108.41129032480822
377,363.7702048619507,370.3827463905449,11.634309151546706,377.4798867368525
314,368.41292815069335,374.290732199022,12.387134934836883,410.2832442440515
271,819.775133667198,826.1315006954882,12.014558000836807,857.9505802310962
401,821.8891450581978,828.0029070690505,12.340207806570266,860.2666675710151
325,1267.6022140600105,1273.0918120543508,14.667538403596634,1279.3217285567462
2319,2165.916945237512,2172.006899873798,12.847481323642008,2178.6262763742534
2384,2343.8644992572786,2350.1118205140765,13.684724140097074,2356.668328930748
2386,2348.7069112384024,2354.154869541272,15.737740198055166,2388.1376770676748
2347,2887.9590462435604,2894.505034409466,11.429223800097647,2901.661018422423
2399,3603.587545675155,3609.5791983860204,14.08111785693375,3615.806236594785
2280,3610.6217674794784,3616.3317244900513,13.615261834739753,3648.1170289115366
4333,3783.7269637385757,3790.2330739840927,12.367848156521237,3797.5184159384307
4349,3879.7549197666604,3886.3688808903503,12.091216703059327,3918.2015448181737
4331,3973.025016029928,3979.5808544925294,12.709081539874342,4008.059088506245
4357,4055.614004724235,4062.124977090893,12.0004335823415,4069.6350108913293
4330,4323.669369022264,4330.154803930196,13.559737451354408,4336.770182836038
4282,4506.886445877156,4514.011942384031,11.336781911290927,4521.187715353672
6385,5496.4504764546145,5502.575970580982,13.244688696304392,5509.2549100553
6344,5676.077475937323,5682.382708090749,11.850078727236486,5689.278105490155
6298,5943.577838732234,5949.499006661965,14.640771151413515,5955.829101622776
6308,6125.839238912189,6133.109743075729,10.37295203807639,6167.9505734561935
6368,6303.5051698772395,6309.5206064883405,14.221592192759935,6316.200666468053
6375,6663.859659125225,6671.1565764924035,10.755664862919419,6678.848982462543
6326,6936.674396525202,6944.023589624143,11.327481662191902,6951.599881765071
6288,7026.28888763095,7032.580637791179,13.126627685790915,7039.4524698387995
6339,7117.983768456041,7124.040708358319,12.767153108037178,7158.154319439601
6357,7296.056089384051,7302.526716897173,11.574571130156821,7309.67033612538
