1291,294.9375198457511,303.547816662183,11.891468630556595,354.0
15,363.91854295620664,372.3395503763351,12.763957575203252,378.5803165327959
1252,1832.3759148508177,1842.308808141491,11.017255349406346,1895.7307035066244
3270,2001.3006812492038,2008.2159768798856,14.76280135493488,2013.6402431823947
3242,3353.2409779708682,3361.444407416061,12.795576063766942,3367.976648635172
3264,3538.3519562668994,3547.1991519539915,12.391958591759503,3554.9829655664166
3267,3626.9662693544883,3636.1701037047833,10.91557826063055,3644.4589729459826
5239,4166.6867348019305,4175.5391693115325,11.03064824430844,4193.0
5187,4615.226616171327,4623.162646278633,12.76748199394328,4630.642191347427
5277,4701.252127888691,4708.3652516732245,14.151877578158,4714.502454659816
4106,4773.688422851842,4782.233901164899,12.493782302996514,4788.582716408018
5245,4884.4986169700105,4893.142847097512,12.379057948684512,4900.8489678985725
5247,4888.661623856098,4897.241011967655,12.74259006308519,4904.741561767981
5268,5516.424120279475,5525.3794343753025,12.105613791637115,5537.245786863815
7279,5604.900317258114,5613.4392908478485,11.786758010100282,5655.0
7240,6595.151482140507,6604.193868918724,11.285429522955214,6611.877455253697
