243,212.57002181090658,214.3915068119938,13.420883033105913,215.51232758983943
30,246.21308375878,248.26553709189753,10.344269153369094,250.23070540258502
91,248.03648291624057,250.1906682353336,6.741395037387073,273.35879870543613
89,433.7666759743524,436.30692013771704,9.804511846860313,438.48567400046693
84,605.1997249175141,607.2084942718127,10.384016150419836,609.2761280799328
43,784.4686574265171,786.3947252516491,10.20389006113403,788.5384859286754
247,1192.3473387406325,1194.3416434201179,11.445051273260884,1195.619223968569
259,1286.0709316181174,1287.661151933712,14.924753220810825,1288.6442416744794
79,1325.2898375720058,1327.2567832200298,9.665631378540223,1329.4663481425491
225,1472.7595099180614,1474.5902188063424,13.009376574660974,1475.778395018307
263,1474.6860545344741,1476.4660663585514,13.03584778515037,1477.6247966176466
229,1672.1243814712889,1674.4462813756927,10.146636013421427,1676.6578049037241
2225,2278.262062867651,2280.0976296371946,13.218284804170187,2281.2159643474392
2047,2585.4259878313374,2587.4228261266603,10.272467496523333,2589.669365706931
2057,3033.570471292536,3035.2129648642485,10.305601000126117,3037.405252407954
2238,3188.3427074125143,3190.191792144871,10.731453185064936,3191.9637409193483
2248,3350.599767187828,3352.3709226570777,13.6188471468327,3353.46315621395
2231,3352.7275410165785,3354.4512190072473,13.653770475234909,3355.555608136213
2255,3354.707189036394,3356.582822904566,12.539596537586952,3357.695890423918
2048,3394.453519321083,3396.364071300885,10.095259060218872,3398.345432282
2063,3574.4648314793444,3576.3891635096047,11.305566163419572,3578.4195640434536
4234,3815.998598219306,3817.4781932702426,16.15341928029577,3818.873678453426
4090,3845.172951600334,3847.302463974161,7.438995952602664,3875.6179876971128
4255,3981.386991254063,3983.4786010423827,11.498323880895667,3984.7604727185726
4078,4208.99011998834,4211.410319165816,10.280489635608246,4213.482712847677
4080,4386.424088074231,4388.487344345926,11.30255747772477,4390.6179395622385
4235,4788.606914686611,4790.3396511320525,13.908177254949639,4791.405484770889
4051,5282.648372377957,5284.236439194354,10.88747807266618,5285.9965591398595
4099,5375.344579178764,5377.228403306274,9.758637845412608,5379.300171328878
6056,5912.640852006124,5914.285388706485,11.032158904538765,5916.129363374296
6196,6322.077907145931,6324.252746181317,10.6666055232273,6325.60444948394
6060,6454.604486756309,6456.4892110760475,11.292158973270267,6458.583474740735
6067,6725.085838124676,6727.031086239857,10.062600206819212,6728.886089094329
6065,6817.169965789218,6819.3676282864135,10.583925986481288,6821.319838404387
6079,6996.56831671242,6998.560941057077,12.001635936091729,7000.584606705682
6252,7139.557727100703,7141.471244916339,11.975497363157174,7142.645629255852
6107,7176.085510187404,7178.2883803177165,7.960345917463734,7202.933668574143
