503,28.49544813091556,28.486152522749812,10.94770612772032,28.477179463701923
480,36.409243018956246,36.40132304742687,12.849236401866266,36.393677891679815
498,135.39517760348866,135.38695417695476,12.375083070002093,135.37901609581485
585,149.34827296725078,149.3408047770918,13.62653926994012,149.33359572631397
589,203.01159552904352,203.0021252362139,10.745769777987645,202.99279391054552
539,220.28642871087573,220.27790397417712,11.937680901459435,220.26967503806014
512,344.1386117300683,344.129613596735,11.309633088016104,344.12092769041436
631,487.54451435734256,487.53739659335673,14.297409506617424,487.53052580928374
567,609.1492079840283,609.1412456998866,12.780953890359285,609.1335596997362
497,699.2427557771229,699.2322242540238,9.662950507676724,699.2220581651625
580,884.1745534125223,884.1677942313162,15.05590446146322,884.1612695875278
488,1294.0941549092831,1294.084759229775,10.83110448700698,1294.0756895717693
625,1758.1241889788234,1758.1144378288084,10.436265088669833,1758.1050250347973
2604,2439.049862031596,2439.040933828158,11.398215462083304,2439.032315425229
2415,2563.041776241691,2563.0318241468617,10.225544292402843,2563.0222173806383
2419,3102.0529504980996,3102.0450097883468,12.815678906044441,3102.037344613974
2626,3140.1127216669993,3140.1045612813323,12.470683449070783,3140.0966840535984
4411,3790.262922952987,3790.2557167165464,14.121877254059092,3790.248760529932
4652,4217.109855093019,4217.1011111769685,11.638445049431079,4217.092670666822
4597,4276.023639274943,4276.016341782714,13.94528192541777,4276.009297506804
4656,4850.297293805264,4850.288441424894,11.495844306405045,4850.279896214042
4423,5001.406902695264,5001.398629256505,12.300276758445623,5001.390642898519
4611,5232.157299947503,5232.1471397421565,10.016095443404815,5232.1373320866605
4484,5318.599388650249,5318.59233900034,14.43555180574463,5318.585533966847
4634,5356.041346152443,5356.032035343827,10.929833344667879,5356.02304761177
6649,5972.403040499673,5972.395745039046,13.949165334188756,5972.388702724243
6481,6171.523172097975,6171.513721847344,10.768559527596608,6171.504599511782
6523,6198.15429962979,6198.146094178868,12.402193058838831,6198.138173449603
6414,6333.333811561697,6333.325630483783,12.439141582647581,6333.317733281804
6513,6671.0495516585715,6671.042167219074,13.781084742281212,6671.035039012888
6618,7006.130349907212,7006.12143239617,11.411882306413514,7006.112824314621
