1218,233.82915928676613,239.38282830000932,13.359909001648727,244.09709014166964
1302,409.68610233667704,416.02859936278395,11.609998280918653,420.86198964275326
1226,422.4907672821155,427.56629801092356,14.686970626752293,453.13590171832317
1228,428.16871395899005,434.1129616627204,12.179420346986728,457.61250555391166
1220,499.53420017521717,506.0765802726832,11.219348571403536,510.89263563604555
1378,604.227867924086,610.1401610204408,12.271315610953101,615.090071253177
1453,607.5804035309809,614.0210949133127,11.284449803798418,633.530067543837
1225,682.0374474604262,688.5270579525903,11.979744579179588,723.1183922774262
1300,687.2573761790611,693.4908090407987,12.073471662880959,725.4255079018861
1299,705.2059876798708,711.3316218508467,11.020130676055194,729.8193213948279
1297,770.1744153804092,776.5303046984867,12.015029841317958,781.6521399570128
1231,965.7665021853874,972.4458043068128,10.596262033944553,977.7841709117735
1454,975.9850123932848,982.4840700019519,11.939557019921898,993.3251546938117
1235,1143.6259937496152,1149.5169484793423,12.048278677459546,1154.4769062221947
1382,1219.3946758060165,1225.0136242500273,13.69856715117489,1229.7429426019946
1391,1423.6967411482124,1431.1656266125378,10.116175690579594,1444.0000711339128
30,1456.5563804252536,1462.383334063742,12.845204336337318,1466.0719089952795
1232,1505.0911608353097,1511.3129231278808,11.629315851410551,1516.5928026508288
1296,1669.6543601368055,1675.471108874223,13.1498550584767,1680.9985931369024
1233,1691.9881926234202,1699.4617695314885,9.65198959900265,1715.9993569994247
1301,1693.9126145241707,1701.3915326621898,10.743433714678785,1718.0812461908633
114,1728.6239020147625,1734.2069066166587,12.930471016241315,1737.8845980593728
35,1816.5779802025238,1822.421760217017,12.428124855344368,1826.2179463075092
1390,1849.6998400800567,1855.4204463373774,12.883387602813642,1893.6147247020372
1224,1863.7382076466452,1869.2154520895556,12.931204959996574,1896.195897775629
2110,2089.1240598526656,2096.1526106037195,10.954743840054899,2100.618681899462
2028,2091.0376352650437,2098.016165905418,10.369292510338253,2102.5594816637827
3384,2316.94944044066,2323.372050491775,12.004028210929699,2343.5119359055125
3381,2320.2492070070853,2327.248762247033,10.416074097354032,2345.989927467035
3363,2322.0846444024514,2329.1664577833217,10.562995580811492,2348.189048914801
3292,2389.9058158199578,2396.1979324149966,11.473933154334176,2401.077303492289
3217,2391.7140720977154,2398.000608546141,11.223231588221514,2433.5276334623386
3223,2403.968659881518,2410.0476155758115,11.712064854811064,2438.091826775192
3454,2855.633833380647,2860.6518579342596,14.598387974043812,2883.351652247985
3229,2869.283239748138,2875.367551899918,12.72041476058321,2885.8256557934264
3368,2945.6733731520503,2952.2732279576608,11.673077525681673,2957.583600299713
3210,3019.5282518098393,3025.5909977467336,12.750288144405937,3030.8455619443703
3297,3049.798926684296,3057.0323912354133,10.452089228319323,3063.4669840265838
2116,3077.811250986851,3084.0479193792676,11.999450242411056,3088.093204783651
3298,3306.8708726664486,3314.186438871039,10.337563640799914,3333.4229649534805
3294,3314.992328891634,3321.5210502256236,10.753267537351944,3335.898744734063
3669,3332.878126841253,3339.195355474671,12.933420671595668,3342.832938243946
3220,3486.1782078237898,3493.2776578916746,10.623834891322819,3498.457635888065
3451,3488.1827095508725,3495.194773731145,11.604127958459268,3513.143389257423
3207,3560.0089161614746,3566.17697275822,12.139647293970118,3570.958412994445
3453,3649.4550757935413,3655.3997696034653,12.873281756901678,3660.352411495587
4035,3803.661450735027,3810.3379707203576,11.378959624192529,3814.6214008880283
5228,3829.900606183222,3836.094825438409,12.081338534213595,3840.880761067207
5219,4027.5711164015097,4035.070674573473,10.231222051442359,4040.8046371267947
5378,4029.511722520284,4037.0088763810404,9.325161996027662,4053.3775031218347
5453,4119.779092231322,4126.553867038307,11.390797689501625,4143.557778521024
5225,4123.699982300445,4130.381193348345,9.841326290230064,4148.528974901624
5452,4190.052311053837,4197.138653996084,10.524335559751185,4202.65425315213
5641,4323.193952481439,4330.126837443148,12.603333110329546,4333.974219229645
4112,4337.924088143592,4344.439840643321,11.599943257593054,4348.636246715382
5294,4488.411405743693,4494.396874781591,12.609361460342523,4499.514836784963
5367,4550.055728019795,4556.078242163407,12.876032663210923,4560.7479661747275
5365,4746.489389924645,4752.486403504583,12.158751926664316,4773.271955898172
5297,5012.775811016578,5018.185168381552,13.898889190806091,5022.924032779026
5223,5104.244170310274,5110.017587589413,10.468508733350202,5140.396337302842
5386,5372.63315707762,5378.220247973472,13.841920974360301,5382.926459738941
4058,5417.773350381146,5424.319340527561,11.052651139597154,5428.3865717184835
7383,5559.031215211814,5565.080495455784,11.78067821131531,5583.594083103039
7389,5648.410787005656,5655.247983231737,11.310188854405096,5660.727934306054
7300,5724.419289404091,5730.333689414918,12.726082129754968,5763.709250210983
7217,5989.310167296887,5995.418823517575,12.455129375444375,6000.052183227826
7456,6014.342391666247,6020.314676987939,12.567491262350055,6033.446916792034
7453,6183.462799825722,6188.26271588915,15.362974422952048,6192.767378818595
7222,6190.2725292013465,6195.348992987885,14.633849291846996,6212.882077209288
7452,6274.228605813047,6280.116656981449,13.307314211943105,6303.392831529972
7385,6364.057297767113,6369.128517715303,14.943393163040481,6393.474223354062
7376,6529.659701430792,6535.492889183831,12.962357106791353,6540.505687500548
7299,6710.032951129462,6715.420619610521,14.398212585185174,6719.947351134549
7214,6712.055674688728,6720.022059963728,9.08314084795978,6753.525260801522
7229,6729.240260094298,6734.155874517517,15.299253001759439,6756.077939855948
6063,6857.237873762361,6862.551807883832,13.767202867389944,6865.983176857051
7296,6905.553090485256,6912.2635092456185,10.719959134607777,6918.115565854149
7215,6907.477492259031,6914.199486510621,10.607316283868188,6933.662362674964
7220,6909.316234133108,6916.0492682875365,10.473579980665425,6935.996433607149
7234,6981.60826518262,6988.440626783011,10.43695061686006,6993.906953827654
7301,6992.724739498497,6998.125195313407,13.194706436664463,7023.395877693905
7213,7083.558117688551,7089.1240570928385,12.628946949412796,7093.881591975994
7377,7087.553853492385,7094.188743308535,11.228425267442669,7113.35238618595
7370,7089.427729238945,7096.079771949874,11.226743072838332,7115.978704310224
7384,7091.424679990761,7098.210686252255,11.254821324182005,7118.257368993389
7295,7159.549875180579,7165.226421112001,13.686704165617156,7169.792605811929
7390,7161.546023630162,7167.004082156609,14.488645798202183,7203.153434613477
7223,7184.360812218495,7189.461494197268,14.587997943133837,7207.708477508843
7665,7292.64992636386,7298.630121253355,14.600178870037842,7301.963284911788
7457,7355.0957556541725,7361.495264336998,11.213027482441904,7366.577018523255
7657,7473.060179730976,7479.412977661816,13.005303910548127,7482.997410271926
