1431,92.91077272885936,103.180022872322,12.269634226435413,116.76694892037592
1400,95.08458152048944,106.11780845761926,10.50418895873355,138.49397190337177
1432,185.61647827669873,194.46351404999433,13.19004993659954,207.30316854162876
1186,364.1124159812778,373.5584171638146,12.479375071484068,386.77799778843934
1380,367.15744537556526,376.2188373061066,14.5832225695781,408.22116678535536
1439,632.9314331982602,642.0964233923477,14.074182162816161,654.0192036398904
1281,679.6874649720862,689.1039856229485,11.55538346328817,701.2591169566265
1397,727.2077901626599,737.5064675109551,11.315568359867825,771.0525552663277
1209,814.4151369508216,823.5336132549525,12.909535206925733,836.312951483558
1294,860.0305387543373,872.2862231925733,9.020393305297619,887.7618012197728
1396,905.0691358197691,913.0231614185424,14.960721996797494,924.162895903844
1275,1222.0439294416356,1234.0056675238038,9.427024393838158,1249.3611118805663
1332,1263.7873733528288,1273.012236185357,12.659200947296068,1286.192228623003
1240,1489.677689777573,1499.4641183749443,11.664616701138756,1511.7047088917968
1368,1624.8469813186641,1634.2326806927094,12.575475202807876,1646.9400352740358
3407,2165.233036234193,2174.456569777384,12.567850903793664,2208.5884922096166
3283,2211.3282892732514,2221.149624199012,11.506631063724518,2233.349652996362
3389,2343.052114438413,2352.1274374196682,13.942756711770915,2363.95971200066
3256,2389.483076275974,2397.6027077069807,14.755905570218816,2407.1683686637157
3375,2612.885282554334,2621.566588767424,14.752814036649495,2632.75804378766
3397,2615.6050208432557,2625.3832776879267,12.229671829878866,2658.2826857102505
3403,2796.0339892192533,2805.343363171716,12.017914089369125,2838.1370518019667
3401,2883.3293280969388,2894.4615975342017,10.330800776831035,2908.9011222351937
3241,3019.101111280726,3030.026196313448,10.758307010854875,3044.0083231545495
3205,3244.171450358776,3252.61743835335,13.901425819672037,3264.61246084632
3382,3335.275660755305,3347.0408778028427,9.56301273069319,3378.1814879718463
3263,3381.461145763381,3390.0049231128214,13.29056484193341,3400.956444204715
3399,3422.8487599205637,3433.260538334869,11.697704549919674,3446.9461860391684
3437,3425.407815617695,3435.066323491883,10.457334476864931,3468.747059535033
3379,3602.874885168518,3612.3460701974677,12.933425327163839,3624.7978011839023
5425,3695.2333597577663,3703.495289044722,13.836864537617117,3714.8737151468627
5410,3875.37464406002,3884.3339316503893,13.195046879415703,3896.704113094362
5183,3880.7002717432256,3890.4528355712305,12.182706120939203,3918.021234723064
5237,3921.0641841989873,3930.251819317159,12.520399060829432,3942.070760831912
5423,4147.064570297024,4157.240577652994,11.09598553384239,4171.789248936778
5434,4149.22688625342,4159.067858553833,10.265877392952813,4188.111058411715
5403,4322.852513381541,4332.09026912321,12.59944583054857,4343.926394074543
5191,4328.006300394199,4337.297469156102,12.646114189853078,4370.616091016492
5271,4461.228519999271,4471.237563285545,10.982339880364593,4484.212792722974
5437,4503.266788715619,4512.0176033415,14.211290973931831,4523.762477775366
5389,4595.354386901674,4604.549275533473,12.936299681529011,4616.681266844483
5250,4645.488546489744,4653.376649987275,14.682132759361997,4663.3291898989255
5260,4647.636265471389,4657.416024623273,11.604130800689608,4669.891801510071
5392,4682.672942174911,4694.4374584221705,9.444126305844739,4709.939559121254
5203,4685.158762282611,4696.414928576466,10.152654598488285,4728.359262282072
5407,4772.888875217729,4782.31244715088,12.633350273882169,4794.834457240098
5287,4819.22369794369,4828.164125228878,13.107841801830919,4839.527479243266
5185,5044.52931066322,5052.643767776432,15.460665333295674,5063.262204966397
5442,5047.287114239014,5055.44987871621,15.445650024769234,5088.469889723812
5404,5132.9725901931315,5143.050385673783,12.49836487538093,5155.802302796596
5194,5224.067362216447,5232.376648114209,13.756661579013223,5243.864413806114
5206,5226.547728147996,5235.303195866633,13.390041315853797,5268.96538261372
5444,5315.1953864183515,5325.327727935262,11.272435909013856,5338.946003832149
5258,5454.14569310477,5464.157816205371,11.69119317934251,5477.118863013076
7448,5585.418310971794,5595.323567729374,11.831549806733475,5608.8041281764645
7406,5855.120936301326,5866.504090230664,10.266047239971664,5898.500087175791
7436,6483.12577319103,6492.019473898622,14.304890124918574,6503.579337461064
7275,6621.608329586373,6631.235036424892,11.948753296631708,6643.666729567078
7413,6662.868053891452,6672.130371964558,12.93213866812877,6684.578975915324
7285,6709.8143224382,6719.3505285385,12.028334604711796,6731.302782325925
7422,6845.2218031689135,6854.385437720061,13.272991557321044,6866.881474803058
7428,7112.908743585116,7122.533160406133,12.743756434405803,7135.185520931958
