439,588.0,590.0486881049878,11.500032925922167,590.8224874826001
422,1046.0439140725205,1047.1733427129998,12.002539575621224,1047.914745668977
416,1208.0,1210.0290937211546,12.211636053861957,1210.7578018386703
409,1673.0758697552853,1674.1845612086572,11.367804427852237,1674.9673612978984
420,1735.0,1736.5141716766022,12.232318490880369,1737.2326667559566
2441,2463.0,2464.604457407423,13.183602821655814,2465.2704173212546
2434,2916.0988702215027,2917.1612937456316,11.889981675930219,2917.9097152792506
2414,3444.0,3445.5688527183866,12.621535861407729,3446.282068464686
4427,3920.0,3921.5955132772306,12.901344960544755,3922.262599337218
4426,5002.022548673735,5003.208413612857,11.382722978077767,5003.990187739992
4411,5181.066225429072,5182.068496484341,13.381413956839419,5182.733502316258
4438,5275.0,5277.137697954962,11.348023721855958,5277.921862540682
6421,5823.0,5825.044136986781,11.703110774016533,5825.804509035926
6430,6275.0021754310865,6276.079966268937,10.776882463656694,6276.905689139221
6400,6628.068664287986,6629.147199683734,12.156963007154305,6629.879184992513
6414,6694.0,6695.546023846682,13.141230375629254,6696.2178336451225
6412,6709.116415425323,6710.205891820605,11.882741819732836,6710.954769348669
6433,6890.0,6892.011969743145,12.22197509068456,6892.740061418554
6431,6981.0,6983.010359454531,12.621483120174325,6983.7154048312
6407,7258.0,7259.517348377848,13.387815599261357,7260.179748020878
