1427,171.41211650596517,178.59003237251187,12.680768814624921,183.83138567162433
1741,686.8322458178263,695.0190054826751,11.078126269156849,716.919288895181
1603,691.2835466373459,698.457651750708,12.885750914268453,719.2381444036806
1418,1069.1937439952321,1076.1435806525885,12.759632565509218,1081.1889177513308
1436,1217.692660318263,1226.1394953241884,10.632459746216284,1232.8743733549218
1450,1876.8130885329317,1883.0146509140009,14.879330320781316,1887.4127390586243
3342,2179.715129622366,2185.056614234901,16.27311910318454,2190.605835538786
3567,2311.9280434535785,2319.5522172317465,11.756001826406374,2350.0271080077546
3556,2490.42464655449,2498.044483509653,11.43204266081583,2503.5947477908944
3354,2546.347221462073,2553.3532951440257,12.973005453867891,2558.3746220052567
3348,2636.795981205146,2644.238578679846,11.796274123444816,2650.891846483967
3438,2865.202275514199,2870.6811924685826,16.51760291110526,2876.172829749572
3602,3662.1556332791138,3669.5639354741224,12.752878850889523,3675.8187564749
5558,3840.445697607704,3847.06858962114,13.717704022150981,3851.880351184339
5430,4127.85647768995,4134.419775692055,14.129789879422612,4139.059616185949
5564,4289.784290494076,4297.441315192727,12.040897880810226,4303.897596264943
5604,4293.706885617368,4301.418057268564,11.102107417032435,4326.659141498112
5353,4626.124663260941,4634.14899288008,10.61306172470987,4661.151315641225
5362,4797.653313163453,4805.105839758118,12.315191351607025,4810.41466747021
5588,5099.203538503664,5106.299881830902,12.118928437490222,5112.408683486185
7551,5553.2065618491415,5559.574807735409,14.034638971399513,5564.149022150191
7435,5898.433375481124,5906.539806293192,12.473593194601314,5912.91257652965
7558,6003.748975191026,6011.531320078762,11.96809508899657,6024.296843465979
7360,6054.273683369553,6061.153161163391,13.284062230620782,6067.186492822259
7362,6509.556735627112,6517.0619126737165,11.628067426309537,6522.910006698019
7444,7098.348258862089,7105.435483069929,12.565051512297321,7110.608980902202
7573,7261.445676480046,7268.331302296228,12.321407565357394,7274.40968803086
7550,7263.264813633916,7270.134484628031,12.431213485009065,7313.633228382307
