311,59.91038523151895,66.03545949306643,13.468105926859835,72.23186387858112
290,183.49264394403627,191.30329072183932,11.082042367632447,196.8054852128949
346,240.32561110636792,246.2054211785612,13.530664002004286,251.8651314327703
324,869.8195318437978,876.522256406263,12.207462790911213,903.7326281111473
323,1104.5409946987281,1111.3333095004584,11.706734119563608,1116.1508722280075
320,1682.0722811283613,1688.5148888313363,12.569457337940971,1694.476644231496
2343,2118.7609890857275,2125.4845065796176,12.377663971341908,2131.690825623804
2527,2280.3825048058684,2287.3352992445202,11.437920736011227,2293.5304774780907
2540,2289.1242029649043,2295.216395895244,13.382541782170147,2346.4617047028746
2314,2311.6202786161793,2318.535009314989,12.60044779420869,2349.4288607118615
2321,2479.025679853105,2485.2834806651535,13.512599092493101,2490.8299706811927
2309,3028.608676924984,3034.463534247529,13.948612657278233,3039.85105779694
2355,3121.2382662126743,3129.0234633891714,11.006691710778005,3136.2398806005176
2302,3177.940625512757,3184.2073700239366,13.252977034381445,3188.637834788982
2328,3356.6438454994177,3364.294624410645,10.377153238302773,3370.6581383519733
2287,3450.135058488825,3456.437954560213,13.039117099074769,3461.8359105723544
2189,3605.1064033791013,3613.1595109338186,10.036858073030626,3619.172659454391
4332,3753.5843924237015,3760.269935502855,11.734210854074345,3783.307573780352
4397,3971.229378017244,3979.152022509617,10.967106407481916,3984.6722113118813
4277,4207.400178451098,4214.421791080668,12.159748188378895,4233.306163031763
4359,4572.621971605172,4579.4242060881725,11.523436834307242,4593.487390936408
4531,4602.382526772915,4609.021887669346,12.162108012207744,4613.932796782807
4331,4740.98626529095,4747.2215418062615,13.443735983111498,4752.809529361663
4294,4797.407609925342,4803.6297652609655,14.036551137908873,4807.770235172183
6546,5795.949434509235,5803.080447256024,12.299972673327725,5808.869546787602
6525,6064.806772336819,6071.517928522692,12.557632917959099,6077.488162752246
6372,6212.999926081587,6219.407774754619,14.963635388165873,6223.304381074226
6541,6334.824787878723,6341.003416064017,13.682497625659353,6346.718372006453
6385,6392.915887299681,6400.553223390448,11.56744593333874,6405.756780214098
6320,6471.925503884051,6478.410417958325,12.920917613084104,6483.047207343763
6185,6669.342775545777,6677.081863058111,10.359853457763004,6682.334028065414
6336,6720.883630098257,6728.097860883708,11.269265302607694,6753.39356995877
6268,6722.726758181472,6730.009167374804,11.999568253687304,6755.814250240261
6296,6964.543435048476,6971.476818266409,12.065837896906785,6977.843628795898
6528,7405.940074515932,7414.083696618913,10.19407792020378,7420.745568239758
