602,54.472984878611165,55.19729876818292,7.018709151520594,56.14483438263565
522,133.47356741781468,134.15006690439077,6.802084387967374,135.13798646846172
465,363.19963077597544,364.1779135158056,6.765243064125094,365.17133257117445
439,455.9864240401302,457.2195197136292,6.609296654154268,458.21571328578705
585,548.4626532145254,549.1501480484416,6.666557529531741,550.1488505438936
536,1533.0971748483353,1534.1235356979098,5.909832038868637,1535.2184606872133
479,1713.218858131308,1714.1576300787326,6.351912712664495,1715.199476606348
2484,3461.5306052067413,3462.277591398545,7.52626303357754,3463.166946953368
2492,3576.44761186218,3577.1654618895423,6.525934575865418,3578.172957809208
4582,3783.0772326974557,3784.0144671504904,5.458678279093608,3785.201376284809
4421,3819.487730475504,3820.1827034278913,6.712981188238157,3821.1798833525568
4485,3936.3951733064514,3937.1253090573914,6.877076657089672,3938.105056601388
4501,4066.439296357025,4067.137046894655,7.061364222959975,4068.0908893183687
4441,4175.416633856898,4176.163901147801,6.148396710851879,4177.210565218826
4594,4480.354174117604,4481.064676061485,5.862695722603549,4482.20054844379
4613,4534.422914222928,4535.120262955804,6.668643943490558,4536.12208586507
4585,4592.455174586505,4593.170112238059,6.853353158508842,4594.150442395173
4579,5048.217477735261,5049.308351308111,7.622675966687173,5050.211345781653
4650,5403.223550744348,5404.210780714594,6.86855507266144,5405.1678007613455
6421,5675.017923385079,5676.1632085763495,7.113129988856747,5677.1147145795685
6533,5763.10498236979,5764.007051153085,5.625397543241965,5765.176877241802
