1611,250.0968959073946,251.27824503042902,11.177940546615698,253.03006658213081
486,274.08972009528344,275.47637036397924,10.52457683191144,277.21039442514706
1026,318.4790207269487,320.0105149719249,11.02406882392271,321.9595504123425
1031,330.47836044112586,331.37670770673697,14.584249995347065,333.0447095971701
1278,634.0487104091449,635.4108716507733,10.215619342704304,637.1375890760814
1017,857.9280848095187,859.4649444243707,9.467031675181392,861.2522257781818
1011,1069.3472597430075,1070.5100786543774,11.042271262104393,1072.4838550311106
85,1096.2735204591643,1097.2581904806354,12.327456283149404,1098.8831886655394
1016,1141.1976330739672,1142.3058981898873,11.250685891457008,1144.1603496929697
1595,1321.9960689623285,1323.0612753950882,11.00344883360562,1324.9030718138401
1276,1353.6313634394162,1355.000201070159,12.351226172967765,1356.6580630618762
223,1455.9687866966178,1457.027666678357,12.669209694954317,1458.6296061871626
1272,1623.602629251294,1624.5839318957826,12.988548697854537,1626.14546020198
1428,1714.0802419155586,1715.479984355128,10.1272777881035,1717.2568227429952
1001,1769.4133725789375,1770.4713293463776,11.609493212282608,1772.407991810434
1420,1913.2695942212124,1914.3509854731858,11.462409218373832,1916.107380987261
1601,1949.9722040098375,1951.1481052974739,10.65106784194341,1952.9935330046505
3041,2037.480031258169,2038.349155757451,14.139230804538354,2039.73246687658
1609,2041.2229438391578,2042.3243183205552,11.844642117081364,2044.0711222029531
3031,2056.0751978597077,2057.1339979254967,12.618668719366573,2058.9059316782577
2221,2073.6617752260963,2075.027195319778,12.26844982636228,2076.594665716124
1277,2075.964198455741,2077.1835145893547,9.560287347966261,2079.306394404257
3596,2128.5255450225227,2129.401907576745,14.225803970104794,2130.848584466931
3602,2217.6335737993995,2218.439315967712,15.966388770700544,2219.7378159702944
3603,2412.028675171893,2413.081626147173,11.928072877733298,2414.760400755129
3435,2487.422906562576,2488.2197445356633,15.51594840747765,2489.526532021151
3265,2616.1437429493444,2617.2665780551797,12.750103818987467,2618.794603897593
3279,2618.028281386166,2619.0106194389223,12.35758599963499,2620.6088577112214
3420,2658.065089556776,2659.4935515284374,9.912395547301177,2661.3333775848873
3600,2678.109540691614,2679.3276101511688,10.677961474701775,2681.2803433201425
3009,2759.2428192624325,2760.295441548054,12.304440414399512,2762.1362953301846
2245,2793.7336984888398,2795.0563434025366,11.455957680283307,2796.722357930658
2225,2826.075287623613,2827.108998772623,12.082216468860164,2828.805227970795
2087,2904.5543863378502,2905.504325439007,13.223010818336444,2907.105782699496
3595,3118.147612923394,3119.031261048488,14.249660919778668,3120.43763662831
3012,3209.345780408635,3210.388708862583,11.762452136631747,3212.180361891586
3027,3287.727344851816,3289.1441704837675,11.088916329039577,3290.8155761175312
5423,4026.4175379633107,4027.504299967078,11.570513601059737,4029.3342401405353
5001,4107.444542188517,4108.3772171361525,13.516307350799924,4110.145947232559
5606,4200.279619629294,4201.40536271659,10.930995078925509,4203.1962826316985
5429,4238.138276224231,4239.237025721106,10.771161611031745,4241.129920241932
4227,4413.017958737785,4414.271954669409,11.103951456804687,4415.915667611068
5424,4431.309688270027,4432.333055002713,12.368763389263544,4433.965384256164
5430,4516.3177242735155,4517.204612473511,13.651286641590788,4518.6610589235925
5594,4671.48336474565,4672.529966782605,11.919588466934057,4674.220823957084
5026,5009.145965496376,5010.16636102991,12.999959323591739,5011.911752142695
5856,5019.347155512113,5020.359621813723,12.288065689740204,5022.0166752263885
5277,5151.954451809319,5153.001762807415,11.843134085006918,5154.643433886087
4239,5403.822343474838,5405.217431018616,10.626964572455172,5406.923537939511
5425,5438.281015191511,5439.160612120019,14.283128137362812,5440.570416760388
5000,5553.957054040217,5555.051044660383,12.116459241181683,5556.878671085746
7014,5730.239546052231,5731.297457919212,12.050548704244319,5733.09604481246
6998,5743.450834815831,5744.347439448964,13.854996738712213,5746.044523260287
7844,5828.049519547943,5829.360144055114,9.223419135203489,5831.409970557548
7265,5942.647070176565,5943.577952149542,13.26078803814854,5945.104834961917
7608,6089.40511877481,6090.463208896033,11.975784551271294,6092.079021677706
7272,6231.325002464973,6232.279006429424,13.476087373767953,6233.820695247123
6075,6236.374838337235,6237.352068068294,13.555615236494823,6238.894340303151
7032,6278.105266413882,6279.195179947091,10.357747781894814,6281.190018966549
6241,6393.824635812827,6395.165900952542,11.384350321966151,6396.875018440074
7430,6455.2246577667165,6456.306498285421,11.953446194102538,6458.0134153585805
7271,6483.993416289291,6485.314548654163,10.59710091455019,6487.114969537153
7011,6537.323606913032,6538.3317435761355,12.101434922033343,6540.047391215055
6999,6539.036814636237,6540.042521715394,11.044071921674899,6541.967029762638
7258,6935.820479723963,6937.012105060768,11.738203500174468,6938.705902740153
6993,6990.180444782029,6991.3675257756995,10.365856880867874,6993.446536537892
7017,6997.397526306168,6998.207232864479,13.921937064949404,6999.904055416398
7024,7010.111595290227,7011.063569593196,12.570059006871693,7012.6370215163015
7587,7338.390413712118,7340.047569178241,10.055496717575389,7341.916400585848
7595,7359.492608463754,7360.485401071959,12.101798123017922,7362.063669144486
7414,7528.487331114856,7529.450110887077,13.289435731441815,7530.952971138167
