633,95.03092477828638,96.127039195446,6.467253196531769,97.14978257191923
620,152.4363510505398,153.17376256665545,6.785404140058592,154.15998078767313
604,186.344620551052,187.0278060881055,5.854081593563781,188.1695117264593
446,312.53126207225597,313.18651478707875,7.333135214012849,314.1077235946839
589,320.4335381653147,321.1494069630547,6.0979039590637,322.2261576784134
531,456.3817592912984,457.0752087171885,6.145529996595678,458.14513724100846
573,521.477890859029,522.2152312350346,6.866141874939119,523.1840483561742
557,819.7065990084038,820.3859519801713,8.234413040479781,821.189893101185
614,1109.424434696133,1110.1130326850614,7.0179376184540025,1111.0738645633492
475,1175.5012166876154,1176.1911671612377,6.968679146321573,1177.150998871734
554,1350.9935318489531,1352.2347671838124,6.864160269736776,1353.1836546709753
645,1420.359131617369,1421.0223183028818,6.269835389115574,1422.0903032748658
506,1582.5221679887604,1583.2178533505717,6.86415523330388,1584.1725726739116
2540,1911.5246535133335,1912.2058666657224,7.010020615793154,1913.151617912629
2621,2165.7175265968717,2167.0615708626533,5.5379811304321676,2168.2488251173877
2592,2274.3406360011268,2275.002984400751,5.959460971454164,2276.129011922861
2494,2387.6218663747377,2388.3059272513547,7.678730357903865,2389.1741289992488
2582,2532.4449394913054,2533.1733400426183,7.233140815196456,2534.0989049485884
2625,2754.502296564302,2755.224268268836,6.7243338106461366,2756.199960755635
2467,3311.377972595918,3312.0546675884684,6.081401752526765,3313.151644443172
2600,3343.6501842815555,3344.3339236881575,7.8102953368331445,3345.187427288086
2564,3358.6285342978103,3359.322414349497,7.5557465002751325,3360.1988458828214
4621,3740.428026745249,3741.140806502297,6.564808357825668,3742.1487410000955
4599,3765.8361479863165,3767.0527353762673,6.164343642825212,3768.140080991113
4642,4091.3449498861446,4092.023568786102,6.472922966308079,4093.068438748905
4637,4099.224748110468,4100.026762223426,6.472992805114438,4101.074098901964
4566,4218.4443431468,4219.196374944865,6.777291965058455,4220.166963213656
4461,4850.478379185997,4851.205510557118,6.840685049755999,4852.175355325153
4439,5250.507426582764,5251.21623588707,6.7570910559744455,5252.198351171272
4465,5255.659283138274,5256.355211755713,7.969589438702963,5257.17460084238
6636,5467.4155599513815,5468.117543923526,6.701502816417222,5469.1076941044785
6472,5569.531129194539,5570.218264421247,7.426341775689491,5571.111466440159
6558,5966.427304506797,5967.13680354346,6.113112898607652,5968.196069193142
6446,6618.655345936723,6619.383293493055,8.218552815294316,6620.172040970589
6562,6661.51827313534,6663.0113359811985,5.556801374291386,6664.175306682152
6451,6970.3787854126285,6971.0745607117115,5.919887921066478,6972.190669713059
