1533,116.46449683388485,119.13263155453365,11.835602080782863,124.48945845722957
1978,318.13318031581565,321.29914765523347,12.03060599951858,363.2171661601683
1371,465.258803332824,468.1051841595377,11.273684584262966,473.8337089293503
1963,686.0254530138973,688.5058822154894,12.902638417334844,725.2457573008589
1677,723.3821926392872,726.2518750883536,12.078259599563589,731.4627669836467
1701,746.4262911375434,749.006123453116,12.212462215861178,754.3501845175883
1665,1113.2615222279976,1115.5131308475554,14.721595387650053,1121.6285198178039
1527,1174.2200284508697,1177.4544718901052,11.972327043547812,1183.1930521081792
1671,1208.8969136815056,1211.529330400659,12.330988115711513,1217.900212143326
1977,1316.0369054574119,1318.4653083866356,13.6143180875228,1356.009784866556
1525,1387.5738172963088,1390.2033496098372,12.526973956914658,1396.710414404641
1645,1389.711025208927,1392.1491348452798,13.556119855268568,1443.2187647836477
1386,1403.8886297279275,1406.4838572287701,12.885013167823214,1447.9299444568685
1700,1443.9423855620764,1447.1334540514438,11.02715641849481,1453.2380158044243
1532,1480.096683633728,1482.599293908728,12.954236018399333,1489.1901322535584
1685,1562.8761364490015,1565.5770647342376,12.528324152212125,1623.325989851711
1964,1758.1286561795891,1761.2913935365445,11.22524244833317,1767.7684287588336
1971,1760.1421293535789,1763.148568324727,12.649734712292732,1804.973702719612
1680,1829.833827376786,1832.4169962738224,12.69934985437706,1837.5832599408714
1969,1848.0000546470449,1851.03805189929,12.635164414396247,1857.5394177591706
3688,1919.8471452003266,1922.3794212314199,12.761687528349057,1927.683580606694
1961,1940.1804270014131,1943.0559210781448,11.570315677346468,1983.5065103675063
1145,1942.2816529270638,1945.146269559449,12.435613954882674,1986.3345031973975
3673,2019.2777586608534,2021.4536049049782,14.762357751107237,2026.9482182600634
1972,2027.7603224692584,2031.0129009109917,11.732840781660105,2073.6021738559984
3652,2108.93778455108,2111.3461296480227,13.718806756608922,2117.3382563461814
3985,2394.886582835813,2397.5270228750096,13.125002280857606,2433.5081985256707
3141,2478.213285027839,2481.535031129674,12.557215700747609,2487.6695889057737
3669,2652.3110442276784,2655.1417501016304,10.811834128080742,2703.2490611099183
3675,2735.1099930725377,2737.4643870944938,13.651514801998324,2743.571861507283
3132,2930.5851932063724,2933.421721039756,13.966521351274332,2973.5052315797066
3694,3066.199167495932,3069.403439093204,11.113904748985647,3075.768439954434
3654,3100.769277443661,3103.4382051173075,11.52122766054663,3109.9173708092103
3705,3188.5281542764146,3191.2647749521475,12.36553543609164,3197.649609231584
3524,3277.55393605446,3280.2472038042574,11.950364845028028,3286.815326555807
3683,3336.8981942387672,3340.1264731101505,12.710354796603196,3345.271958321932
3695,3525.6885395562454,3528.4829884785886,12.101613079155904,3534.1508104134646
3680,3692.5720032461995,3695.29901741404,11.299985382598324,3701.136694572654
5672,3878.689423345956,3882.092236749791,9.679298706342612,3888.7811391206715
5683,3880.7764372185984,3884.0150063056644,10.00322623180678,3890.7405316243876
5657,3894.1834178093704,3896.5466806697173,14.38137126861849,3901.2999499705334
5662,3995.9215675912687,3998.3975065785894,13.269646849134821,4004.9673066577684
5666,4054.041594448779,4057.1040718198624,11.320528152428095,4062.5984433877006
5119,4100.583997361321,4103.479789177675,13.807348164530504,4109.362998334021
5126,4187.7968948568905,4191.1751283755275,10.615312178463785,4198.975670184357
5694,4324.199448744704,4327.433654988093,11.328788879732244,4333.221808539177
5115,4370.589980599261,4373.446146448233,13.584910439884055,4378.939896264282
5687,4445.126284275983,4448.044821538927,11.650763873026332,4454.892272370896
5642,4537.628020739858,4540.105970017428,13.071906907280665,4546.733899959782
5963,4557.777653435922,4560.15888352782,13.171307980485672,4593.871112559399
5980,4646.805491446757,4649.461633059024,12.41635539750428,4687.360854580153
5375,4697.0204889940505,4699.411451518991,14.08157058186232,4704.334076103867
5951,4998.238871683957,5001.573555339155,12.813819501551109,5043.700185708484
5129,5005.9244910263615,5008.318694795771,13.111906641805698,5048.485547758925
5971,5268.060242395544,5271.418074869569,13.191543261749539,5315.8278537512115
5141,5360.432398035533,5363.43071133283,13.001346161380626,5369.791299740749
7677,5709.611624972595,5712.113282073185,13.347370083289848,5718.042902836958
7961,5717.886156544086,5721.33548317065,10.362474349699053,5763.377850373806
7144,5898.05152787737,5901.478780833058,12.626459246374814,5907.8394074554335
7670,5945.898508171043,5949.049864819986,10.218660090861759,5955.473414321935
7141,5990.206000655322,5993.048509680237,13.769933561482887,5998.838853966376
7684,6033.524693868148,6036.562666410651,12.275076716989082,6041.800320542659
7977,6077.846945264296,6081.1285057822715,12.144639305915419,6088.00878861343
7382,6233.600661982646,6236.150423734621,12.47927620893337,6241.390714604812
7118,6268.221778931125,6271.439088769481,9.981419276885095,6303.1073675090365
7963,6438.219322754129,6441.456804208221,11.448406667011763,6448.681235738862
7959,6537.131110922602,6539.5376773742655,13.019964375696361,6573.094261275142
7691,6578.879533458829,6582.091174860325,10.973991361705675,6587.924722173512
7663,6676.435928422077,6679.366911742937,11.457724385413988,6685.235235115512
7655,6688.3316785498155,6691.195440187481,10.868302951949449,6696.952345804544
7678,7059.480054169376,7062.287926589465,11.775116786403201,7069.019768019088
7682,7203.77134475382,7207.015506048235,13.847687097627587,7211.477146108643
