546,283.65934552822074,286.39060858714896,13.313726620788122,289.1831199960604
527,406.2861002401542,409.3065464782378,12.507534259667464,413.7012874156202
451,587.3033229264236,590.4974613925021,11.848284615518166,633.6427427375754
528,1095.079753756444,1098.2037871769533,11.878735695039433,1101.3741022942727
536,1454.5422781978084,1457.4215857336678,13.564459062282042,1460.3231750934376
537,1485.237814093666,1488.073241865804,13.228478973874578,1491.928531202213
534,1543.605086222515,1546.2473298186583,14.796601705559054,1548.8441559199227
552,1724.1039752279887,1727.1933568281352,12.699048922035491,1730.267180769838
535,1813.7708278493942,1816.5098013292009,13.597524611802335,1819.2916290218789
457,1905.850632068078,1909.4485077901045,11.44482930676689,1912.823252903138
2550,2109.258523721045,2113.2229002787835,9.353595164349528,2117.9145143395385
2524,2185.469550525727,2188.085104836598,14.878765228261722,2190.6746375029434
2547,2354.1993459667146,2357.467522370532,11.483084908382592,2360.57699811284
2453,2833.63961559443,2836.5728084422412,13.534939967296289,2840.924365239729
2528,2892.7914849716462,2895.1324722640225,15.953543053203497,2897.5060586230907
2523,3256.797669595217,3260.4201370826177,10.21649486836699,3264.148364900636
2454,3651.791035334686,3655.2018919923903,11.280777379247358,3659.555935269781
2552,3703.540697503119,3706.036944617961,15.1737501681254,3708.4850380928806
4448,4008.033260956767,4011.2929686810958,11.225786441572746,4015.776571818731
4523,4189.9203397611855,4193.229558362256,11.248801230756705,4197.908463308761
4541,4257.317825449272,4260.350736006915,12.519667220928753,4263.334026303253
4546,4273.936218965847,4276.591014742599,14.533818607038747,4323.384266900567
4520,4279.961565069864,4283.3261729914275,11.42547466950414,4326.0018159233505
4538,4370.129570315473,4373.204186707194,12.193207351801288,4377.578236940902
4522,4427.281766847895,4430.549514504231,11.471506883380847,4433.9340014502
4534,4910.05126793438,4913.296940252027,11.551527307654101,4953.3414288205
6519,5716.897786120725,5720.027059656994,12.204072741889394,5724.190762210786
6531,6887.516662415051,6890.4856300150805,13.186580259506888,6894.953139700934
6539,7124.280922196481,7127.168247083395,13.524974093346936,7129.965909864886
6447,7150.208687642869,7152.63839140585,15.663982227617296,7156.804938848262
