831,141.8746368107427,148.5779732460112,13.906072422362133,156.49284491627165
1120,178.23835209213274,184.48313694734122,13.633397018180924,190.9824037869752
1122,210.8525991417898,217.3853960940959,14.432225494771991,224.85735218505175
1123,575.6138350855914,582.0979326514984,12.88689932559352,590.3322165867738
1170,583.3811572150818,590.196188732587,13.04077127387053,636.1340256762512
1098,783.1880243842062,789.4408673062088,14.41180986053177,815.6793770304212
1102,832.2521251284248,840.2524197016232,11.236165300841332,848.287238509225
1142,1198.7833686683143,1206.5076765684719,11.111314260515188,1214.8454848869367
845,1384.2452505114966,1391.2465400947056,12.554565314624591,1398.8767432236912
856,1502.0120700925,1508.3160708745754,13.563064401957279,1516.112893789211
1096,1522.044004403321,1529.2246662162052,12.771735695019316,1536.294742011301
870,1582.154555442419,1591.1446337731024,10.077838472730638,1600.8420948921691
1151,1613.0466111172789,1620.5468149271994,11.281725662755488,1628.193438831561
829,1841.0,1849.333790783295,12.01790659310228,1894.350812512164
3167,1939.2555566882347,1947.3701113967434,11.33587186141592,1956.017029264115
2903,1956.6289457473756,1962.4021768128023,15.369353674363394,1985.2280565368324
3131,1968.561905540596,1976.1233735799287,11.78144213368799,1990.761535782556
2835,1985.1386085328309,1992.2433875579868,12.41457346760341,1999.3464911951369
2850,2031.8805818859241,2039.0405000998028,11.616981513092712,2075.6643534830628
2879,2095.3097194324796,2102.1559394225073,12.814329606796743,2108.9425741539676
3143,2168.223090383448,2175.0370638080585,13.032800888062134,2181.8605308925435
2889,2239.6019452975825,2245.3178834067967,15.449515068236648,2255.032213944141
3121,2438.0080686409533,2444.3329778285656,14.292643560764876,2450.691090687836
2869,2507.468205538633,2514.0992835452807,13.461569286447805,2520.80971221254
3148,2511.198909880104,2517.2941236987094,14.070324727250727,2523.6010845974497
3105,2579.2916282411984,2585.489142545703,14.276540042513165,2613.305354384012
2853,2671.0,2678.60271667594,12.689868238503697,2703.680038587468
3179,2718.271701378014,2726.0044314626866,11.400237351790038,2733.817278702138
3133,2789.009590463217,2795.6264945361436,14.50082877380618,2801.761888673967
3098,2797.5983349586713,2804.210367916539,12.769934126291405,2810.761353361619
3152,2854.0623326584196,2861.376415949179,11.25580973906323,2869.862987705432
3134,3281.7834182455354,3288.286261548062,13.628936006668582,3296.2402467795173
2825,3365.0,3374.1621772373965,9.804173762640712,3383.5519698006774
3136,3413.7206579699055,3420.338190943888,13.314180945064695,3427.4086805962447
3119,3677.5580875916803,3684.0070730638968,13.410726222186085,3690.7281372686703
4876,3761.307298223456,3769.363900270829,10.886735526854862,3785.9379968796675
4847,3912.0,3920.135336355701,12.530595453551802,3927.862819544636
5135,3958.2681646400065,3965.376199691642,12.222114586267253,3972.490132192874
4869,4188.0,4195.372968874601,13.993513288973043,4202.874210622657
4826,4464.0,4472.205809682629,11.736061367742431,4480.8154621354
5118,4557.827139254728,4565.216903524451,11.741938968313148,4573.721657699885
5133,4578.835336916352,4586.012041096001,12.45133417266992,4595.233810798808
5173,4581.101809420569,4589.152625882421,10.710572919680555,4597.972376454558
5145,4765.403901557602,4773.4903409820445,10.837904852234333,4781.545951952533
4852,4933.961292503239,4940.400846296028,13.458540550830561,4953.684038248262
5169,4972.299348357886,4980.392825362235,10.715381702769593,4988.448476047445
5131,5268.299137302917,5275.271753917765,12.57297760288037,5313.797856013605
5183,5336.451524719168,5342.408631284502,14.296724276148908,5348.35391789811
5127,5341.9388670903645,5349.068526489572,11.94057144731523,5356.98940300938
7142,5478.21028574668,5485.480165517124,12.013466207097203,5492.665353196458
7127,5611.192917817489,5617.277754490996,13.94990071540272,5624.97235756955
6846,5938.695553293312,5945.289217432414,15.2696159310114,5951.151971961633
7136,6007.239512019414,6014.230929651803,12.99737837109729,6033.470183429987
7128,6304.230763400205,6311.207402971719,12.643661951237611,6318.361934961271
7182,6494.758648931344,6503.358084694468,10.002462295268362,6511.608587384615
7179,6697.12718941757,6704.389331544254,11.50680274351622,6712.795951807889
6893,6922.110051469314,6928.087934110353,14.34208769977472,6934.592035822399
6817,7201.057399112796,7207.5465406838275,12.997173562262468,7214.06755827693
