273,290.7049488526744,294.12482697700034,10.60317252337032,318.41595614454866
804,364.1606099839669,368.2046131646055,12.701794646682803,371.0708534550736
1901,545.8921936179272,550.2895295061811,9.516318647094373,588.6100132089999
1075,726.0563606532404,730.2733758462408,10.543146353447014,768.2280682068698
1648,815.8888813558032,820.1689326906275,10.521754042953654,858.3744300756445
1230,858.8926865606189,863.3146641235649,8.530592975973887,869.6873500018754
1666,906.3173773585054,910.3428400125812,9.469498169850281,948.7064565316042
113,1131.2254980180364,1135.534362645927,11.262528658665367,1141.8295092890369
1647,1353.9516736200092,1358.1256960793764,12.921492177040534,1360.9310910974252
1649,1355.956260125043,1360.2084187264356,10.092602625107759,1398.3994074970383
1455,1488.6572331565437,1493.369815691439,9.861116852989927,1495.6422667241657
1646,1536.1742859253325,1540.2333045668224,10.601361655457405,1578.7403414959626
809,1624.1118187272996,1628.5331218822625,11.923337311073043,1631.9927594392123
818,1714.2476219436635,1718.5148094176,13.05294110296575,1721.8413484150626
815,1895.9340365932526,1900.4741694724667,10.459631441600743,1940.2524219945328
1302,1939.0971969369584,1943.4014749257983,10.95741301678714,1945.9798537390532
1456,2028.7128976742288,2033.0316280585218,12.574372893738547,2035.0038639841207
1909,2074.037336858973,2078.0595775690495,11.934623505300872,2081.7525279699794
1662,2076.1867687394665,2080.2579478306757,9.338412880147617,2118.1643033780974
1668,2163.8461064153935,2168.0636684369756,12.956895269408387,2170.9116390821687
2524,2289.3272565814136,2311.2659080215303,10.693191591695248,2313.5919220009737
3648,2347.7227772509,2352.029353664994,6.325548667046995,2392.702233451553
3377,2388.5134622332516,2393.136112566253,10.377242278940061,2395.4502493451573
3662,2526.4365061213825,2530.2255789765327,9.373604640204983,2568.2624758231887
3082,2704.2118349194916,2708.582651503818,13.090610002561363,2711.766924165367
3388,2748.5899604524784,2753.179107733194,9.272374501066848,2755.5469803663464
3893,2795.8685289470936,2800.028009481068,9.61376278464265,2837.911104174176
3667,2888.165793027177,2892.1874886718847,6.162842644946645,2931.527181686327
3646,2973.4585527538093,2977.6118750037112,13.235477341632453,2980.9397608360455
2809,2975.7325514624895,2980.0830841910447,8.642667478252227,3018.424788846579
2813,2977.6424900472402,2982.223484689575,7.553647355535697,3021.1533428617904
3078,3063.489791803961,3067.2580821413985,13.075199389848146,3070.280429977052
3655,3425.922326971332,3430.396553132584,10.390154436717946,3468.4141895693388
3904,3516.152399227283,3520.0527927537505,9.444094434926015,3558.3289698787444
3920,3518.226879082201,3522.255207491594,7.645208045532881,3561.0084818368096
2814,3696.444209032854,3700.507464784959,11.139982684875987,3738.502915133699
4116,3935.2734513207897,3939.003806407276,12.687179435246254,3940.9294744622916
3075,4053.778573516847,4058.1228758684088,13.318362993276226,4060.8713542709725
4806,4055.844051885703,4060.4239368679337,10.793500240941844,4098.826139740383
5384,4099.0341933797845,4103.439200144719,11.597227837085573,4105.455630567772
5643,4236.107344455554,4240.239682408292,9.73996354806537,4278.662594474746
5381,4278.531925285094,4283.024425861645,9.41953936332952,4285.4277192094205
5074,4324.055009211691,4328.225635326791,12.266858121191898,4331.33552802284
5662,4326.4666448038315,4330.431989914396,10.439721463703178,4368.077025086192
5067,4417.816805837078,4422.062991042581,6.382064959781249,4462.853662291445
5224,4548.977804574059,4553.059073891464,12.505763666248022,4554.828699498778
4794,4594.123282257897,4598.329606243782,12.954624218260467,4601.717465340111
4789,4596.207896668786,4600.09615553613,9.313582182751839,4638.282302548002
5073,4683.665566093987,4688.3454489780615,9.550959524035767,4691.850312597504
5649,4863.358176758689,4867.224361825175,13.734506173394871,4869.924178989684
5055,4865.521260375645,4869.398210658054,11.665240774382635,4908.796186091727
5664,4953.482118469817,4957.635143334728,13.815841199150297,4961.072927742074
5056,5225.984336465148,5230.389029239599,10.773714871197436,5268.232454635907
5072,5495.633964066284,5499.448411914817,10.93476428509079,5538.309388310509
5455,5538.3018308089995,5542.537012457056,12.323049891756986,5544.614989521516
5669,5673.636768283517,5678.035494948549,11.389018456212384,5681.406501174611
5380,5718.649974175554,5724.200705803144,8.392486960167926,5726.847755206215
5905,5947.827436739157,5952.138671652478,5.88117462882288,5991.049729484296
7067,6033.988319688467,6038.284192756749,11.532364945216736,6041.715966855471
7909,6036.055109372524,6040.315645015485,9.204553474989613,6080.098224771875
6787,6124.061869928388,6128.153552181388,13.206979951770757,6131.189605207086
7448,6169.395168678903,6174.173289571046,11.084964880232302,6176.470382261291
7076,6303.653558282486,6308.289163707869,11.140759196782662,6311.689281399468
7911,6483.666610476537,6487.473365549946,13.851758312486307,6490.841085015934
6550,6485.885461618471,6489.529233201544,11.761100059711218,6528.4930701908
6535,6573.9153266612875,6578.174794444491,12.594613734221493,6581.548260215557
6537,6577.212145098271,6581.243893230617,10.190063977300179,6619.001581955388
6532,6663.724134585266,6668.006116133892,11.225519192715103,6671.085314571262
7648,6755.975421776744,6760.134786143483,9.970571649691815,6798.716843281728
7048,6758.012983250454,6762.068661910137,6.160965718623639,6801.249357432915
7208,6798.668981650585,6803.299355508431,9.845810577919853,6805.614697620165
6534,6843.907952312783,6849.164167436896,8.867043813941772,6852.500328704716
7902,7028.041273114336,7032.338048494232,7.930383493351003,7072.741624865095
6803,7473.777820593997,7478.311888237585,11.165382722136727,7481.673328480911
7666,7475.784041822637,7480.133142203516,9.567374453029004,7518.284874172654
7664,7477.695446203452,7482.189744315359,6.49464696598181,7520.57998740982
