58,364.097986424373,369.39039708751693,12.382630599334602,374.7413785363461
71,819.8053128451976,824.4408126650221,13.575629977857316,829.6840747668232
61,908.1095874884504,913.1561546719587,11.79436702415434,948.5349907022169
67,1893.877322789794,1898.5737970507087,16.548424819374137,1903.539543751242
2058,2165.3612003533285,2170.4952717288966,12.606120956698817,2176.277222734476
2063,2712.6707086491615,2717.3878616797165,16.669935980584164,2722.05924708856
2056,3077.9628692371507,3083.4496182364005,12.229314937894891,3112.6833998850943
2067,3170.145225282907,3175.1501760127085,12.62834960757255,3180.8651979166475
2068,3611.213235176751,3616.0884216264094,10.842044135013357,3622.1645286913795
4065,3967.98957675691,3973.035765867574,11.641321752155328,4010.7328262403103
4057,4053.73054445173,4059.33924610554,10.99957984456332,4065.547488472549
4071,4061.7771254843487,4066.0664420221938,13.795327458244847,4100.734162878949
6059,5673.948962520169,5679.0160529465165,12.963154732724332,5684.74507719495
6067,5766.039443639431,5771.372166748451,12.028912112264775,5808.130411245974
6214,5915.18144415898,5920.449977380209,12.224600537302674,5925.319920462281
6061,6315.02433779772,6320.29031015438,11.800504242061159,6325.946214682154
6054,6317.050907111708,6322.218778564026,12.4021757274728,6348.021127469484
6062,6328.307512460054,6334.026937055389,10.8114126903661,6350.527140452737
6066,6395.5033166662,6400.422838385391,12.283560145686343,6405.9051029585125
6049,6489.717547358744,6494.216699346232,13.79159774115505,6499.817319404353
6064,6683.1260798040485,6688.411914905961,11.73691705522142,6694.399080631666
6051,6940.0453474978685,6945.248719600369,11.221775347650754,6981.057777229666
