306,183.64423376112632,190.1681459819914,12.732605437358702,197.0681438514251
354,274.03562227785375,280.07949598481383,13.401978280381527,286.7697237128819
277,280.5354921641205,287.4743740114193,11.469131681193485,318.1328023203793
288,373.1635312731126,379.29542403439746,12.822003568967725,386.3825788761623
352,813.0715522777347,819.1373535630345,13.785412108009488,825.500744905811
281,1364.7018751040177,1370.3730954842329,13.403211091725868,1376.8566533996152
368,1443.6047780759855,1450.2572919306178,12.167029552947335,1456.984944567908
322,1717.061216110747,1723.6245121626803,13.683745617576056,1730.5459245857971
283,1908.7540827602168,1915.273835245909,12.046657690515806,1922.544999569104
2365,2169.67864291573,2175.5148077715503,13.837993656043256,2182.0944597003822
2344,2173.391152863048,2180.349694694563,10.711863727019693,2208.058702681717
2355,2345.532301040721,2351.3198436649277,13.471458039715225,2357.7141861150026
2351,2433.733385376719,2440.3859956512424,12.64425991204986,2447.413142846924
2335,2615.6935655542034,2622.372543583239,12.070572842048627,2629.695953910406
4390,4054.094557151678,4060.49269643211,12.835708268315852,4067.210793603185
4303,4327.1077280075915,4333.233205752621,14.797406769760252,4339.531440239888
4354,4961.382200516423,4967.276239692866,14.919452432399893,4998.6413809005835
4320,5230.120376609587,5236.3206325045585,12.94782804292489,5268.165367229943
6353,5766.553476579133,5773.4760817959295,11.082814362049973,5808.5486228414775
6362,5949.300035860638,5956.214937138395,12.568304270483663,5963.25688409176
6379,6215.681871605459,6221.491110849398,13.57659202661825,6227.983656606723
6271,6667.935569786766,6674.11950997153,12.985886009860767,6680.672196648071
6387,6941.442057651138,6948.5647029487545,11.612182871204144,6978.0115964405695
6368,7206.429609591156,7213.112165066684,12.555651261548515,7220.00428426026
6332,7208.369729476831,7216.3600520577675,10.155029782378973,7248.351961699523
