92,284.345400662584,290.37745046081875,10.946388674484785,297.993125901953
17,373.7879694620057,379.35548465443856,12.165423046069469,386.02360572992905
105,1277.1781167858974,1282.576828691253,13.216321874733914,1295.7698481802568
176,1370.1285120938346,1375.5348873839916,12.0471467254875,1382.7291720528997
173,1452.576790699072,1457.1784096774331,14.886726713240694,1463.705249135744
9,1632.9706029032925,1638.3849417351146,12.6729386430525,1645.5108258777414
270,1826.0673243777542,1832.4306717561587,10.45882287001012,1887.663425123374
1291,2006.0157689615953,2014.102246815601,6.7188098042670035,2024.4461992241033
2181,2172.4660332954377,2177.4557612512267,13.224239528849536,2184.4510138320925
2109,2442.109732238019,2446.423395522208,15.042086427855857,2452.985896556085
2103,2534.1287893035546,2540.3633495235804,10.55246763033877,2547.585321671909
2013,2536.064555652609,2542.2514505719105,11.06953722534035,2549.618434054261
2270,2537.9814081700656,2544.120835833061,10.82744643752376,2551.674557696577
3283,2715.8899151588857,2721.518601441873,12.952394375090233,2745.5516311157608
2102,3252.3675166571143,3257.3663593369183,12.736761001422597,3264.1744536341503
2101,3254.4653896267123,3259.5251516617595,12.80987275289308,3273.166991287565
2256,3257.151750608629,3262.50041708006,12.078724205467529,3275.838340576201
2099,3433.960568605181,3440.0216886989947,11.335324769996765,3447.9331745044715
2097,3623.3842402733644,3630.2123413072613,9.473542994629442,3674.911803956896
2112,3625.3723263391084,3632.1549818830836,10.46009203078544,3680.3723200644613
2025,3705.8531328193076,3711.5458410727833,11.327826818399345,3735.6466702799894
4184,4063.032771941072,4068.3142347211074,12.617140659416831,4074.2782816795343
4250,4518.079460655393,4524.058343988668,10.909358914242334,4531.969846165496
4256,4606.076317659346,4612.386813430569,9.538597678028966,4659.336323676497
4015,4609.933983157715,4616.280421530011,11.721190996097087,4664.216778957005
4106,4692.489275334654,4697.318186782352,14.432854219973011,4703.779129226752
4254,4696.717136528203,4703.206778780531,10.034286556498893,4726.238902574916
4095,4963.628781927694,4969.245082787834,11.679305856330652,4976.705863914259
4264,5146.163889160019,5153.047410127642,9.530088780112704,5161.927224520414
4094,5326.248769964295,5332.478011323954,10.61893518014851,5339.382852262954
4099,5328.310924447709,5334.333083528042,11.684941888206964,5342.816597380945
4179,5604.0821069571,5611.358015776532,9.367291270922067,5656.388094866993
7285,6133.070995329418,6138.543093379608,12.453998354314871,6145.815291516099
6099,6223.79211698126,6229.210040645754,12.656647426852269,6236.6751117198
6012,6226.384410943035,6232.195571909445,11.598051656340349,6244.725289982354
6158,6228.250434201617,6234.059732054898,12.065597429141956,6247.565027884162
6004,6406.5645834694005,6412.523296176584,11.113300148419317,6441.355485615232
6009,6495.441549934135,6502.202617958511,9.743721166217203,6509.848088357262
6254,6497.404591881484,6504.223427310503,11.17527352747099,6511.812589476389
6188,6499.3854474231575,6506.068831572991,10.818112741253584,6513.901727738558
6181,6779.704235796588,6786.126236442366,10.67583005779395,6794.744781860979
6173,6856.783785251362,6863.383554938414,10.461037927894148,6903.707689534901
6172,7392.287526801918,7397.178526962522,14.172178093532835,7403.782793331783
6091,7396.859216040651,7402.2666172624695,12.178221861920743,7436.456872109302
