1393,287.2261587102655,294.45518959392393,9.91255279873996,309.01697684155954
1415,318.19109370047426,325.55214818895115,11.275581398270756,332.4392301009258
1403,322.86397257572537,329.3155375739262,12.118026279911959,336.7816772411296
1416,363.6409326333786,370.3748457263347,11.514001061246274,377.33973436531375
1397,498.36274774197483,504.54655368043177,15.022115457644936,510.38065143906334
1417,587.7968472658791,594.0749343077437,15.688153605367052,598.8979511280453
1367,591.8453537675111,598.5482454305389,11.327883309708342,605.3429935702252
1398,858.1468486283061,864.5744586290486,13.222545667415938,870.2952390902237
1392,948.1116123900131,955.0862049411036,12.225463384107986,988.8815705298754
1186,1055.7924836688253,1061.3011436999066,14.631579997309426,1066.8088745611933
1199,1204.8974893838708,1211.0496085052189,12.347698059518532,1217.1862126422704
1433,1272.368250038683,1279.3870779330066,10.930454047127311,1286.433669018661
1412,1667.869886496049,1674.6048550154737,14.059016335484927,1680.1299702244198
1429,1713.461188267165,1719.56667670917,13.558188686452194,1725.8628259220607
1425,1760.088819223121,1766.3480854918462,12.66363181096593,1805.2637070517806
1421,1762.1108946869822,1768.3820165765426,12.627493653304112,1807.5601846332584
1396,1764.4206610787576,1772.2422844181888,9.734235449563263,1809.6051675358303
1207,1777.6070694624204,1784.2086005598546,11.437426257326882,1811.800160736616
1399,1938.3030778096818,1946.1034409693734,10.014775533391488,1953.286462018328
3403,2030.30191300123,2036.5708767339786,13.820391647069714,2077.403077446285
3427,2032.3272438567894,2038.4132107244518,12.963147451116647,2080.136204069712
3436,2072.2012738728786,2078.3604095918195,12.986308577772956,2084.381125696383
3198,2163.8879107596294,2170.4169350993566,12.03542290681379,2177.575679048343
3416,2165.8166518069524,2172.2683800833543,11.752560665230165,2213.331273224856
3413,2208.248578727752,2215.0289216956744,11.3971036294105,2221.5824696560103
3440,2276.02949359228,2281.574581324104,13.792373730873576,2287.0655362888765
3442,2363.7534586782094,2369.3915580082407,13.877300231595246,2375.603490853437
3450,2433.9166168083702,2440.514448923548,12.116204434302617,2447.4978040984115
3392,2445.280878472225,2451.528754405878,14.063528883116465,2487.694382073255
3407,2478.1369932951043,2484.2830423109067,15.061002946236167,2490.2201946126456
3393,2533.741916288606,2540.184537156769,11.786097137466603,2547.516881218461
3294,2551.114785092116,2556.505599489832,14.422032085952475,2561.824829487721
3187,2676.5716318447426,2682.1507025873816,13.213480685491273,2689.1365238397552
3280,2825.210953244768,2831.2516294832753,12.724543253240963,2837.315618475772
3411,2837.8789258234024,2845.1469021004564,10.991736501886017,2852.721896257083
3287,2917.8007750040756,2923.359299841178,14.182572466648883,2929.7998544949755
3424,2927.8654310504758,2934.173241745901,13.23686410714618,2961.108469235588
3192,2944.1328334038203,2949.3220248445723,14.456162117699604,2966.2771799201196
3203,2976.9682608099138,2983.316220529407,12.851130460469518,2990.1580239153623
3188,3010.039294581456,3017.3599216196085,10.385958622295878,3035.612074908161
3410,3154.018600790309,3160.1636657765084,14.173892372376212,3166.0516261816806
3402,3198.0509149252894,3205.4417540667932,10.464980332287952,3213.5570065742722
3420,3200.1361605636694,3207.36842219152,9.830985252710077,3233.3208775194234
3419,3248.9041256403652,3255.3926766120703,13.1461682948384,3262.3507580431897
3359,3534.1063604822198,3539.1295012001897,15.897754990927703,3545.3025986444263
3444,3538.4953556134465,3544.3603549938334,13.135345083143907,3573.514849151618
3282,3632.7265118492637,3638.578331020197,12.982133736605917,3644.489410872259
5413,3696.2477771319545,3703.257986533206,10.921340396346631,3710.8583400842845
5390,3920.2957521367657,3927.4909698648053,10.418232271372323,3934.4839327444965
5415,3922.2704102613657,3929.3706563700093,11.032825823690299,3936.8600895170434
5408,3963.558679454511,3970.2075035256994,11.499289034619956,3977.4322403141528
5396,4187.833277963562,4194.4476373690095,11.870080025676021,4200.5379220785035
5188,4204.408800677477,4209.634573229805,14.085618928334332,4216.136478984488
5421,4235.870088871213,4242.395734207528,11.822608496194485,4255.616616410962
5402,4277.934328202527,4284.43608613913,13.578146094379242,4290.848524692075
5394,4458.1324070159835,4465.4076928939985,10.321422631194034,4472.30371588646
5410,4460.753172303675,4467.518470057414,11.33297486547267,4474.189267672035
5337,4570.99550703597,4578.03982358834,10.277500075797402,4585.752057364221
5391,4640.772995961662,4647.373330000156,11.787685221926385,4660.933362252225
5400,4642.793755297596,4649.099548240097,10.884889135020655,4663.555367792666
5419,4726.9877096291275,4735.362091069534,9.44025481205711,4743.566942651158
5200,4773.9252794495815,4781.135804750754,11.37490212257165,4788.915004407542
5447,4786.386491256046,4793.508706921762,10.976025423633528,4804.230830492276
5403,4954.009430379183,4960.086375831131,15.556683972255552,4966.132266771811
5330,5016.178934596376,5022.269676731526,13.034951598022444,5028.929986988285
5417,5088.135741613348,5094.398600063807,15.028237253067251,5100.555066632988
5369,5090.317785441796,5096.354013345642,13.357965928759393,5137.226786872295
5412,5092.316347545787,5098.384072832986,12.63411255973611,5142.741610929338
5206,5134.031690467264,5140.378994231925,13.258647664394223,5146.528979386246
5398,5448.027679023554,5454.5856075045,14.532808158954381,5477.12918651735
7444,5512.150458024262,5517.283722491602,15.110711783404511,5523.47148174266
5208,5525.755412188366,5532.113966724471,12.773179538983618,5544.732561285127
7408,5583.712913251701,5589.490043075085,14.389935801669923,5595.806918632124
7392,5673.739198282474,5680.1568040921875,13.445495424848145,5686.019184392807
7356,5687.386199075364,5693.581348390052,12.438859851092449,5699.641999812964
7400,5807.853223522588,5816.21279049223,10.197940563704883,5824.039075430483
7429,5945.73126299637,5951.555155045045,13.486644372879717,5957.587985243608
7415,5988.895032183712,5995.052849579526,13.227933067203438,6021.421649691209
7432,6041.053226275064,6047.501813766966,12.111110114120825,6054.8045696429
7191,6095.515933773203,6101.473802767076,13.130571385574097,6107.561063587121
7421,6130.224896057037,6136.468000394007,13.862053875345552,6157.238848466012
7409,6167.760392098653,6174.1024471628225,12.756452845018407,6179.87151570107
7407,6259.926656622589,6267.271438229448,10.67353956422868,6295.541015689837
7391,6262.175220941906,6269.302980144615,10.906294834333808,6297.716250736981
7369,6264.309663798903,6271.22790367457,10.50355263019837,6299.994842281119
7373,6440.217112982628,6446.513460067198,13.125032914332213,6453.077095866956
7401,6527.747539112575,6534.236644507496,12.48461251534284,6541.099332842031
7414,6530.213822585736,6537.12471529681,11.403686309473326,6565.2685225361365
7402,6532.256314232425,6539.013783016535,11.042017874366271,6570.338072082632
7411,6622.377068074684,6628.378784677715,12.895788123999786,6638.915058042515
7202,6846.090815428024,6853.047854391715,11.010970424847534,6860.002490107653
7436,6870.97720837345,6878.090364304461,11.04815468802593,6885.918236337769
7418,7067.922743709888,7074.394697756344,13.05474323797318,7081.554511297348
7395,7113.50120513306,7119.584616235838,14.313117056415045,7125.13665449124
7192,7325.490888394746,7332.069458665934,12.152884769629214,7338.891262249721
7190,7356.588559916128,7362.537247437242,13.039351255162643,7381.257711947428
