1004,480.8918286495299,481.5377092556165,14.273222429486868,482.2498615230857
218,873.4105179350688,874.0309926483858,13.972182133931211,874.7567600172284
1002,1020.3759802760243,1021.0453026130069,13.577087410126861,1021.7921898914059
208,1124.6157906833491,1125.4957560442274,10.030732219732743,1126.4903103990496
751,1251.2287615375321,1252.2017071649327,9.354537850464283,1253.29455509147
1007,1930.6325062735607,1931.4530276433998,11.631008397992222,1932.3387936605807
3819,2191.656297353956,2192.369252721658,13.241433584753091,2193.1360397093677
2067,2204.080836282452,2205.038114182357,9.828251998521193,2206.0717328920487
2210,2313.5738652700347,2314.2869076863913,13.096730319788591,2315.0638822908877
2757,2690.7567367234606,2691.4833356642725,13.05055601085273,2692.2653914366783
2767,3364.0,3365.4507290080273,11.859063285901147,3366.300754850306
2468,3663.72007251711,3664.4755041624194,12.358210300188444,3665.314718845225
5816,3845.6945313908627,3846.4066209236926,12.841669699076068,3847.2492108466167
4458,3948.66294453674,3949.4043214909684,12.222575005296076,3950.2348266587237
5393,4550.236078353756,4551.006327176895,11.52640755950492,4551.886094251934
5811,4564.264825600601,4565.070991011482,11.597935464272037,4565.945332302272
5801,4643.467972543761,4644.091225969737,14.456027008725778,4644.792701821865
4466,4753.870420830607,4754.530229986284,14.070619167857,4755.27174439915
5807,4800.877020528482,4801.535003215749,13.769806732449014,4802.264325212107
4067,4818.664976319716,4819.384040204845,12.909795632039765,4820.180986919069
5391,4910.736536862005,4911.483631387485,12.143422916893218,4912.3211250995255
5567,5264.3805092950915,5265.048418703022,13.921806725375852,5265.776812227252
5562,5454.49209344761,5455.375316121983,10.220149071441003,5456.359400527712
5834,5470.807406940657,5471.515212586997,13.140976251537541,5472.292934238
4073,5633.5482309525905,5634.398532839371,11.145770282109224,5635.316532030087
7406,5990.663099225378,5991.391083142202,12.386903429137256,5992.201482175942
6212,6002.837565217071,6003.521952541409,13.543574276836296,6004.28537317609
6059,6253.335591925215,6254.0688006005075,12.641635544356914,6254.870955814424
6052,6258.849173537155,6259.570786708787,12.582528035880118,6260.360122330232
6064,6367.7236656203795,6368.453193278308,12.197662499348876,6369.287750991177
6055,6438.574933207322,6439.33682284218,12.152974267381843,6440.165163436779
7818,6452.703440421971,6453.279344390999,15.918834876380906,6453.916360475599
6764,6470.598428647213,6471.295056856045,13.376703941283086,6472.053932734129
6053,6513.548277911483,6514.266131315286,13.13008862596061,6515.0388960599985
7024,6870.407636250876,6871.034793122977,14.918767764438343,6871.714511047704
7815,6892.463108729648,6893.256525626278,11.297389835364093,6894.152558801549
7243,6984.731399977231,6985.48079808317,12.09337109076628,6986.321952380306
7256,7264.806046112659,7265.529130553208,12.912004839990786,7266.333100388024
