217,199.45201479997067,202.5493398386495,13.698766921835404,205.6522658957959
72,367.8674702910966,371.3643586690251,12.119674360042408,374.7161881613338
52,998.4041724642087,1001.6320026262691,13.770614892652727,1004.7601718490083
215,1363.3982390875437,1367.0730541013431,12.519274382043545,1370.6097156454252
2215,3428.5072715473734,3432.301479528307,11.1078789080829,3436.231238412743
2219,3547.22501923364,3551.3985273138833,10.465483798216914,3555.445451011917
4205,4148.614761085254,4152.318502666073,11.125991301242427,4156.166429325616
6053,5858.56034984899,5861.522244421402,14.267880162263852,5864.511217336222
6201,6131.218693546194,6135.173850009087,10.100707632250234,6139.276352784447
6206,6218.2300237784875,6221.475562580247,13.204167836369372,6224.7890803223445
6208,7134.661920373935,7137.633337154526,14.345417259482241,7140.593396973075
