282,231.57221050989853,235.16029991499192,12.545448178912435,237.98588700785376
109,236.65328304888666,240.61453325782963,12.994211204823491,273.0032644374676
528,276.7653307633926,280.12285607662756,15.139325443062932,281.7048691608731
550,321.5502074601572,325.3199974939307,13.18262546385619,328.30190012755054
800,457.5788647210414,461.1539355460453,13.96120103327556,462.84881221969255
1899,485.6034273102887,489.1427787718527,14.47916979620848,490.7284275212995
1918,490.584798387875,494.43533928717005,12.716858607784404,497.22755112420475
527,503.76571069731534,507.093301685013,10.528403816122102,543.1342173960575
1915,572.7070073897937,576.1677047308262,14.214262597792713,577.7690214250042
1644,667.2083428751884,671.425254940036,11.855663827272188,674.1566164275092
1898,669.556385918607,673.3888286085224,9.559604607102273,725.9438593914053
1455,862.2274049439677,866.208351856083,11.837696496779152,868.7976622246211
809,1103.6805723191758,1109.2674254451467,9.209221237674386,1111.76946814996
1891,1116.4262144366414,1120.4044653209653,11.961817236631118,1123.1683067183442
1661,1393.0106710499758,1397.4623711131694,10.596644678649259,1400.4066810839452
1914,1394.8226314823787,1399.302299238297,9.66230254879662,1443.3827915318209
1900,1447.1544530499343,1450.5097383392513,14.550575393293386,1452.0766182770703
1921,1453.3173285079556,1457.361453977144,12.760266029618451,1459.2680541101931
793,1462.364482401598,1467.2107307774136,9.633383264434512,1469.599849918018
1648,1563.7070039797259,1567.287595374508,14.166816111963769,1568.9103468683934
1903,1655.861257789995,1659.1560149903935,15.26913906785754,1660.6719409061425
1654,1657.8430361304056,1661.3059876523096,13.196669114547326,1663.9283684393106
1076,1806.9414127367606,1811.063570534815,12.173369080604832,1813.0224559489368
1656,1824.9957795155615,1829.3897994093213,11.810176798862022,1831.4397656630863
2812,2105.681738883103,2109.433392264122,13.389075874041147,2111.9851896783043
3652,2285.3821505894502,2289.1853897886094,12.936555611927414,2291.9947921112666
3900,2358.3483892725153,2362.1350207569435,13.633422805766196,2363.876223441642
3456,2394.002123059951,2397.4845247782914,14.421461868733353,2399.947689531925
3048,2630.1349676814225,2634.3271494308224,11.239982239062845,2636.3927678723708
3452,2661.8972503778496,2665.445238833544,14.524302038165523,2667.9273854942935
3066,2706.9807270622114,2711.092128839569,11.892236540193393,2713.0327920781438
3888,2823.7050521771944,2827.4759609707266,12.198147972882959,2829.3474187310467
2547,3085.19830957258,3090.2103811685342,9.289028093530804,3092.6096558755416
2787,3091.7187224737427,3095.0672739938714,14.527531437867482,3096.6676167981827
3911,3337.14716988819,3341.2644561247866,11.903483882539112,3343.298360591663
3646,3618.1877038828106,3621.33747872756,15.338464302747264,3622.851920538595
2534,3800.68518870582,3804.4412570276913,12.606280341610661,3806.285195105508
3651,3834.1567541562254,3838.1344819381075,12.654992400230789,3840.746809415254
4298,4011.831767100541,4016.485534437859,10.54287269986445,4052.8692278265794
5659,4161.69542692369,4165.315196307899,13.980169937813688,4167.04216090658
4550,4237.343251763057,4241.134110790777,12.804594834336596,4242.883333757255
5892,4265.395632193907,4269.114337268125,13.556694970721985,4271.470154141026
5904,4327.694572562017,4331.577219560464,12.733281082910954,4333.377280607356
4807,4329.45147920457,4333.314377834242,12.438374076467541,4335.188007335957
5057,4417.139337992039,4420.47019705826,14.338120107993829,4422.075547620613
5079,4599.002851145223,4603.330857307017,11.188345893493583,4605.360944472201
5642,4611.388334303953,4615.368034435819,11.735675910771334,4617.2928224198895
4814,4688.669618220267,4692.1800187544895,14.660999998101248,4693.812216954011
4524,4699.227640188069,4703.161437687497,12.351636783397632,4705.022793614956
4279,4911.379344919582,4915.355719009848,8.507417896151107,4955.182690995783
4796,4987.1333118816365,4991.051257408814,11.714750564334341,4993.690429772124
5661,5167.0326154586255,5171.08771417811,11.758454319707765,5173.959246519099
5070,5317.108569083362,5320.5542768982305,13.696762731612482,5322.186268888437
5658,5365.222786660803,5370.065712601992,10.240877065757632,5372.999934411096
5912,5587.410666579369,5591.041112438446,12.951833190435293,5592.7612016183
7049,5767.5791284901425,5771.541523030711,12.09428227264821,5773.416194070964
7064,5872.2998098638545,5877.0658803574615,10.133995897542707,5879.356249091112
7892,5874.235648367429,5879.062176858933,9.627528018239117,5881.359136837435
7651,5906.242172544156,5910.429511872246,12.4836804340057,5913.005229156266
7911,5950.389659009378,5954.283809618489,12.340164524021104,5956.085263728267
6106,6172.90851017815,6176.581267264921,13.417032119554255,6179.548906770466
7069,6217.040517921891,6221.300341035199,11.415447329262198,6223.247838351341
7918,6242.939567761259,6246.373562014458,14.700767345992158,6248.0138550145675
7668,6244.656086794554,6248.087214164861,13.508667078631163,6249.735072728908
7909,6334.490648627148,6338.163961468257,12.895434490467222,6339.907969177092
6530,6451.0413278274955,6455.070322367603,7.446477139777475,6485.710090432331
7666,6511.0031172208355,6514.167773008857,15.496576018547474,6515.659209744513
7910,6757.271975762384,6761.5109287275245,11.786153302537189,6763.50129993618
7895,6790.413839010703,6794.160464568238,12.525659947156011,6796.780091979514
6515,6884.679339207676,6888.022224482569,11.791785405545143,6890.772106567656
7650,6974.466763874987,6978.155138178805,13.011563420749036,6980.895295835967
7059,7207.207413227587,7211.204075893668,11.794564276050139,7213.1026777873685
7912,7567.279365833305,7571.076605454856,12.714651443010533,7572.844221364055
