707,52.0,56.50354054497421,10.628506583856623,62.54090152439923
875,57.0,61.289219562957484,11.055691509672412,93.49732246959474
777,59.0,63.3346616821693,10.702414876866568,96.23667919555143
887,60.0,65.00644838579282,10.9070284145714,98.4657155185027
895,63.0,67.07753340146051,11.56497106463113,100.4690900558134
724,259.0,263.3631150754667,10.768677333386723,272.8992641313316
665,396.0,399.197569958072,17.009886289489913,403.8820338942995
706,487.0,491.0796773513861,11.82776681224368,496.6046861780777
728,562.0,565.622475997612,14.22402377140976,569.5167178280773
824,685.0,689.1832962115773,11.776639559331546,694.5481728390355
659,1043.0,1047.2689352784448,11.530638260789747,1052.5760292248467
731,1202.0,1205.556731031128,14.825167622757172,1210.4648059265808
674,1293.0,1297.2252284870365,11.646858873263021,1302.8787794710133
760,1370.0,1374.2298957277094,13.813249773427914,1378.3750694481657
708,1433.0,1437.0115532842583,12.41023003010706,1443.255889059889
745,1602.0,1606.1734293728734,12.648975701626204,1623.1297396716795
693,1605.0,1609.4777109929546,11.34422561847758,1625.5901362246677
877,1701.0,1705.057445199552,11.842708574932962,1710.0970089418563
2740,2126.0,2130.1573309424316,11.413108197387471,2165.484182316519
2913,2281.0,2284.518135557653,15.25298670174398,2288.737560035443
2727,2314.0,2318.1141935260225,11.971749971364957,2348.9289821185757
2905,2845.0,2849.054502189602,12.421893866052688,2854.4617686453453
2780,3036.0,3039.537817058377,14.27813808403318,3044.4766717637476
2888,3139.0,3143.105363952259,12.075786827502633,3153.519017967901
2716,3353.0,3357.446356688335,11.236328459435494,3362.446964633447
4750,3704.0,3708.258775426999,10.894380338489043,3713.124691683303
4810,3955.0,3959.0638315991305,12.026320187245279,3963.851267600115
4713,4107.0,4111.076469010253,11.72806766763243,4116.452948748495
4717,4119.0,4123.1553584953745,12.112976755739668,4145.453843693451
4845,4274.0,4277.607473807403,14.247556331002256,4282.52835840273
4901,4309.0,4313.121187687407,11.970515410705785,4328.920442092682
4780,4495.0,4499.13977270294,12.56146181663506,4506.5724391574995
4870,4802.0,4806.234647481955,11.947438912983293,4811.754248163276
4738,4863.0,4867.211427736193,11.841801461559669,4872.436896939621
4714,5104.0,5108.284094505343,11.77348170648395,5133.18754357606
4887,5116.0,5119.4526031059495,15.739537927521015,5137.777606650264
4767,5357.0,5361.181830215481,11.403493723469747,5366.902387805216
4731,5394.0,5398.49543758414,10.987710874834942,5403.834943947854
6767,5606.0,5609.504129883607,15.402802316899617,5613.120430074552
6762,5719.0,5723.105973011565,12.619576871397696,5728.488796215722
6910,5857.0,5860.583698779802,14.928513832765681,5864.406131130666
6886,5931.0,5935.013560173178,12.992264050459482,5940.020729364055
6777,5975.0,5979.064963676924,12.040339358638727,5984.683480749998
6847,6154.0,6158.089487969139,11.960390436541461,6163.413338077307
6703,6203.0,6207.062359702666,12.18218840500152,6215.6992167316685
6807,6518.0,6522.174994869389,12.261608552119853,6527.517743284382
6843,6582.0,6585.59366255808,13.746091296487679,6589.471198475195
6755,6591.0,6595.183893552969,12.417932407261695,6599.548410589918
6856,6612.0,6616.319028854858,10.961240246813565,6621.952074881867
6895,6732.0,6736.252768337315,11.413433896990636,6741.714446412987
6690,6809.0,6813.082175574742,11.827872423002196,6818.506383625401
6727,6828.0,6832.456794647647,11.410585504826717,6851.874299121075
6899,6922.0,6925.573484879597,14.594024998711586,6930.1859896283995
6737,7058.0,7062.3797781736985,10.850312409918363,7068.20967404204
6831,7161.0,7165.375471250141,11.448044708132745,7170.863230098888
