1323,118.91773951627677,120.39609486318126,9.988308457549055,122.61817619524844
125,463.6782046733928,465.08536485778285,10.066741249540387,466.9342358104544
1115,502.8918984609127,504.3564171352531,12.568308059984064,505.5268093629907
360,532.9391103219442,534.4120070218185,10.936028574060897,536.5216498943321
1203,603.8103912347449,605.2643217874992,8.36112707660871,606.9900373549301
1093,979.3123933267782,980.5148678628727,12.527369185151949,981.6761994583243
364,1360.1502801764993,1361.5260817332644,12.051003657462932,1363.3755649100094
1190,1568.9939822947608,1570.3027400605968,10.844285973498456,1572.206036967157
312,1705.7989906261112,1707.3089849794717,11.08918637667706,1709.0747006636805
1117,1745.9902062886738,1761.0697599315354,5.446246750742067,1763.2165321313512
308,1779.970139895789,1781.101484389401,14.238311664319665,1782.1133615951273
1103,1807.8785719120897,1809.3428843109828,10.258023351760256,1811.2999021295504
2119,1985.6880779848693,1987.199285185311,6.974272041999594,2027.9695921044558
2826,2226.72177544925,2228.186940487553,10.971094130876303,2229.523857949203
2343,2682.2176282334553,2683.574582636607,11.812396711036389,2684.784290778118
3198,2740.144996274724,2741.536959651619,12.092832864772877,2743.3751097001996
2347,2880.7418122581535,2882.205756915013,6.932067431331694,2928.33459797387
2348,2886.459979884534,2931.0770710980373,5.4239127433127186,2933.2154781949057
3331,2950.9088012164248,2952.190602906979,11.532479988176037,2953.431854227096
2353,2953.8652516021016,2955.214852850067,11.231073871429583,2956.499306253225
2313,3085.139517823993,3086.525234638973,11.997063516938539,3088.4054604187013
3944,3121.930731171008,3123.166229788497,13.285482296337031,3124.2731367173815
3109,3187.157869625749,3188.3631076572,10.320716803859694,3190.598262835181
2346,3223.769470851627,3225.0971150104147,11.180086832560894,3226.393630873231
2130,3229.090848724479,3230.444434777836,10.971471665394732,3231.79237193117
3185,3361.6872367905357,3363.179331819422,10.109273898362236,3365.3016303881136
3083,3470.980370568323,3472.4427262464505,10.504016258370417,3473.7554809339695
3304,3487.1207783284135,3488.2085830890283,14.231920926539791,3489.235927915461
5328,4396.894482370112,4398.456956621488,11.042413697089366,4399.919039593602
4335,4398.952010834682,4400.436519089109,9.169172803382677,4403.4611880142
4116,4752.950185860473,4754.203061772299,12.268786166278582,4755.3688562702155
4353,4879.580700252947,4881.026824795001,8.857458104438146,4883.284788491069
5107,4912.014386297847,4913.301541739552,12.519384226934875,4914.490229663538
4120,5019.8291288860655,5021.007418068482,12.735465949439023,5022.134631751725
5102,5463.922473078445,5465.057306593388,13.373807580146284,5466.135456499864
6123,6604.06089965864,6605.479815338449,11.604006268639186,6607.486869793822
6120,6742.725364859689,6744.156806488498,9.409283319541661,6746.354759097319
6342,6820.999606688873,6822.272741035327,11.823519711782009,6823.495908996606
7101,6982.187614248716,6983.536265665649,11.579724006497122,6984.7338137774595
