124,107.558300556038,111.61067368522572,13.100723901222073,115.67821020928837
363,229.81662553608092,234.3480449461913,11.757394175262155,238.90983820645818
119,775.8781985595745,780.105539686799,11.514382742223516,784.467374313598
319,1763.939167906333,1767.4043911242154,15.01550876501527,1770.9214894544184
2125,2305.4083378427677,2309.5026446146253,12.527494787557828,2313.7670676958073
2344,2754.2906204177484,2758.5896442581134,12.51627642629321,2763.0900404750623
6126,6135.2851428832355,6139.07979259095,14.026159489324723,6142.871749457258
6302,6710.0358007595905,6714.281591047188,12.219546310914971,6718.557171547872
6329,7072.260492198496,7076.470577933951,12.071220228774047,7080.767939558642
6116,7082.2120678405245,7087.431772435885,9.655739562319754,7092.528338142238
