396,169.17130314708604,173.38391733244768,11.204293457599032,178.8448920028684
915,293.32407863252274,297.11727953753785,12.382231349646624,320.8733198731266
896,302.9052119197256,307.12686315673477,11.030048086618626,323.0275430538165
646,364.388243723496,368.0613978061583,14.336029307824827,372.6234758748729
616,369.3804640089302,373.40917914124446,12.313684657173782,408.4170987451077
603,454.3063675495682,458.1448808881672,13.467637112922842,462.79043777202264
645,475.8663954614106,479.57276823543765,12.57962817041082,501.17854024812175
608,481.8319554019839,485.0626105760394,12.754311856135498,503.2053317127398
343,528.8341005430955,532.2945683745775,13.046363552809881,536.9313753769061
633,552.6670574213022,557.1828765675357,10.532439866571186,591.0973121913386
642,554.7833215692741,559.1354802744621,9.867533865088472,593.2174060700693
337,589.9463007011714,593.6264052976427,13.67051345360729,597.4819080657045
882,636.7432375364117,641.0791442527538,10.897376949771768,646.6738764066818
367,710.0558731041207,714.378409860485,10.967533060840664,720.0852166395289
620,724.4280109044903,728.1879418487254,13.018616302950798,768.976701825979
615,727.114170337267,731.405120307515,10.498204922283476,771.5408899021544
873,731.0894339884989,735.1853670013242,7.956899817210566,776.1381021402498
584,823.2775187688248,827.6243865739754,13.348836738117498,858.2029262634483
644,832.74873010813,836.5519725482252,12.14568342684698,860.4664882234448
609,839.1730087532817,843.190868984444,12.83442996931561,862.9454186318935
653,908.5760243341736,912.3910463634587,13.168185712080868,948.2206355296712
871,994.3079013323472,998.0522863732566,12.837766414205953,1002.7508697481456
607,1009.0228247167698,1013.1809703319988,10.952500800823007,1042.834694393294
622,1017.7703744932272,1022.2184917735535,7.3146290216472165,1046.9456367524415
898,1174.5747458273759,1178.5250943929893,13.198932231032584,1183.0349869099239
335,1219.4832718528198,1223.1018223753047,12.794208422157876,1226.6980281863937
344,1233.3941541233607,1237.4792392963213,11.560949201169485,1241.590770771587
636,1266.5906019324507,1270.462377967871,11.331345875816156,1308.43358527023
639,1272.588995806909,1277.0475656402207,8.196146499085248,1315.5015326797597
878,1373.4166866848207,1377.537885914508,10.964675198566605,1401.4337280221625
641,1444.8738038867195,1449.1604524455977,11.616503253329713,1454.1126078942384
619,1446.6579505809223,1451.0260520080733,12.225108291515284,1488.350662404598
602,1452.8104981497672,1457.3021377023274,10.043497326304344,1495.2201947415078
623,1544.3316749396015,1548.2092291062775,13.875302981193691,1578.2966216111365
589,1563.7555421432508,1569.2945986552097,8.87288507887133,1581.0304388414825
349,1759.8189837682746,1763.4518295105274,13.389479080103289,1767.0439492785126
364,1772.486347119947,1776.2901248490218,12.281904363335888,1780.0133440332688
377,1774.2026227285132,1778.0334523262748,12.381771633445917,1781.814459063227
861,1809.6688712724656,1813.5766986191513,12.563136671377787,1850.6883575854915
600,1811.5232376062352,1815.3204929797719,12.60273734651456,1852.8271167073897
2893,2082.5986038531087,2086.411490648087,12.949818504498953,2118.1381619408467
2641,2084.4056804005213,2088.1477385619964,12.659127997380095,2120.6599155965637
2615,2086.3403861482698,2090.1795602565735,11.353793154628763,2122.9046726522693
2650,2088.2390102075387,2092.1065701376797,8.785544635803053,2125.090797807274
2639,2164.6055661822375,2168.4875549281073,12.456592857052579,2173.56214557512
2593,2169.975592326078,2174.100792198701,12.344298985786217,2208.4072501328433
2914,2261.770856067401,2266.2723415012374,10.781223812564033,2301.1050949711594
2643,2263.8639791888977,2268.2729922513913,10.42422018274974,2303.328958695237
2623,2266.000186600747,2270.216543370458,9.867556629245781,2305.3575589883735
2396,2299.7292209359875,2303.5768865914847,12.145608890649616,2307.565655203559
2626,2434.98934577206,2439.0923625307955,11.748896604719754,2444.3635579317324
2621,2526.7508685234416,2530.5941931006287,12.868484920855488,2568.209649176604
2622,2528.618988916427,2532.4152533864503,12.25728512780287,2571.056616092529
2625,2530.3288405235307,2534.202543008809,11.077352319685408,2573.0630641591615
2361,2599.21980705499,2603.3145180461242,11.433310534569905,2608.546733274692
2852,2614.66646729891,2618.454876778082,13.802240084562543,2658.5820880986566
2606,2704.938866849076,2708.620561327878,13.232788186432293,2713.9265352587117
2588,2710.4388143590677,2714.2369773757086,14.131276707979657,2748.27670752961
2880,2714.260314841145,2718.49376352142,10.979811553395441,2752.5115267337346
2891,2723.5969055900505,2727.4247670739555,11.655672479408748,2754.687777887796
2592,2796.850324488221,2800.4309770414393,13.091122570058488,2804.812145254589
2637,2889.267673595538,2893.5037902400168,11.10240774483175,2928.648007800377
2640,2891.233537206755,2895.3547875853164,11.866757290406339,2931.183777677483
2850,2893.1717717143106,2897.1378387704926,10.709386150971788,2933.3543612059093
2912,2974.5464663041844,2978.509285180787,12.563895509794701,3018.5816957624056
2620,2979.4506803841823,2983.302689963966,12.512554060556973,3021.332001745228
2652,2981.4613705206225,2985.1973604764653,12.93366142813809,3023.4313589924304
2635,2987.632125163549,2991.5590786691055,12.687797367232486,3025.4825995087795
2602,2990.33242314189,2994.026799347242,6.435600817439563,3027.4216239370758
2651,3162.5433028855605,3166.385462588099,12.546683576026513,3198.148144292171
2866,3173.111802436867,3176.4510470967452,14.079781721193116,3200.764287120574
2393,3213.4776196034495,3217.3605828911163,12.342414204303934,3221.2377761762796
2627,3244.5207615692116,3248.379099644346,12.929323104283187,3252.8624216234602
2367,3318.9537614398037,3323.187643820823,11.446039773595976,3328.4926267464393
2869,3361.9993966825773,3366.016286484865,11.177091005014999,3380.406279614064
2646,3427.8362708019063,3432.0370667705033,12.418936596706988,3437.360034141456
2347,3469.7041742706147,3473.5761839513348,11.93103164635416,3477.4917507068517
2917,3521.249500217006,3525.2455264535483,11.794920938353583,3529.9977076133728
2591,3523.248821771876,3527.1150919348156,11.899863804591067,3558.4671505164097
2607,3525.256384049467,3529.0033441835153,12.559826110471976,3560.940392765518
2633,3528.9067303941097,3533.094745732823,8.38497041116229,3565.6178387656714
2604,3604.3095025059283,3608.0866428119753,13.008708514093463,3612.8498721555957
2599,3606.5378106329263,3610.1322897155014,13.411323861523119,3648.377882204291
2596,3698.9561284039987,3702.575821017077,13.432323154848039,3707.0773001932653
4616,3874.528451927763,3878.466905323734,11.835734884803497,3883.6381704322207
4597,3886.1050713976556,3889.1115638081296,15.267268213164943,3918.0591202731275
4642,3910.6508521331502,3914.1369383195115,13.202753809440207,3920.5209578581994
4408,3952.566744967102,3957.4336967194135,9.863557809204666,3962.9474557645212
4588,3967.0759352951736,3971.4501296186363,10.7282534837605,4010.7296102137193
4624,3968.95454115742,3973.4067378120617,10.289876378289607,4013.0837061413513
4912,4054.6157721863333,4058.539181015973,12.970101525197373,4063.5303557818406
4398,4100.408112784759,4104.167800036865,12.591930778147736,4107.912927390761
4656,4147.252161175929,4151.324719559683,12.618918051427151,4190.858772100285
4593,4236.626895250719,4240.566112873709,11.681689194792924,4278.160609940872
4647,4238.516301854232,4242.424711403723,11.553363840188073,4280.609055007308
4627,4240.294845547068,4244.204031559914,11.198948783112261,4282.61773896975
4872,4259.115237218887,4263.100630804965,10.296912011790326,4285.0300325560665
4617,4328.799625319961,4333.315042595497,9.671228424881361,4338.73638710546
4607,4331.259508606896,4335.468832612737,10.919783859581191,4368.436038850763
4864,4333.275442754117,4337.470044984114,11.410216466937598,4371.13150579677
4611,4414.511704073569,4418.487909482599,12.692386746985722,4423.906926318816
4895,4424.0945027665075,4428.279561012397,11.891869276334468,4461.497323879953
4605,4504.63131796152,4508.482418607197,12.789817057240692,4513.5807707533195
4608,4510.381603960172,4514.53850284815,11.274067656345771,4552.838043417686
4909,4690.687421142901,4694.523158438246,12.894187352181016,4731.116486915062
4630,4692.595946048544,4696.368620299779,12.103363877727112,4733.468530318416
4592,4694.488182702027,4698.342560001284,9.407140527405389,4735.348671839402
4854,4799.086183167582,4802.255910333413,12.915418020895014,4823.760805785959
4906,4803.361822490356,4807.570858552865,11.674065830409708,4825.790217012237
4609,4864.4146782455555,4868.535674545785,11.86376023675129,4873.718630728755
4629,4954.660728134992,4959.2434855128395,10.579749056497391,4964.834951522467
4868,4966.348124040721,4970.005625871956,12.863399438533076,4998.470510814499
4628,4974.32315249021,4978.164969342541,12.042215288047414,5000.747887899418
4394,5118.215561889426,5122.099258231807,11.65063170919309,5126.8613002384955
4619,5147.722391905499,5152.460790633857,11.363365693736197,5181.300350538972
4639,5149.833322000419,5154.234849633151,11.065857267864546,5183.439743460265
4652,5151.796587483494,5156.112700070581,10.300829018835753,5186.157435452087
4368,5195.018811473492,5198.399634161164,13.942241339938843,5201.849496090668
4654,5226.429943113579,5230.182598132355,12.423800233996705,5235.102597553873
4610,5314.257599659195,5318.173488120824,12.803213519992173,5322.740647331441
4917,5316.432213035089,5320.012993224394,13.867394766085802,5358.2042333687095
4901,5509.032969900463,5513.075860865416,11.309965122567908,5538.165229781762
4620,5586.597789719644,5590.537686406024,12.289874487992904,5628.108933700928
6637,5674.801598868697,5678.45302628949,14.045228523480345,5682.874133241614
6883,5766.456610306105,5770.423106035178,12.304729629283058,5808.238279495731
6364,5824.227881473572,5828.55095442823,11.801533369617445,5832.6445944111265
6351,5826.13794046247,5830.404512865489,10.965787864290053,5834.492927884057
6867,5879.365353426748,5883.339776790011,11.80219491255723,5888.5550972874935
6856,5882.745192495398,5886.461024116636,13.202035740193617,5898.216391032301
6630,5944.667811187327,5948.312962673545,14.575940835781678,5952.874901765967
6907,5953.387492082236,5957.1495085905,13.537710670589432,5990.917019094892
6632,5957.489043350231,5961.084785640003,9.693022101423196,5995.204571686972
6896,6034.273176613853,6038.115093516084,11.647834450301684,6042.960301510354
6594,6124.754292420123,6130.034244357579,8.98727124024453,6135.906739717386
6876,6138.961115952516,6143.231126372973,10.998566239606959,6173.181965345861
6593,6236.204931485886,6241.125382146245,10.156878203847398,6260.707366717112
6600,6238.228023117977,6243.19778208053,9.637207866677898,6263.193606798377
6654,6304.359868562608,6308.210528267591,13.228682246922366,6312.772536158195
6644,6396.638339666909,6400.552395456942,12.66989358533808,6438.463302585253
6631,6398.444257193207,6402.255551120972,13.3537474172828,6441.0290626477345
6865,6406.248332356509,6409.587757453745,13.541152707046182,6443.169293229167
6873,6413.770372781644,6417.54964456008,12.40182783672576,6445.122903253531
6596,6429.527433114967,6433.050606651327,7.742608250516607,6446.959610151926
6598,6486.554024126983,6490.365264968888,13.971549952750111,6494.960736995002
6607,6580.819477178502,6585.5123235322935,10.262087429985693,6620.657936891622
6590,6582.725101184561,6587.439258608483,10.097712404124596,6623.253131727601
6629,6584.632989259684,6589.458848611746,9.40251481133304,6625.099787724846
6613,6666.873877783296,6671.292487206223,10.357697930704866,6708.23042263762
6591,6756.198594627225,6760.241416870962,12.254095101873391,6764.933560477272
6919,6772.914668856895,6776.109756044863,14.421196822909716,6798.141488737693
6592,6856.33006649837,6860.094892974503,13.435655800158667,6888.2894570152785
6908,6870.833006440382,6875.235911821452,7.770620046710019,6896.674187545707
6373,6918.0992918776465,6921.431143955606,14.837504883931766,6925.756647635481
6648,6939.112136258537,6943.04833413948,12.44277840613695,6978.337757309481
6653,7116.395121720629,7120.459527841114,12.104024993552839,7125.429124157102
6638,7118.96977031357,7123.233127708889,11.037349411728542,7158.234135979086
6639,7120.743281221558,7125.069648198032,11.193081566566454,7160.640811319275
6618,7128.351692961004,7132.380025019452,11.891455352310752,7162.878745320383
6610,7213.280211225027,7217.221213799738,12.070533450600271,7221.814231607513
6398,7273.778161922816,7277.170822301364,14.613701976741442,7280.5527832639345
6868,7314.310862231239,7318.48747224431,10.990870115535584,7343.72839403738
