1795,273.50375636768314,278.06299783637814,10.612613969073603,283.60498208679695
1820,367.738089047403,372.47409434618163,9.791735261105767,378.4311056263676
1839,383.51969856555456,387.4396842830661,12.895255699886322,392.1121876323185
1800,454.0464568825859,458.0783088864484,13.435763022828036,462.4165830197952
1802,545.8921487797039,550.4984419314751,10.290075721635482,555.8821198247906
1804,723.5780647779743,728.0188157010281,11.207888773945033,733.139845971469
1840,740.1596320419353,744.0142890523604,13.52811495157941,748.5879945001615
1823,1463.230913247173,1467.1028729916404,13.187016229575242,1471.8815392346464
1810,1627.638514820425,1632.1572926138288,11.027634648930047,1637.5848477049253
1815,1715.7302810918388,1720.0167685339457,11.946024962852864,1725.1529524866214
1796,1803.7436058776223,1808.1568745587176,12.275284266848129,1812.9309218272344
3807,2075.9882429289073,2080.1010420690395,12.57842947846198,2085.1025818051726
3809,2164.266274172567,2168.576095497261,13.218331937143333,2172.975622046199
3851,2166.392956274196,2171.1222330052083,10.59830970569967,2176.8232641067934
3817,2345.9218156846114,2350.3311618726366,9.930721827995578,2356.2971957828604
3856,2347.758864567171,2352.291015152245,10.527296294411038,2358.220656766432
3802,2524.284918836491,2529.4476772245134,10.389744520842543,2535.5784674654747
3848,2630.6774071893105,2634.0367927528855,14.115034890627387,2638.250245792526
3836,2649.989099953731,2654.473543197182,11.557597783665042,2660.7649389043327
3800,2883.9180953720033,2888.3791774623523,12.89947675760681,2893.3234651861435
3815,2973.9962035806734,2978.405856707063,12.594869117486137,2982.907885760171
3822,2976.0630748254243,2980.125987525312,13.736929985732184,2984.650665232064
3810,3243.42813193258,3247.624754128412,14.362000361621835,3251.7428700604937
3812,3517.8050094411187,3522.105882114806,11.453979594225899,3527.2109499667977
3813,3621.4181075845117,3625.1233134736917,13.705792749621999,3629.5205039423777
5854,4237.411984143523,4241.511235401106,12.70566888762678,4246.560950158787
5808,4323.892356137671,4328.334987293727,11.331348765800477,4333.352831874599
5821,4413.453176836891,4417.59835488316,13.09064865464455,4422.329576745475
5804,4593.803004049299,4598.31516573767,11.977829656227444,4603.612626245149
5815,4683.445397700522,4688.103390364983,11.087894860591295,4693.502797436526
5812,4865.418275365043,4870.070858531558,10.703167697879785,4875.8435396833665
5861,4867.601198264405,4872.045599776186,10.67184155198372,4877.644736709287
5834,5043.477618814189,5048.2573604951185,10.573895710370454,5053.918635885734
5855,5134.002512765181,5138.178267884913,14.34832085543074,5142.522350500886
5806,5404.015516086321,5408.36278627588,12.729239285597576,5413.350556799735
5825,5584.133513925796,5588.400258761428,13.340530901998054,5593.081211342641
7833,5673.7839505219845,5678.056027611026,13.26334776938341,5682.760495822088
7804,5676.225698817421,5680.343703079542,14.402318854457269,5684.734112994549
7815,5763.284411273898,5768.108871602344,10.66944905325913,5773.815245215805
7813,6033.7654114670795,6038.5069784605785,10.893409149346951,6044.035920630262
7847,6246.980329527094,6251.273320347934,11.653638938206655,6257.174782273489
7803,6302.891150507145,6308.041717293468,8.97338151772931,6314.4604488910245
7825,6304.978497967011,6310.07087414613,8.990904369385307,6316.484722429431
7812,6410.034433553062,6413.633669309808,13.72087760303394,6418.11761095838
7824,6483.39760045079,6487.574575072614,13.151121586609841,6492.295488087218
7822,6663.567960397829,6668.190409235118,11.68079118478575,6673.714752460967
7834,6665.510372927948,6670.069275449556,11.370248344709447,6675.597724822937
7837,6933.739040480767,6938.305353120303,11.42239902290722,6943.690931377296
7863,6936.012107986403,6940.213362348436,10.987222109199482,6945.546295270528
7831,7023.6465462616015,7028.098189858663,12.511787596354655,7033.076441807438
