237,148.5550424150222,152.35308972110664,14.939994228805036,155.54372815030433
84,243.96466412686982,247.5990762119581,13.192525428010578,251.3195882051732
263,436.44272651103176,440.1183966754075,13.106396762809137,443.6991575157098
497,580.6350114157115,584.2649868971317,14.236113508964173,587.5320891861502
239,588.991507025663,592.5117758359272,13.17783593738382,596.0634287937543
407,950.5521934926744,954.5222272685058,12.0786372932641,958.3542582726168
260,952.3698577773176,956.2846242777873,12.03548071580286,960.0941487874588
435,954.2388417154748,958.0832352617995,12.29469214807741,961.9587941838637
495,1084.2722248673713,1088.0028260610527,14.872428869394405,1091.2479253108827
252,1156.6104744815248,1160.5304021645757,13.951425933826243,1163.7819648420825
251,1312.6131878612953,1316.4225312747449,12.15426172094712,1320.2768483475531
76,1445.1661323536055,1450.1334127325365,9.719838666801321,1455.121951052182
504,1516.6918879795264,1520.3438596652718,13.453465245319963,1523.730072151845
95,1588.961473681339,1592.5963980459273,13.72052543980682,1596.1889464529183
1259,1682.8209083877725,1687.0664698279288,11.193950952528137,1691.3790665094973
493,1876.7743947251565,1880.4920755216208,14.223817955597072,1883.9996822169403
415,1878.8234802824222,1882.5503733330368,12.81024986763491,1886.1357468726046
2246,1948.8457808480796,1953.2246499146352,11.598615177932613,1957.4438023835223
2500,2035.0821666948932,2038.5708257053614,13.22615997106145,2041.9861759319192
2402,2092.9666548582286,2096.506990561828,14.708284604805415,2099.6388507336865
2240,2104.013844630078,2108.065136692041,11.441223247032163,2112.1188027245366
2414,2380.7954658227136,2384.563376728968,13.726605571543924,2388.044915020071
2499,2382.6449784363613,2386.3308145599026,13.229353826074846,2389.8434349742192
2241,2390.4482246559523,2394.0797675079607,12.780595449052633,2397.8566583195097
2083,2450.5576083128844,2454.1229148174607,12.931905876210482,2457.6192250125305
2259,2461.389555655478,2465.055743173873,13.206066444514152,2468.630619901494
2497,2740.2932532914574,2744.018640941748,12.871733790347646,2747.5990754448308
2216,2956.368137007256,2960.391474298976,11.384274836568034,2964.5302813683525
2502,2958.32497513643,2962.2651985655325,11.09110794756227,2966.347888491805
2235,3100.7664156746937,3105.5134868591267,10.4277375747479,3109.9825092664346
2085,3102.8172034363884,3107.3475087828383,11.0041675362448,3111.87151296419
2075,3124.436620261606,3128.0933056870217,13.954232315143352,3131.5187730396287
3271,3270.5833542975624,3274.2187741617972,13.975500674974592,3277.6951586211276
2238,3320.928085302338,3325.0254290748335,10.986119192524974,3329.1323583929766
2222,3388.5004156711652,3392.2635539152143,13.503742690499784,3395.770894370024
2242,3461.9160763696127,3465.5484395171834,13.023418259712704,3469.0780394171607
3270,3484.4454726570693,3488.4328787157974,12.191937771308087,3492.273744391008
4270,3831.572535913266,3835.1644927637412,16.155260041034847,3838.0588823625903
4105,3891.939183244947,3896.137673662817,11.186633346917482,3900.302508490411
4255,3904.332848114884,3908.38923297356,11.805167470939708,3912.473770570176
4505,3964.7014734203435,3968.4977978824213,14.270802049457233,3971.993005725292
4506,3966.710913784662,3970.480136163796,12.963303488236381,3974.1086771068613
4263,4108.59444451804,4112.2674278671675,15.407763228718611,4115.430073442046
4416,4180.475950152512,4184.379026679612,13.377126223715699,4187.951900519863
4101,4182.544792189146,4186.1791407247965,13.977251466272424,4189.7253735778595
4516,4327.11505354321,4331.294742254808,10.464638981909625,4335.795654664461
4268,4396.476314988299,4400.070873090767,13.566389558073636,4403.352494147091
4261,4398.281739191448,4402.263180963566,12.483509889056842,4406.1734261656
4510,4540.871390741816,4544.546316980872,13.313568082002416,4547.990793011695
4260,4623.242838526076,4627.223330262198,11.581668853352856,4631.302080981103
4190,4626.886745282385,4630.504204592753,12.356249135739228,4634.068186877082
4419,4902.649286097489,4907.174487305371,10.813842949002535,4911.686627730772
4266,4972.366316656973,4976.36988137444,11.706075780346966,4980.142750192328
4250,5272.808328290728,5277.324105323035,10.254773845147847,5281.781499147774
4076,5285.8818041987515,5289.445552542564,13.591707011754822,5293.032732431308
4234,5404.372600123653,5408.131128327814,12.52840416999837,5411.817876120797
4239,5548.461946343085,5552.381998179576,12.015386782391374,5556.2792540301925
6188,5630.492631334111,5634.394877453335,11.763224102535686,5638.34527420227
6264,5632.258544718219,5636.138246822815,11.781911270152943,5640.079384236664
6505,5768.747051784154,5772.3966295161235,13.255433855790592,5776.157454521218
6186,5908.483639539005,5912.528600205723,12.241633192463148,5916.530242632167
6084,6016.808364887034,6020.523738656748,12.842286366180288,6024.176952223308
6254,6065.847092584246,6070.172443671942,10.883220503356943,6074.440411800724
6247,6201.357914724181,6205.109887019669,13.687613975168597,6208.463757679028
6106,6270.594207140147,6274.212066778145,13.524118029844468,6277.58761694609
6092,6294.428768441515,6298.237439530127,13.958759261038802,6301.638142003694
6271,6556.569269903769,6560.528657673467,12.89376626065773,6564.29296990604
6241,6628.244308050955,6632.075922876142,12.861591809590085,6635.700301066125
6249,6918.67100393191,6922.41075585265,12.325384003879508,6926.158282045021
6267,6988.76004506547,6992.272016489718,16.110721294338912,6995.332897393521
6227,7141.493988245759,7144.625640085542,14.348681250141526,7147.780544826604
