1344,363.0478760777466,367.4371570409558,11.600569881209044,372.1468865496707
359,419.8392874808306,424.0605782758692,11.45936860617098,456.6569596432313
358,515.359827753449,518.487471423888,14.114202926971583,550.2160326363902
344,615.5666023252329,619.2124963469271,13.647656853053428,633.4702115601146
336,690.5791099193605,694.1708671208021,13.070266134650087,723.5001955099342
1480,830.3687117973674,834.4730536600802,11.829730957956379,839.2765839194113
349,1140.6290499923346,1145.1655776369682,11.645559766916927,1150.840695374571
353,1147.1755544755888,1151.0670028393306,11.95965900360036,1173.5841848201846
1307,1501.1692779485109,1504.6104761877557,13.664144836361404,1510.1499891090953
357,1787.4522014304616,1790.6133414443257,14.262267764820658,1795.8113620266868
3495,2165.3318204886677,2169.268656850761,13.1240417799018,2173.5482841970297
3490,2189.0996898986805,2193.1979968348974,11.794531916356025,2197.893745463166
3311,2208.7232722602416,2212.6731503900946,15.473357560348227,2218.0018434506983
2353,2237.3842118076745,2241.175264442747,11.648727962905944,2253.1099822434894
2332,2313.9954994927916,2318.0470521710886,11.380606379476092,2323.7987649431234
3308,2399.27814527414,2403.095772657655,12.526465395867731,2408.660158562458
2116,2410.383011923581,2413.5012260298495,15.023044445903299,2435.8480689860266
2339,2508.3804557718418,2512.365407938684,11.863629259433988,2517.944789995458
2343,2590.044580555672,2593.175199147551,14.628121472789354,2597.9718506608406
2345,2684.8771141429474,2688.1224928931492,14.423035925071515,2693.5760874947428
2346,2762.6495639908903,2766.4513442916223,12.348416806456134,2771.913835018093
3352,2975.131473875272,2979.2328068302254,11.195613845136842,2984.789909763263
2357,3134.261666398425,3138.0105695599054,12.417712488743145,3144.092005719649
2354,3407.8942792880416,3411.522228928456,13.236314455276124,3428.397675119262
2355,3484.6664961452716,3489.2571970742215,10.178918573494917,3513.3439927348995
2122,3586.1298207484347,3589.4523326685635,13.89178706814458,3594.8933952356456
3345,3605.3801770044333,3609.3275490358774,12.065697068864896,3613.798921446264
2335,3659.6037976450066,3663.3108521562904,12.858710783984947,3668.800884257411
5352,3965.093289989178,3969.0035506953136,12.390798332715725,3973.301437897553
4349,4023.2289924004276,4027.0702633443807,11.740923270023467,4032.778146615103
5468,4262.893153456467,4267.344729037483,10.409567640035855,4273.551063892149
5497,4513.732951953209,4517.390671413912,12.55996476414838,4521.674411447372
5312,4649.427234995988,4653.448574676397,11.637766745742951,4658.922435678546
5314,4671.990236372696,4675.60534702142,13.140051252944488,4683.359843385636
5366,5045.480933209497,5049.505938392219,12.845544523566787,5053.7726793014235
4341,5108.468770693407,5112.073202035833,14.077294226147945,5136.048768404947
5498,5140.094870742098,5144.04569370361,12.273819858123208,5148.6078182325855
5317,5268.649324764772,5272.550901877946,14.058535271733295,5278.114993011968
4342,5279.452719440998,5283.463034835188,11.41851415245959,5313.533151197849
5489,5313.186955380243,5317.470667408199,12.912458965604747,5322.4722024676985
4344,5549.112910509355,5552.300151205881,14.332243170230916,5557.224010591725
4125,5565.617930952959,5569.558189357923,11.953370121326008,5585.710372034996
6131,5754.832605389422,5759.304944093554,10.324352632367523,5764.772535938124
7314,5833.573322879382,5837.308078349372,13.243638484678577,5842.958817899184
6355,5835.614907480627,5839.279578636127,12.934377484163356,5853.729293256554
6129,5925.685775434045,5929.256982474079,12.485494418561624,5934.7955715517855
7473,5969.880040120166,5973.324586056775,13.074021798379436,5977.296153377472
6352,6099.757765513152,6103.35240221552,13.486407126305888,6123.612885889597
6349,6178.7555902862005,6182.248928289955,13.730810054450343,6188.190180899575
7496,6305.344638095927,6309.444692858036,12.225348914780666,6313.786530775004
6370,6456.746042167489,6460.515330726907,12.543800665276999,6483.432915754831
7357,6752.837430483328,6757.238610962185,11.373946406871529,6761.72772685095
7315,6824.937605172702,6828.182822830259,14.826296671821748,6832.91344878887
6127,6898.738850379911,6902.226206713356,14.019731196696027,6907.712201837545
6132,7363.698845574579,7367.313647214451,12.840664595208947,7372.718215960182
6369,7374.286953241795,7378.187602383841,12.37083636338596,7387.1246538781
6339,7438.754754898419,7442.275207688527,12.495031082551245,7447.89954446405
