458,298.2342921645698,304.18303580525344,9.725233504424219,307.99460026496
215,1533.948517772666,1538.4170091891567,14.08468153363425,1542.1571733172102
208,1983.490464525382,1988.414676644412,11.308403485913502,1992.6775725898879
2198,2073.588139876788,2078.1947618764625,12.89876462726538,2081.847088706846
2455,2077.51716824116,2082.259977303221,11.357706584054398,2118.387327619739
2206,3513.6671500374605,3518.3164453643217,12.667892725076754,3521.7780969318974
4467,4247.718541067953,4252.148277069021,12.481960444437446,4255.755754079078
4210,4957.931274257766,4962.293911341457,12.030116142989296,4966.350220748543
6213,6843.632026688036,6848.552489200437,11.52720802641885,6852.880626668588
6468,6845.818424028331,6850.424670767799,11.243146615230739,6888.676150232757
6462,6967.275738139164,6971.590650003174,13.04269703394126,6975.115857772086
