322,140.70742968863723,145.52652925752625,13.843732062479187,152.3268542272631
365,144.47032530018149,149.37630168609812,12.472416460201206,183.1216357352085
284,194.89568499550947,199.2056178498306,14.225146475877269,204.89474748291275
348,230.8299645904796,236.1052441957381,12.368271602821869,272.7219486813513
23,275.88620060671366,281.3270862997263,12.687433415480879,287.73458867249707
282,318.2780091261523,323.03097140391594,14.429505061540823,329.4730561183081
345,322.27327214916403,326.6503459723924,15.21611169457475,365.354523119984
538,398.93203334484144,404.4872212378888,10.264813342536284,412.78031358639527
295,593.0181948469422,598.3915703044075,12.014050598978546,633.181082220876
153,757.4411709639564,762.3919562123126,12.93142458966749,769.6727811690549
132,991.5813738927353,996.2738524015438,13.307913376506578,1002.4144646682131
144,1011.2475904347314,1015.6358394990182,14.549627292636263,1021.3713094616669
350,1135.1068602965747,1140.092950615432,11.680483919653804,1173.0041563860743
301,1218.681043695558,1224.1738522289177,11.833573812798962,1231.5453427943976
277,1488.9872526481463,1494.2975890675377,13.233386154709718,1501.3549729875594
339,1491.0112160830463,1496.0807717251496,12.375289820683545,1532.9399261408805
288,1606.5442381857717,1611.2724317338502,12.741744452952108,1625.5412287079323
2280,1942.5982251455637,1947.556015102815,11.91974717955023,1982.968792848196
2146,1982.688204328876,1988.2323805961842,11.347464511993158,1994.9739852161333
2265,2210.6000532922694,2215.3329340868486,14.692117025602952,2221.7196417287187
2277,2305.11008621103,2309.345270259222,15.801849493234327,2315.548550302921
2309,2388.604310158962,2393.5386895981064,14.646661425337882,2399.9890925527243
2013,2647.1882448998863,2651.4009036521857,14.530952956428546,2657.904606026641
2349,2663.268641311488,2668.1933562804807,12.698967535252677,2702.9899244886237
2351,2748.6711817495125,2753.477524074274,13.334049288477114,2760.1649826404014
2338,2750.67402775827,2755.202840743438,13.639716985166874,2793.3649063141397
2285,2928.4051491516907,2934.0243449840427,10.920528508902217,2941.8111559543568
2313,2931.226035969608,2936.2713531017325,13.054095028766975,2973.293346027365
1993,3065.4729833413962,3070.5442433047187,13.42162438581727,3076.5724552350994
2354,3108.769502415659,3114.111376230318,13.147927178155603,3121.305998985145
2286,3111.0101842102395,3116.130788563265,12.598209781565862,3152.9670813538337
2321,3381.1667342285727,3386.396172490164,12.001204060850586,3422.6592813659995
2337,3470.8947938719753,3476.3978072086084,11.158235398960827,3513.357188671095
4282,4279.3443383780605,4285.107248725139,11.724199200769524,4292.544461089796
4289,5003.28021678786,5008.429602582273,12.38293265612451,5015.851472700107
4009,5043.075633989543,5049.20251422975,10.822567506895668,5056.503657749306
4534,5136.806433497227,5141.570055439911,12.887925451635216,5147.7749277396415
4100,5139.898818878318,5145.097102647724,14.093588346564841,5150.781332441149
6355,5538.856415984306,5544.118852150743,13.58092918323928,5551.291712837263
6366,5540.884492414193,5546.520754020424,11.203080526122728,5583.255686603297
6010,5607.281241533328,5612.06217292613,13.036656178973995,5618.248950070606
6306,5718.450862692966,5723.593748853131,13.441663337044348,5730.63562870466
6312,5720.629898104584,5725.611915900348,13.339651577355088,5762.786419470517
6008,5796.6165400336495,5801.1162666500895,13.959108677638579,5807.818892819917
6100,5943.197864006734,5949.213311646743,11.117325384650398,5956.5878814218495
6346,6168.657585042755,6174.45101969852,10.853711467833618,6182.613215943972
6288,6192.9496920124575,6198.290059948945,11.306329488086863,6213.60417853147
6276,6281.80285377897,6286.3603999929055,13.651888638770366,6293.475387911131
6153,6302.727185576002,6308.152535820675,13.954032332381344,6313.721057085852
6336,6438.398182396838,6443.446815883068,13.043112448600581,6450.684877136198
6285,6529.004343459523,6534.016845464825,12.920350025514223,6573.29824067659
6136,6594.332130446752,6598.216700337142,15.117483202148609,6603.349840328416
6283,6790.3911314802845,6796.469455771738,9.594946101939584,6804.836841245363
6337,6890.63059068012,6896.247354104244,11.329124409794643,6904.209377980508
6317,6895.147332707684,6900.0440796879,12.78047813986883,6933.099251200109
6369,7068.870389259466,7074.260969330505,11.836299742111425,7081.8718263576175
