1723,813.8080058655482,818.2418835034856,12.413036562711174,822.9017186149381
1726,815.9073210080172,820.3056050917712,12.066329085746471,858.4452366088503
610,866.0954922372738,870.2009645352616,13.819683577071169,873.7094413832235
1114,974.2891837289399,979.2844882735207,10.88851306265647,984.7626501286761
1721,994.3734276877677,999.2209285818649,11.551442430157017,1038.1684986817515
1701,1091.7815780825272,1096.0809732194946,12.09360967429179,1101.04202086636
1122,1489.0938170031268,1493.2862759947536,13.025025293151117,1496.877952853429
1142,1781.3304974692876,1785.2762022830289,13.694067199814066,1788.765046313497
1116,1957.5445208343444,1961.388434471172,14.584615623522525,1964.6784134373002
601,2029.0802893154591,2033.4017095699387,12.624950233540579,2036.941610427087
3724,2644.347147288759,2648.3364238212234,13.811402343108346,2652.7694806336235
3733,2704.1976295264085,2709.178851696794,11.59415090329984,2714.151246872096
2342,2866.4895601788744,2871.295563504883,11.798387459450632,2876.543616335986
2867,3559.532458628535,3564.043612786545,13.67371184842659,3567.5010291179688
5709,3985.5878424180764,3989.3851112899183,14.015253257999598,3993.768749819763
4879,4211.42850286186,4215.563709303976,12.98452259109672,4219.232623547193
5721,4350.647911185797,4355.490080979082,11.168792710304293,4360.783014660615
5727,4419.214434913975,4423.240934781775,15.644038787912905,4427.981234258776
4346,4459.332200175825,4463.555103501125,15.735735016085478,4466.511279828666
4595,4548.887053166012,4553.069250924313,14.177996484691008,4556.3426558236015
5142,4569.044634678661,4573.073782799451,13.252325610536293,4576.773047670445
5118,4666.796985785766,4672.112813075735,9.826868232694745,4677.538030045068
4860,5023.3706371125945,5027.591811026946,12.533021392015824,5031.336716177683
5125,5181.471802422303,5186.108470946648,10.389952747549643,5190.410655470937
7724,5699.346387985839,5704.316504804296,10.758765199759301,5709.818419175822
7966,6353.452295922104,6357.202398453064,14.079349665815634,6360.941250573303
6594,6438.989276977916,6443.156232206076,14.838009615990321,6446.450903900208
7122,6549.053733707495,6553.173416798924,12.840481583261356,6556.837473306717
7728,6686.7000346037585,6691.138721280819,12.541293141457711,6695.865037285258
7128,6822.816402430839,6827.305755669417,12.202755235922371,6831.180058284238
7717,7024.074283907355,7028.565054471804,12.881271205393068,7033.150378990145
7737,7136.259972501882,7140.514812489611,12.896745285720293,7144.9974957322465
6592,7158.938069560779,7163.368227370837,12.296145729454718,7167.019198263085
7140,7268.250795719535,7272.1004772388305,13.500833192870582,7275.469479277265
7730,7296.132758784835,7300.567125261516,12.611898959832354,7305.550118109791
