377,343.5937238320344,347.1788280514495,12.14078211581817,366.1765398016543
371,788.4023193663768,791.4195390133249,14.66306350936633,795.9871358170531
133,860.2770206845128,864.1310483217907,12.840868198500289,868.997959835262
391,1237.4532469164762,1241.4631626064288,11.268946048509953,1246.6800967794638
2319,2150.4368693119122,2154.2657598828996,11.503287469666452,2163.397358434679
2133,2163.042464466597,2167.461739607713,10.749235076402458,2171.6287802030083
2124,2408.284690548399,2412.4297597371865,10.812151395595139,2417.762858978523
2362,2586.7211531269427,2590.4220224595074,12.234251347403912,2594.9534769982756
2315,3222.186009344527,3226.527719204722,10.624886449106986,3243.581720961547
2136,3515.2556788905144,3519.3093917568954,11.64789292792389,3523.1484998177507
4349,3850.33396114538,3854.1027162419036,12.092002906619422,3858.971983143134
4381,4297.095736449542,4301.023647919272,11.12979026524145,4305.9130561207085
4388,4477.460247275962,4480.641030983639,14.951785016797555,4485.157961296354
4318,4657.255910530861,4661.0770884376325,12.321194358780675,4665.810847518369
4153,5222.726967734962,5227.0174712940625,11.535197656926703,5231.000091967323
6393,5719.97689456114,5723.50986613047,14.411143600082182,5727.856931643629
6370,6375.490488632272,6379.24521882989,12.14102569012356,6393.231259308196
6367,6377.316977520173,6381.0167797452905,11.935904630117536,6395.531540882618
6400,6547.862611699925,6551.494127471831,13.12813081711291,6573.54396060984
6348,6641.073250575741,6644.113026183795,14.294033407735403,6648.5685107947265
6146,6727.964301015671,6731.116583311071,14.277902417206544,6735.6977106148925
6402,6912.411588865447,6916.570279496987,11.666478215684855,6921.868639017942
6157,6998.844500055884,7002.242721357372,13.37889102239195,7006.8784029560675
6139,7089.499851497812,7093.037250209972,12.765321053688922,7113.629478246708
