217,125.65298534835574,127.36637168535799,13.999526312728845,128.94387496762891
86,153.92792296529367,156.03524719855278,6.705015359023073,183.20510132711823
240,670.1431120950922,672.4279301453943,10.25132001260398,674.5373819153267
236,756.557433294035,758.5453884120026,11.59943735046208,760.6875196807397
227,829.5944813000174,831.4258910951794,12.230753012595889,832.6027250147517
238,840.3653069976014,842.00704302955,14.551747509566807,843.0161179368639
221,1279.3557768402247,1281.191809848473,12.967067961780428,1282.3313609173815
41,1683.7099782790638,1685.5218862351608,11.936998095526084,1687.4454936018135
2241,2212.408407840268,2214.311933907573,10.278104506685871,2216.45669929059
2186,2634.3926538563423,2636.528364307567,10.855493057910826,2637.952006532077
2058,2945.294638344351,2947.258781867487,9.915702796629974,2949.5737198110087
2043,3128.892011464244,3131.002809560548,9.6269877618586,3132.9677444395784
2099,3575.526115938163,3577.489384944884,11.887590574123923,3579.4229054850116
4235,4160.2779098805095,4162.164710195603,12.572603614317954,4163.33191538199
4092,4476.070982986248,4478.184531665481,9.540105767377481,4480.49189269139
4267,4529.666013917419,4531.322006964944,14.662479265622716,4532.3412129363
4072,4653.609031745255,4655.349851487142,11.009811851812115,4657.498155203375
4252,4699.1146829512445,4701.001497990755,12.33448081058199,4702.186079227721
4241,4983.257860217693,4985.345840268084,11.74032557510951,4986.642437926263
4232,5339.665980031228,5341.41435332275,13.279674924100226,5342.51564684161
6099,6453.301798534193,6455.252612952699,8.090811023785774,6485.980997113958
6063,6638.060921620484,6640.434386948477,10.020061875032514,6642.46532327083
6238,7127.684920195772,7129.248558871209,14.46512703908138,7130.253147854353
