256,230.25595057391803,231.11065891180712,11.58926411603016,232.22134960700606
95,386.41749196164693,387.08307243349617,14.83040979246826,387.95042158464355
1396,533.2106503159612,534.1519069163714,10.106746679016904,535.4010214881614
1802,565.5723390338145,566.5162736120384,10.736908737443342,567.6951613457586
261,717.1460617548736,718.0153973070458,10.934286946078702,719.187761136124
1281,747.5619347090121,748.4470465792507,11.326951847181668,749.5423366940081
246,894.6561355582674,895.4426565881336,12.682456360204927,896.4977309060554
171,1125.342820789673,1126.0827797163054,14.319464403811702,1126.981077514458
175,1395.4789958850063,1396.3178118752942,11.598043703093893,1397.4145609687316
257,1491.5239158563704,1492.2881618971478,13.015327030953568,1493.2650401659394
3524,2151.4558490148274,2152.3464676799745,11.051532337627467,2153.5187109521858
2014,2204.514177044519,2205.282876103852,12.391939691082914,2206.3215584005966
2005,2208.714257792569,2209.4677339966215,13.087692665249472,2210.456194369568
2109,2211.7500346340144,2212.5224559078174,12.82325184958396,2213.516880063703
3289,2215.5209373298203,2216.2234272483706,13.404286609630192,2217.185618357158
2259,2306.477805205679,2307.1929773714423,13.485070551546501,2308.1425936169335
3278,2368.512782005713,2369.308326892407,12.269865789789504,2370.3467309645703
2091,2472.294999993257,2473.0783397470823,11.98416342870236,2474.148978446261
3666,2491.5086193892625,2492.513359761421,10.974629469673136,2493.57035627483
2268,2555.853176596526,2556.456688060141,16.181501258046538,2557.2563967072124
2165,2559.9098007135935,2560.6107205871717,14.009700576923658,2561.54414935607
2110,2564.235128375769,2565.1402101294098,10.633995927734544,2566.3448545364613
2108,2654.320514453473,2655.1710993595443,11.23175689336726,2656.306193653815
3791,2752.6018019244016,2753.6363321182953,3.892001634706477,2754.938844159538
3288,2764.355393200071,2765.1271943616257,12.650273207949608,2766.1492510007583
2015,3110.7796527244727,3111.560643347862,12.64659260766166,3112.5446619392847
2269,3552.456435019592,3553.2652767058794,12.437007444355622,3554.3050595209625
3283,3571.4527590635303,3572.2377272438407,13.051380216550696,3573.2312539949876
3595,3737.587969867276,3738.4496358505166,12.396807142668589,3739.4910411492283
3204,3765.3971297842095,3766.009333343028,16.43710683371168,3766.7919007056903
2002,3808.5969769625817,3809.414614173953,12.781000696439216,3810.360116753582
5781,4012.4335801446828,4013.4006134955007,11.550300432473572,4014.4467924459454
5287,4044.414130332853,4045.1431674732803,13.884242794680755,4046.066814614904
4255,4191.1809083366825,4192.004115434131,11.340572375494167,4193.139966428084
5571,4330.40871903373,4331.267436615509,10.233497828961676,4332.428470572268
4249,4636.378548107359,4637.219657795111,10.867539971605625,4638.37286237828
4097,4728.294274949568,4729.224434107359,10.111274603796966,4730.440021800305
4095,4734.651385378455,4735.418681878374,13.134226669793033,4736.397525193927
4250,4820.36325765282,4821.243724535045,11.515321762509934,4822.349848360493
5903,4859.475815361622,4860.3772383911255,12.14481247403431,4861.5642373310675
4105,4907.59637258221,4908.371868613687,12.387578758563814,4909.394491051219
4003,5089.649008535429,5090.514230494374,11.324639674572834,5091.627297052913
5605,5125.401007503917,5126.1917786827835,12.444286780987566,5127.280501809592
4161,5359.446448936157,5360.207160004832,12.30780546128427,5361.256177503787
4248,5398.188761115155,5399.0343979483505,11.686341570799055,5400.140118699809
4018,5539.7443807917725,5540.4977923237175,12.90273877417694,5541.460707625473
6248,5707.876681083342,5708.609336519405,13.37319895082071,5709.557484688045
7783,5835.505420546621,5836.4022885506065,12.022111362329639,5837.574961629946
6186,5945.721903949584,5946.443494754485,13.664250956026873,5947.3852720931545
6098,6082.386454835459,6083.239071661466,12.407111995149968,6084.2499120341145
6086,6166.0,6167.413191446936,13.508501447674782,6168.362137560777
6259,6259.156025735599,6260.019649407172,11.78142377871317,6261.11598173156
6182,6292.811269432592,6293.4963622078085,14.692327524263282,6294.3982090317095
7823,6374.30423549667,6375.109628780477,11.088261401248737,6376.307494955225
7583,6439.449813214507,6440.357073232286,12.134375167570596,6441.357770665684
6243,6564.662190917341,6565.446943166903,12.605431559617294,6566.475279032927
6088,6614.591257170373,6615.4416363052505,11.4626705948359,6616.562392330504
6159,6804.461366744407,6805.174214218321,12.373010827607168,6806.186775680796
6150,7099.716259099892,7100.392629424673,14.82653674274786,7101.272259555376
6240,7160.1966112388145,7161.068227119069,12.1556134214114,7162.133789019699
