1114,3.0,11.459035281158862,10.121358324090151,16.73576242846844
934,12.0,19.50028475343357,11.635491218416595,48.00499687340012
1031,18.0,26.39420607144058,10.710828483182707,50.82618250506852
1111,53.0,59.34442475001183,13.836318321600945,62.391493890779735
962,91.0,98.19414805934407,11.746640542478822,103.16066026272868
1098,101.0,108.41442723323156,11.33352555462489,138.61435903979861
988,109.0,116.42595845546698,12.259301481416525,141.47122559407688
1048,142.0,148.6247009147857,13.432782476468487,151.95130989849486
1101,190.0,197.27854007545486,11.835862627924831,233.07228004488874
1082,245.0,252.10158251938947,11.697873688657827,255.56510051678762
1060,279.0,285.05600629589424,15.258965855563721,318.4531651109104
1056,313.0,319.4525401956099,14.642880509696663,322.52752085789837
1188,315.0,321.19999404705777,13.792999846310305,324.28850035866856
1079,363.0,370.54754510511924,11.992893019594167,375.94073932176974
1057,380.0,387.0929305062486,12.20981617465156,408.0913598098877
1030,408.0,415.1454599479304,12.436314266389902,418.6454250401748
1006,558.0,565.4238993438281,10.96877333116939,588.2277052610606
1187,569.0,575.3307946340822,13.813724626645461,590.6003753175987
939,648.0,656.1387034864365,10.07277225411736,661.1800170596287
1118,721.0,728.2565919266582,12.50076810388319,768.6520019824762
436,725.3546775032466,731.4034108703582,13.459357631976008,771.0135523319476
955,787.0,793.1979665134048,14.232892758716988,796.1729773795901
983,798.0,805.1750285908971,11.735833335542038,809.7153812534743
1131,808.0,814.4017902526107,13.622922995075935,858.4279608991734
1117,859.0,865.3132421549293,13.960845936087527,868.355727339392
1087,868.0,874.4905743199613,14.361607294621278,877.5541110891396
1104,869.0,876.0392005672135,14.247356092319816,879.1767832969847
1016,882.0,890.4308817994566,10.794363666754007,895.5125079915468
1153,913.0,919.2652013910542,14.634488333746615,948.4828136249195
1041,920.0,927.4671339532412,11.323887491265687,953.5013940080214
980,931.0,937.1502302847554,8.618464767462534,955.6466028909548
1019,944.0,959.0173863042663,8.592491846531392,963.5998089633306
931,953.0,961.2507710929799,10.462296141749473,965.3794402811845
1025,994.0,1000.3797441503428,13.617991908371005,1038.3576424309285
951,1022.0,1028.1837790051839,14.034017413797251,1040.9721828425772
940,1031.0,1039.2670574965118,10.850155825583464,1043.3554186799083
924,1050.0,1057.464770085322,11.682350781562137,1061.2105069570287
1119,1055.0,1063.2078839545177,11.045597672861073,1067.3421812196282
1110,1058.0,1065.161704497941,11.256407854190464,1069.237853114506
1051,1125.0,1132.1528374876127,12.639389325234678,1135.6554654856916
1069,1205.0,1211.6216541696851,13.305655477697735,1218.1598090491877
954,1237.0,1243.3997284048526,13.82032032114287,1246.4990761969873
410,1266.8117721536817,1273.2636166360946,12.437725802332164,1308.212840991796
1071,1344.0,1350.5476087428142,13.981313125246015,1354.8472484817194
1107,1352.0,1358.207825481926,14.134259591672173,1398.647103432708
926,1360.0,1366.5152025254765,13.90100423490736,1404.2567850789083
423,1363.9837938351443,1370.580681959087,12.305865610463691,1406.985649137329
1102,1386.0,1412.1116146695827,5.631543738949805,1417.199310180704
414,1415.3189210051928,1421.459073413678,12.646081748392792,1424.842141393204
946,1416.0,1423.1199527059782,11.948796036565794,1426.590515062461
1055,1435.0,1443.1345557345094,10.746696046886623,1447.9596443986607
1072,1448.0,1454.478570927431,14.177394428073994,1488.2415712905597
1094,1508.0,1514.2611075332686,13.9575420743666,1517.2169749290351
1035,1510.0,1517.4087959915066,12.038741678094462,1521.095916501237
443,1535.4960632438447,1542.0200481862544,13.196841095419042,1578.4474553482796
929,1582.0,1588.6056244552572,13.04487524549801,1591.8024187077833
438,1611.1194639889488,1617.4099022614923,12.141334790293495,1621.8456222059183
1125,1629.0,1636.205767764402,11.751408336221848,1668.4987785900116
1078,1638.0,1644.3165164411887,14.221032538458056,1671.041620290593
960,1674.0,1681.5250192921144,11.811650314492637,1685.3960029826276
985,1689.0,1695.5740988120988,13.28734613607171,1698.789799843664
1081,1700.0,1707.0516334617103,13.267867246109928,1758.3388526406206
1003,1725.0,1732.5139036405099,10.603865997701893,1764.859810172865
1067,1743.0,1768.0864503576997,8.58288386483791,1772.8946681472478
1129,1772.0,1778.413482255097,14.373046331259713,1781.513673128666
1145,1781.0,1789.02401885687,10.850362722455818,1793.1204042874447
1021,1790.0,1796.353420231296,13.48456982581157,1800.900458268597
2958,1803.0,1811.069883735993,10.621103306433199,1848.279611291549
3177,1814.0,1821.06718158755,12.263431733825383,1850.7685392879769
3070,1859.0,1867.5115350464132,11.177111508517978,1871.4470234979974
3045,1867.0,1873.4924013657333,14.080671240182852,1876.6683108295517
3014,1868.0,1875.241278345781,13.679318557417927,1878.5504112820156
416,1895.2742030750414,1901.3083487947947,13.848814428727996,1905.7192962432964
2942,1913.0,1920.3141466086774,12.519735477223154,1938.5434139815188
3020,1950.0,1956.4504509440826,14.180769077725396,1959.5694023886333
3085,1951.0,1958.151402868151,13.104558942068662,1961.4456469058723
2994,1973.0,1979.078167923777,14.23581587133466,1983.3748526667598
3178,1976.0,1982.4929061681541,12.98883692704634,2028.4566161930313
3037,2027.0,2033.4407391923085,14.415214778277937,2036.5721667953194
2933,2050.0,2057.3209305103255,12.242954879636516,2061.0015556921876
3034,2078.0,2085.145794165911,12.142967250935085,2119.007999915226
2936,2096.0,2102.3884831296305,9.962995097728433,2125.8251362989135
2978,2121.0,2128.083095107396,10.099905270669296,2132.072942579836
2985,2123.0,2130.4219946055814,10.408216083434361,2134.21797498095
2950,2148.0,2155.001562712871,12.9622007335056,2159.8750312068
2423,2172.542659454026,2181.018198372463,10.065685423948047,2208.348564503951
2987,2178.0,2184.3471026339353,14.482078842325276,2211.2818970915446
2671,2183.8958091868853,2189.4178552234775,12.30042249341372,2213.5451408902018
3115,2225.0,2232.0579405698295,12.235710387947812,2235.5826821779997
3159,2289.0,2295.1194395850252,14.799638403533443,2298.8507536652114
3142,2297.0,2303.2873923434972,14.5418421805906,2306.334456527959
3112,2337.0,2343.5915682896452,13.820356727872868,2347.913453682582
3114,2420.0,2428.5074440881085,10.927915394892484,2481.040168713298
3143,2474.0,2481.272147618624,9.883395743877356,2487.5600164970665
2927,2490.0,2497.018243362656,13.099742631831448,2500.3913268469464
3162,2610.0,2619.2425879677157,9.185083023437686,2658.556004326486
3015,2671.0,2679.402832940425,11.55014626782443,2683.308510629525
3102,2672.0,2681.334104968187,12.292460313610134,2685.2204721106746
3062,2678.0,2685.356558898428,11.266140160101338,2688.9313655045335
3138,2681.0,2687.3782227032566,13.62239790060876,2690.845791040539
2951,2703.0,2710.138920780094,11.963537271544405,2748.137474671133
3090,2708.0,2715.257526078346,11.091110292856573,2752.829446540912
2955,2789.0,2796.0504610053003,12.888501395315318,2841.1362105746534
3005,2795.0,2804.10380720652,8.52563446529453,2845.3652318338545
3024,2835.0,2846.1357929975616,6.249703056374262,2851.1848772235794
2962,2854.0,2861.217082751798,12.666734792550555,2864.813403069936
3122,2899.0,2907.2469094827657,10.530516993431474,2928.1831919638025
3053,2939.0,2946.5369927895813,11.061114706170315,2950.3042878501997
3149,2940.0,2948.3574539348047,10.911118092683596,2952.1409185411912
3124,3016.0,3024.1322538947843,6.78360351217815,3029.175931828645
2949,3022.0,3029.2836263529184,11.400716149009485,3032.99715475815
3040,3035.0,3043.3922887498234,9.983089848815647,3047.7282867578638
2444,3071.7938418197573,3079.3380018213106,10.82509743433962,3108.529504376803
3167,3076.0,3082.4981034766497,14.18009955709065,3111.1040106485534
3172,3114.0,3121.421751257851,11.692350445253375,3125.107498925384
2932,3128.0,3134.1271747197216,14.439047018759545,3137.0019766099854
3004,3144.0,3152.3287768378077,10.204986591904934,3157.95736700556
3170,3147.0,3154.348996317417,11.083690768095062,3198.406438032212
2945,3202.0,3210.24729452515,10.91496138443584,3214.2859883666747
2957,3207.0,3214.066140023433,12.281810415010145,3217.718715270128
2997,3244.0,3249.5461490951766,16.40356594403909,3253.809692086277
3043,3251.0,3258.1305665289487,12.770163442972153,3290.5550021135778
3163,3274.0,3282.3599103721876,9.588914482794344,3294.751030050806
3164,3375.0,3381.348260740676,13.417546766737951,3384.504907049726
2953,3376.0,3383.0124530102503,12.858010423901945,3386.2286183236906
3095,3389.0,3396.355245716983,11.447619025787398,3400.0219205144494
3127,3416.0,3424.053855999987,10.404962215575228,3468.5156646983914
2996,3430.0,3436.457158453388,13.55745315431658,3471.0565568183974
3128,3443.0,3452.2999070356504,9.643681431312961,3475.6783167059316
2412,3488.3606156528467,3493.627636940018,15.071495056777037,3496.5831144287067
3033,3491.0,3498.269943769011,12.001198089893808,3501.7754322889496
2931,3492.0,3500.132090805116,11.564724226773652,3504.8576833521574
3106,3501.0,3508.004641326365,12.702317634560718,3558.5716579094446
3107,3504.0,3512.4895149111835,10.070440802775313,3561.325367646162
3156,3560.0,3567.3201075871348,11.208814882811236,3571.0491099027795
5080,3663.0,3670.3912319796927,11.130114415917927,3674.118579817584
4949,3706.0,3713.117900908911,11.589902465268263,3741.122474704669
5060,3708.0,3715.0388863420467,10.527650250582727,3743.4274922648265
5092,3779.0,3785.6399402949214,14.025820092390573,3828.603458675659
5094,3780.0,3787.3500607570454,13.84164233526576,3833.2211965609486
4953,3790.0,3796.036329755866,8.893469627620052,3838.2205011881074
4691,3806.1268599223695,3812.1481227115573,5.886559718467395,3840.135896761408
5156,3813.0,3841.0272194160825,6.2511237168035425,3845.755857224878
5126,3828.0,3847.5151402787083,10.382563966542277,3851.575968501334
4935,3835.0,3850.065705100291,12.28276162594884,3853.5617620836283
4660,3875.8313290607653,3882.3934491583723,13.15539833498247,3918.4016636853003
5153,3891.0,3898.4976543515413,11.086621355778117,3921.0390867109772
4975,3906.0,3913.226375552093,11.78266390110271,3923.3618410604836
4990,3914.0,3920.081887416019,10.230719016842245,3925.4608723110096
4998,3921.0,3927.3056626538714,13.40140592100422,3930.3673890773985
4431,3967.3041145808356,3973.3071717379034,10.860256613655906,4010.9502796731304
4958,4038.0,4044.19766997302,14.414056292433989,4048.943270630616
5071,4040.0,4047.1136719916794,12.585815160285746,4098.065375680369
5028,4042.0,4049.3847492488685,11.99966853852213,4100.492769175269
5010,4090.0,4096.507734099132,13.200582712029567,4102.679890151391
4947,4107.0,4114.129306548298,12.40325081595782,4117.548856151273
4944,4114.0,4121.189768493637,12.321646845503544,4124.692186971691
5103,4117.0,4124.028961563918,13.277169462037698,4127.378565052175
5038,4157.0,4164.574142122465,12.16028134123356,4193.175026138693
5005,4168.0,4174.4068721634285,10.612079033318444,4195.3624444964835
5097,4222.0,4229.145762033765,12.012172835203346,4281.8794044889555
5132,4261.0,4267.242703058576,9.274104025938186,4288.823105710703
5033,4300.0,4307.284581872524,11.40077784784533,4310.871139643219
5004,4325.0,4332.351229973872,11.5331739200879,4368.515958453998
5029,4335.0,4341.571772677599,13.074056936655875,4370.791696650702
4954,4367.0,4374.245059845145,12.28263535807315,4377.77147199572
5178,4421.0,4428.576063606826,12.811817500982983,4460.755862982006
5006,4447.0,4454.22808573223,12.449466537183087,4463.333259333326
4939,4501.0,4509.127061390448,10.488628932773192,4552.474052131613
5172,4503.0,4511.074975799689,10.84607088355386,4555.646197011684
5056,4512.0,4519.317440925558,10.221306329236768,4558.006942862366
5116,4562.0,4568.5673188279015,13.779707899534749,4571.745157292593
4956,4582.0,4588.072355479694,14.107524464700425,4592.640821159791
5052,4598.0,4603.663921849489,16.605459127506602,4641.056034125528
5161,4618.0,4624.315645685802,10.294695065943953,4644.987576615944
5069,4674.0,4680.153033133044,14.748662773366638,4684.719147471155
4989,4685.0,4692.017835508799,12.269165125710765,4728.666630501897
5175,4734.0,4742.092212402727,10.395780805572604,4746.248214399818
5048,4767.0,4775.251897371982,10.86624379544519,4818.3036048883705
5085,4793.0,4801.384094530318,10.522962501983324,4823.142062059316
5014,4878.0,4885.272406977991,12.262320529272742,4914.781939133945
5141,4905.0,4911.546835327368,13.575341910066815,4919.884053227218
5184,4914.0,4921.36573024983,11.989035281059776,4924.8734461013355
5073,4945.0,4952.051338839228,12.53732942354488,4998.443382012877
5108,4958.0,4966.364175711226,11.182533092791399,5003.447212490544
4674,4963.165965719407,4970.258347248129,9.279809454519015,5005.635428687132
5163,4988.0,5011.116700793552,7.927506871207297,5015.157429787114
5162,4990.0,5013.200371414348,10.174297391644078,5017.159528759273
4978,5001.0,5015.134701227325,10.700228086255184,5019.194707065327
4988,5007.0,5017.033494420507,11.321761811926562,5021.081378217282
5166,5082.0,5088.335358877979,14.111059944275222,5091.470930329569
5129,5101.0,5108.489937283125,11.699614397018017,5112.346684397666
5177,5112.0,5119.223495509947,12.483194953326231,5122.659973435583
5058,5129.0,5135.417892119958,13.414077520768021,5139.730494875126
5133,5152.0,5159.3376960833575,12.030072897661295,5183.201933151396
4979,5204.0,5211.114813970685,12.700978451156306,5215.758033710164
5061,5239.0,5246.20472579832,9.845455007332733,5275.210801659212
5112,5284.0,5292.255486000259,10.569717283927844,5296.35547264605
5155,5296.0,5304.019446689586,10.830253453277606,5308.740443216925
5041,5328.0,5334.440493629369,9.81402642060848,5368.848362450884
5022,5369.0,5377.203088947961,10.21309800410015,5381.345137603197
7049,5417.0,5423.547959051269,14.6004174211919,5451.214653679405
7122,5445.0,5451.131022284207,10.469950488251374,5455.655991766677
6985,5465.0,5472.436971774976,11.593271311085774,5476.015418860699
7133,5471.0,5477.248992172288,14.860465472821929,5480.268635287251
6956,5567.0,5574.318395670332,11.772444421154013,5578.869350031927
7152,5569.0,5576.1174636417045,11.809907071345727,5630.414864548334
7138,5573.0,5581.308769450447,10.860931521742152,5633.561054517228
6684,5585.334792648899,5591.5600892352,13.926300923920435,5636.031299328124
7174,5635.0,5641.394002460809,13.497133652400315,5644.462290295199
6988,5636.0,5643.030678361884,13.923036842413081,5646.193937867614
7007,5670.0,5677.218408456343,12.176119686164173,5681.888880294496
7150,5718.0,5724.47309792873,13.943521727501253,5727.532262105569
7038,5737.0,5743.526105139097,13.73708307107393,5746.684150116516
6659,5790.423795162027,5797.318600401323,12.027525904439317,5813.604869774269
7067,5823.0,5829.211267864693,14.204569531824248,5832.178497117964
7052,5864.0,5871.352462256746,12.635775711749778,5898.015985977932
6989,5868.0,5874.358537329755,13.970248179328342,5900.2070159333625
7058,5913.0,5919.344484059029,13.819924805715914,5922.436104308858
7155,5948.0,5954.266949459904,14.51105176144403,5958.743490434989
6937,5981.0,5988.253235136886,11.316211083035874,5991.939615072137
7163,5987.0,5994.404202336074,11.836918720936804,5998.189114333891
7183,5991.0,5997.5371526945,13.24106224787526,6000.642197043372
6677,6023.0059486092,6029.416056903028,10.161030108612895,6078.224174955546
7028,6094.0,6101.124550417801,12.040859079220265,6104.767179526053
7110,6113.0,6120.20431815181,12.309709068007672,6168.558992803925
7173,6261.0,6268.1662332416945,11.711391468980356,6271.750475743678
6931,6312.0,6320.316482615584,9.985328658014243,6348.263044906682
7004,6319.0,6326.2189320843845,12.58058331328695,6350.653505587916
7144,6363.0,6369.41228474913,13.648827527107162,6372.496285897718
7178,6374.0,6380.549738368493,13.867158293009036,6383.724441871594
7084,6386.0,6392.394748680645,14.39635782486305,6396.9534793407165
7085,6408.0,6414.100586663087,15.51115089111301,6438.7102103428315
7180,6451.0,6458.124812288957,13.151988739425935,6461.512501650838
7149,6456.0,6462.404972960256,13.815158764123419,6465.508584062919
7162,6462.0,6469.382832904657,12.22101575606895,6473.004229941309
7111,6534.0,6541.037192187169,12.800194437566535,6544.504209518747
6961,6554.0,6560.382529837586,13.795170652590153,6563.543342871448
7078,6556.0,6562.160524109285,14.479209892882693,6566.6881229800065
7060,6611.0,6619.351597975688,9.779236620524422,6623.574810308042
6974,6629.0,6636.320038821003,11.410375577246086,6640.010605743
7115,6641.0,6648.200525606048,12.46710383936545,6651.695850812629
7003,6655.0,6661.401311711479,12.831890914777205,6708.504558434793
7046,6657.0,6665.239640285213,9.97217843610477,6710.7734739101
6933,6743.0,6752.440824427294,11.718709386189222,6800.667927588555
6952,6800.0,6807.038058318278,12.895852770231455,6810.420342483456
7017,6807.0,6814.328836512245,11.448547367877936,6818.025775966375
7089,6808.0,6816.062213065509,11.026109030729124,6819.840036794191
7117,6822.0,6829.503316810591,11.350740169003995,6833.236333261948
7179,6828.0,6835.004403315315,12.018071383380317,6839.632393472826
6994,6892.0,6899.10767414463,12.229699988147706,6902.604455932973
7165,7002.0,7010.147629768096,10.27139614569481,7014.942773022582
6970,7022.0,7029.275947498907,12.035542415758867,7071.0183885507
7187,7035.0,7042.4774763674695,11.92429939585736,7073.173183449897
6947,7036.0,7044.245382076095,7.569705820817506,7075.075978467202
6930,7085.0,7091.480584546651,13.59846044379022,7094.613653870411
6932,7096.0,7103.070962405498,11.81274623566356,7108.229234581229
7101,7190.0,7197.048941908725,12.143055217831034,7201.844034113869
7164,7193.0,7200.498742465146,12.15821369002114,7248.3018536256495
