1047,145.43004590532757,149.3977972317055,12.242702789636846,184.86925018615963
1106,147.28467879653635,151.1526737842023,11.80736603656226,188.07115747536957
1048,153.4357945689285,157.0240963720388,10.43755097109339,192.4500363146693
1042,236.62373734228237,240.4476996212708,11.680511506051621,244.35278003236172
963,238.4801647020359,242.31615154914005,12.150724253012012,246.8254244872041
1082,257.1639620339209,261.08166341875295,12.27660972271754,277.71445310136227
1900,293.52436184821426,298.237639748126,10.04632358488176,302.833459274778
1908,302.09775513451024,306.10674101274236,11.830338812463111,309.93558698123104
1060,321.03699005587845,324.50284102933654,14.681832210372088,328.2030912433641
1056,323.91569978450696,327.20423059027496,13.709557362384531,364.58242501961684
1057,411.08051444173424,415.2327403242267,12.132660866831978,419.14497659494606
1027,413.29548478923897,417.13960260080256,12.399652997676382,421.5288655649162
1030,420.2286694675529,424.08294950207954,12.304708850901712,454.58926221144645
1778,473.00876377987845,477.10228945195905,12.014516173061491,480.9056421788381
1785,478.4732721090192,483.18825952195385,10.532333036594563,487.4908131385059
1769,480.5751315097648,485.05360800350576,10.549889530314083,489.32061675946215
1801,487.92758456079054,492.2166579016836,9.66029113300928,497.3922361814451
1880,489.6272941158793,494.2185719422159,11.003979715592296,544.4168157755772
1002,503.057982942041,507.2196160039258,10.751025607233922,550.251433678301
982,598.7449436918455,603.1270689801684,11.390332550361899,634.7572127293034
1871,649.7139013322537,653.4252276358574,13.280798705077977,656.9922239466833
1118,771.3296571230624,775.2470146313682,12.581271962971721,778.9476700014519
1010,785.71605531646,790.0115952143925,10.485203493754286,794.4309012699721
1926,830.5915500119651,834.4327302701577,11.691293107648402,838.2569277938384
1117,869.7788924649909,873.1421034358233,14.395327439881587,876.6130883815745
1087,879.0113599930769,882.4834893617123,13.351048620253174,886.2354727085155
1104,880.7346923849165,884.2106167575076,13.398854528946476,904.3897950975467
996,894.0228616591636,898.0780706136728,12.164131081809511,907.3812349957591
1872,922.844702469668,927.1034972428843,10.874602480520315,931.3563873513585
1016,948.8690309143878,953.2680854773022,11.180514225813276,957.3989994932637
1115,952.8299083389114,956.1293291224387,15.052225860229713,959.6386960626704
980,957.4077693925065,961.4898442273078,11.029274735605386,995.0147281830243
1110,1070.8267641444002,1074.5497202156823,12.226308820287338,1084.4152991739707
1789,1098.981296860165,1102.3494365397694,13.181860315026181,1105.7445505450592
1008,1131.296811566591,1135.145231161862,13.858886536025816,1138.4874417593608
1051,1137.2259501970948,1141.0045488156547,12.345964456906415,1144.7552239088532
1017,1218.6146230481295,1223.0232447896976,10.715967883421577,1227.47085766276
1000,1308.4767454764042,1312.4656727598333,12.800663630774245,1316.053190157732
1782,1353.9268374324242,1359.0439975630202,9.529789645982243,1364.1435294360342
1826,1377.9145497672519,1382.4901941322787,9.981417284871089,1387.0120708328702
1774,1381.693611499511,1386.416903015472,9.949758573956096,1390.9237298598212
1071,1399.1742856063715,1403.4929612181738,13.297311617567201,1406.9864705416526
1107,1404.8711411980637,1408.589498899957,14.018337395408757,1444.540854334936
1918,1467.4875702204881,1471.3441340372517,14.289919209074753,1474.4918321678902
1072,1491.1374288159654,1495.4763435887967,11.498816440762555,1499.660525258411
1887,1556.2587891607357,1560.415582077496,11.88124465246014,1564.4715141192416
1884,1560.7106936914172,1565.3486692358292,10.216689220385097,1569.8369711363366
1899,1562.580315311972,1567.3337438220185,9.783499020040852,1571.787277773532
1903,1647.3467184614585,1651.549542712186,13.533534819564636,1654.9874896403821
1772,1652.202391009873,1656.4595718025123,11.767780857848557,1660.303299663932
1897,1656.0682436769234,1660.0603759217759,12.406213456221016,1664.0411516200513
1078,1673.1246120655896,1676.575770414079,13.776742589529126,1680.4156524631617
995,1675.2696321316103,1679.1290135043835,11.83841238861829,1714.168365045083
1034,1759.1454205576579,1763.250487316899,14.008244261481876,1766.6345915840127
1081,1761.0899279784437,1765.1064753820028,13.194788473007124,1768.7785214913015
1022,1764.908180475226,1768.5983878847007,12.68937059702096,1804.4646821815854
1003,1766.5895014506668,1770.5197806957399,11.797704279205778,1808.0298624125007
1038,1770.1746703527729,1774.1883337347901,11.87751092316053,1810.6920115560195
1870,1838.930521561074,1843.1291165133762,11.639584773946689,1847.2008225424445
3028,1857.404758014571,1861.405872685871,11.472970510562797,1894.6327589472055
3072,1871.3275625202784,1875.4819824746921,11.818375847333078,1902.3764414275931
3070,1873.238830674276,1877.3098451234137,10.086432826597584,1904.3324151906302
3914,1911.2072221052485,1915.0923320946906,12.38530605629781,1918.7676531704146
3769,1925.9457705262016,1929.5330459207778,13.583931006142125,1932.9663432653497
3020,1960.9895516666866,1964.3761686220726,13.422617325767265,1984.4125986125277
3798,2011.490771150776,2016.3212192593328,10.276922207177558,2021.0052969560547
3779,2013.457762675645,2018.2833387791732,10.124403268180327,2022.9505266782703
3780,2015.3799742226563,2020.2146119955912,9.41413299842551,2025.1334030060896
3933,2017.4337450159962,2022.2566308001985,10.516192536456865,2074.1499767704013
2994,2029.0102856144554,2033.0232442604884,14.283981879467458,2077.4348783249843
3037,2038.0352921966035,2041.5413394948087,13.923035986357329,2080.0872879353187
3787,2093.2788780347437,2097.191756397849,11.949813975336717,2100.8826798498635
3802,2104.4748870706158,2110.030766276656,8.415021643562556,2115.3060801671445
3790,2106.6155220312276,2112.101960834718,9.554618477731903,2117.508672715527
3775,2108.647826592227,2114.118402388027,8.201028466439064,2164.789357265097
2978,2133.485998551087,2137.1394388959015,8.800300563887944,2174.7084940243467
2987,2213.6345385178097,2217.2258508961913,14.079659939399194,2220.5410899505882
3042,2224.9964998098912,2228.5994931976943,13.334608938667976,2254.311488419427
3115,2237.19657577533,2241.0595278703836,12.309945920152932,2257.4102400442735
2968,2239.193771430025,2243.168314220621,12.520163471568994,2259.9356404694868
3866,2270.707157731782,2274.3809383746584,12.99124821451728,2277.8955503030916
3809,2272.418216867856,2276.1153314394846,13.077163548889885,2279.6851200018486
3861,2301.428373305966,2305.1791845226157,14.961313166378485,2308.534949203257
3771,2362.2676739296735,2366.117575296038,11.85607718626288,2369.792376275363
3881,2365.8685738017607,2369.252894347025,14.35426198950701,2372.488601813663
3871,2369.8009273724356,2373.513266291975,12.510382611100178,2377.014825803569
3027,2394.5955049450627,2398.144666026001,13.390414342721673,2402.130830049077
3846,2479.088320452093,2483.2398050662428,12.338802164173158,2487.029128457682
3057,2481.6171006738655,2486.055250990746,10.919846075920452,2490.202769710786
3114,2483.8878105760364,2488.0184975259817,11.37094933718457,2492.537219921638
3766,2614.0918795738826,2618.140229173009,12.277096682097552,2622.132480019081
3013,2683.2639094846613,2687.505612593994,10.32628722093042,2691.809826431645
3102,2686.971511630428,2691.266273219563,10.61137487038101,2704.6864956305108
3062,2690.5662204950318,2694.512447305114,11.480642456873152,2707.861833554933
3068,2752.5826140125023,2756.3993391353415,12.698698579677586,2760.232020133624
3875,2824.85032594194,2828.457302702604,13.049570973383469,2831.9315245720363
2974,2841.2291356253972,2845.357619542334,12.231165065027852,2849.5978135888186
3053,2952.034236886473,2956.1618364955566,11.809668868237777,2960.1755799787766
2975,3018.517145965888,3023.473575588545,10.103411947206446,3028.176823029945
3038,3025.1627666509776,3029.3154927951323,12.067465241998706,3033.5254928989234
3082,3028.8955921639313,3032.434201402022,12.865775845341592,3064.421003433246
3040,3049.611832976125,3054.270463288839,10.426800886538919,3067.6849351911037
3767,3089.101998521103,3093.4670647255953,9.93242649077816,3097.7389026227647
3936,3092.8921396998317,3097.2993804882103,11.953641862733914,3101.5215977466014
3905,3094.8136663194664,3099.106879144817,9.246754235876141,3103.473287771687
3876,3169.1216006604473,3172.450286839193,14.1166979866643,3175.6673102402115
3004,3198.982580562841,3203.399884227716,10.778071790449504,3207.616946026396
2989,3206.8290575392807,3210.5044216509827,12.641587374003633,3244.3955075287818
3900,3246.2406117695605,3250.0240046822382,12.568439968136548,3253.732985718621
3784,3350.6378211948636,3354.4606907657017,11.804418347419524,3358.3342111028533
3003,3378.4042519227564,3382.257222722644,13.421796139343497,3385.757536275654
3919,3444.808226170726,3449.146380779684,11.250978880484622,3453.326208701908
3007,3469.080950475775,3473.3560152737123,11.81833644027322,3477.2901194982846
3011,3475.411553349221,3479.4089218018735,12.086543277815608,3483.804718550494
3093,3483.2718946346968,3486.2716243804925,15.603640924396498,3514.347248059057
3033,3503.4079082154526,3507.271140048049,12.104081635133172,3517.5430425234626
3106,3561.115499132665,3565.0491046155157,12.673663912680983,3568.818443798423
3107,3563.652200676299,3568.4079322119087,9.33190295182062,3573.0816004068665
3012,3565.6020911059136,3570.3467009234523,10.004405189765224,3575.381996537285
3030,3567.4398967161296,3572.1912730894005,9.91584850750212,3604.44462765952
3877,3621.599819474839,3625.2160197442877,12.409895438070668,3628.8423858565466
5019,3650.901814745704,3655.163580206883,11.741593766903836,3659.2464875589094
5113,3739.1843520401644,3743.309778109122,12.777840121711208,3746.8764994947333
5060,3745.450966221388,3749.193741452874,13.188773272676551,3752.861420215064
5794,3806.676314719097,3811.467752085774,10.112549183466301,3816.292697380719
5840,3831.927783060095,3836.524439835331,11.263465097235036,3840.8041000598064
4995,3843.5206859304035,3846.646608230219,15.795650029637574,3850.3519852436752
4980,3851.0752642492985,3854.5634349182205,13.565879436996688,3874.514508012012
5021,3919.1384963809583,3923.513692230469,11.363669892742287,3927.6302978551207
4975,3925.3980856332014,3929.4723741116827,11.333346884414999,3933.5053186651894
4990,3927.2855017715574,3931.2985004381753,10.947306868583906,3935.6979079190437
4998,3931.819917317711,3935.1766496235655,14.414825738284838,3964.5206285397885
5917,4074.528330082901,4078.315951194298,12.421182778868289,4082.224740327633
5071,4100.487537957992,4104.451517328057,12.190620462617737,4108.254905817026
5010,4104.512484496234,4108.451961529194,12.401361199428719,4113.028092145726
5809,4164.744448090467,4168.531127620383,13.463802908425558,4172.062387132687
5105,4193.316640527268,4197.172972037354,12.828881142885153,4201.403471239066
5090,4286.8508878284865,4291.219129841064,11.299794266204902,4295.515048959277
5033,4312.499679724814,4316.471189589047,12.228218142718067,4324.782269340629
5785,4357.541660885956,4362.0610274589235,10.394704351281295,4366.401259656153
4968,4368.759906278262,4373.238043582475,10.58000101324546,4377.554368997708
5004,4371.077123560306,4375.131905327275,11.353218069331092,4379.817783834355
5909,4431.237865716523,4434.524295019068,14.626813383003492,4437.804856948262
5006,4465.442684216526,4469.4161254971295,11.275339456570618,4507.5527011829645
4967,4494.814425044636,4499.152671366118,10.540076177411725,4510.203647629354
5922,4522.002703462221,4526.1062014082745,11.850301700922989,4529.894322497392
5923,4531.3488076037065,4536.101510451867,10.035689651678728,4540.803923410686
5916,4533.323704854672,4538.02696207108,10.466488190195005,4542.726159674447
5793,4536.479598055795,4540.213419602489,10.98732238990217,4545.272454102148
5065,4562.142176128824,4566.466608436453,11.145391143198232,4600.314088911097
5106,4564.11075796734,4568.3193385723325,11.008340358107175,4602.473119972321
5947,4612.875713871036,4617.263477512916,11.281682504119274,4621.470841469492
5869,4622.341459042947,4626.101173874193,12.799065738120035,4629.845612117581
5866,4626.313724353648,4630.20599887101,13.512685275433373,4633.671184354013
5100,4641.23132873645,4645.206988388472,12.327029633651097,4649.326453060534
5052,4643.236059975599,4647.023536460939,12.077194142846713,4684.344158010267
5790,4703.31661759883,4707.280937663986,11.88446607293388,4711.104737084863
5069,4729.174794836182,4733.013683101215,14.627144654695744,4736.285307573096
4989,4731.498592114736,4735.5458717468855,12.243746546391975,4739.294366698657
5023,4737.452747459803,4741.405822865237,12.590199176507149,4745.722201047614
5878,4773.9253025668,4778.117755913163,12.184393706792006,4781.987271701831
5822,4794.409165199578,4799.0065801194205,10.631184961877105,4803.492527621728
5047,4823.066122469211,4827.462820869518,11.097768513439613,4831.865292778894
5051,4826.714099342204,4830.497998016065,12.191693163916469,4834.841414642357
4981,4830.384198385664,4835.327736930691,9.700756381493006,4867.525661939402
5042,4832.433617208371,4837.331205113807,9.85590384318388,4869.888907435486
5832,4897.863281347594,4901.440994347743,13.114048521144609,4905.437302465175
4971,4915.054978588259,4919.014150022433,12.90498255156492,4957.474781790611
5865,4972.784636598675,4977.198656695818,11.088853392434887,4981.397566821827
5906,4984.446136644259,4987.531141310313,15.198371862786503,4990.605160337518
5064,5012.531286585315,5015.572744120532,15.238777375957046,5019.2144863635585
4978,5021.001538898082,5025.3319164935165,11.186847833352891,5044.256499073882
4988,5022.813213206345,5027.224870384115,10.64561313175894,5047.75638876125
5788,5061.840976716538,5065.436784787415,12.747661078801777,5068.858807900589
5859,5095.868694086909,5100.110184938668,14.129311884167189,5135.068989777227
5896,5149.950541020425,5153.537934757645,13.580000978999793,5157.096708703967
4997,5188.543716176704,5192.327479445688,12.58686733789177,5224.441063591387
4991,5190.796348204508,5194.168810412789,12.895579437466056,5227.487962243172
5013,5204.71629969949,5209.002528783594,10.930651570148735,5232.021969655557
5888,5254.518964882607,5259.0025428351655,9.814762257041535,5263.446940459339
5041,5370.724213544831,5374.13949763465,13.665141749447583,5377.494872024836
5025,5372.80811784704,5377.075754552697,10.972108573978666,5381.302741527245
5876,5428.526899122937,5433.349322474,9.879186596816039,5438.065567935318
5782,5430.6144139843655,5435.255582121354,9.158614343955517,5440.006655960177
6968,5643.713781079002,5647.42842820708,13.35372155488154,5650.992877772447
6988,5647.68748712986,5651.105667021729,13.948601249210077,5654.988157124436
7797,5694.856851551626,5699.000856982206,11.491777912755031,5702.782463752097
7880,5700.143462072037,5704.1623827185385,12.129467689216234,5707.967505179853
7784,5708.111241866117,5713.055367455519,9.716197166308314,5717.784580903773
7038,5748.099108153409,5751.489528909281,13.89739539715628,5764.327439563487
7872,5766.220010454847,5770.450546375756,11.082314098952967,5774.507330828425
7947,5784.683845429397,5788.390305830237,11.88600713676579,5792.127567248782
7907,5789.100902994768,5793.112483740333,12.427838097828522,5796.876674081834
7068,5817.7881452799065,5821.439282659206,13.507568477623156,5854.420375612297
7905,5870.480530533741,5873.3555311308855,16.45036080702765,5876.27643059055
7058,5923.850418805262,5927.239087228505,14.687775977340408,5944.180107881891
7866,5991.925106742896,5996.413479377242,10.637837158081963,6000.679289926397
7842,5993.899997319893,5998.320863252108,11.073743405159988,6002.732715711046
7039,6100.220872217474,6103.425005378616,15.179250028638183,6107.1852950188995
7868,6153.695237787099,6157.180986338097,12.542292750946686,6161.029461524455
7110,6171.350615014769,6175.307631839999,12.320741793183569,6179.014178401566
6998,6178.028481020699,6182.366098507821,10.159640027345791,6186.871912144132
7100,6179.903778176899,6184.307676109162,10.499560247392816,6214.273676854029
7777,6217.0244425934825,6221.311052363353,11.058860079743756,6225.599522115357
7775,6219.096440458042,6223.272446274859,10.719987521759952,6227.544057675209
7008,6258.502739936418,6263.373246741118,9.449780808393012,6268.296337410882
6972,6275.052824338093,6278.34373487829,13.57977077322101,6282.273915676872
7071,6285.848663026373,6290.103459984783,10.883465098477467,6304.29768699699
7918,6326.912651107733,6332.105981341147,8.845324279696472,6337.119962303794
7763,6329.102913699844,6334.221840405002,9.440882696780157,6339.070049401958
7059,6361.940646218512,6365.238896640435,14.573349234815757,6368.6949368652995
7908,6421.905787238158,6426.490689841918,10.65733176696075,6431.0155837565835
7881,6423.922809264202,6428.358270992311,10.510027544387821,6432.894557550459
7804,6425.776380607658,6430.232145234396,10.442942288435223,6435.170538338911
7084,6439.294483526796,6443.259345512788,14.345818121513403,6488.101990178003
7085,6441.536155647857,6445.339322555642,14.364976783589723,6490.522065867478
7018,6455.8172229239,6460.271023371514,11.300238704273577,6492.517117271557
7108,6528.778274624419,6533.074806271241,11.132527342219044,6537.224407250387
7054,6562.520436740871,6566.157079689053,8.287393911095927,6584.279744660149
7078,6618.443910205669,6622.269249586355,14.086073902029753,6625.532814416536
7060,6625.475555034996,6630.038700956469,9.84155936777647,6634.914428580533
7769,6679.781104282017,6683.371196648129,12.671942028801706,6686.8547042395085
7046,6712.927448528486,6717.251322314667,10.956310913918717,6721.704682113026
7026,6714.749937707807,6719.011725886276,9.498176204548264,6723.856062710026
7045,6716.8033018310825,6721.112648902967,10.658007062632642,6754.221785600719
7024,6718.734831829398,6723.075560788369,10.813347387776899,6757.395190786991
7063,6804.61086546044,6808.022220883245,13.596855995034161,6811.494119644971
7089,6821.475467654362,6825.5013904098405,12.138782958280496,6847.368315471624
7865,6864.324904310795,6868.0911384583505,12.806086171056752,6871.644235032154
7899,6866.965064664122,6870.48000441037,12.88863860109136,6874.028802077971
7107,6897.198544564584,6902.0758235658,9.157207886999826,6907.073002963008
7896,6933.850517175418,6937.5287395432315,13.577700797323997,6940.840956319164
7917,7047.578810727005,7051.456207963724,11.841604468646176,7055.347505003384
7081,7082.940445727162,7086.341576211698,14.147058469731883,7090.175825581485
6992,7170.622420789043,7174.3737470608785,12.136741362342951,7178.1662726258155
6966,7193.447329387669,7196.35396614648,15.625421320717587,7199.861623543512
7101,7249.068142411126,7253.168551264744,12.956113436632576,7256.920642928163
