445,148.01095973428474,152.6146419690264,13.909350977097017,156.7992011563947
435,161.47926978437744,167.2738329529485,11.053750541682598,173.87424044491246
692,364.1946052478602,370.12787014979955,12.149485332053414,374.81689113180744
417,420.16531008465586,425.0129055326464,13.309709240233701,429.42429696478
677,430.07108286127635,436.47055644208456,9.672500754563892,443.16425846813155
950,451.44223856237215,458.1131664683199,12.770912622485191,462.4992961666836
683,549.7536940983784,555.3321933465822,12.127671405642339,560.2841739281846
434,607.0205981517613,612.4833669949396,11.881366223253705,617.5721263207577
937,631.2868623142588,638.0154415248909,12.356075032873528,642.6948764148503
679,641.0939689064784,645.0161393173039,16.36232798194313,648.6540692596169
412,670.236308648821,675.2687165250946,12.598345207284876,679.7855927550962
413,695.3107925802274,700.5520629753859,11.759665383790677,705.2383978512662
664,730.4587755351367,735.574838538421,12.901522708455468,740.2740061367356
936,787.4103839138361,792.5582535421975,12.683032251527987,797.2178861070014
420,789.0928603281313,794.3946280300171,12.748044562097528,799.2052567575865
422,874.1356754336975,879.3803077875965,11.667547555743662,884.2646379032085
688,901.5637783082486,908.5654106799973,12.994238521349766,912.9988365725504
927,972.186248249384,977.2392021947876,12.69268709036413,982.7760488733999
678,1023.2601763554835,1028.265382454929,13.142150697708274,1032.8428551300456
442,1030.4389870006394,1035.5096771962296,12.066850899335888,1040.2674078190087
673,1061.2581302388505,1067.0526509088875,10.80983818276079,1074.046408700014
695,1206.5840342727606,1211.5671534242865,12.597107203340594,1216.037690774601
437,1235.2317236933163,1240.5387256001825,11.567738631234636,1245.5454253190073
410,1237.9142700591956,1243.0668125360994,12.563364900631171,1247.733787690662
419,1333.236514424206,1339.086877820116,11.24969501559523,1345.4631226322324
674,1351.1816939556757,1357.572880770735,12.699395314011353,1362.1600075233214
691,1354.0052338827102,1359.6266320133204,14.096153339054691,1363.9419266102996
424,1421.2454345008127,1426.47304730982,12.554703074657052,1431.943563574989
667,1423.2166143974835,1428.3376347016747,12.633608695815406,1443.1642735794487
945,1424.9430371739024,1430.053096514192,11.542398865407218,1445.877320131502
686,1531.3565789677502,1538.2517030596036,11.996166168979057,1543.0983540857872
938,1534.002305050732,1540.4807536501407,10.842659749390325,1545.971207597555
430,1574.1990931997386,1579.0039305089936,13.438983832499382,1583.2690612124327
675,1657.7401330095017,1663.3419818003495,11.939696070511706,1668.45476187777
665,1801.3611438737469,1808.3419250406168,11.053181199818159,1813.3053188680158
666,1804.2363188549825,1810.193052727629,12.467183356117246,1815.1508178293986
680,1837.2700261834914,1843.2650579053752,10.176442154950019,1848.8016905339477
416,1842.6662680946392,1847.2471327183907,13.973251955572264,1851.5078579820374
2420,2046.7806884459546,2052.342958956059,11.95913088242842,2057.525351254547
2429,2107.3217119645487,2112.04400417747,13.561634329622024,2116.4337886016456
2692,2109.829792147842,2114.292085836979,14.361839624103656,2118.362402222461
2680,2192.6354601958287,2197.0055851984816,14.391431115288785,2201.0843062808935
2439,2212.3479805165484,2216.6440651582766,14.744183693269493,2220.6572426434595
2672,2229.277536675935,2235.056287828627,10.711370958525816,2240.536132990905
2930,2234.879045674497,2240.226271078022,11.570494774195375,2246.767616322478
2441,2317.7712910811,2323.375595462176,11.140626476553278,2328.5191717778216
2946,2327.0190700798485,2332.104546257317,12.556376794958062,2338.0615293070127
2443,2497.721475547348,2503.132803284746,11.999676110896146,2508.060040501611
2940,2588.1542051115025,2593.1197769711425,13.459204546707515,2597.5184897484855
2426,2673.3352257657443,2678.3211357927594,12.923501189039976,2682.983298274183
2928,2857.9529229127643,2863.526752289554,11.686784427229144,2868.6794746242135
2433,2943.39413084656,2948.4994720733957,11.911293562122719,2953.12683292284
2954,2948.391032956786,2954.024216164287,11.30771019320571,2959.192384214191
2442,3005.818405243529,3010.489148075288,12.87346460142621,3015.2670321334404
2444,3045.9545296360698,3052.1148799949638,10.687740193303046,3059.2616876437755
3053,3048.404971498174,3054.0876274860343,9.94346051816559,3062.9880873346947
2440,3188.667026977604,3193.201270909388,14.554558756158592,3197.2325186953103
2425,3206.7808494265496,3211.3985528892235,13.757535385907824,3215.7161705179265
2659,3209.0297567133457,3215.0569755233782,11.02390458362564,3220.3681549023354
2685,3311.1975620074177,3317.237941126657,10.465763122506628,3323.571813758454
2427,3372.296300446693,3378.2555018838584,10.575678127450402,3383.5859082749544
3048,3391.4675030142225,3397.0219479763036,11.454307631583637,3402.0288723069702
2409,3480.9132685080845,3485.6141085612326,13.742320514201559,3489.8954379531997
2675,3485.8362014953823,3490.5080529589,13.832113503154366,3494.806859717428
2660,3539.9106738097967,3544.551331947862,14.513550707518846,3548.6988868749077
2679,3601.3216759924,3608.076605189935,13.347032386428163,3612.4784844723463
2677,3610.4826328202043,3615.3623279671215,12.789062554584854,3619.840304372645
4681,3759.1961698220075,3765.120783142509,11.287381756123883,3770.9004629356023
4937,3762.791357726211,3768.354075613918,10.995080607453524,3782.9036433104625
4660,3847.2906058860835,3852.225186655451,12.617748818960353,3856.6945273551314
4665,3909.6670017051815,3914.4794493439244,13.433133202093636,3918.8210216013554
4431,3911.6496261207067,3916.2602681117833,13.55285495425109,3920.5176321787735
4925,4026.1717751895826,4031.2143335730616,13.079521931228342,4035.632415584076
4957,4030.251401618552,4035.1233797108125,12.781454502149083,4039.605333110703
4185,4095.188540199292,4100.214519270189,12.247243192844987,4104.854282546691
4694,4171.063647594062,4176.285408914231,12.119522202129723,4181.037847343833
4943,4411.275871036385,4417.380601194017,13.278709124300716,4421.613141880526
4927,4491.1219038939635,4495.482674659454,13.513035299491857,4502.75796729431
4668,4511.3454294549465,4517.171970367766,11.251333243887553,4522.53150259173
4934,4566.272384124703,4571.3550796820955,13.16159298921178,4575.949456944886
4429,4568.089642141496,4573.478117947695,12.131296995506805,4578.4567361701065
4926,4570.289948057455,4575.357551019926,11.804518686267183,4580.25332516923
4444,4656.18731520418,4661.4963459970695,12.103457064386767,4666.333106004463
4434,4661.7176687923875,4667.397893493075,11.175247753065717,4674.115625004708
4413,4664.130311101533,4669.328125190411,10.790546559211393,4683.544751413834
4422,4811.585826850527,4816.1142356370165,14.052742070709606,4820.227691251637
4672,4889.639055859338,4893.385477577675,16.6894420775761,4896.832833336825
4686,4925.922098750042,4931.475555007936,11.62307517947046,4936.496615256468
4416,4927.534489976725,4933.33212359517,11.511794155476213,4938.29411424753
4669,4983.852718436777,4988.581794850085,13.383836124406804,4992.812416817715
4443,4990.383271513217,4995.106418199378,13.178609151510631,4999.455671505462
4662,5051.051778947848,5056.180381795613,12.580116544777821,5061.018014857053
4667,5140.815545906637,5146.186688167275,12.029867721698759,5151.186709072649
4436,5196.407704670087,5202.006604162724,11.256350851371812,5207.068166074467
4679,5206.103306277648,5211.101209141174,13.158927758213158,5223.180027845963
4690,5257.3553404229,5262.254870451825,12.17937874318574,5266.822852616163
4172,5259.189884278655,5264.092693692842,13.077960276624019,5268.544059821703
4930,5290.393423914586,5295.145347195637,13.558731620907121,5299.5688577043065
4194,5345.592282773075,5350.443504691646,12.736521945296145,5354.84627925602
4419,5380.126082300313,5386.115379565526,11.099112145717381,5392.298965274302
6417,5550.277858527315,5555.420917860352,12.058647580926063,5560.081243225707
6684,5555.896183001629,5560.410028885502,14.294665484485886,5564.4970850552045
6927,5564.750213963646,5569.251560762335,14.170676958163071,5574.781358659872
6942,5581.371148687132,5588.262646089581,12.259220030788464,5592.990224436067
6935,5648.438927201961,5654.372747696552,10.453052263552623,5659.80231643876
6661,5650.318774579369,5656.266996828006,10.521114205772868,5662.976648201848
6665,5653.291408645614,5659.183852797016,10.749843678020863,5673.249098964266
6659,5770.8165498966655,5776.382016380161,11.089471333123749,5781.357201305761
6408,5825.100676709045,5830.004780659347,12.983583829349001,5834.7516614989545
6678,5828.9852956881605,5833.581443180558,12.88299747093641,5838.345273010839
6667,5831.641418050426,5837.453714909549,10.45860970277336,5843.654311022649
6660,5851.648910675529,5858.333460543859,13.514614253927677,5862.756385705394
7052,6031.4780822863795,6038.290552292369,11.98871259031978,6043.106741657918
6162,6071.782174283034,6077.280351230392,12.198771958976279,6082.281365848991
6182,6078.777784194356,6085.015720121072,10.123868943672699,6090.66680650637
6943,6105.9058649832505,6111.548885225501,11.902066870183333,6117.594288348335
6680,6149.031486270471,6153.584063121912,13.721770024911935,6157.787787870047
6951,6192.294827284651,6197.117215533275,13.389507403871027,6202.812698944318
6670,6224.047169404898,6229.31926812099,11.622678852389885,6234.479015823287
6437,6274.029839953599,6279.267866119212,12.378819018797763,6284.010126149567
6953,6275.750994278398,6281.060488348963,13.127419425781778,6285.78218274686
6693,6310.93460202365,6316.4223303341205,11.70609442628131,6321.412952006987
6926,6398.635219276553,6403.138414513103,13.346218122764995,6407.2476829314755
6444,6458.140983791797,6463.521570176478,11.37736460015135,6468.241217858602
6929,6546.3180532218985,6551.306801556873,12.614639540117642,6555.9457949117195
6944,6549.979002987459,6555.256654657386,12.352524728509636,6560.076009055371
6666,6734.590935381259,6739.012493439694,14.128781026727472,6744.466248252333
6957,6754.238260359032,6760.39932246654,11.259995011974217,6765.374551808213
7045,6816.763876109626,6821.410131004687,14.565420320800252,6825.588691394011
6946,6818.548302641783,6824.163022438665,11.35200086271803,6829.332022287374
6928,6825.938237116051,6830.499911219702,14.361670044288678,6843.123746110829
6689,6874.587932752076,6879.382274682796,13.099221684117618,6883.944609673326
7050,6949.316695990829,6954.393411816805,12.969921923842465,6958.91328687867
6690,7033.001438991059,7040.3463005363565,8.750103212129686,7046.847459147004
6692,7055.887619881974,7060.264980524131,14.136693153115269,7064.273535551336
6424,7080.7498013097775,7085.184721215526,14.791275557294822,7089.223951442201
6672,7138.781798125439,7143.194551903866,14.257654472013458,7147.288159622467
6694,7201.429487764879,7208.449572355108,13.467859808603881,7212.93595092147
6431,7265.969737470618,7271.084308569815,11.978146751127499,7275.83200080649
