1211,142.28817184910176,150.60941631390273,13.114517184216048,162.55967899481422
1322,150.79773987772123,158.57045999365988,13.848969979034523,186.04891713536688
1330,211.5177087984776,221.21992481662852,11.283725618212339,235.31778963693878
1209,494.03905120552605,502.11853940816894,13.263335765921267,514.2959836664816
1210,632.3306297430693,639.5828123223273,14.359916493052967,649.5430068088941
1283,911.4493215068529,921.1407357690014,10.147033919685592,934.5746794992366
1192,1315.5569099537536,1325.1599897496073,11.093599906549386,1338.9078263733918
1213,1384.2587543167515,1393.2166110860037,11.982315255960465,1406.3875497160702
1288,1591.8768762651055,1600.1905573736926,13.47294534117302,1612.1173299964921
3199,2005.6763383646667,2014.3033122628713,11.720018429361078,2026.8461502560958
3206,2281.5846748418385,2289.485521806413,13.314006884785055,2300.887913134383
3197,2489.1664682213473,2497.429618965696,12.509759689760134,2509.413196488679
3320,2497.70386416393,2506.445965619357,12.107091774736691,2526.067324738256
3334,2634.5287883154865,2642.58572318025,12.8738850499207,2654.562684074271
3287,2902.633498538494,2911.0835118774207,13.328304496500794,2922.8327292872727
3266,2910.5871833244564,2918.281884743955,13.928241648547342,2976.2185633076538
3344,3040.5565744272635,3049.4644806739593,11.764172323050115,3066.2581814207306
3209,3552.4008705094075,3562.124461420034,10.175888175651867,3575.721012244429
3289,3592.526760013094,3601.1289791581708,11.777383197151192,3612.6042278327723
5286,3799.0908661704584,3808.0384289099015,11.191148573834155,3820.8411855068407
5341,3820.745998351868,3828.0889627080446,14.453889164088743,3873.4424474993493
5198,4358.818154227328,4366.280611341922,13.663579961094499,4377.276047805315
5337,4626.569580514332,4636.120346100676,10.78668925817553,4649.886361519707
5272,4903.755205606005,4912.307419553774,12.04913531096416,4924.351003933581
5295,5041.538716789599,5049.590534693879,12.814637843760675,5060.217624982881
5293,5248.497385166392,5257.092324842563,12.65351333836079,5269.585230810001
5188,5386.477188765743,5395.090243536597,12.874273788457673,5406.367242349537
7283,5462.006412261156,5469.485312237849,13.530506064809362,5480.501011037919
7338,5470.742468373166,5477.128401658693,16.037872064108843,5493.054216344864
7337,5829.284982390666,5837.376813913856,13.126284352810323,5856.064604113127
7190,6027.451898195275,6036.274301231042,12.381008402608652,6048.074358411901
7285,6076.657658875413,6084.560152945532,13.359689429855464,6095.979025980864
7194,6449.654243225503,6457.217543371338,14.169301620680182,6468.407470941807
7213,6490.292168951395,6501.352878897744,8.950467769799673,6516.576198599957
7334,7119.9317056760865,7128.486460087113,11.581630474303132,7140.0800064818095
