1031,299.95699999257636,300.0184199671351,7.615112856131539,300.0719883930145
1244,320.0595186460693,320.1044780955552,9.073278549361538,320.1494375450395
65,666.9717725405126,667.0326448347215,7.405606269385678,667.0877287257304
756,750.1678217039666,750.2152528708339,8.600454839177416,750.2626840376995
59,766.1433229840419,766.1924296189549,8.30701613608941,766.2415362538662
1818,777.1389282010756,777.179892684394,9.95812898313778,777.2208571677108
219,843.002865521486,843.0530595841645,8.127049034141878,843.1032536468413
1560,949.1484107622986,949.1887407603954,10.114793648924596,949.2290707584908
754,1105.0993579604785,1105.147580821888,8.459257636066598,1105.195803683296
1569,1479.9596322049194,1480.0158172914316,8.264690873873693,1480.065175411998
1579,1568.1192666864174,1568.1619303475277,9.561523741664256,1568.2045940086364
1404,1677.0922420024258,1677.1321396127025,10.224412083351943,1677.172037222978
216,1928.9446869594594,1929.0140494619764,7.877101426776865,1929.065836228008
2748,2009.0617989627349,2009.106068658549,9.214646748945118,2009.1503383543618
2761,2148.0173096583594,2148.0675739321864,8.115696846896475,2148.117838206012
3016,2455.0440586143286,2455.093650940494,8.22565989846263,2455.143243266658
3829,2483.1040482933263,2483.1522486514637,8.463207004564008,2483.2004490095997
2754,2505.012100006169,2505.061942715598,8.184338557872678,2505.1117854250256
3838,2560.0355703814957,2560.077704797921,9.68162474346496,2560.119839214344
2760,2595.136152015028,2595.177644627107,9.83137932686165,2595.2191372391844
2073,2646.035375362737,2646.087898374828,7.766683447320426,2646.1404213869173
2220,2910.1397457145235,2910.1928334204476,7.684069249367916,2910.24592112637
3826,3202.0907290285054,3202.1402407188793,8.23905638306394,3202.1897524092515
2063,3277.0177563502116,3277.0625190382452,9.113161575673194,3277.107281726277
2734,3410.0698372349707,3410.1136075305753,9.319781897231158,3410.157377826178
3571,3462.001952568465,3462.0550121279075,7.688145414291882,3462.108071687348
3569,3551.0288728577275,3551.0755952517457,8.7309226588576,3551.1223176457625
3576,3643.000155063121,3643.045900729884,8.917338788016778,3643.0916463966455
3002,3717.9543046702497,3718.0232676743335,7.609867671901294,3718.076873022834
3253,3833.071042480199,3833.1149422734507,9.292289972203966,3833.1588420667003
5026,4173.050267007887,4173.097204179023,8.690971329090551,4173.144141350157
5251,4184.042715425242,4184.090946715841,8.457779245575619,4184.139178006438
5818,4557.052845298384,4557.103497787954,8.053495732963855,4557.154150277522
5411,4725.159895218868,4725.201138264555,9.89087012889646,4725.2423813102405
5817,4917.155515502181,4917.202625689558,8.659052984610522,4917.249735876933
4059,5086.0923756339425,5086.138579828466,8.82884363236759,5086.184784022988
5249,5173.107536522796,5173.149339097999,9.758480348040168,5173.1911416732
6055,5786.002780564938,5786.056821740742,7.548496170561938,5786.110862916545
7587,5982.117607961171,5982.160809603087,9.442456131897599,5982.204011245
7031,6065.125643259737,6065.166331524492,10.025731278348028,6065.207019789245
7827,6254.171302908526,6254.2173988102195,8.84958518263646,6254.263494711912
7580,6336.050342270737,6336.103561052593,7.665143665057548,6336.156779834449
7008,6511.054099701654,6511.095039251804,9.964193722604623,6511.135978801954
7398,6525.152937106921,6525.1918705878,10.477604349986732,6525.230804068677
7566,6548.016274834162,6548.072087282635,7.308935905311715,6548.1278997311065
6764,6731.129411650291,6731.176497229343,8.66357846354202,6731.223582808392
7261,6892.986246866718,6893.03748144641,8.469418114644764,6893.085646456459
7032,7238.052999242387,7238.100811067762,8.531981479739935,7238.148622893135
7257,7426.156025493208,7426.1998280407415,9.312919717902227,7426.243630588272
7262,7437.937228178454,7438.004903256136,8.2654817178477,7438.054256654101
