129,152.18656111557266,154.13748978918798,13.848943508609423,157.55909786009371
341,335.95473819769194,338.2399132053015,12.590179841349002,341.8896559517602
340,422.1177416233388,424.11133837420493,14.262267315627925,427.22535661908995
317,513.7722283595024,516.0838739950701,11.953554606188453,519.8353228632791
321,608.0211219045983,610.2938817298518,13.01807039228172,612.5626881857868
588,816.1016043125909,818.4394349167711,12.692017167246988,820.685333882522
581,903.4247368086964,906.0065948698086,14.100855641917233,908.9559695654713
1325,1083.2725108253544,1086.3956359499164,11.897815465676501,1088.674439766835
1312,1356.6165889691858,1359.4825342268991,13.092812009276626,1361.617975524694
567,1443.7987015217345,1446.3485017527603,13.231741907264343,1449.7071578267005
563,1805.8402516118738,1808.2771034036878,12.246619696093326,1842.3954457243892
2830,2073.7151298470103,2076.300786863871,11.93218071130657,2079.890206389307
2123,2133.489192491227,2135.5364077696354,14.095113792670364,2139.361134419028
2128,2137.0413967475097,2139.4033725022073,11.796426161020877,2187.20999282988
2351,2138.834063842965,2141.308798514237,9.733719969787417,2189.630691183611
2126,2211.8244875722817,2214.5613586899613,12.664473281519218,2218.357225678375
2127,2298.5432372514165,2301.255053015619,13.075682955267466,2305.019777046652
3207,2524.3658119005227,2526.5872190603714,12.730384506510893,2529.3611881129946
2320,2525.833223279856,2528.271161436918,11.592930864126954,2531.259254326305
2368,2585.1718518665416,2587.5502707654637,12.342740639035117,2601.275383756113
2132,2943.265820580622,2945.4791104762157,13.41828521131289,2947.6081657735804
2584,2975.5810730073786,2978.1154343899607,10.909884648293932,3015.841165877774
3337,3153.1727691373903,3156.1939940568463,10.841276554284287,3158.791568615161
2328,3489.1601567091548,3491.5770767894737,11.960432505476648,3498.639091748558
5318,4053.2494552755193,4056.238113075797,9.912875060251976,4058.993302699612
5211,4064.306845474517,4066.407919824866,13.048782775237417,4069.9672036792085
4121,4119.304661275702,4122.1151670864065,9.70380259884201,4124.949551354382
4361,4292.8649335382315,4295.030527837643,11.740070132777337,4326.37553366518
4571,4413.5998600713865,4416.169037971254,12.739938593939314,4419.593695303784
4586,4418.694373068895,4421.159295048655,11.272099704704846,4464.577874183842
5308,4682.685504030893,4685.556463975166,13.19291513982979,4688.889627361109
4126,4922.601085789076,4924.520564901487,14.946956021682482,4927.922245432871
4123,5014.029309442571,5016.262552338224,12.293534091266226,5018.495845438869
4319,5197.636045695431,5200.284657551662,11.186701626908036,5223.133254743078
4132,5199.626946007199,5202.265515224166,8.918086653887604,5225.6125278120235
4580,5492.481679203741,5495.140840385271,10.911915139611875,5497.8241010898855
4357,5553.930422660189,5556.1681092970775,12.797814479185632,5559.680447454905
4353,5561.082529495535,5564.074674729153,9.665355373362766,5568.453762574018
4343,5645.015087762758,5647.280304424833,12.285506545470366,5649.46685956549
7329,5943.165225098459,5946.18870946159,12.801692122665711,5950.003034043161
6339,6095.584875618487,6098.1694165229865,10.574982088194115,6101.69998065973
6313,6123.631588918858,6126.352112010887,11.49576251215278,6128.849810035516
6310,6215.422733041982,6218.233084081855,10.748762026473399,6258.1696785126915
6303,6217.881868028456,6220.400803887267,9.124182062477832,6260.507378419765
6317,6366.565412722956,6369.116628186535,10.97142006063635,6396.4520192888795
6121,6813.978791541897,6816.223476429807,12.672124963134069,6818.487356784026
7307,7022.686748211347,7025.445569221972,12.092833692427464,7027.718047122013
