1665,273.4330759019258,278.2386365571925,11.219362896984675,282.8146615767032
1229,363.6020834307994,368.09224098502324,12.636128478271612,373.08364277819624
1394,1024.4662522787153,1028.1987726358518,13.970916049829944,1032.2556678285525
1647,1095.614502372601,1099.1918406206144,13.929632519069527,1102.9737133634308
1376,1353.5136057184448,1358.3197567845616,10.773003865156698,1362.8721020687458
1660,1355.4937355180714,1360.277193320576,11.792760726001367,1398.5181639498715
1262,1371.6169319467233,1375.3278893067982,13.325555076612464,1401.0419641858712
1671,1623.661871609757,1628.3939712057054,11.8415318847369,1632.9171673302578
1242,1719.4989012017445,1723.5057849619627,13.294355979793687,1758.156058902645
1374,1896.0578586194972,1900.27983753186,13.248897764251318,1938.2165174169165
3650,2254.073700753244,2259.114612165361,11.455625159239952,2264.1626520806776
3240,2524.0719263355013,2528.522202903477,12.600329603988342,2532.772369990642
3663,2793.536352375469,2799.2777700668357,9.353160840193361,2804.4750162878486
3662,2795.4455310105764,2801.2330622161085,8.866987945683457,2838.5408527130994
3665,2819.8705369842046,2823.5122517909845,13.797486504000096,2840.907954843344
3645,2973.703126068207,2978.572781709776,11.75228584470813,2983.2288702013216
3544,3334.2683180930458,3339.090082242815,11.409110212129052,3343.8294484221706
3394,3442.4343239225473,3446.5324485030574,12.54946068313659,3468.404520159821
3543,3512.130458772593,3516.4548846672196,12.223205927965155,3520.825855012696
5217,4063.1633490124814,4067.2589770724917,12.869684406201177,4071.9350740546834
5384,4338.573169647998,4342.389493620787,14.281726636877291,4346.608376406991
5551,4503.513420387163,4508.103090065353,11.957091250284881,4513.1784360775055
5662,4505.921098293777,4510.341013365668,11.817041439348337,4548.430278077084
5522,4508.028066511945,4512.225192956245,12.953454021950654,4550.909790848296
5536,4773.411753766895,4777.530462910083,14.9322474293755,4781.891825045385
5647,4775.459800060992,4780.0543283995285,11.151079106154494,4818.260708293709
5250,5044.27120931025,5049.144186243743,11.615706731127437,5053.500366075057
5393,5169.080341643018,5173.209316790127,13.178287101434117,5177.999230263614
5232,5236.987181661953,5241.150582104329,13.076196021561087,5245.88003806461
5653,5513.604623337723,5518.103001755955,11.982399838648654,5522.804461617225
7369,5673.908207250693,5678.576399167325,12.469511359798691,5682.781001570103
7542,5763.42824200684,5768.048252397241,11.92669522522352,5772.847374669256
7660,6393.823191539285,6398.0955080790545,12.24112549531837,6402.635595545153
7222,6962.202813866854,6966.433655582424,11.78345961604415,6970.8241363777715
7666,7113.689886056119,7118.365288813487,11.36586428879441,7122.890823435043
7385,7119.904425154317,7124.365622739997,9.870531177207681,7163.396999971421
7387,7383.466484341999,7388.40431548592,10.742145247730496,7392.873564916244
