410,216.9141872178622,224.06191236237794,11.562544460567162,228.41218658647276
99,318.48012533495256,325.1361754853725,12.304784922618964,329.78727706525615
507,649.2370377732788,655.0322739990245,13.8889139962815,659.737535060521
251,730.6410738397566,738.0309504356688,11.494933830363895,752.9016398041892
104,736.167628702075,742.0974824241036,15.519812323563556,755.61355008714
252,813.5263338662334,820.0947179491106,12.299712482384871,824.1008979172113
237,819.5718478773281,829.2336261417047,8.589047674535012,835.6318511955816
422,927.3564191194112,934.1623859903048,11.307274924905528,938.4325977024994
266,993.7155169325395,1000.3229256725288,12.82992559431879,1004.2888076443189
245,995.7151545639717,1002.2715656032485,12.559334823607907,1006.1216530949397
248,997.9083951725813,1004.3663040169118,12.442829187526772,1008.3301154885938
250,1083.5114062417815,1090.1885584797521,12.04708470224046,1094.8965599378525
238,1273.0445023965947,1280.041423706358,11.681822800559793,1293.0980677906043
263,1368.5411285389457,1377.2251096273792,9.016882840994064,1382.8365371782143
264,1443.6339966337625,1450.2062604517303,13.24465503916191,1454.7060515358774
102,1449.7463055503003,1456.4456901657545,13.92176679173072,1473.256342656429
95,1487.3866821157478,1496.1378707765227,8.717405869894401,1501.9300411390284
192,1539.0186645607153,1546.0610149628453,11.27938616479823,1550.208729040501
81,1625.8314459715252,1632.1032285067433,14.673593202492327,1636.5223631776032
82,1668.9684476812618,1675.167472690337,15.098020288857342,1679.4810864684111
228,1717.0003963019083,1723.1981755849185,15.18146366977086,1726.4732003637498
221,1808.8967449980528,1816.0005698730945,11.469609891874105,1820.9915459011017
262,1893.9197672583043,1900.610469689135,13.243919341713967,1904.4331589433843
2166,1905.920712123353,1913.1400075925098,11.282736494339153,1917.9853267028016
2513,1927.1257979416341,1934.033328243239,10.773777920307019,1952.8782417863954
2188,2167.9853077961657,2173.430341128499,15.133366621130895,2177.788554685968
2095,2265.9294789099963,2273.03509016539,11.574884269674978,2278.156618407264
2098,2272.236518848482,2279.0567131324465,13.170722473063432,2313.407964101839
2256,2523.7402852710197,2530.0556909687043,14.301123199712785,2534.624192454488
2087,2567.6291161533086,2574.167379299221,11.903396603345815,2578.9765723599603
2226,2799.515709435434,2806.4839777883694,11.849433935448035,2810.7071918825527
2501,2811.885798298191,2817.457783338167,14.63794923213593,2821.8960540236085
2254,2888.5141026001443,2895.4473300149957,12.434458442337672,2913.1945547019786
2264,2890.3488127893124,2897.246828519934,11.764420197034791,2915.9356658568486
2251,2979.0673364759855,2986.329895903575,10.56826505050064,2990.7964849682353
2079,3018.491968542835,3025.1451521712424,13.005611806576946,3030.0019308412457
2483,3086.6259612443364,3092.1991229143346,14.392078728075301,3095.755236899873
2234,3249.1264182643963,3256.149207991957,12.32915960300766,3261.373010596496
2248,3260.1332854236794,3267.0857629870925,12.076012553974708,3275.597961225844
2077,3514.1281342219772,3521.3260211025436,10.903730969673886,3525.6762105175176
2231,3605.7332314710357,3612.4244333121155,11.986011424641582,3617.558163369006
2173,3612.5020214367055,3619.1527294128273,13.416693603290684,3633.249088785335
2266,3705.22508708177,3712.107491657159,14.204699000367057,3716.7674850169938
2096,3711.1747955697515,3718.2241122503015,11.908915706747642,3753.3603767917116
2084,3713.4094970035953,3720.132093566588,11.331674219143894,3755.713965807307
2220,3786.33637301223,3793.05379083845,12.549073163796045,3797.6392114830446
4111,3831.055217378189,3837.223858246782,13.588220702856653,3873.316221049319
4227,3873.9935522795163,3881.2839089284334,10.598328532382528,3885.857524549622
4103,4098.893868470476,4105.323342908923,13.700291864124585,4109.793121517506
4109,4188.48773840515,4195.494261320148,11.479510592012941,4200.410277147411
4229,4339.08889230866,4345.5629039378555,12.030825263789415,4358.208567388448
4270,4507.914266697797,4515.075326930373,11.640036728810912,4520.446485209647
4268,4515.946325875302,4523.360394051658,11.055639185402267,4535.509080566489
4513,4531.946136286658,4539.071695890797,10.80191986693105,4543.601512862179
4255,4598.849522224096,4605.01730848138,14.91959719893777,4608.328004004781
4246,4685.7328529318065,4692.078749087481,12.779264252147625,4696.659485901766
4242,4780.204516485082,4787.039528423852,11.548879879364048,4791.389359143151
4253,4955.564381218894,4961.35238595433,15.072338243176176,4964.770092308996
4503,4971.546621506253,4978.294684015301,12.008532132639479,4983.09850785695
4077,4999.0034694089445,5005.361010836248,13.461400840536847,5013.203491131428
4440,5149.495401647011,5155.37175876431,13.941200565314725,5159.864793261956
4480,5245.017881040502,5250.598874572968,14.55574306005573,5254.207248964991
4231,5493.8466767173995,5500.489725258772,12.568064535859309,5504.487244108301
4265,5500.09008475603,5507.241339389589,11.634895998594459,5511.357497686428
6163,5591.970836444869,5598.468035991343,15.043193177737368,5615.969384888842
6259,5674.021781224083,5681.057475798614,12.1292462351302,5685.238424330717
6091,5860.710647853951,5867.538873311888,14.781265668367453,5871.10669223099
6246,5862.821075080353,5869.295598284154,14.222347286523503,5872.9235337367
6231,6123.559252112092,6130.0125948000605,13.810542131426109,6134.744160837165
6228,6217.040517494054,6224.0132911676055,11.749823476721916,6228.272476805995
6504,6325.433144110211,6331.5340239671905,13.069146484347304,6335.384854131208
6266,6393.765293351778,6401.164705358032,10.691312828194965,6405.65156098186
6226,6399.809172987215,6406.012854375462,14.20136832993083,6409.383647742542
6477,6408.380971762782,6415.486362998081,11.401471041546587,6420.697170005963
6507,6422.063443476152,6429.191962652392,11.304804325046216,6453.31636219565
6512,6588.852989257824,6595.258660764195,12.393630146528377,6599.890749613258
6409,6861.202589938329,6866.173810470805,15.155378868186737,6870.212156134925
6255,6938.955067156125,6945.463485152412,14.481313841183443,6948.949890684834
6225,7118.154729275624,7124.53513134628,11.594415127723641,7128.585925799171
