1837,564.793806984065,565.0145189731381,9.725319324193578,565.2068151902507
1848,707.8158899365866,708.0410288346511,9.749831277442093,708.2328416017685
3814,2745.7310367319833,2746.003815261698,8.989897311972044,2746.211842344918
3859,2750.7101882586308,2751.051799428206,7.450906297769141,2751.3027946818725
3802,3280.792219568098,3281.0165744178153,10.176435635317564,3281.2003462396274
5829,4898.842033049827,4899.054839159552,10.225219070158268,4899.237734225509
5820,5179.71141623823,5180.039785412638,7.421718925394775,5180.291767754607
5812,5390.797471668714,5391.0383639559905,9.234705310368957,5391.240876332227
7848,5886.746979203473,5887.012805224539,9.115024794853978,5887.217976593608
7844,7246.813692855761,7247.032888043112,10.218354243492259,7247.215905980413
