630,320.1799882228587,327.54908640497666,12.005871244389501,339.13650334282966
650,553.4296620141233,559.6646909435025,15.019785256089508,588.4496298664606
911,643.5423040873496,651.302873095584,12.458984357362116,664.3468352352882
646,912.2798913068671,919.5202208841172,13.423528205102555,931.6968701201213
891,913.9849723314816,921.2736312740855,13.374183386075835,947.9630704763052
907,1006.7007381511206,1014.2620736293455,11.763408772633584,1037.812581143364
649,1371.3554505369427,1381.2932642031064,9.573273305938253,1400.4047722940177
1140,1542.826009951415,1548.6460295182067,16.032566019374944,1559.2337513090677
910,1743.1073019824041,1751.184815252606,11.554820997961274,1763.5815871097354
894,1873.4928583574833,1881.1766753530042,12.662305520592792,1893.7062796016683
3715,2084.19694325512,2091.415854331279,12.700906132118423,2103.877629465952
3129,2085.5971974789118,2093.152634451496,12.875084405159035,2117.712542734396
2388,2165.1579043489405,2173.2816739808873,11.94519839246868,2186.3648394906813
3147,2263.8987144811754,2272.272087864593,11.03151107954152,2286.5016574692163
2624,2297.7887543456563,2306.393093115669,10.886937374389328,2319.1577978085543
2910,2300.0221052401535,2308.1758593067902,11.12156129496867,2321.0892177704577
3728,2368.5679096740755,2376.1599036475964,11.796067955743597,2389.0754317132614
2899,2619.4955285901306,2626.1691803018666,14.550827567588327,2637.3682318389983
2378,2978.0021351275036,2985.497020152653,12.056574476263693,2997.7586772974246
2886,3044.8439562008325,3053.1820708872237,11.657526008643067,3066.806585732685
3125,3433.7274797635896,3440.2887957853773,13.61414937908495,3451.4311874788664
2637,3647.6943843279723,3655.4655056363445,13.298497475067665,3666.495382726822
2643,3884.3786040695404,3891.044167972554,13.132458315741756,3902.5897282491683
5122,3891.6664268894287,3899.370145948519,11.702202831671128,3918.616298667246
5136,4440.529550128386,4449.2964427787,11.07217407703025,4462.990488196831
4380,4662.404945143019,4670.343289586932,11.782052684592383,4683.651940814069
4890,4871.1496191058295,4879.221374888033,11.58438502902878,4909.654853583558
5167,5047.723610193481,5057.378215673762,9.343448670193741,5072.906711460944
4898,5057.743687717931,5067.27582811211,9.39747094911484,5088.290800031081
4921,5326.9111341310545,5333.350044092095,14.591343606548207,5344.769971635205
4896,5503.041100299531,5509.107949496936,14.61323703975688,5519.7983312843235
6899,5647.963873876453,5654.367468116389,14.463879402901034,5664.449839409354
4641,5685.920525469231,5694.115982261289,10.819935704801571,5707.934732414072
7727,5853.781024222662,5861.116772248613,14.087423651357076,5872.576816364149
7720,6303.718496221429,6311.396485132489,13.050674181387135,6323.742119900283
6906,6784.7563750630125,6792.472796608521,11.862805632098462,6804.345627947312
6910,6857.069087229926,6865.245937831929,10.690826780666747,6887.880643386496
7145,6937.520984414452,6945.313791826787,11.928568637039238,6958.065722239369
7119,6949.883146548918,6957.290918831379,12.52092952586265,6978.509452913005
6636,7124.975749175004,7133.066182763251,11.968506651892612,7146.435026288058
7115,7226.76419897327,7235.18464088152,11.319902368170785,7249.513313620998
6375,7385.298944975763,7393.487947174363,12.46910052092187,7406.469681844819
