1059,253.2411184519993,258.5093158471137,12.078302412595695,261.56595999977355
985,317.4724729502502,322.0948863547162,13.662737947721203,324.8802291535592
1913,463.9564136972002,469.45892901510075,12.37343516897802,471.63533918096044
1055,521.5210782169996,528.3188229915197,9.995272238389708,543.0026134426325
970,713.4658188124668,718.3048057380573,13.67070145617965,720.5204633438437
971,715.1481841732274,720.0080281414865,10.59535674982405,722.2714905046944
1085,717.230907271088,722.2501093612881,13.350909326121032,724.2700299800091
987,720.2031550153664,725.389762405079,11.990160728031574,727.6592804970917
990,783.0295135154747,787.6177367438781,14.439587141482432,790.6127596623497
1893,914.234569179501,919.4624506583914,12.84038051213141,921.6393383619687
1056,979.7326181836528,985.3076569408319,11.533788023162241,988.5000247582877
1801,981.6421705356022,987.4046246489697,11.074953529388134,993.3463327089644
1075,1029.9424888174592,1036.2523502786362,9.986974453141102,1039.6664167631905
1799,1123.157018058246,1128.2063386252823,12.153923569907267,1173.3780814338095
1896,1124.8791628613783,1130.0196744510283,8.82543016500667,1175.8726424516444
1792,1180.7107208667212,1186.0466793156959,11.732974287826588,1188.2459220972842
1060,1216.4544442672427,1221.5644106160767,12.843155804574938,1224.559642142435
1914,1241.245422105737,1246.102791232728,11.621141015729162,1263.1979855761424
1921,1258.177510685641,1271.1701399520825,7.186436069514602,1274.085772702147
1773,1260.1397362231016,1273.4088904715481,8.712966689273587,1275.9544073143322
1054,1313.9769524007893,1318.5770662126565,14.614636900127797,1321.6315667895399
1897,1375.607060089973,1381.245281117427,11.219384118494547,1383.5949109003639
1911,1377.443966884227,1383.0164954041695,11.10016893813841,1385.450654488639
1077,1402.6409991467028,1407.4190235395292,13.123724139852884,1443.3537960355868
1069,1404.4349801242502,1409.234480006103,9.229255430177759,1445.9891848136917
966,1572.8246960119984,1577.5140935598342,13.770453486876344,1580.3848059634915
967,1703.4446450494377,1708.1851159795776,13.725164429935543,1710.5398442764476
1802,1838.332465653133,1843.3505754709586,12.816374429026185,1846.3384339322852
1777,1840.144218004939,1845.2130994914758,10.441756747154061,1893.0194245817447
3766,1988.4045043690396,1994.5229313555928,10.843078482752585,1996.9729537598307
3900,2039.670956312651,2045.1775008335674,11.002149363056777,2073.540381388068
3912,2168.2759231683212,2173.466519311126,12.816746920277927,2175.6141931352636
3915,2245.1172194731903,2250.4815084595157,12.550007799082886,2253.3047890471908
3904,2363.818341262328,2368.6388849354576,14.06494965838932,2370.6195041377164
3763,2369.078604856168,2374.3465339632753,12.910172714741895,2376.5261087799995
3777,2372.8211166769142,2377.3213684069747,14.281822718491416,2380.543589043697
3057,2399.016739217347,2403.4612081606324,12.896442515912454,2433.089814669637
3070,2432.7415806024082,2437.2319836894694,14.565561305136788,2439.0502287340846
3783,2437.467211212818,2442.1972830354207,13.262924123888231,2444.149684596204
2985,2563.5445133766875,2568.5108283110694,12.547370381985402,2613.010564038328
3059,2565.2340219946045,2570.3555269188673,8.787520687971579,2615.3297103347254
3789,2651.459590609241,2657.287503722576,11.634820429301934,2660.579935027045
3079,2659.865288345538,2665.461335289667,11.300574155057717,2703.101831231505
3053,2697.703065179679,2704.1636908840487,10.129301354558248,2706.812957701073
3075,2760.7503904129107,2765.58989882687,13.586736122011736,2768.5866609833374
3071,2834.474203540887,2839.1559074522697,10.993315494937201,2883.078231713513
3788,2892.697311914159,2897.574997294752,13.221590679835794,2899.616291481592
3061,3029.459709566663,3036.116223391627,10.401433200158714,3062.8181879036397
3074,3031.341698601254,3038.100805075468,7.860992936850011,3065.194891738065
3060,3099.1585826293035,3104.497657455167,11.764917401838838,3107.4621880277446
3062,3105.394784726326,3111.092179580715,11.857629470332975,3153.2701032812083
3765,3223.546215707831,3228.3457410382885,12.976006355250018,3243.0106962542836
3831,3288.2108220373952,3293.1958444580455,13.433796878733904,3295.9323062337826
3899,3291.624904340631,3297.3595937370974,10.965070798633995,3332.891992028645
3077,3305.6517478204523,3311.4809022073996,10.752787018691656,3335.3987326912775
3779,3421.439166305386,3426.5129188480632,12.60951998373091,3428.5647425967322
3913,3423.24857005021,3428.270853106934,12.938312124130073,3430.286076856301
2961,3491.620551107548,3497.2829232242552,9.592674032419957,3515.55896330167
2987,3560.8738036748714,3566.512034553506,11.326879018488997,3569.5352211561008
3774,3640.5101935352777,3646.2469829387032,11.18836388877902,3649.5407637426297
3908,3699.8561825157094,3705.3311950245898,12.339321145787961,3707.5276115831866
4978,3830.9734675839563,3837.179946191361,9.347715729323834,3875.72657741378
5790,3887.050743299798,3892.2055971200803,12.627527200849597,3894.2835550620607
5073,3912.08656851373,3917.4641435961894,12.275228114630785,3920.641963708235
5072,3913.906921693776,3919.2224863726337,10.995886756400198,3962.9065365720294
5083,3951.274639179367,3956.4037345057623,9.795587966122824,3965.4276509623264
5052,3961.9189956640635,3967.3172177464958,10.585277219127546,3969.9844026841074
5819,3969.120651789471,3974.473361076109,12.331337499729521,3976.6236794767383
5066,3976.1449122873064,3980.653214613368,14.628216528978163,3982.4749169318325
4960,4094.030901766379,4099.513232509561,12.447943460177694,4102.6512788336595
5776,4145.149977124828,4150.100812673704,13.751717165779148,4152.018963480301
4972,4213.480700077642,4218.346868455982,13.565496155620325,4221.367511903699
5071,4309.27031045975,4314.428114385849,12.471678801746348,4317.401950283795
5057,4393.057801527101,4398.292878253435,11.847913801543715,4401.196527910225
5804,4420.115623704798,4425.252528317262,12.881309723349021,4427.341035348688
5060,4490.630759649747,4495.46142051972,13.55106153814349,4498.277126691599
5025,4541.793195609524,4547.029302060714,12.510974680596018,4549.878065027272
5777,4686.537031934768,4691.486330944907,13.619811224561719,4693.493439698139
4991,4753.11407273098,4758.357608723055,12.783446593544763,4761.481893242133
4982,4754.911412256633,4760.174564756236,10.412536144021603,4773.2223868727715
4992,4756.687816247937,4762.1114350499665,7.535275651949295,4775.812606679296
5796,4874.790063065486,4880.29999913611,11.584098341113103,4882.519433621694
5895,4881.432611894092,4887.420148815286,10.640672068109627,4889.8977741100425
5788,5006.302842343858,5011.441990936944,12.041271529190958,5043.040930407651
5069,5172.555688600058,5178.043177412912,11.38848818521533,5181.227576737241
5820,5268.821191269172,5274.323262386658,11.73376417875425,5277.464752661393
5918,5277.4248350655,5283.250181952149,11.001023325551149,5313.344565085868
4975,5350.739902035393,5356.053777675974,12.213178018369028,5358.9762993363165
7085,5531.277877869328,5536.00134400681,12.793863556537914,5538.899399602905
6973,5535.626900638723,5541.432825178733,11.052154168125329,5583.080211901782
7058,5537.4264158890255,5543.38466308976,9.193612134993348,5585.574908974923
7896,5598.74327205115,5604.330946563311,11.942230909468115,5606.581925726243
7765,5604.8202942134385,5609.095968490605,14.982881438762096,5610.880573805647
6997,5619.779630639565,5625.039211694394,12.003153972334287,5628.322265189472
7064,5662.789277208283,5667.232131779421,11.340807341206318,5673.2316484068815
6998,5668.824923729354,5674.431886586674,9.106547442523341,5678.198797575741
7080,5698.7910411021285,5703.442711253917,13.103095153500256,5705.445469540962
7788,5798.42134073565,5804.350494965682,10.779470727647233,5807.637409608977
7780,5866.688158416672,5872.187912341135,12.560930455661266,5874.390849994077
7778,5944.77298107917,5949.518938485233,14.426106583601792,5951.387859018265
7781,5994.880248305414,6000.425660406238,11.840303882462845,6003.711290138351
7764,6066.214779749259,6071.045864438638,13.119706439370084,6073.9591017106795
7786,6128.725305072149,6134.107724775651,11.7675023668888,6136.341722446724
6982,6195.239933221233,6200.553217769041,11.87838376077977,6203.444777333883
7805,6198.2697999209595,6203.033754933156,10.936466468466476,6213.129582198675
7072,6222.773781556626,6228.344870094535,11.024801701863263,6230.66512585263
7911,6277.607987756303,6283.014044911604,10.814155053892847,6303.081085685303
7076,6487.1296903073835,6492.339210326024,12.237748242146584,6494.48391310212
7792,6521.089216478908,6526.4452183349,12.451165421393926,6529.506581582424
7913,6522.965554087055,6528.284787432164,10.986069121082059,6573.646633360228
7899,6524.75493612601,6530.327563993668,8.392550021314467,6576.242063491759
7057,6534.506280580648,6579.041331034671,5.397967884246748,6582.461940799833
7798,6588.036728112974,6593.338086985954,12.500038952369742,6595.50113869064
7773,6591.6471136986465,6597.38269093076,11.223011189469648,6599.753959461664
7063,6655.000884621458,6660.010495965297,13.136228616330452,6662.038633527574
7910,6668.507434956893,6674.397191130724,11.077845209836124,6676.8796388511
7027,6790.090141121173,6795.539297259343,11.849025639773197,6843.197928981617
7078,6793.763272474393,6799.4297294294265,10.308091342421934,6845.467293528683
7077,6917.616629320538,6922.528475396103,12.973287676549239,6925.681796433928
7029,6920.599199376658,6926.022251866263,10.620041188493653,6933.353420161049
7074,7063.682080650868,7069.247953205784,8.641377275486452,7115.699499218941
7824,7116.765898404208,7122.426221012731,11.025992909418006,7124.721983242315
7829,7120.067346249624,7125.126183406794,13.41240477974735,7127.131332147497
7893,7127.697149213773,7134.096624642162,10.466283097513083,7136.662096134504
7082,7147.471213745835,7153.505385818105,11.133538238802068,7156.752158356896
7779,7194.51470400905,7199.518256950948,13.550588200193085,7203.054333431839
6985,7253.652701594213,7259.368756755056,11.601016792958612,7293.144388304976
6972,7257.574813496896,7263.352527138736,9.221086629951886,7295.780027842496
