852,28.069046582897663,32.169031216217526,13.646446967222007,35.72095516996069
793,37.98528614401807,43.003347258860316,11.912529144241507,48.04892419223716
709,104.77116726649999,109.42135317793289,12.182304628193403,113.16210991925553
856,198.09205361989913,202.50299478897108,10.558845099683708,230.79772958870004
706,233.43312530125996,238.0513338368347,11.960659484911895,240.78612117659378
836,283.4029262662284,287.28200627666536,14.519043885083317,290.95348950835324
716,320.8212083710456,325.4368529751682,13.672788447423587,327.9055011769714
892,385.7450481231993,390.5504365239164,11.658876831013819,411.20084114868774
712,648.437909803319,653.1462438173572,12.04555891109651,678.5646782821816
900,734.3219500740915,738.4498289977279,13.618995240925262,742.2774215942866
863,1004.065962511441,1008.5659626725745,12.59874709670876,1038.6547745231692
727,1221.1694965682445,1226.4759502330799,11.540219502106906,1229.5120066506702
831,1365.3054361236052,1370.1686034287206,11.740515970225925,1373.9409961613514
878,1374.1305918205796,1379.0940356722256,7.884692556637678,1403.0609380231542
708,1544.832485622019,1549.3482233784987,12.721829632159896,1552.963916407382
811,1551.339354581367,1557.07346604661,9.875459616429753,1580.9905869988177
697,1729.3038370089466,1735.10004714265,10.362115763436092,1739.6035113937176
730,1758.4599864931931,1763.2706569812158,12.332363816601658,1765.8624735168073
2873,1904.8543332884515,1909.5766643018226,12.096969690883666,1913.3528493980725
2835,1908.002646288735,1912.414819682156,12.704819905664786,1938.977110585196
2728,1995.1691006181227,2000.1161760149375,12.028319524962848,2003.903025970983
2717,2298.766774337809,2303.5297299601293,14.706452313911212,2305.8051555140682
2842,2354.716342003715,2358.1959406765036,15.804421912484509,2362.3145492740714
2860,2433.908253646792,2439.006690647343,13.001762033794147,2442.8225651254947
2891,2524.2108827753864,2529.489528878771,11.71107225476763,2533.6377250848554
2814,2568.484183971741,2573.305695278104,13.163533919473684,2575.9647738149715
2837,2628.68547106145,2634.397006870842,10.051700304314904,2638.6435441695307
2791,2931.9872187496035,2937.081459275888,13.394165485918784,2939.4924395937455
2847,3154.2067141903544,3159.255523137508,12.00458700918898,3163.5705803530673
2864,3529.7453330129943,3534.2513976187192,10.138916570204437,3560.8278200107807
2833,3614.153905864387,3618.3658120554564,13.136322551589936,3622.0348081200523
2817,3616.4650227818456,3621.0344600633794,12.096337792219138,3648.2259237608905
2708,3622.6977124207465,3627.4341211492415,9.635309042355267,3653.401579083839
4714,3794.711793987263,3799.571681899601,11.685524873563542,3828.3158601818795
4804,3963.541527313615,3968.163477817796,14.46618544508082,3971.8634105025
4799,4153.39712528127,4157.127057756056,14.685958733443156,4160.838804579314
4835,4165.2548723486525,4169.541187466059,13.820630922435049,4188.168051964445
4703,4189.065769439876,4194.255369635228,12.308864002829177,4197.144732703049
4817,4335.332323700996,4340.224365220572,10.996161112734002,4344.12946438709
4867,4606.693052540153,4611.4353742554285,12.085767632214298,4638.353450928449
4823,4698.5495962271025,4702.587125685809,13.897006587672914,4706.790568925713
4871,4876.518431134903,4881.327097952277,11.282816810847656,4885.966940716438
4885,4967.276201694356,4972.153008745366,12.130532222051412,4975.79999600722
4813,5088.567708514285,5093.459399277791,11.827228574452091,5096.268319867419
4820,5135.531226340199,5140.185000681027,12.195811199093878,5143.848883246285
4726,5142.80546640192,5146.562440188221,14.242615645883074,5178.679931661415
4878,5155.555150600957,5159.579354024721,12.547096710891788,5181.294947880673
4713,5272.1315747407,5277.210891503229,12.60447047836012,5279.872946630788
4723,5366.955318036391,5371.561463763301,12.713099569888985,5374.178896104846
6712,5538.696071201587,5543.307430433868,14.61168307062943,5545.520972875977
6848,5853.523329145931,5858.286053719647,13.456434321318905,5862.3018835946905
6698,5990.880943006679,5995.091304648538,16.034632154738144,5997.217431779949
6804,6134.063100124319,6138.23560675703,13.628853381381552,6141.8069990198965
6866,6143.636557537787,6148.378117457533,11.101664347689919,6170.477839536563
6844,6315.395519692644,6319.485596069075,14.369368389439307,6322.866132109094
6874,6326.584445279426,6331.041593294638,10.971348046820824,6350.863988961716
6715,6440.728183458392,6445.037286829218,14.490259214735492,6447.438591633133
6716,6763.986718107902,6768.287688737614,13.623063981898895,6771.736909744692
6793,6782.714815028512,6787.284403150381,10.916574672423705,6800.588899074251
6709,6856.8773531296665,6861.410742824308,13.119622272645618,6888.477986380675
6862,6858.669573271113,6863.133479963267,9.246056724398114,6890.993740347117
6705,6888.526803714637,6893.406599138388,12.845929335986806,6896.049292435616
6877,6944.575756126822,6949.391758354617,11.771035570079349,6953.47745536634
6717,7034.662258683096,7039.303898400053,12.58573504885402,7068.214563447238
6731,7072.590791952122,7077.0693393590045,12.585668030031934,7079.6025157263475
6836,7125.168471983908,7130.000505866416,11.929673277013794,7133.881567232791
6795,7145.1710378182415,7150.235813354715,11.219795093151589,7161.129416190797
