149,293.2103266566591,297.22267870856115,12.184617026556433,302.5697162741766
1497,320.7470849367472,325.1815216719168,15.432683621530007,362.9483357826532
1494,322.83791972611266,327.04988346444924,11.840426871965116,365.26776352317967
1327,470.53292356274716,475.2482361051803,10.008321219254938,481.5338282802284
369,472.46075926964545,477.2340991315222,10.289026726039182,483.34179460248146
1328,744.5957002782944,748.5636961641001,13.18096816786433,753.9724653237105
1368,768.6136186546363,773.5248939042297,13.283519010080555,779.9217696302255
1330,928.4358546345669,932.3511781701648,12.439510932047737,937.9495231734975
1493,948.181035106508,952.5157381473978,14.222774339748709,958.747467323897
1491,1037.7637166713703,1042.1554505741144,13.479117458623124,1048.720526960969
1369,1217.9215404228362,1222.5244355672978,12.996302580844803,1228.9849598425137
1365,1220.2171113136574,1224.491531373492,13.34918169513714,1264.2807671603462
398,1375.116481677576,1379.4120977818511,11.767212580949515,1385.3382745294418
377,1376.9037256435192,1381.2182970436659,11.628763179431822,1387.135037881363
1342,1633.2294139470841,1637.0505783474591,12.55648211968134,1642.3488503360934
1345,1850.3514559134926,1855.1107506984679,10.902275191909656,1893.486836067979
1355,1852.2705282544482,1857.0429481238878,11.654782646637035,1895.9233318530473
3328,1993.4007605595918,1997.3806206275287,12.57000528029694,2002.7532225325747
151,2086.6641809587504,2090.429503787885,13.627615039078627,2095.5999094773474
339,2138.4741495994217,2142.0384313868967,13.532883225102719,2163.6905415858073
3334,2369.5166521072456,2375.08798840047,8.749793831741245,2384.0157875078207
3353,2387.8999208667365,2392.5197113171976,12.313088033818618,2433.372506593766
3320,2717.1056159446807,2721.1467766472783,12.250597613774971,2726.6553259528705
3336,2719.0232855957665,2723.129012415479,11.659391624691091,2728.7259026276083
2863,2768.2585063260185,2772.013012520507,14.187096713806433,2778.4699082128836
3331,2807.67298990903,2811.5046873317115,12.86211455297733,2816.8265875269817
2377,2812.663162434992,2816.5148794784513,12.692130658800137,2821.6883695302217
2145,2823.2915436397475,2828.083282836882,10.41188722229448,2836.091330780899
3356,2927.8371801034473,2932.2998008191103,12.90257206712399,2976.0162018185474
3345,3108.41564452876,3114.21202828693,8.472368377428946,3122.7439568675795
2857,3130.1368233194084,3133.48965380533,14.504923276416127,3153.6041378256973
2350,3222.41987938583,3226.199852008705,13.526121937900848,3244.9751696821263
3323,3613.9121620553456,3618.122134091978,12.666051701489609,3623.7311234611157
5118,3856.684081709795,3861.155862203741,11.208603124038937,3876.044381823073
4388,3900.178056198632,3905.301163200478,10.007847540556252,3912.909880965709
4134,3902.013026234913,3907.215114963611,9.484426974710459,3963.131720384151
5344,4063.2710200568863,4067.1736990971044,12.681552478753717,4072.3115521333543
5492,4097.963376706917,4102.48937228914,13.572311527277833,4108.947017792514
5345,4187.772672809484,4192.387189799745,14.927613894322649,4198.5063180687375
5330,4348.9599070852455,4353.41133624062,11.27523848817012,4359.485021634297
5329,4525.103512412724,4529.50856335304,10.925007747039245,4535.527519900207
5341,4615.829605795088,4620.494011480442,10.317449375821507,4626.847894740816
5129,4669.821795620092,4674.237496399209,10.965833160510257,4690.946197972653
4156,4711.75896628023,4716.08081182285,11.52696322948227,4722.800574258297
4147,4795.027770802339,4798.610949397304,14.287469257329548,4803.498323130474
5332,4796.855865418123,4800.364234793147,14.337394176902853,4805.2080645967
4376,5062.161406739557,5066.162872692314,12.386809863359227,5071.791327366661
5323,5243.21142551074,5249.190589514932,8.415724618479912,5257.082158104421
5494,5358.241690232718,5363.09090008805,14.687319768878488,5369.208879980995
5358,5360.378901577008,5365.365285516019,11.383659407252507,5403.325859587961
7491,5539.994504178239,5544.068674428096,14.918361148323052,5550.291805485018
7490,5542.236583742964,5546.156567953079,14.09771725492792,5583.45114889073
7367,5544.45981927248,5548.056528069981,14.489557209342012,5585.8557654327715
6149,5607.232359053611,5611.401907375904,12.230615228660122,5616.972997728956
7495,5628.291843618559,5633.05340088122,12.483416009709225,5639.811838610146
7500,5898.198715966266,5902.521155160447,15.794914165956321,5908.30087339031
7355,5998.649399472651,6002.213016556654,14.097994685531928,6008.648210015499
7139,6099.410375656206,6103.255574582521,13.621385310208876,6109.684887607718
7480,6167.969312372763,6172.599128463563,13.322179216759586,6178.848360689518
7356,6347.804185917938,6352.456774824573,11.617617258657909,6359.239907069833
7335,6407.179575893474,6411.058910240484,13.460711267523944,6416.2514088274165
7484,6527.974155243771,6532.592789347037,13.56422178101139,6538.821817645355
7489,6622.191777941378,6626.1493503919555,13.284983665318386,6663.3327263920755
7360,6641.614118134238,6645.5628392688195,12.947752746337157,6665.709511738139
7133,6729.4298457213445,6733.390711099219,12.896241245311348,6755.104285053624
7481,6797.743559939519,6802.402627027478,12.002128898714044,6809.059795194102
7364,6888.38975504094,6893.158378507133,12.531256765382665,6899.797531101616
7351,7067.94050931106,7072.150788981298,15.47293142963661,7078.580031587964
7151,7159.285867544729,7165.046236665997,8.464349249508693,7173.904027163593
7343,7302.974959717058,7307.024449546438,12.888518874823452,7312.534269474261
