1121,162.54539145269683,169.41885872864427,12.5648631432002,185.26792860204498
876,213.840150748856,221.1597874119703,12.4382923963357,229.44293808139457
1123,232.12499029790553,239.34364201735627,11.701171550436548,277.5070329959057
904,309.33715186031225,315.4188471059624,14.739410387571944,365.7146471917347
1145,352.5630230440383,360.0672365533154,12.721210659710177,367.9741278898314
1089,418.07908606987877,424.49764922405853,14.504326621810613,431.9294595788848
1180,711.4971187599059,717.4607349988745,14.530486254155408,725.7986763864214
1107,857.0919147352381,865.0670268078559,10.21748344114141,905.0062698929078
1128,986.8940308446395,992.6219268961593,14.639651992722797,998.4176957134015
1158,1056.402742955941,1062.2790432834363,14.475455201193022,1069.9685865658616
1130,1126.7916505238427,1133.310476927123,13.83740726152632,1140.7190662179794
1162,1473.2949372677556,1480.3890645801193,12.711567269773914,1488.8890799557091
1134,1475.1066716278146,1482.2312783714865,12.315459078614163,1536.3240337102127
1125,1591.027114937434,1597.5668175716748,14.140182640216898,1605.1330878208742
1135,1591.0,1599.2404112335241,14.02064291651944,1625.3323080729585
1138,1594.0926402201476,1601.4121707274749,13.129175940170331,1628.190912663748
1184,1660.474715641206,1668.5351011185357,11.183968589573725,1713.1822197727047
1127,1695.7106890600328,1702.0909156365929,13.210058154538194,1720.1784577637716
3172,1937.7064998099536,1946.197155003963,10.76359959278253,1987.0898896915514
3098,2170.8120986542854,2179.0436933612204,10.241202833743898,2187.3320481447277
2825,2739.0,2747.4041146174036,11.025617403923698,2755.864540708019
2899,2790.1539083206344,2798.390996398393,10.128225533300668,2806.3791448702555
3122,2856.263464095262,2864.241150679895,11.44566349297579,2872.787162899428
3139,2918.1944046949225,2923.56433386744,16.136802986247382,2930.507850444999
3146,3109.476923709897,3116.4489918047398,13.062827218617755,3123.8465598323814
2878,3113.3467217168486,3121.3601975658257,12.153711622765282,3158.049409098278
2822,3291.0,3300.151884016241,10.72525886680177,3336.1758701178087
3178,3409.3981704034354,3415.2558578299163,15.05798088283988,3427.640638947553
3120,3542.1122965194213,3548.026236383359,14.082143831539693,3555.429298590141
5126,3681.2883032754103,3687.39196212266,14.28332144936953,3693.4925796027924
2836,3710.0422589613313,3716.4865286448094,12.928690533517077,3722.9687185939238
5180,3955.827843667579,3962.0785500670568,13.859891751460097,3968.5116631169
5164,3958.9175482393252,3966.300745213212,12.109965898884136,3973.5965470308574
5178,4026.000911686876,4033.025579563538,11.983544960244775,4041.3354721355404
4876,4190.0,4197.2983290657685,14.846541764051736,4237.803047694047
4857,4193.046649663766,4199.544190929656,14.096323603017863,4243.082448120799
5127,4229.5242845766825,4235.452082016358,14.967432870559147,4246.069294631721
5103,4350.0,4357.121614859171,15.761165081773497,4364.575849028885
5175,4370.478620310105,4377.261801568164,13.252214751878082,4418.637800571793
5144,4649.239559708559,4656.5410860844795,11.789267444694453,4684.804505178191
4836,4696.029312747521,4702.63271760917,13.694296403448178,4709.148555347529
5148,5248.428305658469,5256.394639913079,11.878526396913934,5265.71789574547
7186,5891.373073494347,5898.54535214309,11.655565216020898,5952.365363669161
7139,6007.568856963434,6014.513758915337,13.577183195077595,6022.266476424232
6907,6147.165707472035,6154.37701490859,15.176445863249587,6161.975800062699
7110,6282.887558677177,6290.105458790746,11.917387871805907,6303.182212757787
6865,6383.9508537708125,6390.316773596667,13.563955036301937,6396.778057610771
7160,6447.462862094537,6454.107732892538,13.364554162657715,6461.912692159411
7142,6520.818706155576,6528.308045587602,11.481336998814735,6536.735809476479
7175,7063.921088976655,7070.619580840922,13.301766594690434,7113.418550832778
6837,7065.769565807616,7073.005594892661,11.986028075729864,7115.983518288107
7138,7199.164628720549,7205.601796578822,13.62348873257385,7212.036724913299
