56,402.0,407.18076368498953,11.031880344756885,411.3897039345047
1569,441.80035356802495,446.42758098154604,9.822779593306185,451.39525991604694
1249,443.7692296305672,448.481405247544,9.880114339948614,453.7856408420169
1398,526.3316613268892,530.0096521236807,12.045646590170854,534.2058937834721
1555,629.6240939963119,635.0269654201496,8.40484156076478,640.5939364443999
1408,985.0743759040527,988.4763054234062,14.662466927801205,992.297007728612
212,1090.7387053704144,1094.1889826747572,13.5746975262747,1097.9670987538211
214,1122.3242972026226,1126.0385044732739,12.368487047274987,1130.048891381169
1415,1430.0145325768601,1434.1078742906695,11.6371631629704,1438.4150773926367
1400,1516.7341588990214,1520.5528971684078,12.21674344670614,1524.6049551287874
52,1565.5714949882442,1569.0367807515365,14.29796871706366,1572.8021811575052
70,1656.9147462058897,1660.5624462119993,13.704789915052867,1664.138553987593
67,1835.7298091168122,1839.1449366960799,13.465319290509818,1842.5387216979268
1586,1967.5447558606234,1971.490456028531,11.654506573767108,1975.663664593551
3807,2127.6063191220696,2131.240950562561,12.329806961940383,2135.413946888602
2209,2292.37337565332,2296.488383150146,11.694686152337493,2300.897356739837
3561,2854.4799568665067,2858.319886444887,11.822300894581007,2862.533351838825
3254,2870.603181986311,2875.015361835529,10.33549181161691,2879.5238677031853
3406,3047.548640675398,3051.526201516629,12.109472906713343,3055.801240572917
2058,3188.5306936762186,3192.398418968538,12.168571293205215,3196.5294889227907
2077,3601.445861968599,3605.1881447235264,12.901368832533471,3609.19786746278
2066,3728.495424748056,3732.3472953659034,12.163722305774805,3736.3425732271
4215,3748.126779465808,3752.3679877798745,11.60534838133983,3756.6710766649862
2062,3901.573707024639,3904.597750737227,15.281822516090246,3908.237255572493
5419,4400.224761398435,4404.209245664017,11.740967675933206,4408.553644263932
5406,4402.011614022461,4406.072191293248,11.82432055659441,4410.741862407645
4065,4449.219177817995,4453.0947762023125,11.87235966720471,4457.069397270538
5417,4673.219941990135,4677.349321994645,11.603027695369827,4681.668884415344
5414,4679.093618565641,4683.3971391968635,10.424993870291122,4687.920012886171
5557,5567.364612704042,5571.048521973829,12.775610053116319,5575.151512240485
6216,5678.799498778789,5682.442052041494,12.962578190126324,5686.385347195435
6065,6522.89794263172,6527.174314729588,10.984386704266184,6531.483062074313
6074,6698.476229272995,6702.365062464252,12.644606106565403,6706.112521415559
7822,7081.75496843469,7085.435391348741,12.57150245887219,7089.61187264469
7580,7364.130382129001,7367.552946232641,13.518533551538066,7371.42123162481
7415,7371.204088456215,7375.167613737019,11.426448606172436,7379.552089260251
6069,7415.202032242101,7418.566454970496,13.63328756750822,7421.936006407482
6061,7514.829225863848,7519.330443824056,10.187011160432597,7524.036348573755
