205,62.262155521971025,67.25528655018842,10.239823556175724,72.64020172375231
721,559.6226013566433,563.477887690926,14.289899865313492,566.4105726991692
1529,580.863083749927,584.6010794037285,14.067371589349897,588.8180035150715
704,734.0906202923815,738.3753171277989,12.876854389887178,741.7618181532996
968,816.161662271875,822.02858980277,8.956608806227978,826.5037558435323
965,821.583042973896,826.3420351693311,11.959383726126168,829.8052159849229
1767,828.7799088947002,833.4584079241704,13.452814473894408,836.5278946688774
446,915.4627502963515,919.5957030584735,12.756873046078077,922.8455494237407
1776,1179.9661063090884,1184.2491109617406,13.045756249564995,1187.6204461717998
967,1358.605154764706,1362.2679217026246,15.783758393393343,1364.980291588196
716,1540.5250239034767,1545.0039241279349,12.114787383214061,1548.3701514954193
208,1743.5419527383992,1747.4849816378771,14.291809574424374,1751.891992757781
1797,1808.3124124359551,1812.606988865748,13.717883582131204,1815.7872231824033
1780,1810.1621258326154,1814.3265484459337,13.235243302427257,1817.553618322471
970,1900.2524594561885,1904.2313661786413,14.119806991430442,1907.3190624874574
1790,1902.0668334224065,1906.3542531724102,12.883469030813048,1909.7866180153526
1789,1903.8608403993128,1908.290468603081,12.004356721357228,1911.882161435892
727,1987.6988903462563,1992.4830529248136,11.957054150349965,1995.990335276742
964,1989.7793104176355,1994.2295625448508,11.708825364222438,1997.8099168736962
1532,1995.462143384372,2000.1243552273622,12.053209916602768,2003.7227236067165
2448,2019.8341437357842,2025.0460797386713,10.330917362721822,2029.769813870389
1545,2076.2314275843464,2080.5407052829446,16.94355677456583,2083.053779870955
3769,2357.462844581416,2364.0605766692875,7.884620406582252,2369.3385165588206
3781,2436.341095455189,2441.1950445336133,11.690659272422888,2444.733861862939
2719,2442.343768802131,2447.0495312006396,11.6341617856525,2450.5729616095823
2958,2526.324496424644,2531.4583803738587,9.817482125413195,2535.438225729709
2710,2528.2334512738626,2533.3870199981243,10.66626944491783,2537.380491255011
3539,2535.427001216452,2539.1456790297825,13.989744764168398,2542.1770740322404
3791,2613.8338258939043,2618.1576033956107,12.965606788759201,2621.4210434370457
3766,2617.7872863418743,2622.4121355171214,11.736270894587504,2626.08876877351
2712,2714.159946113522,2719.1049262416973,11.423331525357083,2722.796552497271
2991,2721.0764986672984,2725.323038817326,12.43665867920676,2728.712956084684
2957,2800.360620880489,2804.5168793939188,12.648332317563469,2807.962275217257
2718,2890.41346906308,2895.0937900687845,13.993160540359614,2898.089998442225
2724,2896.7300709096635,2901.2436778030487,13.139082591991256,2904.441528380755
2707,2898.8563385471107,2903.0265113042574,12.900092292035351,2906.1858016578126
3513,2985.3901085155167,2990.4328488200717,10.792644351145706,2994.436121252586
2704,2987.3340263429145,2992.440293233543,10.214963927076889,2996.2466926756833
3522,2990.9383564101036,2995.186968894181,12.222070371245588,2998.564477815973
3777,3158.289631017575,3162.427326504565,13.030177034671352,3165.6510783683634
3765,3160.183357458587,3164.1397470009006,13.674769188837274,3167.372342793554
2992,3244.122029844884,3248.409799619774,13.88817253654153,3251.280399639715
2989,3335.6528333476203,3340.3859382023534,11.849155314732329,3343.80169495036
2705,3343.617115354068,3347.2938436395925,14.075413593369316,3350.148500162914
2966,3518.045402816824,3522.302481018895,13.097098781798703,3525.5193158825964
2722,3606.05895052039,3611.2564825387044,9.932070061204236,3615.2988742344996
3774,3616.54559235594,3621.0612279993807,11.270148846306782,3624.6184184758777
2726,3620.015605365275,3624.049592602956,12.85986471001015,3627.211340625783
3790,3694.145115071368,3699.2926759065426,10.84269181798437,3703.1832546120822
2968,3696.1657622977095,3701.2098521658286,11.937757326453928,3705.068740824509
3524,3726.982756249479,3731.382322593676,11.448878578897228,3783.50599509154
2721,3786.724916249958,3791.3881174969415,11.729548029308907,3794.963124053146
4719,3878.6558936270276,3883.1578198544184,12.790103738902536,3886.5636394007665
4994,3980.2450480916073,3983.5038853266983,15.963982624471031,3986.154035819393
5786,4058.62159770696,4063.1340357931053,12.009878428767035,4066.7545899583833
5515,4513.531975270169,4518.143376354223,11.521480911235514,4521.701476705333
4707,4600.418105892626,4605.3596961793655,10.176782769739795,4609.251814289856
4987,4604.2105107501475,4609.033041917735,9.734824817134738,4612.8923358746215
5772,4686.471266629431,4691.275977643585,10.703437643287952,4694.95002920345
4711,4690.387101847156,4695.318586351819,11.097924392564817,4699.273601544121
4961,4778.392786993673,4783.162650838837,11.244584231175864,4787.01607062917
4449,4786.640923698261,4791.460839981201,11.405653512262091,4795.300436621128
4701,4963.453672724058,4968.201946151922,13.078471387585056,4971.264248240765
4995,5046.038979289159,5050.419227200714,12.25519151361577,5053.708038474395
4981,5048.0425487159955,5052.272962778307,13.435777402589968,5055.46503999133
5535,5049.986551768967,5054.407504246454,12.370690808665687,5057.880291893894
4726,5419.683280492232,5424.282722524271,11.172031147095172,5427.943634202131
5774,5494.208382193886,5499.381475703789,10.505699899643707,5503.491756758759
6449,5798.413230471157,5803.117750062826,11.029491052937773,5807.754076836676
7793,5972.357437426414,5977.138860656343,11.124907174487577,5981.99564274506
6712,6035.684643772772,6040.520960821362,10.696135681091524,6044.2524243073685
7546,6137.046857223993,6141.500681661667,11.790272123646346,6144.9779788140695
6969,6213.8728403400455,6218.436375373343,11.122259629621801,6222.033683364295
6719,6306.226063409726,6311.106961255281,10.587092843973744,6315.043615390827
6714,6312.3609539319605,6316.441672383746,13.251827492125576,6319.653651898205
6194,6396.489786181177,6400.439337185568,15.203784894169122,6403.310662826408
7539,6492.377712703463,6497.39381509296,12.11223408698433,6500.652691750208
6696,6494.557925912709,6499.179670778302,12.904958102765004,6502.527046308142
7799,6664.295795379453,6669.375467144328,10.736654245917366,6673.306689864417
6960,6673.606098720916,6677.588023340107,13.128213315795799,6680.830100826915
7767,6675.764246219699,6680.42355317567,11.655076161362405,6684.184177426602
7765,6856.3880995036625,6861.217033494803,10.605004062811764,6864.972472329766
6201,6938.959963785782,6944.272020498831,10.756045908783912,6948.052293356918
6977,6941.2864777726345,6946.114102058872,11.191208893608993,6949.898658321059
6715,7122.396101737004,7127.377575919179,10.64646601057493,7131.549535894182
7774,7208.740568629078,7213.382348212668,12.765931124086464,7216.574760594612
6702,7218.213196550997,7223.05134060547,11.11128172757573,7226.788785604775
6707,7300.254386037593,7304.1344160515055,14.711166621454627,7307.132212473696
7766,7386.91052986136,7391.4969760913755,11.80233008336881,7395.076599251341
6695,7388.861174439133,7393.342962611656,11.36875995314258,7396.842144463295
6705,7564.185439930559,7568.190845533955,16.759767460006064,7570.7325450337385
