444,318.1665635461177,319.12704672652757,7.097287491594777,320.1584330407025
2437,2755.1244343357507,2756.1207090026264,7.278374594743078,2757.1289722967635
2416,3108.3951814440165,3109.38017963068,8.462374964348076,3110.2300242200854
2440,3211.441543208083,3212.208196265291,7.330223568749611,3213.2083561548334
2409,3378.216383993379,3379.2075762536247,7.135559399485625,3380.226546724378
2439,3393.406119475197,3394.1534222143277,6.8100363541962,3395.225532817341
2414,3468.2385866491927,3469.2279211634796,7.687013308547694,3470.1688022237754
4434,4278.282977406719,4279.291789352539,7.415191003134992,4280.581806135742
4421,4998.215307089676,4999.214732411449,7.803315317279985,5000.148566886999
4437,5000.498964819284,5001.379510155286,8.405120184040886,5002.246687426534
4419,5277.335616447107,5278.064662206965,6.7694725902756305,5279.14944912103
6424,6528.194934228004,6529.248631370637,6.92454439087029,6530.265230840764
