401,183.70279894551513,186.17699042290494,12.78743185010513,187.74568944903498
389,273.65544224174255,276.1240275466026,13.445074193826507,277.5854562004684
850,319.3260020240116,321.62692358474794,13.603154880000567,323.0090573985014
561,341.96919793295757,344.1928506090579,12.220144119371556,345.80627515376835
604,431.1665199122044,433.15439325554195,14.256364076887735,434.5480197027026
849,438.6530922728526,441.060793452305,11.8777744032063,442.75222737470096
557,616.0599469354836,618.53853728423,11.891247701131189,620.2684224814068
620,796.0765494233677,798.4794335688068,11.666009120887399,800.1375881911301
136,816.0095742431034,818.288827881457,12.799460812841192,819.7734323873112
590,893.3802722782294,896.24295147755,10.302202702343418,898.1311810471872
571,895.2867732133294,898.121369179287,10.059829807491475,899.9620280091675
347,993.8245839511288,996.5520661101393,12.215201937571898,998.0896236176416
356,996.09038304103,998.5070361613797,12.159363954125483,1000.1607076174232
844,1039.8509709904163,1042.3307317434405,11.073242244111874,1044.1859272183103
318,1129.0810568779316,1131.4668923189868,13.460643321297004,1132.8954317673308
581,1151.8620096443667,1154.309359273781,10.687315855405538,1156.113210997153
317,1243.2609042005197,1245.5373371866638,12.27496342029888,1247.2308693279233
609,1246.7675695019122,1249.101340188342,11.716101222696773,1250.694955146641
845,1336.4097573796491,1339.2255997106959,9.671836036922006,1341.2595308478158
556,1338.3604159491658,1341.1289523219787,9.406864514336863,1343.0604864853074
562,1340.3293702324634,1343.1279009483103,11.168827143033942,1344.8402902575758
369,1533.9966024573712,1536.565002089931,13.001278299280752,1538.016494610266
831,1602.1535318166366,1604.2006159072876,12.58523055961223,1605.7647977111044
834,1669.5286869894128,1672.2821704147802,10.717764856731081,1674.1073804751154
827,1871.8822396564055,1874.2261931271175,11.188241339755121,1875.93264991522
579,1874.8060882206964,1877.026229137379,12.382816379719525,1878.6399317299963
565,1881.2033719188998,1883.3912576926534,11.435687646272969,1885.1024115850398
576,1966.00854466596,1968.39399800986,11.512938999121253,1970.0663860374252
570,1967.823997248162,1970.1636334045795,11.907803996599391,1971.737427769044
144,1983.7405757147455,1986.290936181775,11.974878465657188,1988.013568003652
836,2031.652415080477,2034.1555129240596,10.805218811901046,2036.00651144629
566,2055.5576407694784,2058.338220524746,10.284744755385107,2060.2345222778254
2551,2057.569767417226,2060.2710070625253,11.078710960949511,2062.153694606865
2576,2061.501606421149,2064.033744427538,8.844927562655911,2066.230789706002
2366,2076.623727460834,2079.15550982479,10.737636915866087,2080.9328609183344
2845,2119.1665879137804,2121.5721561773007,12.476674709217585,2123.1309296169143
2564,2138.6505104243383,2140.5455455740166,14.733440270370506,2141.9785178869706
2816,2143.6778054349143,2146.1433168220065,11.747999828898687,2147.80534849547
2579,2231.8298809227445,2234.2643743487515,11.747430711772829,2236.00152594943
2558,2233.6953125608766,2236.1145001219975,10.524298965818694,2237.9150239410296
2138,2344.0704716113987,2346.5453576998034,13.318323983358628,2347.9771250042454
2572,2417.2290481003497,2420.003953495449,9.438086824723646,2422.0292524696883
2133,2441.411277696058,2443.373711279585,13.558003203072513,2444.834441909755
2841,2502.845053152405,2505.2599847500414,10.617825228116976,2507.0939497491136
2571,2504.6223674318067,2507.1946792994127,11.067420453415052,2509.017401753852
2361,2523.7816554750593,2526.3597306252595,12.769289379964363,2527.897361142485
2839,2591.964643820864,2594.152606462911,13.659998344727132,2595.6264807431276
2556,2960.8351273768926,2963.0033430857525,12.419832179933834,2964.611073750174
2602,3038.875868039842,3041.084546161589,11.697282974729408,3042.7241783763034
2152,3063.5586463913587,3066.014964707582,12.84622944618072,3067.581530630271
2331,3219.728765605851,3222.0268737642104,11.926817917867123,3223.6844444893854
2582,3317.557532930828,3320.046245290498,8.697840083867488,3322.0185364202885
2371,3513.8164742243716,3516.5031156624696,13.034426150237579,3517.891567068087
2553,3676.790233167082,3679.450842867946,9.781600796162245,3681.405754454567
2831,3678.737666984043,3681.382109814461,9.713167657470175,3683.3766023313215
2833,3680.6208661510886,3683.3407537672806,10.144288877662559,3685.1608904170384
2826,3741.1798187027325,3743.443438689549,12.944820425384721,3744.9945522079734
2308,3764.217127964493,3766.5584222861526,11.434107343033057,3768.296706934973
2589,3766.0501705351558,3768.416776572375,10.654394122782254,3770.1054021139703
2823,3767.8423689666583,3770.248310512081,11.338447655832352,3771.8021886907627
4617,3947.408662652746,3950.0883494050795,9.699749539859715,3952.033846902787
4565,4036.487633973312,4039.1978831952097,10.658739663701388,4041.116198794705
4579,4042.4469277702824,4045.1206904472,10.441945905636445,4046.9064104336303
4850,4125.148511123512,4127.196876137851,13.002788015435868,4128.659593088858
4363,4143.48746328612,4146.424484508286,9.149233987452208,4148.519471393557
4571,4210.479153349012,4212.575751968383,13.664227647689824,4214.064859692887
4605,4213.966835308896,4216.10614120308,12.670238163254602,4217.632737168812
4566,4216.79715553055,4219.07723650771,11.651452333641224,4220.764752064366
4340,4389.362962639937,4391.499980922367,13.217058786768959,4393.0366360932185
4840,4396.116148949233,4398.374369166293,12.294918342971739,4400.015630903357
4561,4402.704290504968,4405.264816017812,11.185126570759662,4407.015035250264
4591,4461.557800855367,4464.004129473379,11.53751050809987,4465.72829962915
4555,4478.229725759643,4480.3738709818035,12.756928034587927,4481.904926684293
4553,4480.028914013097,4482.129907232107,12.909332130272453,4483.624823106561
4576,4568.542188495457,4570.5135835799,13.76540532952192,4571.896733827828
4346,4595.870104361937,4598.431092797119,10.5778763719557,4600.30719457848
4403,4597.92891532718,4600.390850573481,10.168421362801865,4602.210310483065
4556,4844.752743376241,4847.338774745516,10.799130884720284,4849.037946863562
4560,4846.707254760402,4849.184412056661,12.139982446171471,4850.767177051588
4821,4848.931653749112,4851.4271023919955,10.563735592587726,4853.169217509119
4578,4850.711380970117,4853.262555016821,11.715232938155186,4855.020396300232
4574,5026.50157320373,5029.248143987106,9.965532178641551,5031.179349831946
4311,5043.831072152587,5046.338026601115,13.910651226512426,5047.797849145429
4575,5110.2698692427875,5112.45231593788,12.903523207548076,5113.9871433928065
4328,5201.648953522164,5204.022235667098,11.574129264653385,5205.688368147561
4308,5223.686660393056,5226.181450887882,13.911779371637678,5227.572186374581
4824,5287.914746845016,5290.022100408507,12.22967011609735,5291.57706979829
4336,5313.907584793325,5316.444939531254,11.452116012589057,5318.081394420934
4851,5383.644301885365,5386.165518952836,11.026252951831633,5388.097723990504
4334,5403.801971681722,5406.539532740366,11.055453835869894,5408.306472456687
4330,5468.066444633841,5470.191812332527,13.218941188070719,5471.698321252981
4584,5477.597664937614,5480.059947046067,11.820984873778391,5481.802440499376
4381,5495.588627817504,5498.074591891002,11.459598031076942,5499.805500663733
4836,5539.507637764464,5542.0162692341555,13.916333381436482,5543.43044682765
4137,5583.6168440682395,5586.0750799563975,13.721035191665461,5587.523329194807
4838,5629.131760247164,5631.44229203395,12.05675266693725,5632.992207912161
4839,5660.88486927139,5663.457321986908,9.950713762542987,5665.268749309729
6592,5662.741099859791,5665.357327743802,10.607624094384137,5667.057723017581
6394,5674.269640179059,5677.028435638597,11.746257176341482,5678.6902996390745
6861,5753.345134304341,5756.102953862049,9.875580040123063,5758.098109758662
6572,5755.369657841997,5758.0195734055405,9.947314077716962,5760.090830312551
6838,5809.911900842741,5812.313416508034,14.0159570675815,5813.7512633679935
6842,5832.6404970792355,5835.26481407255,10.87653967303178,5837.101162253672
6321,5919.681895625595,5922.147146738191,11.451087060900406,5923.8305976133615
6587,6011.047718243592,6013.495089685363,11.569427587620646,6015.215578859856
6559,6016.971140246813,6019.416722308598,10.848079262518112,6021.10751418285
6371,6033.813565579324,6036.4508750877185,12.117778614533945,6038.0658218838735
6327,6103.888677491535,6106.400137523849,10.853939901840949,6108.240296501544
6560,6107.64702436769,6110.200350904113,10.038052443767688,6112.056288887296
6322,6109.500228462698,6112.173252798878,11.58201367294507,6113.766902481907
6368,6123.685580140467,6126.297309269954,13.057388914965754,6127.7908110503295
6829,6190.3580187871585,6192.220076058912,13.965444437195867,6193.596440038101
6304,6306.54113275407,6309.015239503964,11.559528187861693,6310.70724005128
6568,6380.673191394773,6383.423710222556,10.843477942782705,6385.227323741373
6561,6382.613608266882,6385.344013739671,11.498102207543893,6387.1319920183705
6146,6393.601909045393,6396.056238928588,13.351299129330506,6397.524300699863
6837,6441.780809776936,6444.012366738893,13.282975074225897,6445.510436193501
6558,6920.2336184671,6923.170779757174,9.985045451614782,6925.062329085914
6567,7000.40700446875,7002.472988653677,13.194990459066467,7003.906896819899
6326,7087.0589370991265,7089.083991765111,13.756562130195114,7090.491491121346
6833,7182.908966951296,7185.426535079643,11.085062514521308,7187.209336933795
6839,7248.604701462662,7251.121299543029,10.724830859855418,7252.912336635184
6822,7338.952513099191,7341.189740616241,13.607207803420629,7342.672944194685
6581,7358.296679819586,7360.26558333202,13.751064370173955,7361.650378020385
