754,286.69053919941837,291.33935319036925,11.651198509244137,318.35612213192934
207,371.14397273507336,375.50412768463076,11.360243881461136,384.9183873071821
1543,513.5033327633508,517.5953698346887,12.608979006042706,525.425954467873
1577,515.2187577103298,519.3141936355191,12.931228807543865,527.1932809837609
1551,602.6652712590136,607.3597514920496,10.322347082383454,616.7882400741431
1578,608.8524101268603,613.4895982435954,11.927298414909096,622.5099157391144
1231,610.7079928307083,615.2959326643048,11.6692603509157,624.2872046006394
1402,869.3288681932178,874.2484252430992,10.899078245556296,883.8039342599601
1403,871.2618715730686,876.2071189702259,11.149009915855213,885.7757072351083
1563,1123.0707344185405,1127.4985395825236,11.601246555432384,1136.226550173414
737,1275.6328359101199,1280.256851147426,11.471128125574745,1289.9394839880583
1407,1318.8208425762712,1323.0853287657546,11.544550984837043,1331.5647329207623
1017,1362.0052693045534,1365.5188092092785,15.066705139618076,1373.9649716254673
1557,1406.8422218255198,1410.4568215366196,14.370125890045104,1417.5977749606661
1394,1498.9908971560442,1502.4547889644157,14.470335880655636,1509.561723005391
756,1638.8934874879944,1642.1123936107776,15.99605786667124,1668.4479772622603
1545,1654.6863749026202,1658.4614429964217,14.005236933750396,1670.8072374758046
1000,1722.2858637337047,1726.1566137457535,13.716343068319585,1734.7884887381792
1562,1768.669078553563,1773.327165869941,11.074825407948605,1782.5045543617039
1794,1833.4845913678907,1838.5161489950144,10.800443064752056,1848.0613323996092
1575,1848.0199641793959,1852.100919276101,12.71791358941356,1859.953100693578
1576,1947.6950882542897,1951.5270199072831,13.504116490177164,1959.1589177637945
1251,1960.006006225173,1964.028001612882,13.217924926153472,1971.6196515049817
1808,1995.2982650444958,2000.4440811412437,10.278013478682146,2011.6886864227451
3811,2105.092940935652,2109.019832933389,13.142992564171454,2118.39757759651
3817,2203.730779687159,2207.4210123193106,14.066756949696654,2214.4996043471383
2042,2224.772880152185,2229.289773434705,11.831788470251539,2238.0055820896437
3233,2226.6565840441763,2231.0468536615176,10.968978253027238,2239.774991021243
2205,2260.0638524139677,2264.4351872911807,11.998167920325601,2273.691866583439
2206,2308.7983047933085,2312.3343448685587,14.146040118384883,2319.299672784258
3552,2318.270725423185,2322.403431402182,12.927623434950664,2330.595759350072
3405,2403.3761367797056,2407.076886028033,13.740877458397021,2414.426709371687
2201,2408.0323318794226,2412.303961605729,12.367819461950559,2420.599213528639
3559,2488.3049012310667,2492.3804139593394,11.957937671185716,2500.629114257612
3244,2490.069939660714,2494.1478583313783,11.996796811565934,2502.363115492263
2210,2548.8650662670084,2553.201652912534,13.311401519206784,2568.8984198210414
3818,2564.892251171169,2569.2452087236775,11.751154028641912,2577.856062823461
3816,2711.8718759007156,2715.4136924031004,14.088960304557297,2723.836802079432
2994,2729.0569752996016,2733.2923614329743,11.477408849917511,2751.038321211899
3822,2818.3934804163464,2823.1052653864504,11.429991253939637,2840.941066276413
3001,2822.6786844689104,2827.3682520217994,11.112652939227832,2843.3319564142057
2204,2909.266157955439,2913.16369503835,14.283762973479844,2921.934594077237
3565,2938.196207173673,2942.3634183293434,12.26371664032972,2950.380590543977
2199,2939.8609753842543,2944.1741560396686,13.240775652641902,2952.1681672049604
3800,3008.18705426301,3012.5376649865834,11.712585064965783,3021.7816593434463
2757,3073.218551828671,3077.5915673076265,12.27928275215458,3086.80111524394
3576,3208.192554170803,3212.3602190882893,12.81952762704602,3220.4014716436336
3583,3209.9233605324257,3214.090257231129,13.107477458076337,3222.182394191235
3801,3268.5201189773165,3273.3571333623577,10.981624023793392,3288.314845323539
3252,3300.8515944439755,3305.5161666751433,10.96150305216654,3314.2835983697278
3574,3366.640172187547,3370.436726767624,13.29111131129705,3378.068615717091
3236,3395.2183375127734,3400.395104903343,9.541355469899475,3410.364059340655
3557,3481.13078509577,3485.259711398202,12.5368672510526,3493.4271207765696
3249,3483.1026146332597,3487.5128328380315,11.974912925955913,3495.878719815845
3832,3613.3737628689673,3617.3985878042404,12.169609689179893,3626.7291673501463
3018,3619.9984297570722,3623.6109403676337,14.485604558737796,3648.5050063072495
3240,3660.4345553158737,3664.4860848237668,13.180659774852723,3672.246888357649
2200,3665.570979019879,3670.1518286829955,11.156045822189721,3679.17411776252
3563,3839.2460714100516,3844.1852133273405,10.942600031042113,3853.6582308293623
3579,3841.154018667155,3846.08971333095,11.570032922430599,3855.505341908572
3408,3929.6360195125426,3934.532377857023,10.88134945845204,3944.3608463659157
3555,3933.5722274324057,3937.2209863160197,12.88622565658839,3946.256919158853
5015,3977.1885154417064,3980.4147738389916,16.464147052486748,4008.436413134228
5583,4108.226389656529,4112.297462369436,12.564912230922953,4120.171919426494
5808,4154.991293004452,4159.247935079551,13.00750884086221,4168.4143458275375
5031,4173.953282132005,4177.294393047154,15.96712304914309,4190.71910317921
5585,4200.5922501375235,4204.409639946269,13.136637676124842,4211.751785922406
5397,4206.35249462447,4210.043001490726,14.124275919408284,4217.31179992458
5568,4208.386181682312,4212.102692095824,13.680704680484817,4219.37778211225
5251,4291.7181448528045,4296.518196107325,10.922740686439107,4305.942746973138
5401,4293.6388659302975,4298.433376548984,10.85531206269419,4307.848625365112
5569,4295.418044262584,4300.2932042617995,11.42193384604418,4309.67674701479
5558,4381.034423194535,4385.5317207221115,12.667299941972601,4394.13797180274
5253,4382.965436042528,4387.400308452091,11.349396335073495,4396.062704432294
4050,4384.745024708007,4389.276730948687,13.060173849406878,4397.840639560981
5030,4621.215218576699,4625.396369295923,12.473923046488881,4634.765390477244
5400,4647.331573518532,4651.05879666104,14.656194972293173,4658.271391209495
5556,4654.389220904776,4658.360664959774,12.564753299940714,4666.228811748523
4765,4703.5189222345,4707.148935970152,14.396640488231414,4715.237140916582
5837,4711.550736221775,4715.554724636536,13.512568793647105,4728.2990043462805
5242,4738.889140085328,4743.330950161418,11.038050404022686,4752.021185304186
5829,4798.3452648743,4802.30981057414,13.358919489202155,4818.103096821539
5586,4802.7101480801475,4806.309093596646,14.257792284488495,4820.330068192412
5398,4828.422697870794,4832.436485119457,13.19124189863061,4840.186134563427
5411,4830.235581300631,4834.186104399166,12.76677346301257,4841.967613523877
5551,4929.480419769929,4935.014700006185,9.380774420498337,4945.347438271289
5578,4931.492193506641,4937.064249195363,9.854477585953695,4947.870015447182
4211,4963.6653515891,4968.147049290917,12.033798343922223,5003.31049819357
5018,5069.605954065083,5074.340387731218,11.321830807288698,5084.834475927642
5256,5101.977406724833,5107.334582400033,9.45068554035086,5117.3076236860015
4734,5235.162102027986,5240.277633064492,9.860173437325775,5250.923014735147
4763,5241.707173272993,5245.350291471514,13.882557499504674,5268.282616375225
5404,5283.160050566939,5287.277616975765,13.133701176656754,5295.161309499131
5249,5286.191552686001,5291.031661923496,11.517714018205483,5300.249239093367
5579,5460.291837952965,5464.462777381012,11.889075537829786,5472.649253302809
5246,5462.158955278813,5466.336128046491,12.129906571587071,5474.351023682971
5800,5519.992886912389,5524.402253436003,11.756767872434848,5538.134451811406
6758,5776.462351063454,5781.366937887854,10.243946563857127,5791.998115290956
7394,5913.428797259306,5919.184272638282,9.062104829840813,5930.074839351121
5402,5915.376437438987,5921.268117056461,9.927984683053179,5932.009717904519
7402,5917.438339434013,5923.275402124762,8.651301568563115,5934.076502410429
6762,6054.933337329579,6060.258226492377,9.89817710902667,6071.686136707427
7824,6162.088849060793,6166.217922135564,11.846451754286006,6174.47998623862
7253,6267.485964503608,6271.165873554924,14.49785947903286,6278.29510187741
6998,6333.618770732246,6338.384327429636,10.321846253658666,6347.605572747734
7020,6420.23249717665,6424.126585342538,13.677982498768822,6432.841857317713
7563,6545.034554888874,6549.1518895696745,10.864332238500044,6559.808012456011
7261,6549.875760419025,6553.60219337069,14.108890079376092,6561.835943429034
7240,6553.397082399843,6558.089762649862,11.289137798163257,6568.360288823412
7397,6630.357968817813,6634.2381791948565,12.709840652421645,6641.827897774834
7570,6635.754546288487,6640.390974525421,11.13910737387568,6649.596805538368
7013,6673.36446046505,6677.4397702396145,12.796669834683474,6686.899330713369
7554,6809.843753373128,6815.122281477404,9.514107385548728,6825.355216683574
7573,6811.893128466536,6817.160578762603,9.42264416210666,6827.295071233197
7414,6813.741213041009,6819.137008971684,9.076725669516463,6829.159020246779
7247,6815.687690742224,6821.170243942438,8.74588718378384,6831.062672641714
7255,6904.060573905212,6908.208847034393,12.208068451957969,6916.533879744545
6209,6909.422674891149,6914.31094530803,10.746616649099655,6923.52307085623
6212,6990.7533940020785,6995.342389635601,10.58982220551008,7004.598799591913
7823,7059.842044597713,7065.044617369101,9.319318328165735,7075.364380110117
7241,7079.972439274545,7084.031277323796,12.179511064329004,7091.939599933883
7024,7139.111692855817,7143.234523191074,12.025152985439574,7158.718199273973
7012,7219.685494143582,7223.481679520954,13.727125509501198,7231.985999547363
7254,7259.945807643331,7264.124907477931,12.338068845292508,7272.223801143564
7833,7321.344764887878,7326.391183305954,10.453223283665414,7338.458921173222
7552,7353.113351122808,7357.4345206472035,11.118865426467858,7365.674138141638
7246,7357.088016029069,7361.457446943107,12.039397663293165,7370.046864102381
7556,7438.410556101417,7442.519942995077,12.927747820611344,7450.381299752877
7252,7440.286268186886,7444.392272876107,12.716004885241516,7452.3059105961665
7243,7442.026008514121,7446.100463207527,13.623262423000117,7454.043340641013
