734,391.8941496351929,392.412682182423,12.010865334544919,392.876106526231
212,399.7481364587786,400.2413625240385,12.560444784953066,400.6845098394023
1586,585.064986114359,585.5468180934281,12.875235163140704,585.9791307708822
1559,767.9124885569224,768.4294332292474,11.974667883501496,768.8942584286082
1553,947.8957743068754,948.3852607954235,12.63823301352696,948.8256805424143
753,1247.784563084523,1248.2945710304787,11.998251589169326,1248.758482571661
1829,1316.9449588282835,1317.4314891359713,12.826913217823353,1317.8654304351526
1257,1579.0230739788176,1579.5546468385985,11.670460456149078,1580.0335786505161
1560,1666.8419286545657,1667.3750061855865,11.510762459054858,1667.8585647166594
1238,2024.8098235811624,2025.2722790735802,13.144732452543805,2025.695728345471
3567,2928.932716149474,2929.4989156526703,10.851621023161705,2930.010976542218
2763,3632.8405605641924,3633.345421773914,12.220369515906887,3633.8009012403068
5022,4082.8736227055733,4083.446201066074,10.696478256458436,4083.966571159181
5799,4281.959014199272,4282.416128549182,13.532975028843186,4282.82742963962
5818,4551.800471153555,4552.240449595745,14.409577214820422,4552.626729311191
6209,5793.049702016605,5793.525995125518,13.024962829712058,5793.953338178931
6759,6016.549747989799,6017.032773119788,12.634404321756467,6017.47332633025
7019,6153.624723528786,6154.128063577355,12.747034932215566,6154.564724135345
6754,6248.951488688724,6249.368375452534,14.935654234298113,6249.741049277122
7237,6341.158151424342,6341.60716639039,13.816243352009426,6342.009805995307
7007,6597.691816084242,6598.103961432552,14.456193741058891,6598.488995521464
6996,6692.0,6693.273621853474,12.709956129422054,6693.711556282951
6750,6907.884396304444,6908.311616789916,14.513021957556564,6908.695143212084
