1211,232.37015430845008,235.20661932999553,12.308040562065154,239.19557205244809
1458,325.9953800912005,328.58117663394,14.46934646572603,363.2956287769013
1234,503.77449093915817,506.2577597125687,13.649686768659146,509.86140780606934
1223,591.3920463789368,594.2504257464398,12.360373458813308,598.6415447051904
1383,954.9928383574648,958.3175379283358,11.340539157960265,962.8031183119173
1297,1316.8896215173158,1319.4307050864857,13.876152477388244,1323.8407564004335
1298,1403.6501466671473,1406.1962324130282,13.648364751363616,1410.6054081268746
1300,1492.115099240585,1495.2380544510713,11.87248748271882,1499.6805476835382
1230,1494.3747944898714,1497.2080541035482,12.236167705563885,1533.291181587692
1457,1497.6759339349483,1500.2467776032327,11.504979418777758,1535.8584709320514
1454,1500.2702050678258,1503.3979515092171,9.865682861979662,1538.0145078489486
112,1761.8652689383687,1764.4494785312083,13.91056247364951,1767.925630774401
1377,1941.895166066482,1944.5655011076947,13.343092956367453,1948.8994576708874
1379,1946.497499456731,1949.3007757422806,12.61366823490247,1983.3958661826011
3226,2032.1419346558114,2035.0629644563246,12.636990719896078,2038.9404877306017
3221,2307.0413753003586,2309.593908876407,14.386808739251839,2313.4304695351625
3229,2391.902076518615,2394.569882582091,13.050353631640107,2398.8851504987965
3235,2485.114426595252,2487.6153326033213,14.875773332297703,2492.072544154652
3234,2490.1130443757274,2492.612505265422,14.493321546799127,2523.4216031056067
3452,2492.3364954947647,2495.0210995116113,11.032675786949373,2526.1105597283454
3302,3115.5966954910805,3118.4032157460615,12.84380466052876,3122.8597839653376
3300,3119.2118251416346,3122.2078406692963,11.847577391582867,3153.098205568454
3298,3121.119906811225,3124.047685105199,10.426895420207888,3155.41534305994
3457,3295.137679535106,3298.2020830295232,11.851712364048101,3302.017068831638
3386,3563.8536320245694,3567.4604043328277,10.561199118909336,3603.4963929973237
5230,3921.9361858768175,3925.062299492959,11.844815830411038,3929.584359261317
5217,4109.953852538647,4112.611874800938,12.929684494772212,4143.156957873606
5226,4197.722708412583,4200.323693412809,12.90438737417251,4233.073349172439
5450,4371.835200974251,4374.469885834325,13.573958989621572,4378.645885572151
5216,4467.367521765617,4470.330656481298,11.433350653475703,4503.842106586461
4112,4649.79037902823,4652.540301937479,13.029441399417122,4656.305368357885
5376,4731.660887589257,4734.4336541481,12.782044337266045,4738.664746958982
5294,4737.642984851095,4740.366318946021,13.416685642211034,4773.671522741249
5375,5181.669955046427,5184.528164425507,12.471656912005907,5188.668388688359
5365,5278.177502263707,5280.453942281342,14.919115214281327,5284.514078265738
5210,5363.310638039463,5366.11767072723,12.849720410786247,5369.90069030401
4046,5367.9589368842735,5371.106997198044,10.006676476459873,5406.630395620187
5213,5454.586500422708,5457.49556485678,12.21199115240794,5461.721612338925
5227,5456.406402382473,5459.380682105933,11.480433678867092,5493.354181898172
7380,5903.982468720193,5907.136616053811,10.89456746314215,5911.137376759499
7453,5905.856907596493,5909.000660316289,10.777069505931493,5943.777293565199
7212,6174.638238773145,6178.065134685202,10.850383764476577,6182.629195049414
7459,6264.265502977246,6267.390608979464,11.759875457823139,6271.595257111427
7454,6266.174566676719,6269.215218297048,12.16310909639506,6303.246953635878
7302,6353.6153994097285,6356.284167376471,13.787766243349699,6360.606283706529
7387,6629.138163656021,6632.502403962417,10.292974328693559,6665.9936574633275
6027,6803.74006767034,6806.08074651921,15.46882986033141,6809.923092132106
7373,6896.761486000246,6899.381963085045,13.210092665185279,6933.481272430417
7216,7161.971630988386,7165.117609743086,11.133592391462846,7169.45200973017
7229,7259.138957477734,7261.590813690909,14.054739652472373,7293.238773332174
7298,7433.87142969083,7436.4319847522665,14.047155441443607,7440.620107090134
