82,70.0,76.57609191607641,13.543807179783242,80.60231515813892
140,93.0,100.39059191178335,12.001164597136363,103.71668916484676
32,180.0,186.33205709834098,14.140400977484772,189.01733749869115
2,247.0,254.3531980309178,12.506746670683425,258.41411330347074
64,267.0,275.1101185679398,10.281841463339436,278.8250235994103
56,322.0,329.50927036615525,11.411516284418388,333.5429039963712
45,343.0,349.42325752408686,14.433637970606195,363.1427452951856
17,487.0,494.16283692966067,12.18939981131058,498.24447172058916
104,497.0,504.3472369882008,11.881965445233886,543.1286135310468
141,832.0,840.2875151781635,10.78820195360047,843.994359292553
97,969.0,976.1354358139981,13.295238814303339,979.9427011031502
5,1065.0,1073.1626316107638,11.3622044266917,1077.6248599212552
7,1139.0,1145.3640916890945,14.062328075224002,1149.1392527228072
87,1159.0,1166.1202349287994,11.921785120088979,1172.8802739368673
22,1167.0,1173.5460333207054,13.599870635816997,1176.4740947377884
72,1196.0,1205.1554800278495,9.045348119195545,1209.8196747310053
65,1292.0,1299.0244806783853,13.084293743161439,1302.9956454885566
52,1355.0,1362.2674956311907,12.265455995751166,1365.4464459021542
136,1563.0,1570.4541687154585,11.798473759115703,1574.6512181640007
25,1791.0,1797.5127704577421,13.496654181182302,1800.634131511103
2137,2316.0,2322.407885666148,13.903523879915204,2326.2076728787256
2115,2387.0,2393.394510595387,14.259638538431886,2397.138612467968
2049,2736.0,2743.2060874066406,11.776419452131996,2747.0244614813832
2076,2869.0,2876.5196298219303,11.532740081046708,2885.130125733114
2081,3063.0,3071.055391717942,10.887171448344462,3074.613133336934
2153,3189.0,3196.5343175457947,11.438470783118037,3200.57614277332
2005,3232.0,3238.379202892257,14.601481462658882,3243.029941868154
2063,3269.0,3275.1567111026948,15.385112313060759,3277.8096919999825
2011,3408.0,3414.4067860846594,13.958897447596849,3418.3529681013947
2130,3494.0,3502.0027830146937,11.101138796353146,3506.066023696031
2148,3594.0,3601.4776243673896,11.869621151629516,3604.685231702465
4082,3691.0,3698.478074031594,11.638811325513554,3701.801785924438
4001,3739.0,3746.39437387942,12.5742905815545,3750.4784071047598
4141,3752.0,3758.3531178464614,14.660209529715845,3783.492282318014
4010,3787.0,3793.2606520895533,14.586427417224934,3795.934839471367
4096,3790.0,3797.3014039996533,12.257946574820473,3800.5514635600944
4139,3910.0,3916.1344680475427,15.627313612784983,3962.950953383707
4060,4263.0,4271.077418369902,10.467459345884082,4275.491088333589
4088,4365.0,4372.380515947123,11.378613686075363,4376.442781766292
4105,4366.0,4374.0761944420865,10.994744467980569,4413.2874789818
4121,4794.0,4801.425791260904,11.83942869855267,4804.741423032369
4061,5020.0,5027.291384216966,9.992066561680543,5043.019125704597
4050,5076.0,5084.464556622847,10.110421010284314,5088.859121321207
4074,5163.0,5169.053850790131,15.637050403337962,5172.69317385595
4062,5265.0,5271.43614254135,14.332083873521391,5274.972863823156
4083,5335.0,5343.165871577423,10.664204215213552,5346.888092548729
6086,5462.0,5469.458883398432,11.814485066308269,5473.649029379027
6054,5487.0,5493.562097310889,13.721021384839466,5496.424349973078
6055,5540.0,5547.5252290972485,11.148708622901513,5551.562937664529
6122,5590.0,5596.363619566596,13.962521566005648,5599.112161846487
6044,5816.0,5823.278798476806,11.895263458597165,5827.313535081144
6033,6054.0,6063.441960110054,9.078910494181862,6067.676344639934
6028,6107.0,6115.047691453587,11.189583738026924,6119.4350617293685
6090,6110.0,6117.214610916139,12.277357667911444,6122.138352552311
6020,6111.0,6119.065862195082,10.923991409261452,6124.424285873836
6147,6119.0,6126.201843793189,12.161490034703673,6129.405984505047
6135,6351.0,6358.128536335394,12.558327773524733,6361.984612511389
6106,6712.0,6719.167057309936,12.792063832192305,6723.05062809748
6092,7041.0,7047.5537127855505,13.567024291930576,7050.376534627749
