1390,345.19519850463087,349.1702983101278,12.416063786793336,352.79983249470365
1669,512.8191234740707,517.4378220941982,10.284304420070914,521.6536784261881
1657,964.3417696109343,968.2285705023077,12.156576229603752,971.6901058437678
1541,1053.8109073788014,1057.1698112800004,14.719545339014669,1060.1741315140305
1399,1064.6565389157186,1068.3959473952448,13.244272035864109,1071.880671982442
1516,1142.1638237870304,1146.359023910399,11.52296734967149,1150.2423619154824
1538,1144.0143797466628,1148.265355036114,11.746751224243082,1152.134487202852
1639,1233.8217326743086,1238.2486027581604,11.21050602287919,1242.2318957491957
1521,1239.2999262364972,1243.4821714840552,12.146799765501305,1247.1823048125652
1381,1501.8839746327067,1506.138767693626,12.272022697461825,1509.9201495929717
1539,1862.5512739374851,1866.401988225544,12.956763957817296,1869.9385875175262
3525,2133.1192158163717,2137.038486992993,12.735557506484316,2140.5906394554363
3670,2226.2307438780354,2230.5329823292477,11.269686327509048,2234.448252909214
3663,2310.6196019484173,2314.365815144081,13.252799826596073,2317.820749841641
3543,2402.30129366821,2406.020968579753,13.573732687383481,2409.3783054739356
3522,2491.1229515483674,2495.1223716028135,11.96245346467132,2498.885557656411
3656,2763.5475874864674,2767.490269465378,11.996543482795916,2771.1695176765643
3391,2853.2363753922054,2858.0590663030853,9.731104659335005,2862.3841727964395
3518,2855.232200179718,2860.1156136748414,10.516644769203188,2864.3506383998256
3373,2942.7120702023485,2947.1330959887655,11.659720413812474,2951.0495485659117
3529,3031.4884540031785,3035.592471022454,12.498156959320255,3039.2871158395315
3527,3124.1908184498275,3128.3785503572285,12.244696045467343,3132.1956026683897
3370,3211.896078084068,3216.012125679723,11.918746155273544,3219.816536398575
3654,3215.382317882393,3220.0710797594734,10.010962930265741,3224.369662138347
3662,3390.170267241377,3393.6121329319885,14.61394893316281,3396.703509521273
3669,3574.8602039077173,3579.3416771969555,11.65285267536638,3583.474006345586
3652,3576.7140654596246,3581.177150765112,10.500981531068708,3585.3230590272706
3648,3578.5843165193314,3583.119933108801,10.22161387624701,3587.248666575758
3413,3584.486065434965,3588.2702826184095,13.474656005031354,3591.750974424533
3657,3662.8315724747495,3666.580787682107,13.315262451722981,3669.996464516766
3384,3757.8148486544897,3762.2714378142027,11.258252814438801,3766.166839374321
5538,4019.380887092859,4022.445274476767,15.943416134070466,4025.2508961583526
5372,4116.660629442202,4120.529487161939,12.689846413553736,4124.04372098242
5544,4291.834323828847,4296.025117222996,11.933058834291021,4299.900402022261
5543,4651.403846786734,4655.3768117091695,12.288708747636454,4658.903017945462
5402,4666.368584431521,4670.404576316,11.750596028084688,4675.508552141478
5363,4740.5582137263245,4744.269211473051,13.524862698006816,4747.687953621714
5386,4919.622920577271,4923.304379989411,14.016579290271554,4926.580444877128
5391,5025.365717997069,5029.30754645773,11.817251239267033,5032.991522639862
7549,5646.147027003339,5650.329230039851,12.355835755849728,5654.184762642289
7661,5823.440777724344,5827.442194132062,11.971194777090103,5831.2349936861865
7537,6004.948581649909,6009.4561893057535,10.438910462332377,6013.759843735179
7516,6006.885897377448,6011.424008326409,11.084879553973158,6015.653184762874
7391,6187.470256141854,6191.352997234481,12.842264403810782,6194.938370818057
7520,6362.008803156351,6365.534770230066,13.673758638338919,6368.75038726018
7390,6544.788431449875,6548.56898298599,12.80603292487445,6551.892680170488
7523,6722.334106371881,6726.096478651174,13.331352933133465,6729.486243871319
7669,6813.957285137627,6817.561143844939,13.98920278926868,6820.777486064232
7533,6817.993150928069,6822.272124668123,11.812543531668005,6826.128966610608
7514,6902.799038946137,6906.558683438194,12.992421201254162,6910.096075123992
7515,6991.969212198088,6995.478624787746,14.414589782593218,6998.793884292548
7651,7174.457401498368,7178.155297060355,13.657524733950703,7181.393584846127
7541,7350.632256842156,7354.496707202574,12.98957575674903,7358.032967343506
