914,343.91081487681186,354.43473850171955,12.540167109154863,365.4654221120832
133,354.8357629727888,364.6159819936353,13.410499746811231,408.3312884528387
1738,376.74658387228715,392.127654216117,8.1401339222752,415.06174065984277
638,413.48826375629795,424.041904912005,12.373633144117877,434.3993817610958
392,424.132386027498,433.3905254781959,14.185711122275976,442.576850148436
625,625.1674912244944,633.5967166109867,15.70729075044154,680.5372699167156
648,635.8437419335122,647.1543844364884,10.924918891941223,682.7032812362318
1334,684.0388121031881,699.2630347207952,8.367893287635967,714.7137496863639
913,821.9512348374795,830.3014946185615,16.458833747319623,839.302518291592
629,969.457324003042,978.1555888811605,14.574985607208953,987.8436050151028
153,971.8481851554245,981.2274999404949,13.096608230830267,1038.1930874840577
398,1227.606653862484,1238.19655243784,11.684245956029413,1248.5447252139497
626,1309.2564839037739,1321.0885582015717,11.324468135411152,1332.8541762028199
640,1445.8979052120974,1456.5491971039291,11.91204607140948,1467.9636725360792
627,1511.4635478821242,1520.0775821958453,15.154557302372814,1529.9088547816082
378,1578.4639107093446,1588.3780359117077,12.989281834614747,1598.2267491461641
403,1646.8948754140556,1657.357857942271,12.183674657064328,1668.7290431095425
620,1786.4946852942212,1796.0318484267232,13.410611711823504,1806.3927822636979
154,1789.3615111325958,1800.0251405436936,11.873819927550173,1848.2218684662705
394,1792.8840942030622,1803.5458896600935,12.707585470675173,1853.2607501595483
383,1850.8265556843862,1860.5849869733636,12.706693445136803,1870.2169457032085
895,2059.939553093328,2069.3831105493528,13.7954312173005,2079.6305160586867
2624,2395.8741360777717,2405.3587818847245,13.132138615213586,2415.5364030395763
2144,2600.7047174403106,2610.459305685854,13.726713276903359,2666.9199150920467
2900,2602.588428480948,2612.300862895741,12.876486137511371,2669.735434494388
2385,2673.9745158101073,2683.522328416157,13.111179791267427,2693.8383252316817
2141,2675.7276584380907,2685.219992049923,13.64472740024144,2747.8779175204886
2132,2737.0568441635633,2745.545551406926,15.240526462664425,2754.8258101752344
2627,2870.5133111596997,2879.248505498452,14.342419904101384,2888.9386315571255
2913,2940.2471815092727,2951.417567995433,11.594525130687892,2962.4801724875
2391,3018.6613936012595,3030.068315884977,10.631996037757258,3041.469209978868
2908,3346.618338111205,3356.470461958316,13.022904518415965,3367.0791386009823
3740,3661.5100414106614,3669.5495505927092,15.508951553576406,3677.552174592463
2637,3830.3017352943652,3840.546823863655,12.225529983745126,3850.7069419156214
2148,3879.741055222304,3890.4948207393268,12.633751250788336,3901.852771329688
4403,4027.157293736772,4037.408953153649,12.899559356273222,4048.502660292887
4150,4029.544273041899,4040.0927482562065,12.794928448210166,4100.016748071246
4630,4037.5400273800756,4048.331834256699,11.38496524398611,4105.231441305384
4629,4097.702248264475,4107.067087370194,13.601402124027999,4116.466946614276
4152,4151.83228260359,4161.491024195447,14.504537425296567,4171.64352272512
4141,4153.921345102538,4163.320156104944,13.543459673785254,4190.960661835978
4638,4363.869360498641,4372.388988162866,14.49654175282266,4380.848117411676
4635,4372.187763473458,4381.382942169295,13.331839331959662,4390.428996428966
4652,4380.714913920599,4391.260924899614,12.322892658090693,4401.683920599657
4916,4492.0128313038385,4503.526713651635,10.712555425860062,4515.556352034997
4374,4494.037514030767,4505.429092724161,11.4106454926966,4548.284995640502
5325,4504.792363905438,4515.388490991848,11.860074414206666,4553.1627026675
4387,4639.041174883381,4651.168825876318,10.295003258041865,4662.953306882656
4369,4640.953644582594,4653.031908551368,11.134746046157943,4664.827477783456
4908,4763.667648919503,4776.001071143427,10.073538188697501,4788.847587709687
4385,4774.2420363457,4783.213845212227,14.230257669440045,4822.664481748281
4627,4970.308901978931,4979.33872051587,15.090176589171879,4988.779480656343
4379,5307.52812941959,5319.161265965716,10.715229997579081,5331.410312102442
4889,5647.94063369961,5658.324440755896,11.880871958776114,5669.453848515399
6140,5871.755504169879,5881.0918983091715,13.120451506182409,5891.50691116162
6913,6001.549185855267,6012.312899694278,12.052672873107237,6023.1848767569445
6917,6003.3718238635765,6014.08648647102,11.806790159809404,6081.5817895925675
7337,6055.510241060452,6066.1690023278725,12.812263311352908,6086.705791195671
6887,6554.8039830540765,6567.497347016359,10.902220892752153,6620.820596856507
6622,6617.085981849025,6626.447642299074,12.874287741729033,6636.4915174276675
6128,6622.282994108814,6632.466555547548,12.315166308130534,6642.550328190186
6648,6815.449362086027,6826.031343910365,11.984117242113882,6837.231481206111
6394,6821.435765212451,6831.445071929531,13.39963805106104,6887.7900765165205
6149,6824.381319801842,6833.510070396882,13.96214197195259,6890.115361807131
6384,6885.392983103765,6895.587628993819,12.845639617556207,6905.8471647423485
6640,7164.865691052659,7175.5855417807115,12.157170735879891,7186.411234907757
6399,7214.653475260044,7224.360058237312,14.044708591201251,7234.830691911802
6885,7294.289510703208,7305.401634218582,11.307879614779251,7317.397193889609
6380,7296.774568283303,7307.278757824245,10.694542427405219,7338.378423273475
6621,7359.107354305808,7369.55838954216,11.664182011194011,7380.968129039096
6625,7360.914100430761,7371.41849526747,12.456232223338688,7428.328431831437
6635,7363.982359806075,7375.347092812355,11.233185101913632,7431.232192042949
6134,7365.8467469720545,7377.156503663322,10.818153913477133,7433.566862794299
6652,7426.544185190836,7436.235875244363,12.749505166665205,7445.622578711644
6915,7429.874812169097,7440.367962117162,12.417766718485622,7450.833921308442
6620,7431.746984081523,7442.433171947631,11.483280390613853,7453.056543597094
6914,7433.577244368648,7444.317328130271,11.669636343248541,7454.793745487583
6402,7435.418836181982,7446.1406976421,12.771979314842879,7456.600287015933
6372,7509.351938525443,7520.089715995654,11.8393212442568,7530.93839740372
