1181,186.64857965467473,194.28852710432304,12.960138473287866,228.4223921767991
1200,234.0339716936524,243.10189216732041,10.90635768220461,251.1091268108617
1164,286.1230478893659,292.29395527349425,16.554395926497126,299.75258164863135
1196,370.3221648592683,378.0306751345553,13.181866588138048,408.55749084516634
438,379.10331759412696,387.00305073763275,13.346514307977163,415.0264711179309
1140,387.073581064892,395.0340419819641,12.631335628773718,417.3821407184539
943,403.46002326936593,410.3537857157773,14.725763108377235,421.5995998251511
1183,463.8231215170486,472.22319795189895,11.781712901708524,504.140785639809
1193,514.3167152113589,523.4844496980661,9.770722427786266,532.3117332367999
940,530.2987295286274,539.5064863447835,11.501003414075392,589.1906475575602
1191,595.6926596760023,603.5746375140787,12.866923301007102,610.6662488059206
657,633.6109974716884,641.5704558736321,12.748389684004858,680.51855370273
6,639.7796762565451,648.0289350404586,12.985407286754784,682.5553132963377
678,691.2889594709044,699.3352456416983,12.60866433810814,706.4190045695923
13,722.3519319868711,730.464022753004,12.082990912316337,738.9721448528119
1202,799.5717712882179,807.4690536571028,13.443245241323671,815.2972601992755
1160,817.9058523179524,825.5585970888673,13.13153417686663,863.5069126813777
17,843.8353949573599,852.1151894101857,12.936281260488428,868.3783612281927
1129,1011.9418988797966,1023.4085011187688,8.609108958810518,1034.8753282388918
1,1144.3155729758707,1153.5144928443544,11.569337562987648,1161.4926683916935
9,1256.376145021685,1265.2289512873106,11.207886125713364,1308.781739218746
18,1326.5725014812617,1334.1581846568515,13.039728341928276,1341.2543409053808
160,1410.5756477136968,1418.410400396943,12.661525418878222,1425.6434389036638
437,1523.922105460342,1532.2761387388105,11.971908223602014,1540.9236432571695
20,1526.9520058134087,1535.339755041822,12.226198869666433,1578.3635159253242
921,1566.3688293111481,1576.42933509674,10.105801922232423,1598.471772511637
652,1603.5155605773768,1612.485352590486,11.786755151576054,1622.1814242891028
1199,1616.841585584038,1625.5309139514395,12.002152684306877,1670.847287017502
1179,1653.1851508540378,1663.322885088793,10.356041700881184,1683.2714520812879
1349,1701.494052308405,1709.3023749687256,13.30833832326689,1717.515934263304
166,1731.46833349588,1740.5404879751995,11.805324986694187,1759.1930619749874
191,1735.1010927700306,1744.243339192647,12.5915076835646,1769.6385833615084
1209,1743.002546691002,1751.0854751882014,12.523007089897828,1775.7048759951906
664,1770.4652136005839,1778.294449855381,12.735084304451217,1785.2239472185324
24,1802.9500526755228,1811.57889423486,12.083857913569625,1850.6874823899839
1149,1817.8088819466348,1825.3590409416854,13.884995502548593,1852.7807236976173
416,1870.232074148108,1878.060072726753,13.509132267242366,1885.3131150589454
945,1881.1695384365541,1890.4148120037837,10.950297803469544,1899.6454318874453
1206,1888.4358429417132,1897.5641620917506,11.565089781681507,1938.0398177762563
1192,1955.6408114019002,1963.254816446707,13.239700019279,1970.2268701960231
3152,1992.7258178879506,2001.5006041697577,11.263842522591025,2010.3555515968671
14,2000.6128631190847,2009.180080339261,12.486981952803996,2030.9017835193806
162,2003.4047357792772,2012.153314781935,11.892060774115944,2033.255807111913
3207,2014.5004487682984,2023.1949973808792,11.356341439799897,2042.5528584311398
680,2096.872346781551,2108.017225711141,8.98126196422146,2118.7000408532163
2933,2241.4446509085424,2249.4334501090875,13.280903737330167,2257.790084327742
2187,2269.6887613527683,2277.249479419157,13.134724691576885,2303.16501144049
2674,2274.129580246603,2282.2928030053386,12.857555697791033,2305.1318329601972
3171,2345.7178424350723,2354.0958913282284,11.9230646622446,2363.0661390116425
3197,2350.2122451492733,2357.3124021358326,14.021085206418698,2388.389783664159
3174,2451.0646989549996,2459.549430618333,11.46101451504017,2478.087425557885
3159,2524.5055814572215,2532.404942346215,13.062186423220364,2568.829206281817
2689,2527.189038604833,2535.2272815979836,12.440537909284378,2573.6006129923976
2021,2684.4840457339797,2692.4071981406582,13.300883675293916,2700.5858253666315
2176,2688.9896313260474,2697.214326513398,11.791550900790005,2748.346300218196
3205,2753.900448126718,2762.0761608203948,12.297499035656651,2769.4488769713803
2173,2815.8399226847228,2823.079152741501,13.6610932463317,2830.772700709446
2190,2887.2052609052694,2895.3711386906207,12.409735878436013,2903.733741601688
3153,2894.4009695961918,2901.510171113073,13.571172687427222,2933.837922352032
3173,2949.3961625924744,2958.0805120973955,11.6422939510917,2965.7539705504482
2191,2963.8076191093714,2972.27809509273,12.093992577286794,3020.9760384116507
2185,2965.6176002255597,2974.0365028221613,12.224075428986733,3023.404421282152
2180,3090.4777792032673,3098.5603686597988,12.97357921751022,3113.1434868208294
2408,3092.2354621231348,3100.406391566103,12.61787902156898,3115.0771107988903
2410,3298.3190714051625,3306.517271940945,11.695781341766253,3314.5943856122217
2157,3300.1586694818257,3308.373987820952,12.686686803942006,3317.2849037462206
2693,3301.9559318990846,3310.1851088402527,12.115041866036268,3319.9257537846333
3201,3449.9528344297282,3459.060538183212,10.88802125996521,3481.486353938979
3128,3471.378208386335,3479.471993242518,10.627170809912826,3489.1497507786953
2012,3502.7381018394167,3510.3860779876863,12.665851080140136,3558.141140971876
2950,3509.7957351943164,3520.0101153974224,9.721098298225549,3560.8577629024207
2007,3567.3711104578683,3575.493738789556,12.287718127379678,3582.9170047977022
3157,3573.770680243149,3581.130098034924,13.344729201968372,3588.478100014299
3351,3605.5992596393917,3613.5538828995786,13.55567828465837,3649.3323234408135
3365,3607.61525831058,3615.2954605002224,13.097580304924586,3653.6914419359014
3126,3614.1224372297306,3622.3150991740868,12.850472779680883,3656.252783028901
2166,3636.1606328577013,3645.206897642029,11.68001555891712,3662.4850678725106
5137,3699.2218800223836,3707.121065514209,12.91725930980688,3715.4577940201634
2168,3770.858088547125,3778.6189720788375,13.215271692883348,3786.681860846666
4930,3782.2708018111616,3790.1542110035834,13.233466565539192,3837.610723767613
5180,3839.644800880042,3850.282496369335,10.030984585689811,3859.5073428342544
2416,3841.709483672691,3852.2841043759167,10.605480354815958,3861.371522128505
5158,3855.5774575889723,3863.478673978604,13.488723979284876,3918.1773466258846
4936,3931.5900562270444,3939.523386892208,12.710116120402844,3946.609446303824
4003,4042.2449117532497,4050.507187515005,12.392541092305114,4058.821480798569
5197,4177.156112740272,4185.479600929354,12.123979450018648,4192.924927091646
4439,4194.778125007398,4205.307535262476,9.472926963335905,4214.45376051743
5339,4335.600739825865,4343.540447935452,12.497419597241908,4371.181262394565
5189,4339.913602915448,4349.4801940299285,10.931465448451918,4373.562341153462
4161,4385.7621326813805,4394.138375944359,11.74589222912086,4401.757864481684
4410,4388.438568287712,4396.007649697249,12.224508477529211,4403.442740378709
4181,4391.149845699562,4398.066064092026,13.520660613179482,4405.299436491733
5162,4421.93273461033,4430.546853635419,11.604957332991322,4438.922625722832
4693,4425.113663755966,4433.098900581367,13.171813547284993,4457.917634971962
4009,4516.966952318212,4524.024948341067,13.679563443017113,4531.744863561237
4017,4531.987015138454,4541.365689678914,10.815192551193789,4558.6260394240135
4021,4583.331522138789,4591.036533140292,13.483836181457217,4598.828328222922
5202,4650.581807546622,4658.2669167775475,13.861843985684306,4665.3992588093615
4171,4656.624690037084,4664.052098241949,14.194230700713916,4670.759161148995
5204,4676.599267177579,4685.488958127816,12.098487908970808,4731.5355033813385
5190,4721.986255025695,4730.214412143455,12.103975257072458,4741.213733231835
5205,4723.739232596772,4732.013528204514,12.294191875867101,4743.513792579559
4006,4735.4749022097185,4743.5941980121,12.34799210650931,4751.100056921561
5166,4744.799341063283,4753.472613136428,10.42857146164116,4761.271255393629
5346,4760.513497522564,4768.181573161502,14.081312746097622,4775.866230664929
5165,4785.715669021791,4794.489914683759,12.160582855130874,4823.882687607691
4014,4867.109405830721,4876.019825713623,11.053346966364987,4884.975631202733
4682,4876.624058162386,4883.607671137371,15.116474517769928,4908.408066485503
5123,4949.311351347254,4956.186165775796,14.298825530437338,4963.775657754732
5167,4953.7325296100635,4961.290121057856,13.945330179748726,4998.159246429217
4421,5134.460972771687,5142.084349341523,13.122102361991024,5149.8410921785835
5153,5137.645049252228,5144.264067441095,14.806162785354358,5178.397808451586
4414,5152.632274337236,5162.404581211608,10.286091713437491,5183.211420672071
4925,5154.874476172085,5164.309344920176,10.76659424634002,5185.290322694071
4947,5195.354592685543,5204.112893788041,11.19986999055087,5211.777740243082
4435,5284.300071321999,5293.297811764742,11.072419232448986,5301.663560262221
4428,5286.124495251387,5295.065821231226,10.709744041074165,5304.138470503122
5196,5289.685304354951,5299.381767753401,11.078488224541731,5309.486709823505
5203,5337.29804932164,5345.545259433143,12.486983100054706,5368.624880310791
4686,5350.005277773214,5359.441584464626,11.190461807874431,5373.434678340117
5361,5377.852654883733,5385.613857060548,14.054095290129624,5392.319996087019
5347,5489.454254723685,5496.647233557172,14.21405842663401,5538.51132806202
4164,5496.926168586908,5506.346988939405,9.772196758864673,5549.085446209651
7165,5591.504618243092,5599.382113933657,13.224542219900725,5628.967977034659
7195,5623.348364886932,5634.441231773541,9.378200585324429,5652.6753460262
4180,5747.334000801387,5755.449194874407,13.080612141151853,5764.192211494024
6682,5765.464794659088,5774.393297496925,10.58286347205389,5809.595915961793
6937,5775.8226006938285,5785.418175455239,10.820798298999547,5824.15172925517
6167,5806.673227408918,5813.638937160234,14.708818526943519,5836.5485297902305
5998,5950.430813015783,5959.394650082499,11.6494051407173,5968.7525738189315
6182,6036.57055624646,6045.047200273272,12.133730545517428,6082.935806828187
6165,6154.308016545553,6162.331759289201,12.05976216846348,6173.200865550227
7198,6171.484871373981,6179.5153104170195,12.455085082948989,6186.960293172729
6155,6225.200200665678,6236.170026160821,10.094035581851738,6259.539580078561
6672,6229.36716130624,6240.109939115854,9.092624455681912,6266.21072068592
7208,6231.408929763238,6242.126870472371,9.079705997332617,6268.528003464891
6435,6293.05752857775,6302.127540211992,11.579553109568568,6348.444121483832
6421,6294.854115140101,6304.002706852257,10.819847162469708,6351.186835141293
7162,6305.663981289374,6313.519302741369,13.245343098366316,6356.339202681362
7129,6399.157735470803,6407.146011956753,13.29469520270205,6438.7142774842405
7171,6406.264448098551,6414.065025726747,13.273795361789617,6448.5440631356
7364,6470.760821161487,6480.167676906854,10.81084289322121,6489.231960375907
6685,6499.19561001613,6509.396867049989,9.58217878596862,6536.758522787697
7190,6507.384453970952,6515.524876088596,11.167808283568766,6543.831469215647
6412,6556.3258842133955,6564.596058309698,12.846068548726118,6572.85742789274
7209,6558.026297061163,6566.387625255385,12.27477274940448,6619.704817566678
7357,6663.7724635577015,6671.086802431672,14.64254233902855,6678.63035195305
6177,6695.846608453827,6703.238560559339,14.06869091214311,6710.231975851573
7168,6699.392001365727,6706.612938317344,14.139529703260903,6713.041839161982
6406,6767.381572131665,6777.369566218666,10.377112156195333,6798.276746329777
6154,6769.311581178861,6779.3385034654475,9.646036321512106,6800.664148720433
7151,6951.622187133691,6960.340551356435,11.460048317454717,6978.614289709342
7159,6955.680403331737,6964.0191404652105,11.578083199055927,6981.046729431701
7163,7020.708369618172,7027.620038827148,14.77829474665234,7034.870213507329
6158,7035.959114735305,7045.046035972266,11.44297002100149,7072.552956066439
7193,7051.906736677597,7060.271680387398,12.049420669438788,7077.271969331146
6673,7107.2208728549385,7117.289509999717,10.255007855113647,7159.290391016978
6436,7109.236060587317,7119.243265426762,9.680666390837102,7166.013862324523
6166,7111.1838070477825,7121.213432452456,10.348150684150065,7168.602492644203
6017,7115.90432376858,7124.244720940032,12.269297003682487,7170.730636361063
7160,7127.43775461362,7136.381511109643,11.123226628718589,7177.693734549671
7141,7129.340273014472,7138.349306097234,11.128120967192052,7179.654431084043
6187,7167.330457269919,7174.422383292452,14.412595690686256,7184.084148040769
7203,7193.605782267923,7203.021386606322,10.23888121460544,7212.672788292873
7210,7240.976567861094,7249.26780725603,12.284372198014031,7256.981508379364
7194,7258.833677413427,7266.374401490492,15.458146292077155,7272.818218726189
6018,7312.441113461766,7321.325512140807,11.825919815638693,7341.264309545088
6163,7314.313047174328,7323.269773569063,10.928617159955024,7343.502203709937
7205,7385.235787051223,7392.567653859629,13.447974046371984,7428.256998664732
6006,7439.022168632076,7446.152189213457,13.695602917245031,7452.869570621204
6428,7445.231457468786,7453.203977326394,13.019533869141522,7460.2640141270795
6011,7453.857598098866,7461.508952182636,13.580277294131655,7469.9061345925875
