212,793.2032634187548,797.2837168304934,9.15362398351276,802.8514725861298
206,1000.4113229123717,1003.4129746279418,12.885403320701876,1006.3746053704699
217,1422.445649437209,1425.208543185897,14.22770498888222,1427.9384644807083
2071,2216.0725977532275,2219.2044737149868,12.292782865593184,2222.388512018369
2215,2587.2679324723736,2590.505115145921,12.599843746131523,2593.721064100899
2051,2845.564264463507,2849.041886528027,11.213464424691253,2852.461939306358
2049,2934.8280521759098,2938.1641385813678,12.890238533857797,2941.375374967872
2056,3114.927555691637,3117.525462504593,14.417560003412305,3120.1044001429823
2072,3205.8086286553003,3209.242176492248,11.713463593915442,3212.6192040181095
2052,3209.823735147869,3214.3901632727634,8.326894913863123,3218.9135519853057
2214,3397.230712008017,3400.455292997491,12.736136717106099,3403.7441499342826
2055,3745.1537504743537,3748.3674961613888,12.118103383934917,3751.690723154014
4207,4305.132033695734,4308.264980416403,12.396673496554511,4313.137547564841
4075,5005.908447392696,5009.401986519669,11.11217404713159,5012.852459396043
4209,5026.097521973201,5029.230097501578,11.835069870723052,5033.789444054185
4069,5275.050636930142,5278.035588275499,13.520369028291249,5281.02163557256
4074,5364.4549350385005,5367.014244636381,15.644169767544485,5369.532070730464
4056,5456.298461214837,5460.183430566019,10.141274790170819,5463.965106346162
6053,6355.584018853652,6359.078160051651,10.826922338011148,6362.6176938084045
6057,6535.688347354508,6539.193587388643,11.378780443546525,6542.699830862298
6208,6581.078872094804,6584.558737471655,11.868534442193154,6588.103101633738
6069,6626.298513252428,6630.153483293874,9.863238765836648,6634.010324064345
