68,243.65495529792864,244.0767876092776,12.513522351636245,244.68995919276603
462,320.93367120374114,321.347783544887,12.239200180890988,321.9746983924235
763,570.9047976679326,571.2934334734258,13.33550781508817,571.8688098611693
1243,597.7979926433603,598.1604736721421,13.857328912978945,598.7141832913302
1571,680.9973279064201,681.421664827934,11.95388686622503,682.0655356462736
1257,763.0976332840497,763.427722837958,15.358767817808507,763.9273030390776
1583,765.6506099887418,766.0544987624181,11.985181424528548,766.6947006954208
1570,970.1715375822038,970.5839562533185,12.29277230310409,971.2072260631438
58,1109.7651812263362,1110.174926433922,12.339211802312272,1110.7967600192678
1252,1132.8830931068633,1133.3491147205177,10.778508031413596,1134.0580327933583
1573,1145.9410334597558,1146.2791859278123,15.114878288822364,1146.786827217987
1028,1207.6526054284384,1208.0921303652985,13.572537406159245,1208.6574584307705
1011,1475.9286130362595,1476.3316800334587,12.684882534102332,1476.9365682769833
65,1563.8999413346005,1564.2929935880245,13.08043007348645,1564.87959022684
1819,1765.8812172474668,1766.2837955372652,12.753340704062316,1766.8854368243144
1246,2117.8035954326624,2118.2350534668785,11.745741105012952,2118.8883061008987
1552,2120.8694358836874,2121.268370516888,12.594798100100702,2121.8775852303265
2209,2133.6144700654563,2134.0599965837073,11.439383590419856,2134.7307439412652
3825,2196.0041291417256,2196.432987302938,11.821551450086057,2197.0810238902754
3248,2208.736982361218,2209.1685987671985,11.985932235480915,2209.8087605973024
3411,2380.849693006742,2381.179062963664,15.844563170631343,2381.6633260028366
3401,2389.980681481306,2390.4203372210304,11.523804391246722,2391.0864954277004
3821,2576.727578780038,2577.1310857617395,12.00285389159575,2577.770345089951
3033,2824.9615444150227,2825.4302757031696,10.781511204498207,2826.1315744234007
3559,2837.85384301402,2838.3068214035034,11.163922676464214,2838.994118918699
3555,3018.1106517046896,3018.5418089188643,11.758515573664049,3019.2038104512444
3552,3108.8865649882187,3109.309398911868,12.058930854698755,3109.9456855286353
2062,3122.9979747076204,3123.409836204399,12.306763024043203,3124.0315214548855
3256,3127.9259556668703,3128.2987874051137,13.695991530289861,3128.8590196671153
3403,3196.813202943068,3197.220324814719,12.328322516314701,3197.8427076494654
2750,3365.10189369615,3365.532985499019,11.760299740832545,3366.183795922965
3414,3647.997529932532,3648.419756931518,12.009672792767129,3649.062547862336
4758,4182.119121818096,4182.546763283342,11.855185311907077,4183.185741940844
4207,4472.030507624936,4472.44028325203,12.372060421252758,4473.060601275162
4071,4633.76366480611,4634.146695663268,12.749707449568948,4634.748508398636
5236,4904.677389960686,4905.0630576346,12.484764970897242,4905.677641596194
5571,4909.883872894716,4910.322582125319,11.459796322359686,4910.992134715918
4469,4930.050088581151,4930.439655324405,13.013864518306338,4931.029793432862
5239,5108.843243643139,5109.186656111184,14.922477710005602,5109.700842593113
5252,5112.463360820495,5113.01560885787,5.766766758605814,5114.977050167189
5254,5190.811974871349,5191.34856445972,9.383598097007155,5192.161593294247
5005,5525.077812823505,5525.509329468317,11.748721349457,5526.172959686667
5555,5531.01595527064,5531.420790912209,12.523029834781948,5532.034746310121
4066,5533.232536942606,5533.59101625593,14.142430620450257,5534.149100263528
5821,5609.080879090387,5609.427320667528,14.633834828359817,5609.95164914365
5024,5614.092269323893,5614.541134125377,11.294645516410606,5615.22025983877
5399,5623.9294028537815,5624.2965872151735,13.94842418796704,5624.846680631603
6054,5704.756841039971,5705.123729855619,13.561189900790138,5705.689530966842
6068,5812.68749902578,5813.130007763056,11.398734940758555,5813.803147050464
6058,5889.843052373659,5890.232606594521,12.75945277823909,5890.833959681423
6213,5912.805796557937,5913.204173491387,12.533771294446645,5913.816354465103
7801,6000.571662278499,6001.055393746217,12.048929104867007,6001.692208541009
6749,6431.861081331447,6432.246209393225,13.173421766544452,6432.828665223711
6066,6520.981174408474,6521.454632176922,10.684453249050838,6522.172428960181
6051,6525.659435048034,6526.052085956345,11.979575383536709,6526.69258748246
6460,6631.00337044342,6631.349635917087,14.641277294771688,6631.873697866115
7581,6708.902339721136,6709.323845563505,11.976299751736626,6709.964522272874
6071,6710.893015406371,6711.303256134151,12.516822830372085,6711.916266034455
7565,6788.5125352162595,6789.002665636279,9.392968446430805,6789.8195465146855
7819,6806.083069700056,6806.4767557187115,12.877695872630575,6807.075427011685
7827,6992.609377586493,6993.004037670807,12.58371047495688,6993.613789169035
7569,7060.138944112203,7060.489429351873,14.464999502765606,7061.019048780651
7402,7070.804670647822,7071.234497539486,11.664012326711605,7071.892327461168
6052,7159.040549231321,7159.427293153154,13.108851959552679,7160.01268455151
