879,124.0,130.09536935153045,9.485076556039875,136.79314868262233
748,255.0,259.5410972528236,12.656836104046926,277.6494842150244
1862,312.1554489733362,315.5785719721186,13.643333684793923,320.7376659796487
655,349.0,353.1118225408448,13.180211109987702,363.29386841824555
705,451.0,455.2941015328431,12.69847736894518,459.27434722166913
746,477.0,481.4379447497571,12.90397539164401,485.49996308469616
678,531.0,535.5338480929399,12.453321595121063,543.3687439617038
829,570.0,575.05577005092,11.310543831039489,580.7109310206881
781,576.0,580.1990237031433,13.760103392090587,633.2631880543013
840,747.0,751.2338917437144,13.6435182814008,755.2339835025407
788,806.0,810.5051843118619,12.626848744907255,814.8534511644707
775,845.0,850.0110927340693,11.135194090280654,855.8220119976424
877,886.0,890.5257372989894,12.622076885023924,903.1210403401692
863,931.0,935.4506980951186,12.682383874527707,940.947623475929
827,933.0,938.1521243684323,11.004324185676447,993.2726824288577
806,982.0,986.1179697707882,12.356058700999073,1000.2348058400897
1848,1027.7618041437606,1031.3531308726763,13.031112218959022,1036.7001728743417
910,1038.0,1042.276560650425,12.496404806003328,1083.4568623457694
785,1045.0,1049.5026871349685,12.263277569756399,1085.9772227510423
722,1285.0,1290.0197884642232,11.440852225724838,1294.730158455529
777,1299.0,1303.1516229047122,13.677167563717305,1307.997092747683
1852,1404.8361008857498,1408.556136104725,12.425821039140775,1443.0142068552718
876,1511.0,1515.408607974154,13.03838582273576,1520.9418927113998
758,1566.0,1570.2062106935189,13.886531377023609,1575.778377928343
894,1579.0,1583.4545609602103,12.249106856632446,1623.6920867996482
839,1657.0,1661.3889345017615,12.594428412892919,1666.88477797016
766,1686.0,1690.3485820655562,12.70182948347526,1715.67871193178
816,1691.0,1695.3074147471234,13.55036749074454,1718.183082955046
846,1712.0,1716.3946906800045,11.031228049483573,1722.1149922640366
1860,1762.2046141850162,1765.3268513491441,14.883984258043487,1770.3969641969072
891,1781.0,1785.289323069017,13.444371998718058,1803.043477424602
2774,1914.0,1919.2640176884756,10.707292920422228,1924.2496003473748
2740,1954.0,1958.2041689954413,14.067262269181118,1963.3660594976836
2837,2018.0,2023.0929255202805,10.81449265054747,2073.371168650623
2870,2069.0,2073.4096839412887,13.015723710920932,2080.2031753983
2665,2087.0,2091.3805864299397,12.868765366650129,2095.6004622297396
2868,2125.0,2129.3223269685877,12.750447092625178,2135.0018797130756
2797,2240.0,2244.5219067565654,12.939039944415573,2253.276361516319
2890,2379.0,2383.0789416522525,14.064896984462196,2387.934354549019
3856,2410.6065245559753,2414.0698488316316,14.247870977712557,2433.8314587353725
2778,2736.0,2740.370646576862,13.564447756468905,2795.968038529789
2782,3376.0,3380.1415597983537,14.377897343515931,3385.237116116572
2893,3478.0,3482.3458870875106,13.787452186222739,3488.07113552938
2894,3493.0,3497.4910118836237,12.639445458645406,3513.664095701923
3851,3582.264495526143,3586.4017564585833,11.503799462178211,3603.7048140576653
2789,3586.0,3590.328024559107,13.620349983839041,3606.154742149569
4897,3678.0,3683.398184291838,10.823246711907442,3695.705164429725
4868,3767.0,3772.4611127643343,9.309533677013139,3778.7238065622955
4711,3812.0,3816.233066392022,12.766395910630106,3821.507502336545
4708,3861.0,3865.384167309575,13.14320345639219,3878.066825432764
4696,3881.0,3885.03612656501,14.053175765634766,3888.733885186477
5856,3930.258240840204,3933.4435967418935,15.05134154212763,3938.2791868694308
4722,4006.0,4010.4749995835405,12.419970659698057,4015.91016751785
4813,4007.0,4012.0378382181775,12.237857860042448,4053.428374609932
4699,4049.0,4053.346431932605,12.722243640980352,4059.9301801174415
4866,4479.0,4483.518352589556,12.239511478675672,4489.349271099128
4871,4616.0,4620.289351775371,13.77066914778138,4624.255961768711
4688,4814.0,4818.147630989701,13.731735008745344,4823.388257366651
4905,4841.0,4845.2132528296825,12.846629253065112,4867.920424522904
4914,4865.0,4868.590062378715,16.81675596580648,4872.373668642063
4788,4982.0,4986.451795309166,12.343673737590327,4991.893657245044
4720,5026.0,5030.096195548086,13.810883642823304,5048.319415756961
4694,5107.0,5111.4024942470005,13.010052595747325,5116.827609472018
4681,5261.0,5265.308421556178,12.79292138051364,5270.798097134895
5842,5265.621406527094,5270.3407678255,9.571427978419683,5313.165020807675
6908,5511.0,5516.1771283223,10.870164725619764,5521.161780631786
6732,5591.0,5595.351505616549,13.103242240418707,5599.462630471518
7848,5623.688894849662,5628.022318083736,11.066184720822879,5673.148279951283
6762,5741.0,5745.365448432305,12.907773176585795,5750.732506819615
6842,5813.0,5818.24626664299,10.669558797140862,5824.37711888462
6698,6000.0,6004.506601176822,12.864605587928882,6009.9843158809745
6911,6099.0,6103.343624525795,13.189271427620621,6108.749282265318
6804,6157.0,6162.248113579816,10.090495842379006,6167.93716532477
6749,6285.0,6289.369602290367,13.463510445620468,6303.285824933622
6834,6386.0,6390.519301049882,12.712832227366048,6394.779545846411
6765,6524.0,6528.172095635469,13.6323413384539,6573.245559988546
7843,6538.4508563201325,6542.342682130828,12.397979027051127,6576.207149354819
6773,6814.0,6819.02797239551,10.552037994264609,6824.902199179734
6758,6822.0,6826.466962442092,13.098314918617303,6843.699624189725
6888,6842.0,6846.001118012025,14.316539267429627,6849.662474566531
6746,6881.0,6885.246651911088,13.491262577245907,6890.741949227447
6748,6927.0,6931.228632473284,13.203185367831333,6938.120434143541
6912,6942.0,6946.491906920419,12.511313940271734,6950.705682569889
7860,6980.982440821133,6984.374636862541,13.609698888998425,6989.704345629101
6734,7125.0,7129.270821923524,13.527050298431728,7133.298279450402
6859,7198.0,7203.146830470097,9.846038714498144,7208.3131498018665
7861,7239.635502509096,7243.565608452582,12.475210600058643,7248.740466777691
