1754,1.0,7.230094615060183,12.065518957288258,13.740178504627124
1969,27.0,33.19909746691326,11.40531477348565,39.46481203425781
1802,38.0,43.5244418363646,13.688798844187062,49.03809642343049
1774,216.0,222.0603164833401,12.16252828099782,228.1296476196271
1803,247.0,253.157370118552,12.695766424931637,259.13676448233036
1970,265.0,270.35883812638554,14.375343636532643,275.7662618609055
1997,326.0,333.0871477689206,10.73490477575262,339.8769581955319
1957,400.0,406.3834412151498,11.963695378042367,412.9967792755787
1910,404.0,409.03461810785956,14.32940379722791,415.6540497900333
1947,661.0,666.2045397820007,14.232755312076684,671.8237936856668
1796,707.0,713.1831722165246,12.29288144008966,719.3725335772629
1976,836.0,841.6002679233914,13.423830047390462,847.3332328968561
1838,1316.0,1321.445304008595,13.610085728032304,1327.4445731483931
1777,1639.0,1645.043646935059,12.353504049509539,1651.1571915389557
1860,1659.0,1664.1607102381802,14.899105268855227,1669.616832183018
3792,2095.0,2101.089515567547,11.661036718274026,2107.532108690899
3971,2321.0,2327.443553831973,11.575960515630582,2334.0053019507845
3957,2638.0,2645.199418300743,10.434011698569837,2652.6281578048165
3990,2689.0,2694.204830774983,15.2248396027091,2699.7502786005484
3875,2779.0,2785.245100835349,12.326370282172029,2792.4446041181486
3757,3319.0,3325.5163519902662,10.591041695809691,3332.084006580775
3867,3391.0,3396.3564739569906,14.458201930334702,3401.977980305311
3873,3407.0,3413.2876296688337,11.227341721580041,3420.01803546103
3991,3450.0,3456.3885952375695,11.328344047312159,3462.949203074574
5793,3801.0,3806.1276532735474,15.796100425396205,3811.5258471825464
5796,3890.0,3896.3336904696584,11.7672470287414,3902.8661561326967
5850,4474.0,4479.563035011918,13.917271910856275,4485.363863958187
5797,4887.0,4892.351511971006,14.119951160133256,4897.911700811669
5965,4991.0,4997.199260862891,12.285965666371547,5003.147317929806
5836,5173.0,5179.068003713739,12.315080711155701,5185.0667891374305
7923,5548.0,5554.297987997985,11.705455961704663,5560.532579602063
7952,5556.0,5562.273295697977,11.994057930299899,5568.6444690236485
7765,5644.0,5650.012010632099,12.1433212262216,5656.042968913343
7976,5751.0,5757.0449572273155,13.215453266847565,5762.99068577591
7777,6292.0,6298.057921163444,11.902630468086446,6304.111936668043
7879,6431.0,6437.228458164591,11.221745958070487,6443.728397990034
7798,6563.0,6569.300996572146,12.151038572884282,6575.721929990277
7761,6591.0,6596.189369174659,13.62578910006558,6602.793265545738
7802,6681.0,6687.433797665948,11.427649448918398,6693.8796052342805
7854,6712.0,6718.24698233173,11.80770799329951,6724.774872209209
7769,6920.0,6925.319947153654,14.464419762362168,6930.8193589960665
7961,6980.0,6985.245612561856,14.369348936988333,6990.935266105894
7809,7003.0,7008.5378262558115,13.36237674167846,7014.111079930533
