1645,475.1999031874222,481.4592044902862,12.642505186762625,531.3358636569029
1527,610.8120099227427,618.4941823232638,10.327737057633206,625.8267376382894
1670,725.8459447724964,732.5227778004936,11.626773214179678,738.8206641053987
1386,784.7566072477368,790.1293470733543,14.546448458539745,800.1241210808886
1530,1623.1912132584864,1629.5861867123856,13.176565908952176,1636.6196168514234
1518,1823.9632549372484,1829.1137046881693,14.788173695273183,1835.4916160133118
1904,1913.8252137243421,1920.0475252241488,12.634376837961153,1943.3947458718567
1215,1957.5057740006246,1963.4805660328252,12.388284271931328,1969.3170010660622
1646,2089.253322807199,2094.6197290750356,13.91924449077564,2101.1615840403065
3665,2096.380033798063,2103.1421974880354,12.450424242685177,2117.757456081036
3670,2347.4889345509005,2354.3099721583403,11.157435311996798,2379.3010145679555
3646,2817.3468832267536,2823.5175747274393,12.263947554115012,2829.6567056134086
3529,3159.8404847520865,3166.2946642028464,12.544542308025315,3172.6394866748583
3536,3537.4095521801396,3545.3493636310036,9.807959243599328,3553.3026824781255
3642,3666.1336924919647,3672.226715446759,13.188421531825554,3678.9291109070273
3658,3721.5607670940353,3730.179808446782,8.722098555350152,3787.331660685328
5538,4057.610946704344,4063.0520738565706,16.58717507227794,4067.732364530335
5906,4073.087424927012,4079.301873084809,12.544908571071266,4085.6170423651856
5536,4208.67147053576,4215.1882069045005,11.537687982716792,4222.466926286072
5529,4428.283523020221,4433.489861057908,15.06428372911786,4438.523363649881
5898,4521.582665204284,4528.056900834738,11.928202148837634,4535.061988677938
5649,4804.447349036463,4812.46936091763,9.607271556914617,4821.006818506728
5650,4806.424290920499,4814.406911499141,9.251447901349835,4843.240405656547
5369,4930.7424071512805,4937.190372236178,11.908040052769639,4943.505528932762
5539,5019.778344517686,5026.3656217019625,11.208287435548758,5032.875149892443
5364,5112.5951280322515,5119.322681490881,10.977234444849282,5126.003586087419
5915,5422.01185269626,5428.553540728865,11.86046218442319,5435.765473057312
5636,5695.26501736721,5702.119472795798,11.318698744545227,5731.7539774590705
7226,5914.530874137265,5920.124779965689,14.526030223601364,5925.546749555649
7534,6056.640853756862,6063.251757785551,11.257670985649456,6070.684639566259
7655,6724.248718410204,6729.534049364137,14.250673190281901,6735.628773758503
7651,7293.0239705137,7299.212332255907,13.47799180630339,7309.518543767654
7646,7295.141072063485,7302.21203295424,11.354508219343549,7311.600545322437
7664,7400.594178629151,7407.014794552025,11.512025551454867,7413.3797109034585
