151,363.5421292635815,368.3861302174701,13.404625453150764,373.58219954639367
1180,365.4719590703994,370.19181853829673,13.85922466651184,408.4986701075346
375,544.0560084748323,549.4232961066313,13.061267906802268,555.0948338616521
393,546.1283506254792,551.1358666594848,11.638570332789747,588.1820107544934
1483,573.5567677728166,577.4603696659134,14.411649338391703,590.9439672482495
1150,634.0146992680403,639.1292252208478,13.765510040765514,644.6962663314454
1331,735.3747959541834,740.4432188718296,12.450707863158815,772.7814971577218
148,993.4342805192563,998.1582165851964,12.939269895589067,1003.50974522688
1336,1546.6253545609493,1551.0708523295616,13.52654082173412,1556.4367249155525
1326,1713.7424920705537,1718.515380494434,15.003602340931845,1723.4824271339787
370,1721.405382722863,1726.4058029131947,12.253078708028422,1762.2069120857984
3319,2263.9758753627484,2268.322268042071,14.22331224545348,2298.17770123839
3161,2343.5609388122257,2348.4835612767047,13.401831883352159,2353.9499284324233
2376,3156.3546996452055,3161.5666543618577,11.616596082524683,3198.2435737033716
3321,3433.784422699962,3438.3255658437674,13.115582995569472,3468.1996808537538
3169,3513.788782846986,3518.591150070685,15.061553606560738,3523.5279033452607
3156,3516.002748258591,3520.4171142560513,15.05843209173356,3558.1731251254982
2906,3694.016007547063,3699.4267119205915,11.928427585443913,3705.247838740448
4907,3965.986241009115,3971.1889220045227,10.095190323460251,4008.2454849699616
4402,4413.604001861702,4419.1807063494225,11.307176405290926,4425.257224944395
4395,4863.738964118045,4869.313575235876,10.79674570136823,4875.437554419832
5320,5053.930322711493,5058.151615186588,13.711009291268434,5090.72078669057
4151,5763.37624491793,5769.508756077581,10.244725926748146,5776.08261916202
6131,5853.5231611487725,5858.327655577746,13.767879820194926,5863.841375822952
6393,5945.94320554757,5951.093302509018,11.357048099336051,5991.015803023369
7324,5957.143384783764,5963.00783062076,11.874873423464958,5993.895839529813
6370,6303.600417852187,6308.473255188449,14.405634594958963,6313.5306894009245
6146,6305.751045154238,6310.324849184926,13.547469741710643,6350.933123730558
7183,6483.81798402264,6489.508611446709,11.258973493664707,6495.436001334838
7333,6493.892709885776,6498.352825830388,13.945230231071584,6528.376706968878
6367,6573.772143842829,6579.1763791182475,11.725102640177138,6584.905990701066
6139,6663.673187609917,6669.100001190406,10.66971761081264,6674.953775752764
7161,6846.515225071208,6852.260278123989,10.37728717208869,6888.174564198866
6401,7023.578138971003,7028.4206071370945,13.998116899124456,7033.873767578357
6912,7204.136145825709,7209.256210145144,12.836224178461883,7214.654626999815
