501,57.266039873799095,58.06815653075292,11.304249911606387,58.45304462790839
424,121.17667223113476,122.0044253761251,11.992185217489428,122.36723425201727
431,609.5084665622101,610.2942872079416,12.082010223115175,610.6543987421898
488,1148.3595091690836,1149.3881079829607,9.864494546086945,1149.8291717615375
435,1585.7002012924745,1586.5626674307737,11.509831167549784,1586.940680902467
2441,1943.3696648452878,1944.3505619937544,10.423547603378013,1944.7679699055136
2428,1946.3915881736732,1947.252501412862,11.522833485635324,1947.630088335703
2406,2563.587678096594,2564.275514139079,14.90925166987734,2564.5673377218172
2485,3096.545979553315,3097.272937343176,13.82835079220638,3097.5875714816666
2502,3122.385948666525,3123.335226370744,10.397899105752067,3123.753663902595
4419,3746.386231687372,3747.197688128181,12.391089057482628,3747.5488171708394
4511,3816.346179741256,3817.0471753854877,13.701192128323958,3817.364729595187
4432,4014.680561690749,4015.43901247372,13.61305622415521,4015.7586226455
4409,4455.103208675258,4456.054321862299,10.926361334545838,4456.452521327339
4415,4457.306613285927,4458.137431283997,10.72700419443494,4458.5430311289665
4412,4734.364255036172,4735.010109076941,15.214608572102964,4735.29607576597
4407,4757.676870216265,4758.553938801441,11.3512843354446,4758.937232101976
4505,4859.530696766664,4860.2606862206285,13.792008503852244,4860.576149427966
4484,5061.359763506488,5062.095516974847,14.364197215185788,5062.398413904836
4510,5392.573920265073,5393.245924308581,14.229231441021556,5393.551694248179
6414,5931.330259350266,5932.161236435507,12.618997270924844,5932.506023833811
6416,6020.557062992698,6021.280663926041,13.463912754459804,6021.603814507717
6424,6084.6316840010195,6085.408622948879,12.847692068342232,6085.747272973733
6423,6168.421397412743,6169.0597598962395,15.798919148155075,6169.335150332601
6403,6370.407073942515,6371.310637570939,11.051563804477912,6371.704325859332
6470,6939.565862582203,6940.212903836893,15.033760311424944,6940.502310555379
6430,7065.4202225518575,7066.138689235664,14.180858403017274,7066.445502202453
6426,7254.766987236038,7255.5445426004235,12.71795069229358,7255.886647342258
