1241,89.0,94.41802792913168,13.358270619704404,100.47842848338769
1329,143.0,148.34233299963103,13.107438640346754,156.32136966626942
1255,144.0,150.01212777070174,12.45617471077842,183.20576915181593
1258,218.0,223.4996898265352,12.68224969886527,273.55383573139295
1217,311.0,316.2391072680758,12.70272715165477,323.5942539077652
1226,416.0,421.22667613946214,13.313420623689668,428.2953406152143
1261,548.0,553.4430612847916,12.405728847509522,559.6681922214357
1253,585.0,590.5342299787436,12.534959526250683,597.7641625889726
1305,612.0,617.5526286463236,12.1351653238683,633.2192013581827
1209,834.0,839.3423795965507,12.721230906878134,845.4211691518267
1232,1030.0,1035.1634057737178,13.201172454927494,1042.033514538019
1188,1101.0,1106.4759650900749,12.918460198168725,1112.8215159038089
1314,1309.0,1314.388505741131,12.298670270372469,1353.546295179559
1265,1340.0,1345.2615897979815,12.731399694388664,1356.2179084671575
1294,1680.0,1685.185948985442,12.845397805937703,1692.4859338713568
1287,1779.0,1785.1097789447679,11.172803469825471,1792.975266366699
3248,2134.0,2139.150041476618,13.247479466712702,2145.8528520144987
3317,2193.0,2199.0660326732595,10.727006652817323,2207.340204157978
3197,2202.0,2207.504837345085,12.455325720747233,2253.5750019721845
3195,2275.0,2280.029090520739,14.617390916014367,2285.535191461122
3332,2363.0,2368.558272670553,12.083521858378473,2374.975906026952
3272,2383.0,2388.3967478197737,12.22355538890666,2395.91697411075
3315,2423.0,2429.5211983438217,10.678128296337476,2437.3498802695094
3216,2575.0,2580.148826929376,13.86362017742919,2586.8974655709685
3227,2646.0,2651.383424965729,12.801924030477782,2658.8427571937377
3322,2662.0,2666.565287257068,15.732465973517312,2703.539602635912
3212,2672.0,2678.0080576808264,11.156926293807016,2706.0458887503587
3229,2727.0,2733.1069115457703,11.297945793315595,2740.9011709724814
3307,2877.0,2882.380927059116,12.447006468169475,2888.6886662890083
3276,3005.0,3011.1953521625455,11.061711126045767,3019.634395071453
3321,3154.0,3159.0686094074304,13.703680980334171,3164.8416294797034
3243,3218.0,3223.10233311199,13.9146578456932,3229.9723492435182
3326,3258.0,3264.467617299899,10.421809593133128,3272.414747365536
3278,3306.0,3311.3446493056304,12.787467361816914,3333.21823557247
3217,3483.0,3488.2188641056655,12.926553295576197,3495.659389957266
3253,3556.0,3562.187084147347,11.377598447894709,3569.996124999652
5258,3911.0,3916.5084834396926,12.284995955836022,3923.7939536745566
5284,4100.0,4105.1623361075635,13.483172974794375,4111.907031563303
5275,4220.0,4225.330512475527,12.603164621339948,4240.0273510756315
5296,4263.0,4269.092428120843,11.052333468215435,4277.4835317595525
5244,4384.0,4389.5715504824,11.752783962595833,4396.831732081194
5293,4388.0,4393.299121181134,13.626838018052903,4413.398337722745
5304,4395.0,4401.207961904459,11.369053171505314,4415.993670385851
5261,4487.0,4492.366939223954,12.404583057060295,4503.444304298487
5219,4495.0,4500.453088046665,12.185769474991954,4506.981803991308
5269,4498.0,4503.2314597278855,12.645904393759837,4510.215451187431
5334,4694.0,4699.33289793985,12.527300361438142,4705.294411733095
5248,4744.0,4750.206217185521,11.476384612454483,4758.715260757331
5299,4834.0,4839.464806295693,12.482870362777803,4846.854549317348
5335,4865.0,4870.141379223095,14.000747894587748,4875.849871599121
5333,4900.0,4905.072216900494,13.539388873407034,4911.886538760761
5236,5019.0,5025.289912721954,10.51925299606686,5033.745769350231
5278,5037.0,5042.425620066633,12.849553396835745,5048.59975151498
7313,5453.0,5459.361833521208,10.881585815916543,5467.907833540084
7216,5470.0,5475.122419662067,13.496174539204624,5493.4258532115655
7259,5513.0,5518.575868863472,12.010856570463874,5524.988687940481
7289,5653.0,5658.518639998332,12.641770993508413,5666.203572044813
7246,5693.0,5698.139862008171,14.344841015950353,5703.625213746981
7205,5802.0,5808.062751037866,10.561709667713979,5817.032621356219
7291,5826.0,5832.122815881505,10.892224116514495,5853.683630350441
7217,5951.0,5956.485054032186,12.642518491408739,5962.98271598233
7219,6108.0,6114.517023836482,10.635815547439696,6122.039688288297
7225,6140.0,6146.41929349843,10.521397444367311,6154.097333072265
7337,6361.0,6366.1198207208745,12.507725920443205,6393.054582091708
7198,6594.0,6599.175793914667,13.048717229724694,6605.148421714046
7228,6747.0,6752.538296105156,12.458913495686694,6758.83731019246
7241,7080.0,7086.047958341477,11.351607526354401,7113.12057681875
7213,7187.0,7193.281113986818,10.464526402109014,7200.673976219726
