177,58.27495455786432,63.36458279310198,14.439467460386735,69.8553209001112
266,145.90012590023167,151.54308875247102,12.705353181051295,183.44116850355144
500,186.368801488224,193.37593586892103,10.73798101078506,200.38205997036687
623,188.23498320347534,195.27870719399104,9.224025514076414,202.33342231028507
646,190.26794795962502,197.33834697273352,10.86427036132142,204.2241611952417
258,227.8371280410767,233.5249016539803,13.580300446995356,239.7290512309898
221,230.24958723916384,236.40800684471208,11.326038280495087,275.91372545722317
416,276.4600553035153,282.0783361188463,13.936515370784566,287.07376766932714
641,282.9747391225619,289.08239256048824,12.30088690366756,294.6877862853417
417,289.5020612427943,295.26425191649196,13.844144920570072,300.41650407883805
424,296.21922205698,301.5685192301331,14.879673553863437,306.2185051787448
240,318.3557173384541,324.40961321834186,14.762293581862785,363.36322060969843
617,367.2163660668146,375.05921931345955,9.436240099851286,382.8216854122761
423,374.5810201946243,380.0907182515933,12.180709176978272,386.8877161085297
619,378.4450465510631,384.4427018039585,11.639661280397393,390.51616934871095
260,415.3131027840308,420.1369322776989,14.646559046105496,455.5412193699533
172,418.0836557140541,424.294679677822,11.268910659951741,457.6236563679623
401,419.9296014809291,426.102745516932,10.876950700005837,459.9064541962735
245,526.9705578449165,533.2792907749878,11.5612802391116,548.603877239252
472,544.1015072870791,550.1211854317185,12.601882385006265,555.7593786597585
584,577.867193079931,584.0657015322903,11.31296019072458,633.3300665333963
614,633.9762894923017,639.5432741647675,13.911529314456695,644.9588659563211
422,640.4511699313942,646.5382570882196,13.690802532339713,651.5588003253496
638,723.6976897639497,729.2139102371035,13.796436788617834,734.3345671693083
634,730.0688706532769,735.524387172189,14.581133499934062,740.3821285980702
559,835.9334648839246,841.1541463849109,13.025808231555489,846.4014531112435
164,871.1943501221967,877.0069734496373,13.216803013691056,883.7365584402119
563,903.7036385434915,909.592831946516,12.55116578356669,915.0850195964155
585,927.576618663121,933.2129268665506,12.291156296964958,939.6784151901634
247,959.6592426829369,965.5133307836535,11.88123196680039,998.9049072137801
253,961.4750491727342,967.3387461714145,11.809037323036641,1001.493338806717
642,993.4616678071613,1000.0005212043005,10.181129150219288,1006.5749133833565
575,1000.2147812640098,1006.1075198740721,15.917049749757837,1010.5862722058449
407,1005.8522639857131,1011.5775652324218,13.873505558584522,1016.7846503984161
263,1074.5393882057183,1080.4368185721876,11.3498814081532,1091.810410319646
562,1087.1242919765323,1093.0724148737577,13.07766685377427,1098.2787049663798
225,1130.555582600454,1136.2133311045213,13.374060354988172,1142.5192601956237
110,1136.6482872273466,1142.1325566078451,12.725523113183144,1173.3552321507912
499,1173.8924904144703,1180.044188017857,11.689443327614526,1185.9969989201709
251,1235.119035706007,1240.2234602677731,14.269326575897674,1263.0875554792178
474,1443.6801420351956,1450.0354509930576,11.494231052005622,1456.1580530005785
435,1455.1396646652415,1461.367706764172,13.137157747292807,1466.7788466440072
257,1496.5180992734124,1503.3661905774754,11.095222934861418,1533.903633106989
79,1503.1131525024225,1508.2048667570502,13.831304152802236,1536.496755985622
601,1537.385610304522,1543.2601398544432,12.437932592110016,1548.6977437699247
246,1580.751307815047,1586.4242885095412,13.604232599194955,1622.893683124352
249,1669.9337800148753,1676.539755620074,11.004431201891274,1715.2055439498242
639,1803.9088282372213,1810.0876783141916,11.326875855795038,1816.1694324677555
605,1833.0001657665225,1840.271246118623,10.57935375976928,1848.631981099862
244,1848.2042802412232,1854.4518591680871,13.005428918017973,1893.5187768724509
592,1893.648858746063,1901.3544971592062,9.624973667633252,1908.9686076685482
473,1900.1417465299835,1906.063156510289,13.75778475570918,1911.378158642521
2577,1917.0155028127265,1922.570711582937,13.273801270194097,1928.7059831918777
2251,1950.386947531784,1956.2684155988597,11.582164924936803,1985.8501032672107
2265,2027.7947969567695,2033.563028769754,14.471599283654685,2039.9642029157178
264,2030.5425506915024,2037.2612959806838,10.385828369327562,2076.075712832597
2592,2187.2668116427267,2193.105540865803,12.239279770452342,2200.0457272996196
2226,2208.5548725363537,2214.467099407625,14.283070008975205,2253.4382234733994
2260,2217.7885738532796,2223.224318285319,14.945028758201833,2256.0628134171334
2558,2253.7823510704893,2260.21733465848,11.719480066446422,2266.4504063135255
2254,2322.3624707789027,2327.443981226358,14.122449225199249,2343.392574346877
2422,2342.2013530271247,2348.428205055989,11.717115672504054,2354.571394881866
2171,2394.4236562989317,2399.6223959643576,13.763388208251392,2433.162374591464
2434,2437.268891443323,2443.09854695659,13.050127103509078,2448.3994931161224
2417,2442.7490940130715,2449.0408182196165,12.155218826320102,2454.863714152986
2625,2454.485196221042,2460.2321571366306,13.549591899353914,2465.5430100309004
2568,2461.2860725726728,2467.3816255310385,12.399428213963214,2473.8328148581363
2585,2463.5383197176384,2469.1959701036108,12.605959928298882,2523.3416701687474
2599,2465.4912707080175,2471.010782778113,12.55693078278214,2525.7453005561106
2408,2613.9772218424982,2620.3557702481744,12.239455810242571,2626.3133396852054
2224,2679.456471875735,2685.460369722459,11.280782773606255,2705.466052982362
2586,2704.095114160165,2710.2361277202863,11.97515490809878,2716.304522494745
2618,2793.7552059484465,2799.199325704617,14.084844013031827,2804.094794220239
2655,2799.135219108064,2804.552105068356,13.881978362505636,2809.690962615783
2587,2893.022770411279,2899.43506078414,12.185643688145573,2905.3299382356436
2582,2898.848456895532,2905.4460698418957,9.855139865162945,2912.0640019865505
2405,2903.396949159401,2909.0657181389315,13.447460129359904,2914.299051089279
2246,2928.544375625179,2935.1370724296285,11.360910414315446,2973.7195769249447
2221,2935.1711511618696,2940.4202640865255,13.670164124205925,2984.0729109159074
2247,2937.215809390642,2944.1466393273836,10.37940745159443,2986.801877793607
2560,2986.7567681776595,2992.008742705755,16.092629233609387,2996.478418232548
2651,3001.7082723111716,3007.476843953955,12.596597681586937,3014.5174195610043
2652,3003.602537409088,3009.2061630456137,11.7994618726152,3063.0295219908116
2630,3063.581345941439,3070.036640211913,11.529379369564117,3075.9712013961553
2503,3074.6969010487933,3081.0645602235127,11.44067544761743,3087.3353630163388
2155,3143.8105289559185,3150.0640837347983,10.87214341706543,3156.3871987505677
2644,3153.3545017247584,3159.347990407407,11.717414142329044,3165.182346918413
2440,3243.944443749867,3249.4395650560664,15.107223633067665,3254.2441776910805
2248,3288.0386983773374,3294.172832050749,13.416173567576953,3300.822962140742
2253,3291.877154821262,3297.2091969897347,14.370231465859668,3335.7127549344414
2421,3333.78920619347,3340.34067640129,10.585792531508947,3347.503416821281
2572,3336.0924858441695,3342.196025761012,9.920465990205654,3350.080406408356
2516,3423.8562807355866,3429.5562754110542,13.041623306441373,3434.9440956745802
2583,3522.3711518609107,3528.3505013144777,13.366856463703868,3533.6574679003875
2233,3575.7708342223605,3582.281651486583,10.26635766832193,3610.84205479465
2626,3613.138715756731,3619.1636961199993,13.224315130702996,3624.7431631158443
2579,3626.436434518187,3632.5772345919167,12.883211366551983,3638.939549285686
4173,3665.980249335034,3671.3232221905105,13.247204051470865,3699.9282231687
2232,3736.7623265524835,3742.090359149551,14.434511123728226,3748.0651713446
4571,3783.4495826337334,3789.5024639979297,12.674926034875286,3795.343154927785
4077,3832.5908658609064,3838.0944320947333,13.418166441779462,3873.318826580706
4627,3897.5745555729545,3903.015001923704,12.528517277497548,3909.3423237715756
4593,3904.2291322226297,3910.3959853652177,13.356130148641608,3963.2512368403745
4247,3930.8376450078636,3937.327232628101,10.863523981235618,3967.9992464774627
4184,3938.8833579189395,3944.22957524432,12.54091330359262,3971.948851049856
4588,3970.2854128775166,3976.053142502491,14.326609682497416,3980.90034497182
4244,4012.1731864052954,4017.3363305570642,15.01571247521418,4024.210998118063
4234,4098.256447388359,4105.457910118889,9.992311565090382,4113.4726253853105
4368,4104.464147120366,4109.294285268961,14.65056555972416,4143.141019337519
4626,4165.313339841327,4170.264678570309,13.436167562868068,4175.297028023684
4570,4237.003030472578,4243.16560517416,11.464734070482926,4249.296445938294
4479,4247.771572528476,4253.420087862465,14.318308992263942,4258.09994205112
4222,4287.518448863696,4293.430075795947,14.378913496515226,4328.194238216414
4423,4345.896938980825,4352.353653183487,11.681455147734079,4359.239385680979
4164,4382.20011548703,4386.638163218427,15.781028793568652,4417.628720578927
4429,4417.371528749255,4424.274533664454,10.379834141289653,4430.987963760821
4411,4423.996467935548,4430.425924967325,12.02332915636531,4436.435238463269
4250,4462.401900621283,4468.097971345482,12.975863161192892,4474.696082581422
4435,4507.013237661532,4513.1568830172755,12.090503200931046,4518.905159581917
4569,4512.307977249728,4518.523972349887,12.550357909029632,4524.173623086069
4506,4597.2063577706795,4603.532686783202,12.637712944405092,4609.544271870966
4262,4638.199396870968,4645.411910912376,9.429334399932584,4653.6491894573355
4226,4640.383989085695,4647.364393331824,9.865993104009968,4683.493465445458
4251,4642.639227553059,4649.405968433657,10.569975874751108,4686.385912331844
4223,4645.05627328497,4651.349378730386,9.87606948623355,4688.5923665294185
4566,4684.224876513455,4690.527536933408,11.861985291168697,4696.598335231898
4562,4686.556104375401,4693.079827000215,10.787989062065954,4699.644569250156
4236,4736.058174639063,4741.512403360322,12.26570800442241,4781.774476766424
4624,4776.277334585542,4782.317658906069,11.200857652223947,4789.864524111345
4594,4791.770417242524,4798.04905780359,11.19757450514069,4804.351328658013
4253,4826.470309168788,4832.177704676892,12.955429555736902,4838.722060279756
4508,4877.831915458964,4883.59763727699,12.924806226399717,4888.8635354446105
4249,4915.946475390069,4921.43917989463,13.052653924422701,4928.218774296483
4590,4956.181291477568,4961.402169660295,15.96942539833944,4965.7354918303945
4652,4980.052930038091,4986.424370919119,10.630418550639662,4993.8123521184525
4494,5053.076482346737,5059.1686188613585,12.977933711922427,5065.0790912856355
4585,5065.1648587542995,5070.241762262314,14.008520152544051,5075.252931173197
4597,5078.615819546761,5083.184381415908,14.841686845802858,5089.47143108786
4188,5120.543939120954,5126.267334952503,12.124206452975558,5140.603837140445
4216,5208.098174562587,5214.012800714925,12.636370745822505,5220.256372741992
4519,5237.169501272305,5243.438337456717,11.428539797784495,5249.301170694409
4375,5275.984460461939,5281.401099779315,12.500948331734365,5318.04571473695
4605,5313.7616942474815,5320.256925994525,10.49677511214497,5326.69507306982
4240,5372.7741308699115,5378.455969319571,12.317528681591732,5384.98550697983
4231,5450.271633540323,5456.372352606006,12.71048781363759,5463.430420997957
4228,5454.775340208055,5460.139214296749,13.953314718877797,5493.523524572089
6650,5606.996113230314,5612.367536391702,13.7708399175292,5617.652356208644
4225,5628.224494746,5634.024348904757,14.069578473515339,5676.0785978527165
6261,5659.318542175054,5665.561337900941,11.6944044056771,5680.361423492794
6618,5680.131815842394,5686.028194838966,13.97160618259169,5691.118896973105
6399,5718.017879876746,5724.412208014575,11.977023376734834,5731.019878539457
6644,5792.510983996332,5797.571183389565,14.078251248484634,5803.886140092186
6242,5812.897344278695,5818.022312898547,15.756406716541496,5853.460989383884
6224,5817.108375545171,5823.357966897246,10.759154068434318,5857.561471931894
6180,5818.895696059705,5825.234987836529,10.671754278651777,5863.8031478438115
6226,5898.413642021368,5904.491485467685,13.589657622606333,5910.957348017744
6174,5918.161437673634,5924.433834534618,10.634110880197325,5943.3812493765045
6267,5996.001925797347,6001.411698030487,13.32992704792155,6033.553224540437
6413,6040.249401334637,6046.003090860643,14.759835222394695,6060.027788246272
6513,6056.167007589385,6062.209352524508,13.578340594702707,6067.3031395856915
6580,6062.205794546679,6068.184407800125,13.189087427838693,6074.873431145557
6508,6127.396284812571,6134.2776412752855,10.220241789245934,6140.844997966158
6432,6129.751413410158,6136.329083212078,11.116537966423108,6142.7030828777815
6651,6150.119668057912,6156.444493997492,11.39838956422562,6163.884439249984
6558,6152.13220658216,6158.203773928984,11.179936061511194,6213.175001636626
6259,6177.7415555406,6185.2650844077725,9.321707401336898,6215.637359274009
6594,6318.659292349875,6324.357597358734,12.336685585033203,6329.9511454646945
6156,6358.4868395942685,6364.541956611367,11.520551675457924,6372.262810193095
6368,6528.208497764524,6534.309644387155,12.033262821672801,6540.903022028685
6240,6532.740639894804,6538.470172673064,12.541708993068086,6575.989121435239
6553,6696.436054099989,6701.0357592559785,15.299427049201807,6706.8383763024585
6265,6719.251929445336,6724.38898461482,13.985549638384837,6764.1276176300335
6615,6753.483515200044,6760.132152971061,11.245713838271362,6770.228472789019
6637,6771.982043588463,6778.090708344841,12.840525860455282,6783.707380298335
6262,6800.2524650922205,6806.545597981283,11.994045615828457,6813.758488047152
6248,6802.306124712541,6808.373808544196,12.951088270915522,6843.381182086123
6613,6855.840361614732,6861.629253361299,14.500252333328508,6866.566922260136
6495,6948.859327334335,6954.380383483882,14.352058530778665,6959.140329842756
6260,7170.163234329744,7175.386631137176,13.211502803220391,7209.863018451394
6604,7207.0878676155435,7213.318660688382,12.476588436264933,7218.8113809754805
6624,7212.725769175631,7218.385964545183,13.844515757072742,7223.504100092644
6080,7256.675758641635,7263.248901630911,11.356761784974681,7293.102280431003
