1343,120.1930927189263,127.06307504769786,11.160240197813502,134.7607673239774
1547,138.36423498177146,144.5947395661092,14.492642574684927,183.56998371032978
1594,183.64200612218974,190.01826178501793,11.99877586965274,195.96771325628924
1487,207.12003669688633,213.12742907762077,12.479143480445176,220.50494566604894
1601,236.55723877673302,242.11607148562751,14.44565069372151,277.6690296379023
1357,299.65399271419966,305.4006081916127,12.990796123396047,311.86826351905717
1561,317.8015073413338,324.53260063448096,11.826704204048335,363.35729703308766
1498,323.1636546067133,330.1436452781114,12.351636106766719,368.55476411973825
1613,453.33848881351895,459.2735832377059,13.652254927946746,464.90415826867854
1741,563.7577747130956,569.5810198730295,12.143987657164267,575.3778217668414
1502,572.1220243386338,578.1678991019447,12.455812225895214,633.2904352765988
1618,592.8313148385639,598.6215697805985,15.3057499302542,637.6399465320152
1339,640.7421246894298,648.0960858167007,10.47083859755536,655.3480687435498
1320,680.8091804538784,686.2068640894651,13.596102100128638,692.9176285592022
1434,724.1258612320578,730.1009403101564,14.437062220471455,735.350138432861
1358,752.6318457521953,760.2288149497296,9.797174790493434,768.8136659843834
1473,768.6676934360664,774.6319500302899,14.77670754634026,815.9103097250047
1583,869.8304885475491,875.3613048159175,14.152757974220703,881.7788227586909
1564,892.8881071250642,898.4035913938399,13.548159143105217,904.3565507298591
1490,903.6893269833556,910.4252348890415,11.665369839913387,917.0107405391905
1478,925.5026070205131,931.1937539503566,12.647306143181318,936.9032767459888
1353,1085.6469079516164,1092.526993025563,10.818707006694469,1099.2782945955778
1489,1175.1681575803334,1180.4463621460995,15.162065760073691,1185.4527820315484
1612,1253.6430775283177,1259.3534570225254,12.912919443210418,1265.2292009216255
1345,1263.4443886399893,1269.5202609020978,13.028641649085165,1275.2863533398906
1608,1291.3344158781501,1298.140309622168,10.555018413296043,1353.4122597743994
1606,1310.8603105453744,1316.163578362722,14.429455659032396,1356.1517315862202
1579,1397.9837745313748,1404.4710930561068,11.693548309478878,1443.4174613361902
1332,1404.2241398182462,1412.104555858221,9.707514350185942,1449.1810796807895
1486,1406.4474514716649,1414.0321961060135,8.83568425155455,1455.4863608912901
1578,1490.4914086237106,1496.5933273701341,13.274658916236806,1503.6251503416174
1615,1521.7813220746268,1527.186185539863,13.193741419299847,1533.7187133261486
1333,1580.9508478751263,1587.5044555062386,10.863609442382753,1594.896756904824
1617,1649.01738491298,1655.1711928834984,12.107043491544013,1662.7322340177432
1631,1671.1802366237102,1676.2113890909288,14.506494536372756,1715.8254964793928
1591,1715.6553710300989,1721.2328389622178,14.484461390653173,1726.3459428485041
1625,1734.7918919050173,1741.0524004680044,12.450406268153097,1747.13556073853
1335,1761.594849804426,1768.0026302194576,12.376754086190578,1774.937594549798
1433,1803.4845294634526,1809.1536676229941,13.517948235903892,1814.5305515493149
3622,1847.9192558348334,1854.146630113286,12.50521679678002,1860.8420812112192
3561,1861.978756964382,1868.0001846494235,12.36526524061663,1893.7450835328098
1441,1899.8729981061554,1906.2597848157418,14.453103240889705,1911.3472584408307
3613,1916.9334001494412,1922.6127085766443,13.227359503531538,1928.6094462098552
3500,2028.1487024354708,2034.1523997702266,15.18312434145388,2040.4938271513838
3446,2077.3328225575096,2083.64394639219,14.18355374343349,2088.853173551115
3503,2097.2545507754216,2104.2388762421465,10.216654990140784,2111.939072997141
3610,2134.4243078100635,2140.1399661573214,13.07513092698434,2165.6333330103357
3339,2210.806880020025,2216.5301813905603,14.09325341773035,2222.984162264259
3483,2253.8691234614635,2260.539948951295,12.373442892749178,2266.807712695514
3491,2309.7710971000524,2316.0977306471686,12.277862717613605,2342.717876945253
3349,2368.4372886978476,2374.246005239542,12.286507434174977,2433.581885134088
3637,2394.383934370838,2400.5494013598905,12.221414030135337,2438.3622409996333
3438,2433.8200912675497,2440.010558127488,13.019358406441057,2445.736973669062
3588,2459.6766034145066,2466.118157065414,10.944013655052501,2473.7786093333934
3631,2544.038566118919,2550.3516394956537,11.913728484597746,2556.603971127135
3364,2546.602054150209,2552.4162582045456,13.06487498250257,2559.109732382447
3501,2578.893211009832,2585.4016075957998,11.47632919017391,2619.5734021799994
3528,2597.3232229403757,2604.064696860534,10.795846070669594,2632.4639243691404
3552,2658.241393372249,2665.077822808671,11.364501439290825,2672.492708469951
3580,2748.0245719624922,2754.156216261591,13.706938158718332,2793.07412078282
3356,2815.0289515909167,2821.212664143479,12.370005469755151,2827.4234446303
3516,2837.8258534783945,2844.2627515775607,12.80769187421098,2851.3148604053235
3493,2842.6752013910427,2848.285149938319,13.326250276555113,2885.749030668425
3621,3022.0395002079745,3029.3241412498846,10.70372100252018,3038.079506154634
3606,3024.2133231115554,3031.174332690274,9.571904987076637,3063.186394773384
3611,3109.844235008517,3115.5120258366956,14.68500800937824,3121.8472971677847
3485,3119.5496820666094,3125.5701045916658,12.421711214613518,3159.6304259141416
3341,3153.665387758043,3160.0036501295976,11.845505282976847,3165.96250035412
3435,3333.7954402179466,3339.4998487384582,15.514130665846537,3344.378831343074
3615,3516.168562249537,3522.11942347316,14.027146724645153,3527.5318943908987
3441,3518.1980814359576,3524.1059441985685,13.29922820568881,3529.6649856426875
3475,3535.858696051257,3541.5179716116068,13.264968841427033,3547.0758961787633
3599,3548.0965388813465,3554.218509745198,12.078752034351186,3561.6529256149247
3498,3622.8489391133635,3628.3732272679786,13.03263771140587,3633.8920623402923
3335,3650.618393570968,3656.606740896265,13.806523810840353,3693.3660676848335
5485,3873.764503621416,3880.408019087767,12.097638715164274,3886.729783384404
5593,3963.8057939561195,3970.1306411288842,13.136286066144306,3975.897422654008
5346,3965.8865151692044,3972.162025444295,11.708144509205335,3978.1388151018577
5590,4042.7690084430424,4048.0098636762195,13.803231597605064,4053.8748483290246
5575,4099.86538129894,4106.138847445395,12.24006713397378,4114.190932631911
5495,4371.053537476043,4377.308023568955,11.766966909781415,4417.906089750572
5580,4380.878592696609,4386.289534777824,13.776069727868027,4422.093128050496
5556,4391.347872076587,4397.453600361298,12.62169481454498,4423.848379618204
5340,4413.803897672126,4420.374324376888,12.774364348844896,4426.380897199486
5522,4458.102863256394,4465.425593225476,10.357390450113803,4472.9815712969075
5568,4640.506966197904,4647.3051715845995,11.658133194881502,4683.208478410696
5315,4646.183411617117,4652.066608735323,13.76035743643611,4685.816785281354
5553,4655.663369509687,4662.072013079737,12.162835841690903,4688.422423183602
5533,4727.884474013272,4735.212583046219,10.501203112865852,4742.762199404319
5543,4730.450971787361,4737.113454941563,11.17100314577713,4773.525289464628
5745,4887.530678217474,4894.430593618498,10.439587688415912,4902.518959537218
5627,4890.422717723084,4896.479760369952,11.403534241440871,4953.557383411191
5497,4953.423355102248,4960.546727633462,11.04548701797381,4967.339514520226
5734,4981.161388003689,4988.1078451562,10.40412020953455,4996.3238456544495
5350,5043.64949324731,5050.4607689131,11.80853693489333,5056.824032739198
5443,5050.156491634335,5056.275836345015,14.81329659637099,5061.440551384979
5480,5136.136284759817,5142.204575909571,12.270281057563066,5148.16751861258
5493,5224.095816476479,5231.347138280889,11.121199498183337,5238.317183440173
5344,5226.405890154138,5233.282506086529,11.479883624321303,5240.215444873774
5589,5270.15915646767,5276.558873091722,12.572719389090514,5313.463043043316
5351,5332.8516056487,5338.318373838365,13.918268815732226,5343.834747564755
5489,5362.104613455928,5368.552564393445,12.688010741811878,5375.447466904371
5432,5493.661461925771,5499.4795037867325,13.64807295249795,5504.937934598204
7593,5583.542707406951,5589.201298517329,14.25745326468574,5594.176864696591
7496,5634.537105412818,5642.161373994513,9.678418447579793,5678.075926215288
7344,5674.076357586466,5681.014338084945,10.721213376652372,5687.796179667905
7507,5718.029929853891,5724.043275668449,15.12663059030306,5730.011320465608
7422,5763.5894402907015,5769.568804364668,14.701366199005546,5774.683048425538
7475,5807.318947707281,5813.316243715573,12.341750321931709,5820.580654524153
7626,5829.681180785684,5836.5438928688945,11.564456854213724,5855.738861127097
7614,5853.496829311061,5859.333603010194,13.336424407639889,5864.75269904789
7583,5917.532238186102,5923.2005012824375,12.51421342999999,5946.20854324773
7737,5996.050373008375,6002.340169030799,11.953859690511763,6037.735358366308
7341,6131.390787902647,6138.071955976062,11.53672664658965,6144.677138141148
7486,6178.487332050019,6183.509571033227,14.63897817972712,6213.437326448082
7447,6213.826521596965,6220.046845726256,13.639854880883474,6225.722971963502
7510,6354.482168911628,6361.265931801063,11.777336066695819,6402.619572571764
7586,6378.565205167551,6384.403662551906,12.453979614514662,6406.663198942551
7477,6632.896427655268,6638.435835469433,13.78567530118237,6665.671496309844
7535,6651.642364380718,6657.534606606457,12.559377897131315,6667.999219766218
7592,6653.506247802299,6659.281684051438,12.570066690604602,6670.008993022131
7360,6685.1272212220565,6690.495630361172,14.226071662753602,6695.775079569445
7624,6774.569498307634,6780.433936084219,12.319526557050722,6786.38493347138
7359,6776.9229045782695,6783.098877462009,11.853136651700435,6790.709224910082
7502,6831.757479115903,6838.179022481382,11.38371095052862,6844.831797121332
7571,6894.0744481573865,6899.464957765494,13.329502301621625,6905.900788908751
7590,7118.515064156315,7125.0538907412165,11.616402684118004,7131.112782664531
7352,7293.341907306498,7299.460330955836,12.032790532299595,7305.311453066097
