318,184.0816319991014,188.21932505672086,13.291608871252478,194.78000234316653
360,273.83855365038477,278.00724811135547,11.41142681841968,284.9774348352755
356,276.24167384618113,280.0707495465841,12.192435859595333,318.2157722084138
326,279.9994795053361,284.31003210799935,11.706622994993818,320.7126086821006
126,379.6455860965062,383.01399821947206,13.752719227307631,408.58028202273897
347,633.6047774713314,637.420749045376,13.305230961510247,643.9046647001761
130,639.6861359009374,643.0265407922772,13.871790959780522,681.0491779520551
137,641.9323568391555,645.5012872008602,13.097120086508744,683.0977041918595
122,909.4987261618566,913.3351308751847,11.632746831329145,948.4920243138588
349,911.282098718534,915.1562152214242,11.86760946292001,951.2300173983429
142,919.8013825540003,923.1279627309813,14.144478935379519,955.5262777770296
317,1454.0437248977607,1458.479587250895,10.45122180061186,1490.6565481051266
311,1455.8993852301476,1460.375696618246,11.833158754561056,1492.8078140927846
125,1457.7031972300858,1462.1085174054783,9.632822555743171,1494.8923587516736
314,1626.397350703145,1630.3274159126001,12.174826050094701,1668.1194631714159
319,1628.29364725748,1632.1137413296262,12.170018441750091,1670.6411459436615
2119,1990.695485349007,1994.2681146908274,13.045299071003411,2001.3507821994817
2118,1992.394578330581,1996.0169597102777,12.685440778969003,2028.4503180533868
2126,2080.6377252167295,2084.119222819982,14.114444756597827,2120.8870642182155
2320,2348.872260129583,2352.1257657433616,14.797560510867369,2388.253393169046
2352,2436.372389104771,2440.2592562338455,13.789380477334738,2478.3810358552687
2121,2439.8213295396595,2443.5673081556038,13.02850082677311,2481.2142476072913
2113,2454.7694899815187,2458.0184822758215,14.88251504813466,2483.4055816345417
2145,2645.086657131823,2648.6042647470954,13.2425155467068,2655.1382355897513
2364,2708.600146947004,2711.6002561562927,15.827601191739744,2717.963066492388
2304,2884.097549688945,2888.400820426782,11.515168780214475,2895.8438924642173
2325,3065.861336170438,3070.3363454834152,11.160271803607456,3108.6488225165167
2318,3067.85929768421,3072.205572376467,10.704105832054791,3111.271716590184
2348,3247.7225799762055,3251.5343402659955,12.917643362243867,3291.2316562374062
2117,3524.8976221866083,3528.518054023362,12.504779346320056,3564.922047904816
2129,3615.1714364964796,3619.2473708500765,12.131310728334038,3648.3087449034915
2123,3620.703122488391,3624.329709714817,13.09781477002682,3651.044957024785
4135,3973.6734354761356,3977.458784368074,12.049851386113167,3984.708478832899
4118,4239.530038217117,4243.292566762832,13.043510223766173,4278.2094406779415
4147,4255.820957513805,4259.294917867267,13.74698247258331,4280.724362805785
4330,4599.265869625837,4602.6312974326265,13.678670953114304,4638.53883399332
4308,4601.624973135136,4605.09700117018,13.029140178143734,4640.985919497825
4127,4603.745532275079,4607.500270513114,13.036818399403408,4643.219301993801
4315,4863.304466661548,4867.206037331667,13.341299576444216,4873.735167386557
4318,5133.775658036133,5138.130889621652,11.099955482835881,5145.873076125309
4133,5143.033525543062,5146.604321522388,13.43251639257198,5178.343445389277
4125,5319.683110236501,5323.206582305538,12.673695968420727,5358.607611425312
4116,5321.676726990839,5325.384808350077,12.20511217308411,5361.2264240062295
4117,5403.863073559297,5408.064982946276,11.399602134260464,5415.681655292532
4354,5411.637364347825,5415.548083512396,11.69923338559263,5451.243230020393
4304,5496.03462396414,5500.456367929115,10.537233478451173,5538.1632925262675
4314,5498.505765677671,5503.4486113952335,9.498662380139896,5540.5951240863005
4359,5591.332010166095,5595.443948033873,11.262302192177374,5602.839496267924
6129,5683.490743068994,5687.342066191973,12.532373922492331,5718.005863482618
6118,5772.109938047705,5776.514612850284,11.160202311515308,5810.437425139889
6316,5774.9958860744,5780.020764986377,9.325777354440637,5812.58475058747
6309,5855.880084256444,5860.067751104258,11.542071046921281,5898.187334165636
6363,5859.171011831432,5862.500582539179,14.429589111506552,5900.568272794155
6329,5864.546010279352,5869.028242390057,11.067002356623588,5904.65898002438
6311,5943.9582201392695,5948.220350633094,13.489170557207695,5954.897665091284
6319,5946.197189547107,5950.092944155819,12.777635748315591,5988.097106656185
6333,6036.2967691003005,6040.455360465286,11.928324366206965,6078.626485600657
6120,6039.514733878598,6043.5010498184665,12.331117868801552,6081.347786119724
6116,6049.030581503752,6052.478103325328,13.699809597196923,6083.645234344621
6338,6213.814012218816,6218.006371717959,11.973309681419952,6224.924142241331
6313,6401.5293025656565,6405.237958121362,13.44257655816309,6411.929308830395
6343,6483.4165342798215,6487.486849362993,12.798959057054649,6494.935251394384
6124,6583.893953763694,6588.011367380854,11.238513709918534,6620.997417372747
6358,6663.434980318115,6668.086803754145,11.06017001900252,6676.462919582643
6308,6843.441772073199,6847.2846074792715,13.930961084407599,6853.791812367142
6125,7114.386810632897,7118.533820599591,12.958623363071544,7125.516975857555
6355,7295.574875274008,7299.24621198966,14.589811783647482,7338.528512628211
6344,7383.5224478289565,7387.335561792067,14.330856245409944,7393.8641656901045
6305,7389.171750773015,7393.022965970342,12.194856160652913,7428.2670649136
