1343,46.864229572978445,51.11196741240105,10.745520211084042,57.90954326440254
1357,228.0713670836049,232.3321142524371,12.566889683154532,275.69479484733154
1495,318.43639492652494,323.0126094099015,12.563811112796312,329.3889045908791
1326,543.8670529021012,548.4288432430258,10.767808431866127,554.6623984854532
904,591.4855946095324,595.090854827903,13.8369440020336,601.3674926237026
890,769.183567376967,773.0223311342368,14.104140697260966,778.8757361044823
1331,818.4876057788175,823.4347733910904,10.369352031546333,830.2917828758829
142,1121.2284321570119,1124.5255299287019,14.363459965128882,1130.4303655799138
380,1133.1178098077644,1136.631791704527,13.743969304486676,1176.0526276433864
1315,1385.439794137498,1389.1471295760266,12.082058249254027,1395.5967897098885
633,1492.1110304543286,1496.080432455163,11.431327959417843,1502.595710134432
1351,1582.376993979549,1586.575246985585,12.007315002807704,1625.563277099038
892,1673.5006228172729,1677.1702626573374,14.951183298998929,1713.2063364417954
637,1675.4179839516044,1679.5549795216903,12.252832159594234,1715.8364783214201
1327,1748.1793671420508,1752.3364849550076,11.226352699585412,1758.7881828436327
1338,1834.936626662451,1838.5824438738266,13.204995894962277,1844.7521399537752
894,1941.0385043563228,1945.0622462414156,12.22010995818174,1985.5371801687324
398,2180.305492137149,2186.086529200466,8.022195810641232,2194.3299618236315
3157,2210.473435277192,2214.545644631331,14.963813161044266,2253.5183565485345
3348,2218.840532817779,2223.037347960031,12.919584083429998,2258.1221242579177
3487,2268.686985465905,2272.1740332622044,13.958597178599451,2277.2058325478347
3349,2300.200469720465,2304.201039175571,12.874116318736705,2343.3543355327006
3332,2465.479088697191,2469.29915920764,12.19806355097039,2475.5959471518945
3364,2478.0889253574883,2482.6119631336264,13.03680196006122,2523.1204276631324
2395,2481.029242531487,2485.356820210245,12.354379759421725,2525.7843949130274
2892,2568.7988350806577,2572.56192838108,14.96394177611688,2613.216501824812
2368,2626.951501998787,2631.2639068267995,10.661377007168532,2637.536714438635
2136,2647.4054274585187,2651.133993100472,11.668194627142496,2703.200375520223
3350,2661.504703186116,2666.499311959855,10.47365030684506,2707.9741951124506
3322,2819.628549926738,2822.6485787951997,16.01711309719919,2827.055355045642
3484,2984.869724482817,2988.546774579205,12.546741612192532,2993.902632589376
3495,3017.7608228433346,3022.0672983810023,12.668976824364444,3028.3046875721234
2655,3109.0908928372496,3113.175550543341,13.983398796399904,3119.4028859598134
3745,3117.7854122734825,3121.4856498109775,13.27023301894159,3153.056804193683
2644,3399.604950845832,3403.5466579133936,11.802864311775679,3423.001932786799
3471,3480.554552428288,3484.06792550408,12.476250945147958,3515.6808378597625
2621,3668.405411301939,3672.0632875500164,13.500182503529851,3699.6643186085084
3323,3784.025432932964,3788.1444091859926,15.474723778666977,3792.747183131905
5348,3833.946161993192,3838.201270183385,12.327219298597003,3875.743278218821
4397,4053.564901860518,4057.4801786588478,12.853572175882599,4062.818343352579
4913,4098.945156918647,4103.035106715523,12.919608682834202,4109.665355091152
5474,4281.955812631034,4286.488351033658,11.651310179110514,4323.149492829108
4147,4450.747404634367,4454.292960250045,13.771732502353496,4460.21541242876
5151,4459.338858675381,4463.483450847405,13.677277025179647,4503.238390354633
4622,4461.536517999399,4465.368123045719,13.283912398895936,4506.068917913779
4654,4463.463554548746,4467.3966854607315,11.934417975721656,4508.289638470258
5354,4547.826910835009,4552.107292651238,14.428194226953439,4557.718898099551
4395,4630.287712337567,4633.564221055748,13.811489920667618,4639.513227485594
4387,4715.618024043774,4719.365041492934,11.892911871113975,4725.616248873429
4632,4818.364196583728,4821.573157961556,14.674556351325318,4865.918113576626
5342,4910.3649488752235,4914.30668852122,14.079100226542495,4919.984609878505
4150,4956.9021175526605,4961.098406651872,12.286535566754788,4966.65543493224
4130,4959.046785932032,4963.483444220931,11.020213401674209,4969.774985767192
5335,4987.767805465427,4991.255507445145,13.093251253638348,4997.27372636594
5341,5000.29841254703,5004.214010094452,13.375303897693694,5047.360498096315
4653,5185.013092558277,5189.497366676707,9.958381350729816,5226.140200140822
4629,5186.897413280468,5191.376499185441,9.541643899501691,5228.393908241457
4398,5449.0734019582,5453.026646625175,14.074260427305987,5458.784586704743
5152,5540.87182176201,5545.049143399888,11.671348230949217,5586.066997512511
7495,5628.036805940338,5632.246003181411,15.764325719387514,5637.877761912847
7491,5677.4574852455835,5682.33612628334,11.006777451277323,5688.867009335399
6911,5901.066768201581,5905.137318720848,11.513643293438266,5946.016214243819
6401,6069.7403588714815,6073.049768020369,14.3778085762798,6078.837768590513
6879,6079.287469489016,6083.4704328832395,12.216805321098184,6123.189413319058
6902,6081.206976176904,6086.3494535912105,10.021635769224899,6125.674563349806
7358,6258.03522713764,6262.348273604287,12.67058816592471,6268.774914746937
7318,6333.982830993331,6337.536580498823,13.364223950835093,6343.507218681681
7322,6517.497458335451,6521.310883947287,12.768893409077396,6527.6940430840095
6392,6663.412250377644,6667.524985121214,13.113847355298315,6672.75308758746
7469,6710.47728658464,6714.448608649404,13.185654645612953,6720.663884895534
7359,6712.432845273876,6716.434829022408,11.762787267361915,6752.971414833071
6903,6746.227791572132,6749.5216051358275,14.172269074673096,6755.429296568633
6147,6783.4718016058,6787.067793352657,12.987514278876922,6793.650733415366
7334,6790.181029674113,6793.603969966813,13.620763812020005,6842.838802934574
6892,6985.13612151271,6989.4914219179545,11.599255226152522,7025.566697010569
7492,7114.0853591860605,7118.207766950414,13.1521525574332,7123.590868723369
6640,7250.650167257374,7255.272081309941,10.18982688591435,7293.429605055108
6619,7433.487732355892,7437.198407391154,14.430030906584697,7475.8611905318685
6624,7519.169403136555,7523.334176695812,13.242874522589519,7529.318662193258
6629,7521.331175819274,7525.053257837783,13.76920554624364,7563.160798494465
