813,232.50686379305856,238.54033844871392,12.511425466357545,247.8850482745701
808,504.57308570745,510.38628879100384,12.445606564804132,543.7815442626916
790,599.1499693779064,607.0217015950815,9.321541955473581,635.4985450618209
1063,601.1447187199549,609.0642124774998,10.51645250061596,637.8325231763812
545,860.511839343216,866.6204516592703,13.416854586296198,903.3647108508887
1051,1128.9997774163253,1136.139895139003,11.955122610559906,1146.0258107634365
789,1430.6481654651973,1436.4856906404602,13.250822675841253,1444.7416861215006
795,1522.0609828234367,1528.410894764771,12.09028434936767,1537.2519257650595
1048,1640.399238654268,1647.504447476978,11.015413888295114,1657.1979842444339
522,1763.9576498769716,1770.2419659954248,12.910318846711135,1779.923929629442
788,1847.2732858088239,1853.091619277055,13.548149168589926,1893.610525495584
2789,1942.622244605901,1949.1474944699476,11.325465830413334,1958.9161617874793
1069,1989.2592264863124,1996.2042126836025,11.821501896779568,2005.1065965543492
3057,2166.2078152501076,2172.178655699186,13.790168482650797,2180.0145454042777
3056,2511.3228366942653,2517.532171970089,13.126284853671942,2526.0672234058597
2796,2567.224932360241,2573.2903252191322,13.344831421950218,2582.828685540986
2537,3020.4651233136155,3027.3511041416214,12.577599928219964,3063.2946565444504
2794,3046.81017798628,3053.3684120861617,12.433475663655503,3068.237763362648
3064,3248.6388749427238,3255.318249616932,11.902816411383862,3265.2551908394844
3075,3390.602468438881,3397.2477066633064,11.86115330841059,3429.7977028351097
3070,3453.035511268111,3458.350868650556,14.21544587346212,3466.944326086988
3068,3471.109862041665,3478.048225550345,11.50233332744175,3513.4246467574
2552,3497.7832718063164,3504.077362261889,12.839768118356819,3520.4480469661166
3079,3588.0083002732217,3594.38822395545,12.62293984057633,3603.802060775989
5057,3918.689100211326,3924.629980336197,14.637260274241745,3933.84032945912
5919,4342.22870160275,4349.272549881622,10.659701730601395,4360.064884617959
4522,4551.1734749933785,4557.363917582205,13.252373743993296,4566.901825662193
4801,4638.6960804166165,4645.070934376986,12.809117258982546,4655.2146421940915
5065,4644.69811497928,4650.395551521517,13.73161626075804,4686.111699248451
5067,4647.0177574002655,4652.245438921394,14.173007172077725,4688.120945564576
5051,4773.824463243798,4781.045880910471,11.421298387605393,4790.597838948185
4813,4849.254798181766,4856.328852490021,11.347282498444837,4866.008868396662
4793,5001.305321478742,5007.226571892531,13.241748884273264,5016.755387529493
5079,5189.01310887911,5196.203053810686,11.427923199185212,5226.2205773954065
5075,5190.873518242567,5198.004911327981,10.421644129323937,5228.430105072233
4800,5448.5703982292625,5455.273777165109,11.59994314960458,5465.664026346258
4525,5482.182432128221,5488.293349803304,12.373721589350366,5496.819247916879
6803,5571.369902156461,5578.303793730584,11.059846004532867,5587.943319751202
7051,5620.705030686285,5627.454556200461,12.142171655610744,5637.751560174915
7064,5808.862492383501,5816.063465983493,10.563880533596981,5826.997461952832
7078,6155.251646589865,6161.032219047262,12.840944185897202,6170.306518854802
7077,6335.606403360069,6341.387378474845,14.095718253304845,6350.605599657497
7052,6709.462021202763,6716.183056809268,11.85542770980703,6726.543262594318
6810,6713.64552094875,6719.522884944494,13.229630168084862,6753.41830666185
6784,6825.1865665323785,6830.372873776165,15.353628960584254,6838.8459279174085
7047,7250.60831277201,7256.365615723328,14.769027082614077,7293.542173379184
