610,64.04470553986397,69.11939321626797,14.094844634822248,74.67580305817489
542,83.01089033628077,90.03187202143341,11.188912308913741,95.33784435846977
599,95.20977135269415,101.13487533675521,12.800800136937868,105.66575884634274
568,222.4799945008624,228.4775049019503,13.169770888259453,234.2976172296646
528,300.85524267301565,307.03953186979567,12.657567015552232,312.77811290427906
553,346.54208126488766,353.07741759340377,11.45747360254832,365.36418734292727
591,365.5491378474465,371.5144421259804,12.159306914867596,376.04754502295106
606,424.23291547395604,429.2141633239045,15.407472911887629,434.63998579970183
817,459.6902414974657,465.493054261678,13.221885748958378,469.74433606623813
790,545.8641294902492,551.0601808186971,15.755154359565536,554.7714563787894
689,727.3221854192822,734.2289750691191,10.964909282464408,739.7829296222283
703,819.9266181739076,828.0378011798799,10.23375399221879,834.3075295010672
829,844.6871569248107,850.3207783100833,13.318251356459385,855.8821604817972
564,889.9574712551658,896.4031938476556,12.05145289307339,903.5524859678081
803,909.4964566475644,915.3221537728161,11.878654388346348,920.351135993702
587,925.8747452775717,932.0734783272599,11.77135168624947,937.2548815852268
550,1058.4612725671257,1065.0308041897867,11.729553598926891,1071.2721432674891
723,1385.6801036867266,1390.6191776510398,16.020510345819,1395.6697534905156
602,1425.085667709207,1431.0633434338447,13.272083795553105,1445.524856385085
566,1481.6680262627892,1487.2263059567538,14.21851816087385,1492.7177564976123
557,1514.7280253752126,1522.3433495595827,10.184722240627734,1533.1277707714926
570,1516.7410625869043,1524.2814086992978,9.918548003684563,1535.445663168788
691,1805.9921735914163,1811.2435463890056,14.095868290515426,1815.2213951239423
2860,1897.7553891163677,1904.1196952929897,11.183299267023763,1909.009895013253
2611,1923.2888434858094,1929.2104465335904,12.195180193776192,1934.8914930288242
2451,1994.2476396131028,2000.243238539052,13.301214928650204,2004.812946696705
2612,2227.669762085005,2233.2354410945345,13.850843136884727,2238.824653994831
2605,2495.534140067625,2501.4029617601427,12.65014594536271,2506.801607350877
2594,3037.166179432639,3043.1244586224207,12.343095782989005,3049.107372777357
2570,3204.1788880251397,3210.38061323586,11.25042042575144,3248.4369093058313
2566,3247.9981274382485,3255.437475283857,10.12971890617269,3261.2776464012195
2606,3266.265285477358,3271.070074755123,16.223236035110293,3274.754562212222
2621,3396.298389099892,3402.1401946538595,12.609666287997015,3423.6970234761925
2588,3453.934417718562,3461.0098767179757,10.651344834429727,3467.8148966298854
2554,3583.8540885927255,3590.3053366704416,11.335699393729158,3603.5302970281014
4614,3666.2741014630424,3672.1292259798443,12.391908484364041,3677.8314298401833
4554,3931.75243811694,3936.4771850597544,16.496425938172333,3941.8254186810614
4821,4155.658479214529,4161.320302701227,13.23137666833082,4165.622847772988
4573,4237.874248317615,4244.153673512706,12.218606052483668,4248.92708692979
4619,4259.5169773441285,4265.212686668981,12.704672230374117,4269.603943624298
4579,4480.636562639408,4487.186117453702,11.529407524806617,4503.513162458988
4632,4531.134756698885,4536.390671488627,13.837932208699925,4541.800490049695
4607,4854.266604621902,4860.402846784805,12.302390469798736,4866.010445183795
4582,4894.287941525793,4900.299914801357,13.142813884301718,4905.809732391925
4829,4957.762861691018,4964.471086544626,10.766559818633555,4969.252619738488
4621,5225.394965285367,5232.208810577075,10.624119114584861,5237.381221224996
4854,5338.162117205157,5344.221131272982,11.905358722286998,5348.909932055795
4589,5382.668677259823,5391.062806232183,8.764356094216119,5397.848161574463
4525,5407.257902044543,5413.249461227813,12.294693031144558,5417.714561715475
6645,5563.895758036004,5572.171591698477,8.63763639078397,5583.654700513577
6616,6009.694752329906,6015.5130236415725,13.042130598746136,6033.56194279722
6551,6239.726644910872,6244.433852327255,16.255747036265834,6248.097221035671
6635,6280.326872455287,6286.5520777110805,12.085839343284249,6292.821281440236
6587,6335.247113628762,6341.070240343994,13.01894557023516,6346.79964867635
6559,6487.4451678281575,6493.382974504014,12.505007856406879,6497.980808086157
6601,6530.469326060005,6538.293605417737,9.311358855500123,6544.878440999473
6627,6848.271236346491,6854.1354694366455,12.15765964869037,6859.175704416414
6640,6911.103327493323,6918.139179586268,10.982104448884236,6933.282320067199
6585,7014.385688877082,7019.5956262438585,14.504067918949293,7025.719701610893
6579,7050.903421929855,7055.668440880887,15.539541229256512,7059.534663915607
