610,371.8586823190701,375.02844049973453,14.178392381584752,380.88878123204825
599,380.41921458506994,384.05262677885986,12.279076093896332,408.2983183176273
1118,568.3112571255303,573.4068521935671,8.537960231534893,588.1384934943143
585,1273.37898277608,1277.0564105409035,12.936895656021482,1283.2132490804238
345,1758.7401513119892,1763.2629047959597,10.227499304888648,1769.6043823884656
873,1823.7999603542214,1827.180091610126,13.263218017156694,1848.4796894975066
864,1992.2692257562312,1995.4313770482424,14.7194381491395,2001.3902786125577
1116,1996.7244496588191,2000.0954462326551,13.34289409825176,2028.295367541631
355,2179.735802819433,2184.0693120129795,10.205272955613577,2191.3842796808744
2881,2356.5481279267856,2360.0773817933764,13.048351729464967,2365.949068514374
3120,2445.5612133872974,2449.2343340999932,12.20208003299996,2478.1474718999643
2349,2625.670516766649,2629.3906094525964,11.635687485700679,2658.097762414722
2605,2897.1868428164357,2900.5883766093684,13.661179044947394,2906.6035450286467
3494,2977.8793626933816,2981.27305486027,13.396332769425234,2987.7104674523107
2335,2984.302574840846,2988.491237216437,11.138457368135226,3018.113997993663
2341,3262.3234814762604,3266.1561879066376,12.67794488218644,3272.7365701847366
3489,3513.1671102372693,3517.3909750557273,14.371089416694304,3523.17922566099
2595,3975.577447675412,3979.490405536503,12.232847196189343,3986.301711585193
4614,3977.406766998201,3981.219731886189,12.108000906593572,4008.1726508714946
2340,3979.2085988212552,3983.0203025975966,10.415004720550076,4010.5066216292835
4601,4249.253433290571,4253.234223695532,11.605060077016928,4259.85479029621
4358,4728.4861996794525,4732.24218786974,13.852205886317618,4737.16282590872
4879,5056.36080142799,5059.640332951078,14.254743269985475,5088.271926354245
4602,5059.75702398604,5064.06310956389,10.834626331980369,5090.873559288632
4882,5145.916922521057,5149.589428520498,12.646418065870542,5156.090948721028
4590,5231.821995909232,5234.6400985418295,15.759366766317525,5240.483336404498
5116,5596.001500635074,5600.126993847198,11.968325984697579,5627.81220772818
6876,5957.522374697787,5961.530697758344,11.236232313756263,5968.431460091369
7472,6212.900780339256,6217.204733743083,12.489874865741887,6223.859032681639
6588,6403.783746618673,6407.44972157536,11.752520022595169,6413.796057784009
6611,6492.571783689317,6496.0673057622525,13.503108171917086,6502.380076757073
6609,6585.73830995455,6589.379621868141,13.015959145280503,6595.60318219193
6605,6685.619303733063,6689.100193101505,13.051383064962453,6695.284855539702
6343,6708.323903681876,6712.151767256709,13.222050102019557,6717.4883313076025
6593,6859.742714964601,6863.500311443344,11.87411771919659,6869.95759450671
6362,6980.844114408635,6985.078509443612,10.4907131641041,6991.284927458534
7114,7221.149487382997,7224.325097257901,14.034538670373935,7229.867781211671
6853,7394.7008739823395,7398.394595524927,12.704886314758513,7428.255363142083
6604,7576.101539873736,7579.5847244540955,13.121833246436355,7585.657993147493
6610,7579.7511687695,7583.342664873668,13.117789452774144,7608.158849700307
6592,7582.3639551386095,7586.474357875629,11.025939443610525,7610.8053709741225
6344,7608.731332072759,7612.515426418406,14.003629449813147,7617.439849962799
