1886,49.87843637425508,54.30148255296273,14.73417400253574,59.9603202244511
1513,198.13045863880075,203.0173707513938,12.088361735880966,209.99374988217883
433,364.1151119868168,369.51534830382684,11.485356692668349,376.9630580551472
1350,454.2095331303443,459.36752864498567,11.140475324457428,466.5147471207565
1368,468.3847226709457,473.42807590000785,11.599475909676258,480.8353561271644
1507,486.90024049857277,491.1615576134876,13.391914346558726,497.409536344004
1363,544.3477758989194,549.1000835760925,12.680810569526217,555.5057506017571
1880,767.9950811733838,773.3988602854839,11.901115088865044,780.3729478006492
11,814.3328116257811,819.0817835531986,12.299971169473544,825.4790871768089
1830,947.8815371799247,953.4063180995621,11.994193598988364,960.599855448361
1887,950.1862865267863,955.258925869353,12.172593357180654,962.4014923318
1885,1040.5211004843836,1045.0806771399198,15.738609760328332,1050.463948148898
1506,1084.101419871917,1089.0728279195878,12.5491246247629,1095.7699842070729
1851,1142.7571857244375,1147.537553027315,12.44473011289326,1154.4581044228073
5,1174.2595062262008,1179.0403525868167,12.60647950959194,1185.5990070366665
1895,1412.9896841577236,1416.6678858770094,15.084973429488102,1421.9715606466532
1508,1546.3640309430168,1550.6237491227876,13.663609828403223,1556.694927513475
1354,1552.9329055473552,1557.4270963449228,12.557977088898872,1563.954741150859
1765,1675.0139446860433,1679.480815277321,12.390773038122973,1686.0866204524891
3882,1942.4201773657094,1947.2675792850375,11.845600962396531,1954.1752516883969
160,1986.4479376295378,1991.169484760274,12.95323671063151,1997.5594282886068
1216,1991.30054548396,1996.0690108960775,12.775413147923318,2002.8304880124576
3196,2254.061262229203,2258.338846233758,14.716159779492516,2263.8481215401353
3200,2434.406924013196,2439.0268743486686,13.548266711925086,2445.2897455366447
3761,2480.2667239349275,2485.082258533484,12.369716382458853,2491.5667957634114
3755,2524.431079300532,2529.1771207411666,13.484333473790079,2535.6084030627603
3344,2528.257386408464,2532.5711125553526,13.525135178830734,2538.9927746300677
2018,2530.106654968624,2534.32032407582,12.907878864193151,2540.7412670907015
3865,2569.7779101499414,2574.3437673063563,15.412756994575386,2579.843119495817
3201,2619.943835199135,2624.4352615563075,12.94824610321667,2631.7712102487817
3869,2748.1184468556867,2753.1852057698884,14.053454857278991,2759.277770743334
3864,2838.0944762420067,2843.384609900935,12.307246457032726,2849.729836871699
3355,2884.356683899814,2889.217182081924,13.387057950588593,2895.536882766008
3508,2995.953151865638,3001.4332367924912,10.903623631662757,3009.491912386246
3345,3075.484268141907,3079.1397209350034,15.903092952551276,3084.5098799322136
3822,3143.72247163923,3148.5326672137776,11.820416327141,3155.419343781798
3757,3244.0412418263127,3248.523140442695,14.45433431587437,3254.133352082979
3854,3288.2430487614483,3293.2948575166924,13.137928176294833,3299.936059845245
3753,3334.706535901292,3340.1731196824194,11.63999140126136,3347.4071913663606
3885,3378.0826093528776,3383.1899412181383,13.848160510613345,3389.3991348926443
3501,3554.0650065051445,3558.4403434475935,12.884307868048129,3564.7379237439172
3500,3622.114407159203,3627.4282831737014,11.14918783860291,3635.200998951499
5818,3652.2217944839076,3657.0733377602687,11.291903867836712,3663.990470696307
2012,3694.3549519951134,3699.0982921170266,13.480370201134084,3705.417230963113
2199,3696.275402433111,3701.132141343447,12.227605198429739,3708.051192373258
5848,3759.6332206988473,3764.3375280453624,12.303868186374553,3771.1371369848302
2197,3784.3672747821674,3789.2790636145455,12.525400622805844,3796.2598816041873
5752,3788.563907074363,3792.5662164203304,13.962939961589878,3798.359394996442
5862,3827.765328811775,3833.0239058159978,11.476960895988217,3840.236724985428
5502,3890.422329840575,3896.2552561340954,10.069143961305526,3904.582267989956
5345,4076.6919595953327,4081.1971905846035,12.495502697721934,4087.621726283948
5194,4234.430661384542,4239.373527078037,13.111375655470095,4246.098908692549
4422,4236.372282823092,4241.176155630722,11.76607562821383,4247.854430238935
5351,4328.429879387365,4333.2851662317435,12.28650076636969,4340.280825563436
5189,4330.307272007917,4335.008182339708,12.29879686367116,4342.045713413349
5823,4459.961626689847,4465.016158833614,11.865959770844805,4471.748519697939
4003,4594.097294479057,4599.36453147226,11.1513509677341,4606.437940258276
4019,4686.154176211681,4690.6049272653345,13.60703998972063,4696.978684657414
5197,4690.456167066952,4694.509051022244,13.644842275584706,4700.399861636997
4409,4864.448807932261,4870.183595816004,9.85149330056718,4878.444810890536
5343,5046.397577614457,5052.013791937559,10.48712966672469,5059.892066518784
5190,5136.4778679246365,5141.391612953961,11.808133094270456,5149.059375205246
5341,5140.8204963749895,5145.282372542908,12.193888006238852,5152.5478763414985
5506,5243.014924799277,5247.592398301539,12.50035133933355,5254.26509169228
5205,5314.514159259307,5319.5434764866895,12.229031493777558,5326.233241306686
5186,5316.44718868448,5321.225899137344,13.267840226999851,5327.963653227747
5856,5360.476399922478,5365.173996927597,13.664863991726591,5371.242518752486
4011,5405.7732031202495,5410.424659934571,12.778244305041786,5417.122721055356
5499,5506.709123996333,5511.297641796381,13.22050086620148,5517.807452766604
7887,5538.059565427845,5543.208974926938,12.46374682789602,5549.8196928520465
5354,5584.528468444373,5589.2503572782725,13.081702362436198,5595.431014041129
7503,5600.12365110733,5604.461808850184,12.666643899693911,5610.795092892344
7880,5627.799980772552,5633.162978013992,11.824160326493088,5639.995400743458
7355,5695.8853842793615,5700.510914876617,12.678875598056035,5707.009467958842
7853,5937.955220789368,5942.478392309414,12.832359952204294,5948.962020479616
7755,6081.6830847997035,6086.456804068447,12.143114773670051,6093.003621484756
7819,6083.6406271434635,6088.205764969269,12.492037794698438,6094.7757542556255
7868,6092.742317626857,6097.011881541035,13.619678849106732,6103.25761518095
7359,6139.359682886617,6144.484847162104,10.759339772952188,6152.078357467436
7360,6141.1043080953295,6146.443842434329,10.197094750478486,6153.951413755105
7343,6213.775860982348,6218.545116796993,12.635960705710175,6225.354457104164
7193,6393.839159817216,6398.333853832668,14.021165613109488,6404.267324827354
7858,6438.160755202087,6443.47590748619,11.844626615941067,6450.491866293403
7842,6444.4777780218365,6448.529755882163,16.93581666370684,6453.47485872125
7759,6484.358983591995,6489.024521961944,12.613312978627336,6495.332800097003
7856,6567.508878912919,6571.363345568887,15.314304269574752,6576.9844253234305
7344,6587.777849199138,6592.537960900924,12.066563212423404,6599.364448905963
7362,6754.037283529164,6759.098244104726,11.244312048979626,6766.154283808881
7208,6760.428173117614,6765.109656306993,12.228367613804378,6771.701282095735
7351,6779.396339780065,6784.172421844422,12.9567284554324,6790.853068601258
7875,7068.055321408782,7073.1896564703065,13.202146698158337,7079.3944372747565
6183,7211.028951886264,7216.011420561621,11.29240937883207,7223.402231601147
7363,7294.274652581342,7299.30994707227,11.968278269430279,7306.2463592709
