1864,223.72427909261341,224.62663122745687,13.507827335337243,225.34719748009235
1856,1405.303965605169,1406.236666560839,13.784954930122641,1406.9392373173853
3856,1956.4904947830285,1957.6161929971925,10.119494197658064,1958.5183366792476
3857,2052.9799287831706,2054.0808107485313,11.197804750514637,2054.9457040405646
2446,2131.9314926187512,2133.112677683707,11.987140089861393,2133.9206190393274
3847,2194.67947621254,2195.589234084591,13.62980545570638,2196.327220157518
3836,3020.4712386783763,3021.475610402321,12.029410374206151,3022.2620629093817
3854,3393.1297691218797,3394.1256602206263,12.546474282211461,3394.8975827541103
3839,3484.1567383709303,3485.3303055969286,10.54554557473292,3486.254221570917
3860,3654.3881432229573,3655.2547502975526,14.086306708726616,3655.9422907873686
4415,3828.0817492415126,3829.242219151816,12.467445760737728,3830.016809392145
5847,4091.1497276440373,4092.33744896364,9.663189127548783,4093.312223909816
5845,4119.418448608498,4120.345326758667,13.085077556823661,4121.089833867954
5858,5117.722460312387,5119.000528231324,9.226679738420358,5120.047715978367
5844,5267.982938818544,5269.401399429264,8.763274432803298,5270.5101365789305
5856,5545.4029088414545,5546.287062092908,13.891805089225556,5546.984228958697
7838,6260.448259967806,6261.417693118445,12.688377726115014,6262.166923731194
7858,6547.138094270988,6548.230294636933,11.761588237588692,6549.051327022646
7848,6699.064735535395,6700.1403941699,11.275438062835187,6700.999332524245
7856,6708.626271172347,6709.439731170918,15.042160815730997,6710.082165030241
7855,6784.412352091456,6785.385738076863,12.662058223335059,6786.152427122921
