96,201.8462247992914,203.25141755501485,10.995275427679816,204.63794207150087
1572,253.9554748068016,255.30990159462044,12.503203214818177,256.48373521186653
1597,348.9738708830201,350.42619300409865,10.398329664419878,351.888285380687
1570,356.2836643377821,358.0345621862043,11.748817462901643,359.34019654292103
1406,360.97817753722484,362.3924704492485,12.007829863329643,363.54941685799406
1271,409.77971705975165,411.0165214751315,15.159980360913078,412.02236041610035
105,418.10218770484806,419.3755788640168,11.702906795212568,420.652867749037
1289,421.6829850025877,423.3674374783407,10.989933926779585,424.6886834211182
1403,433.88271216212263,435.1686908491087,12.93076468737713,436.34737858163214
1258,474.88488274242235,476.18237659632166,12.832007657259629,477.37365344789845
85,483.9479115737759,485.29296414040806,13.443072360876851,486.39601107429166
109,497.0,499.28085517251617,13.113053760699579,500.39659004418274
1437,528.1383504318107,529.5082679043833,11.899335278261036,530.8384219487425
86,671.7020692880003,673.4704519006604,10.227589777735206,674.7743694461878
1196,682.9395447310345,684.2946423687871,13.310708572473208,685.4182180600956
1564,703.8105304018314,705.4260102470276,10.649575141920451,706.7141162645496
1429,710.124791868719,711.4288677440185,11.894259891286511,712.6860226006072
8,754.3951816486331,755.5156757774847,13.748121189423758,756.6263509514924
1404,784.0431719142828,785.408786564132,12.658282777557623,786.5315211202544
1420,802.8671083085675,804.1253243967824,11.88987347552072,805.3824791829381
1417,884.9684730910657,886.2779974612752,12.861384796258111,887.447425967526
267,893.0780681112858,894.4570299148585,11.586383581578772,895.7924222377026
62,951.8650226805466,953.503890879375,10.813901767447886,954.7774813417221
1423,980.0879333395262,981.5031767661045,11.569129019112557,982.852958888286
97,1030.0980047034996,1031.4171283256624,11.07514185828592,1032.735811883086
77,1033.4272300144294,1035.1789714545775,11.461343784902203,1036.4985910351327
91,1035.5679648535054,1037.0780270536516,9.922420941399215,1038.6018865895028
1283,1042.7941161940894,1044.0396020884973,14.110558921931236,1045.1236143373544
1579,1156.9548938322548,1158.3570108353433,11.867371635607102,1159.6091250370157
265,1164.8143449531192,1166.069864741883,12.307805889686769,1167.3104611253727
1598,1171.6117652150024,1173.3328808820554,10.501100559309865,1174.7765739452661
1401,1173.80648909775,1175.3201479408037,10.589555291752548,1176.6615174405194
1592,1244.0223643513245,1245.267548606662,13.180813681241668,1246.4429802210063
1402,1262.5379441958735,1264.3135295680133,10.666132980285237,1265.6478590408208
20,1660.0401655652695,1661.2722507807246,12.766501273519498,1662.508801992752
1563,1698.8275413630215,1700.0673597042733,14.366257265740037,1701.1248026879286
1561,1702.032800456928,1703.360707988276,12.98532329067688,1704.4920044483301
76,1731.883330183596,1733.159217777635,12.251816412410768,1734.3998475265169
1246,1737.7053262732804,1739.388289841685,10.805686165964902,1740.8026610487252
1252,1780.3356915730167,1782.093812297859,10.963320608494316,1783.3945295621404
1409,1792.005490120896,1793.3756133482032,11.833167439284637,1794.6618332183068
170,1849.2375297281062,1850.3669949876205,13.347204981856695,1851.5195450587596
1405,1892.0484673215126,1893.4278929213335,12.081454490387971,1894.6840037077304
94,1929.7970016552395,1931.011854359731,13.036286653666036,1932.185289026884
1428,1965.020776286607,1966.4189551610577,12.571816928697666,1967.6116128441138
1615,1970.9238588643957,1972.2484949975878,13.038939727669767,1973.4009997000828
1576,1976.9050605687116,1978.2806211153413,10.968145016938358,1979.7035528247634
2195,2067.1430167998924,2068.4453007232105,12.376269868541925,2069.710833534609
2272,2206.9783881063922,2208.0451392766263,13.00089150861931,2209.2074131227546
3573,2332.4429515019606,2334.1566915552394,11.872460950525605,2335.40346719477
2274,2384.09459156961,2385.342750510859,13.08533620946969,2386.4991128644742
3258,2484.9811052369723,2486.368041389197,12.065054734345303,2487.5828838221732
3556,2510.8366591554313,2512.261909387717,10.833843913879967,2513.632372738726
2182,2563.2953782214636,2564.4424731704185,13.32837864609626,2565.612675071504
3406,2690.892997777581,2692.2021166383834,11.77039731930303,2693.469582978322
3246,2694.0867213433557,2695.4845043529995,12.513939235287658,2696.5905264823923
3585,2771.9726505584813,2773.3168671122,11.916781993077642,2774.5921139898687
3395,2794.5818902999717,2796.217844826321,11.671020229149232,2797.4838247226858
3254,2815.862979185026,2817.4438397929707,10.45828205968635,2818.8035206732497
3566,2869.2199794862013,2870.570778033392,12.706503793540579,2871.6929322118413
2078,2904.0009292249506,2905.1857559676378,12.683235781997702,2906.384068718781
3412,2954.7888403383713,2956.0644908050194,12.741582517469045,2957.281490388295
3577,3064.9832827671717,3066.2874672069224,12.55535319880366,3067.4954425613714
2023,3094.3238573488243,3095.467264515996,13.249006709024037,3096.6036996949656
3403,3134.068265959822,3135.4392343936643,12.291675917088355,3136.6633972057143
3564,3328.9299768827796,3330.207721951151,12.822960912785076,3331.3945206606845
3414,3330.7996825351865,3332.0076974905064,13.177249480702955,3333.1769626767095
2256,3368.119284433055,3369.308844341353,12.837975132032906,3370.4977344946824
3256,3411.1541021801777,3412.5554030842095,12.317260122952613,3413.7469511583718
3257,3484.2546018133175,3486.0204703497557,11.681816806561637,3487.3109228857543
3404,3587.9006368694363,3589.3329117815792,10.581460847468081,3590.7911418126787
2167,3651.0,3653.3711725866688,10.094611900093977,3654.819853298192
3601,3670.8528241910203,3672.238059394683,11.595556908897668,3673.5977959667684
3237,3678.0306068034592,3679.496439170729,11.417301356107151,3680.679140626558
4007,3724.997780571721,3726.185593906316,12.699354968894744,3727.3863476780125
5289,3840.346693243353,3842.0403619494296,12.310673048490422,3843.2763888417953
4266,3924.13252887049,3925.3631066130642,13.503231243525041,3926.4219701221887
5242,4135.941777492865,4137.213861537886,12.525236576697504,4138.426061971734
4105,4269.144832357241,4270.477254853695,12.910106627858147,4271.648429062245
4190,4277.892829142922,4279.353566467156,11.185557975269653,4280.720254917966
4258,4463.308480857354,4464.734995676038,4.413087964942678,4466.185739574539
5552,4489.010549093177,4490.323853684819,13.05917971579528,4491.4699697892065
5427,4501.795247929769,4503.109751653515,13.397986253203493,4504.258642982293
5269,4523.809627031571,4525.231096879605,10.971237394842088,4526.654509714541
4268,4543.187540047442,4544.503650173784,11.63181061887553,4545.900156705284
4167,4642.0,4644.105920204316,12.787528699128975,4645.299910492533
4169,4728.065601932315,4729.287740761918,13.17591860344618,4730.4516568263
5243,4796.519955106443,4798.233961567688,11.55068522820466,4799.547389820877
4173,4808.0,4810.176278128845,11.663351016458755,4811.5029992544505
4020,4816.036301493158,4817.411902081904,10.467201891081537,4818.810799872199
5409,4868.146485330064,4869.523973063361,12.206832326755748,4870.789251701686
5265,4960.955488144648,4962.284954620821,12.366160574468047,4963.495432189349
4002,4991.39395815226,4992.565917225917,13.212764678756546,4993.7067123911675
4097,4993.249229289673,4994.404972626324,13.089201516495573,4995.555942715063
5417,5124.83321459275,5126.072590167726,12.927875033047762,5127.251110677723
5582,5129.861155743999,5131.11229889493,14.384090584641871,5132.166573620643
5264,5156.842005493757,5158.257614498456,10.698812506098289,5159.673588091736
4179,5177.0803862201155,5178.319978656884,12.498697230896365,5179.579318923304
4092,5258.111552771021,5259.3751552531685,11.60049186887561,5260.683383209179
5390,5300.807818676978,5302.042743167403,13.000363798427772,5303.220636286197
4247,5393.300514975218,5394.521291641193,11.42027395196122,5395.0
5419,5396.653134939281,5398.343417838234,10.578718391056146,5399.758705641433
4100,5436.1183280113855,5437.535893099952,12.368908906701009,5438.707624952353
5187,5541.857463303475,5543.133641551144,13.09658473341016,5544.2991334970775
6006,5692.084088191755,5693.352135823229,11.889337906871836,5694.615823812873
5998,5710.101333389797,5711.385148720818,11.81624373786818,5712.675595916129
6167,5757.0,5759.4461637613485,10.333187338290589,5760.878532394942
7406,5838.878053849602,5840.273881051495,10.90503590175239,5841.649216271118
7237,5937.606388249073,5939.33800344687,11.393319567960699,5940.55129781356
7403,5939.750026960363,5941.223047430431,10.980796720448998,5942.5984019870675
7252,5942.024963437825,5943.327415410165,11.520361068511892,5944.645754238374
7549,6107.023281265169,6108.278412726916,13.131262664302268,6109.413319001122
7396,6207.929464173056,6209.225006206057,11.467447229754884,6210.548513029455
5999,6275.257802370888,6277.005293184004,11.072953041203908,6278.365787878075
7263,6286.010418656974,6287.282218158874,13.373337875024424,6288.424748397197
6020,6333.983363366016,6335.288767695645,13.207772856140055,6336.404524261496
7410,6378.995427450436,6380.242886800732,13.57620711895016,6381.365536466898
6073,6425.957096690422,6427.26863516761,13.313398637031597,6428.4061985262315
7596,6467.930703073259,6469.206545950884,13.311992178583735,6470.304613953905
7577,6476.328075860046,6478.053191592462,11.940821103392546,6479.281181045111
6048,6524.183232458475,6525.388282572326,13.062232967712712,6526.535403011807
6160,6532.284561538953,6533.471023595479,13.096919231126835,6534.626407365289
6054,6615.4014868184295,6617.130005607001,11.891610028684042,6618.367177092093
6174,6705.123976292012,6706.37237372682,12.487043399175926,6707.593309136639
7400,6745.456588652333,6747.131870101514,11.54741700264203,6748.461000508786
6101,6801.829249945605,6803.310952476036,11.68771964287079,6804.629011688355
7433,6828.974381809834,6830.368570001156,11.886022703681956,6831.585996553636
6079,6875.333012932964,6876.476262809971,13.304665798563404,6877.62553882856
7399,7005.010705529183,7006.380602300278,12.766641308985559,7007.563877253223
7611,7009.992383241599,7011.355755870266,13.200269793622883,7012.519250791015
6402,7061.546101838982,7063.260091760595,9.542414185592712,7065.265305198462
6172,7064.836498492599,7066.140984405631,13.34607942133803,7067.29568901071
6256,7099.375760432355,7100.583633493372,12.587860472344166,7101.726589359795
7430,7183.006059681325,7184.376919102083,13.092499310480962,7185.491250966269
7250,7272.419936712344,7274.132967146726,11.506179678763736,7275.445328212872
7609,7275.1514703898365,7276.482301138704,12.26854312487445,7277.7219528851065
7585,7277.948829236549,7279.400837251938,12.00160607393912,7280.617978816519
6077,7334.6614044343205,7336.213336511209,12.25682091342347,7337.405695161879
7393,7470.06822768781,7471.52034373506,11.800419571442946,7472.761487858261
