574,199.76765534499162,203.29230962875857,12.807651283886578,228.3717400029246
135,273.08035131067385,277.097974447087,12.809173659654062,282.4065597766306
143,275.76703288383305,279.543098586222,13.126945977923281,318.228982667104
608,291.1936772924307,295.0934204049647,11.920593961310095,320.89411294957733
367,500.10515240901753,505.2830971965138,8.57127293686799,510.895272151315
576,565.4414484333827,568.5270618242536,14.716044397588606,593.3031561935891
581,654.0156356464165,658.4748138845056,10.452637972297673,664.1878501428204
580,749.0654092261236,753.1074440303605,10.638575571426392,775.0114020162673
556,829.8122212637086,833.3496199309342,12.773804083948795,863.0374860153257
364,984.1609793937067,988.3970726242248,10.260025145143377,993.7528590048818
146,1082.745332441058,1087.0134196108397,12.840086127866925,1092.1609815605277
586,1099.2278402917411,1102.5162978156402,13.742903525932459,1128.5447187396376
600,1194.4110173542626,1198.3750488718886,12.481383728998129,1218.4108167288678
884,1196.427473692702,1200.2405166784215,12.271683512703785,1220.7621327960173
323,1433.1695516965497,1437.2646186037477,10.98865676502358,1488.3460079042475
856,1460.0284275742054,1463.4723480256894,13.252366443975541,1490.97019774788
567,1461.8005118473754,1465.2453521770813,13.39851741805637,1493.062292582766
139,1532.88451562644,1537.0672993353867,10.986127915299267,1542.7103329732488
340,1605.2867957630872,1608.4676262844807,13.52774920211137,1611.961126253215
1,1622.8958012634102,1627.1724621335272,13.435566840778156,1631.8773458005476
850,1734.5240624989806,1739.0101692161118,12.130424341277122,1762.9000239368095
333,1875.9639627507865,1879.018754361472,15.410430243628431,1882.2507334827199
311,1894.548511345411,1898.5100206808452,11.54933338582511,1938.756847809857
150,1899.843873220551,1904.0939437556965,12.301049263448446,1943.3772684299888
392,1939.5464272707404,1948.1204204401954,6.156694140897416,1953.1968533793195
569,1986.0468862238793,1990.2125357780371,12.120241222639303,2030.6208008675108
2606,2092.2301911799577,2095.6036743488407,12.71113296559617,2123.709693983494
2820,2170.544473845273,2174.4313308182896,13.379314298008413,2208.4668665363415
2838,2189.1002711521955,2193.1682686252248,11.249998132434369,2213.1541546215603
2830,2269.5975577954723,2273.0048930419343,12.696914044161026,2298.499880036731
2861,2457.1925508484596,2461.0233797966293,7.637123525225443,2487.137669756933
2152,2569.732919614856,2573.408269250274,12.651664535005768,2577.6056028452313
2022,2648.8687147778182,2651.5503890974255,17.015072455640908,2661.216416123271
2347,2687.0723219169827,2690.5016401705157,13.591838177059714,2696.145018961806
2319,2695.2917346812433,2699.5102846522586,10.26304599321991,2748.094458962084
2572,2710.9812462077984,2715.4274381425153,10.23278298625477,2754.8058058812617
2330,2869.4280925595694,2873.240351994411,11.762995784721426,2878.8639938968295
2600,2900.633985964246,2904.1912548490977,12.33845701322118,2930.464348999257
2582,2908.760863127497,2912.5472147955547,12.268771091926023,2932.748986764111
2875,3008.1074465514384,3011.3858392111365,14.26091903774009,3018.108757929026
2148,3010.030363948195,3013.2293199431692,14.112338769772212,3020.451635405667
2613,3362.450006583192,3365.322045372158,15.752238989192108,3380.935003794516
2577,3438.1953739715514,3441.256754716568,14.801280775132271,3471.0020834815987
2616,3442.6495762244394,3446.4450967584166,11.511411298708241,3473.1164512856735
2586,3536.620761392894,3540.3547002305845,11.674374810506434,3561.1844822670428
2851,3545.8957318976813,3549.4968105251824,12.824218356486917,3565.4140654738703
2845,3631.535493557484,3636.3400678573853,8.535167773199984,3655.3396029461787
2156,3649.9370180470555,3653.490289755775,12.875646374183344,3657.558735972072
4142,3785.0824949304615,3789.2109341149876,12.241294504488964,3794.4796283848013
4842,3908.5855633708916,3912.4183336402107,11.635273790412691,3921.3110838311914
4569,3910.41336799,3914.2463652995366,11.80859628824104,3923.4523851819763
4857,3977.4437957249684,3980.514209178593,12.337251795645074,4015.4158044180467
4323,4234.099346596847,4238.001523634707,12.307406937233473,4278.043984587777
4143,4238.9711866875305,4243.079879389815,11.423524920226003,4280.4194037401885
4837,4258.052863944227,4262.047631614611,10.426921500897862,4284.88041456822
4336,4393.545108857231,4396.575334997027,14.994268865057844,4399.892197986106
4877,4441.174432252151,4445.172112561832,10.022503746451484,4465.22593410341
4823,4443.081447893398,4447.207765110703,7.302248085973854,4467.171491078208
4581,4524.5870463662595,4528.261385956027,12.142267415864685,4551.288448140726
4384,4581.441187182522,4585.432951804679,10.875742436210114,4590.881205073632
4305,4583.310702057239,4587.2950579178505,11.861592196344983,4638.0412803153
4010,4683.067373270225,4687.379328132149,13.479800695695522,4692.568652895992
4573,4699.060161715954,4702.393183717864,13.007791419099046,4728.0849097844475
4304,4760.240873994666,4764.080722732359,12.091474986843009,4769.864810127628
4327,4772.480942319038,4776.078101846501,12.95779368615577,4818.617850608412
4597,4800.870379826174,4805.003781111102,11.971524195214203,4823.230017460968
4355,4846.170285787505,4849.5284512103,13.697711568496368,4854.0
4584,4865.169072701448,4869.540142200616,11.032061725188742,4913.208290769578
4557,5044.239962927988,5048.50205311351,11.140406772771906,5053.837965046462
4578,5046.260068794282,5050.299121060476,10.761797875553587,5088.475759877272
4840,5048.350907541259,5052.192664136509,10.498693548334126,5090.872617712974
4571,5060.20252372555,5063.584813618092,13.666746773328303,5095.20306465623
4609,5161.757506663297,5165.456650437173,10.953039598391845,5185.2037298326195
4849,5225.8515446480715,5229.512971833543,12.782977558499141,5270.945530765084
4320,5227.975729062999,5231.362739331377,11.92555547610043,5273.033302653267
4558,5406.35892776424,5410.167289938214,12.539863553302322,5415.593284978262
4564,5426.3702437828515,5430.334995884612,11.952154023200514,5451.0504183545
4603,5507.076066632899,5510.355699155766,14.214056482371904,5515.433935161513
6372,5632.397643215981,5636.508096320083,11.57119907114942,5640.970584809563
6341,5664.844357226539,5669.04890084745,10.151841188740242,5718.48561215249
6564,5792.4595734641125,5796.070401308423,11.35989435098423,5814.687509678941
6586,5870.1539663401,5873.592013344913,13.354134803000612,5898.265025724115
6344,5925.272675946718,5928.566778637038,13.843478945518614,5932.099298879298
6015,6032.90561205256,6037.053157328332,12.096890333125616,6042.435150979707
6846,6069.396568696168,6072.632802224099,13.942738947491907,6080.0096324242295
6346,6214.26815222322,6218.080536127921,11.651446399469501,6223.361831426308
6555,6328.794019573326,6332.643123492198,14.2910021810009,6352.479996337585
6576,6408.884047275581,6412.002816640032,13.624667061958311,6438.065875922292
6602,6417.55112868797,6421.399433463862,11.354015218901724,6442.558048493079
6388,6446.136593806355,6451.013506554588,9.539423390418177,6456.369204233057
6833,6484.175662485946,6488.384307432568,10.463511063347296,6528.147689563862
6569,6498.128588627004,6501.523194443924,13.517662407386803,6535.026314688253
6312,6576.345925637664,6580.527021789246,11.400926952600468,6618.660897758093
6017,6578.996479890204,6583.144749702905,11.863809741969309,6621.06085628642
6014,6581.342088767856,6585.47966658852,10.859065175104705,6623.2526134944
6394,6826.9009715553175,6830.167856888144,13.895980955080589,6834.811750538721
6570,6870.239860350756,6874.332961117596,10.562453407984144,6894.942228573742
6578,6872.039583842828,6876.269479804721,8.41762995728297,6896.869192998492
6380,6923.162072638673,6927.041794996825,10.930899745912587,6932.834385819977
6835,7026.640358799036,7030.466350405998,13.354748196495711,7035.05592218224
6128,7113.013227400197,7117.411933427646,11.310055251984698,7122.840834993058
6385,7186.9596606584155,7190.489949296983,12.646373863500019,7195.362248536486
