633,18.0,24.487804709478326,10.940115975380998,53.04900463228144
644,73.0,79.3417433310773,10.898972868929432,88.65510035544234
656,117.0,122.25701612672805,14.165633159702237,138.42208889126306
487,166.0,172.3082876756647,11.052877424333573,180.93349070972437
486,171.0,178.05961645098384,10.57512935810212,228.6489518893258
429,271.0,276.33287278020174,14.435568175118272,323.15260155405247
586,418.0,424.0959160074947,11.78833363822394,431.8623410021018
603,427.0,432.18110345523417,14.806554341136401,438.54824361389774
577,657.0,663.3601172132912,11.719702761513354,672.4550798422638
541,686.0,691.1940086033148,14.596303428063894,697.3462787306054
442,709.0,715.5167110154146,11.626977808519333,724.663688436121
599,848.0,853.2148886258458,14.484429956854722,859.9466865950857
585,917.0,922.2259337482981,14.401238525804928,948.3100142896453
606,936.0,941.020174806239,14.39134542707591,952.8179686229715
519,1003.0,1008.4439349858457,14.18558581113995,1016.2289498011799
504,1043.0,1049.1413099441083,11.67738164727473,1056.8511837238627
448,1108.0,1113.4455046723795,13.106687273182608,1130.7762901405613
594,1124.0,1130.4973570089112,10.551731713328403,1138.60852944727
544,1139.0,1144.1331820273526,14.24441036949828,1150.3671231180904
532,1273.0,1279.3768020534462,12.02612593248212,1308.4403254836752
422,1332.0,1337.042487681324,14.87459857028607,1343.4256236316828
628,1366.0,1371.3187749204671,14.167950034954238,1378.9751215371166
412,1369.0,1375.130652352209,11.649826134590585,1398.4237241425901
441,1425.0,1430.5030979407559,13.708516076657771,1438.5430794346976
571,1458.0,1464.123206801166,11.990558813569798,1490.759276497346
488,1765.0,1771.2333630497487,11.161691909503313,1779.382292648656
2421,1851.0,1856.577114633672,12.99633197930017,1863.4366535233266
2434,1863.0,1869.2742443016982,10.977374484064306,1877.2783954188149
2613,1876.0,1881.6094580757626,13.171269059781217,1890.005280880791
2536,1940.0,1945.1725711696272,13.817581435273322,1951.5841202153706
2640,2346.0,2352.53179158328,11.793669131097781,2361.632428790544
2636,2387.0,2392.443416333111,13.612823657105844,2399.346441646871
2512,2443.0,2448.2420560894275,14.182464138755085,2455.963845457058
2589,2534.0,2540.3482356458053,10.98322249546504,2568.6233981561536
2584,2571.0,2576.6034642397667,13.06360764386808,2583.5083830375834
2580,2647.0,2653.0048341337256,11.574287316866538,2660.6492196165173
2585,2662.0,2667.0909397309642,14.209011742961849,2673.268500158269
2427,2667.0,2673.391865704134,10.753822132168423,2681.495344606293
2481,2795.0,2801.1019390980596,11.735660230376268,2809.9962207200915
2443,2807.0,2812.291773375882,13.37774558158035,2839.9651941391767
2492,2821.0,2827.1621273079545,11.237366740979732,2842.520721507264
2531,2830.0,2835.4393324209886,13.880896498896488,2844.756921517384
2554,3081.0,3087.2435679622135,12.292471959627589,3095.8014644632053
2558,3096.0,3101.5634334364745,13.407198229116196,3109.989759717716
2618,3133.0,3139.379738027391,11.500751242457426,3148.3693488950425
2505,3335.0,3340.2608223717625,14.583609885004122,3347.8379042032448
2544,3470.0,3475.566201068937,12.520106793706967,3482.6067245977474
2546,3530.0,3535.408894953563,13.644558787437715,3558.276541958331
2576,3532.0,3538.2906497702015,11.782438679251195,3560.552832000872
4519,3653.0,3659.5064155013574,11.620738112669924,3667.797062167727
4624,3706.0,3712.1301427255917,11.922914234339636,3720.973909258095
4416,3719.0,3725.2260233206457,11.60279780384443,3740.93789265654
4564,3763.0,3768.46869627958,12.94625651532464,3775.0191902578617
4626,3877.0,3883.0531098723177,11.20007050236643,3892.1708524633104
4424,3914.0,3921.1013148896586,10.453273555966382,3930.3120252176222
4541,4006.0,4011.2913720304086,14.244043405487552,4017.6868646453195
4430,4067.0,4073.180556170882,11.20856362156942,4081.8546384648635
4522,4340.0,4346.1049909390895,11.93347941085341,4354.982261804179
4645,4374.0,4380.370537975447,11.155335510690852,4388.500800991561
4642,4430.0,4435.302974922212,14.725982407456438,4458.3878054027045
4532,4449.0,4454.413438780503,13.649929402622098,4463.04991049149
4559,4500.0,4505.451852548087,12.907100574430952,4513.636594806817
4485,4508.0,4514.110495327498,11.41263260965291,4548.195231034659
4558,4521.0,4526.434706074377,13.300603740268185,4550.7013589334065
4493,4657.0,4662.494006211126,13.18007321944294,4669.333738506818
4441,4903.0,4908.477084420073,12.651380937348973,4915.323069475501
4633,4996.0,5001.599488023752,12.661191648619166,5008.654625451907
4552,4997.0,5003.28736945346,12.780158932806184,5010.487117499025
4465,5051.0,5056.348656482844,13.255073328821505,5063.963015629027
4593,5104.0,5110.035845328608,11.583710521980073,5117.592466812386
4468,5263.0,5268.508941914385,13.496679374714427,5275.122308217078
6497,5421.0,5427.021676251023,11.805549033449703,5448.392787507626
6469,5483.0,5488.176076828392,15.069755667437423,5538.724475024352
6491,5489.0,5494.192529736809,15.07831669730892,5541.551600807547
6544,5584.0,5589.4986540717855,13.790264872503954,5597.697314056315
6573,5605.0,5610.462122062658,13.285708730957534,5628.247522266391
6599,5622.0,5627.247080675881,14.189862386516426,5633.681337449545
6470,5659.0,5666.286099427478,9.185899447379908,5676.7495547757035
6549,5725.0,5731.292224801749,11.444160490380007,5739.262862087222
6428,5795.0,5800.282457741814,14.581891253143112,5806.779382495086
6528,5929.0,5937.438505133385,8.97314384308979,5988.426304356651
6455,6036.0,6041.553613970181,13.190374365884342,6049.741505021182
6553,6059.0,6065.321583050992,11.635300132502097,6078.251838350655
6631,6082.0,6087.321570549094,13.82117807835866,6093.681524222547
6640,6168.0,6174.232338328739,11.935504894189448,6182.050015592926
6578,6186.0,6192.301021029361,11.010213828395946,6200.369805437874
6649,6212.0,6217.090476114253,14.984217751417427,6224.541658476445
6633,6299.0,6304.286994078741,13.587067546546127,6311.984844966275
6610,6359.0,6364.525848163978,13.976122929660955,6371.199653781962
6525,6365.0,6371.305488403189,11.088492143790715,6379.301721922477
6562,6411.0,6417.370786854044,10.926753418278292,6426.675199042969
6439,6597.0,6602.186503262199,14.128709444088736,6609.91965536958
6655,6628.0,6633.467088352867,13.404537867068504,6640.383683920511
6459,6637.0,6642.4602084715525,13.51674206974831,6649.295527663092
6440,6708.0,6713.241310434187,14.645048082122974,6719.61203137566
6466,6751.0,6757.478594490394,11.375153789855107,6766.799970094432
6623,6966.0,6972.10093773301,11.129363068800942,6980.010311317758
6546,7085.0,7090.410016741997,13.716580942273051,7097.196686667299
6539,7184.0,7190.073108535709,11.50538547837851,7198.816824520834
