141,308.3735448404967,313.0558585863882,12.57063309187498,319.5703645113552
604,348.73249950114706,354.00802597220996,11.470667525475767,365.74913522296276
366,518.8638563984272,523.2542209298937,12.447665174453386,546.1244607911306
880,609.4760261618881,614.0877444108768,12.894818941297268,619.888372879186
875,886.1134358231344,892.2231763268256,9.870826551035902,911.5124641316817
617,971.8829009494843,976.3920180692379,12.377335075030334,999.0011937437524
1337,1018.1298809460519,1022.1753200565652,14.821305358374575,1026.3680849628454
1499,1038.5447010289322,1044.243971024263,11.413390761126038,1050.7931324511562
1334,1207.3591199918653,1212.1599170137663,12.709093889930768,1263.4131008252414
611,1246.570251496602,1251.2854979543085,12.379428933331425,1266.1644421682358
1322,1290.493593554757,1294.5510975771233,13.843060624026373,1298.7879958184428
1326,1299.6017882403187,1304.48888496671,11.438080485161152,1310.9491309028735
856,1309.0232371393297,1314.13116529335,11.993589026120404,1357.3251920465816
876,1420.739029835216,1425.5865700201111,12.21741463642749,1443.3894774825008
1332,1474.0534920950172,1478.5238917666893,12.944970784438974,1484.586687135042
1325,1737.7879348316408,1742.2277219953373,12.588048654738177,1746.9659252779659
597,1878.3003422389334,1882.587774168434,13.560182917382376,1893.6976450021182
400,2020.786929755363,2026.375994574538,10.159617154589155,2032.9937960137256
858,2051.0828245097605,2055.5285520837765,12.069875774068146,2079.0129187213297
598,2140.4799116374193,2145.277212343706,11.810735675526953,2163.292769921751
3126,2336.0546449637027,2341.4351994446756,10.882968491147688,2347.902477990042
2606,2409.868103276443,2414.43500699522,12.888304549991117,2436.2132417860157
2398,2466.011076012147,2470.5466741348614,13.256892247297417,2523.3132907702206
3332,2469.4554520634388,2474.2438804998847,11.620899080568348,2529.501967034573
3476,2478.007677722429,2483.3177132290584,11.216706650314235,2532.1812069383745
2594,2506.69608422699,2510.519181680939,14.976433850424723,2534.824050638162
2883,2570.554400424548,2575.5147745127106,12.773927696074026,2613.4374294304102
2587,2586.328812664745,2590.098075781609,15.492057459744904,2618.9058416579874
2385,2741.0322070608263,2746.4455279395406,10.770120988944226,2793.2700770551683
3489,2932.337956090067,2937.338550799788,16.05841525218281,2973.203188753139
2866,3038.155964931761,3042.4770698364864,13.447377762187376,3048.2397211683483
2339,3044.2329616095335,3048.52307971013,12.805432172863274,3066.915598128538
2356,3147.2516848491105,3152.012482865021,11.516634483323793,3157.106786392562
2402,3185.6592055383408,3190.3974286290336,12.35568805407695,3196.6575454345234
3487,3288.1854019105112,3293.2705551954296,12.975789154421278,3299.4463901767654
2599,3310.656600390852,3315.384840044129,11.746208162440382,3336.432976399927
2345,3406.6517643278326,3412.2765100387064,10.518094647359419,3423.2768044888353
2852,3668.8482763865272,3673.2999249009426,12.911933382246398,3693.3844087419384
2867,3672.418145151737,3677.3709053351176,11.888642496649126,3695.8166914244207
2588,3674.1635929996496,3679.148396188492,11.472706757158075,3697.8751218251837
2865,3775.9542055789384,3780.1824615035944,13.466406957392577,3785.524065818729
5481,3830.6409846161146,3836.1422890233134,10.733735416510797,3875.0349981103614
4373,4090.809339316795,4096.327707272635,10.47502504571346,4103.756734028138
4139,4181.412407226878,4187.191686551346,9.68859108501358,4194.036552556327
4358,4225.00150011095,4230.16335415739,11.671766053706113,4235.6611603813335
5477,4368.218284858119,4373.385513258936,12.451919942624334,4379.519697709872
4884,4390.053325404314,4394.229931276283,14.14963766635808,4419.285178093786
5339,4613.718415296686,4618.177793796961,13.258388697913386,4622.826470014005
4356,4754.858546267117,4758.494504042032,15.00278439975026,4763.804436091544
5332,4981.056522955457,4986.2399231543095,11.148667421534062,4992.794253667989
4340,5027.013967096642,5032.462575710315,11.121816989192364,5045.617477792018
4603,5109.8214724711115,5114.564458567317,12.699210564851377,5120.645351855597
5324,5157.717888234511,5162.506117771808,11.492551793789186,5167.585539288115
4407,5164.502141865862,5168.386550181153,15.028135832533925,5173.802353469116
4400,5260.061998374002,5265.437804680701,10.844429181909668,5272.528655242945
5496,5268.024730438925,5273.153743186136,15.095728903443248,5313.488096927888
4617,5289.502735523078,5294.487263296235,11.961398548699993,5315.709304414628
5323,5336.102666947552,5340.026954435735,14.060542333725982,5344.308012084328
5139,5479.274156444149,5483.6034650533265,13.558818294634323,5495.907875826186
4392,5493.3275346129985,5498.021951217665,12.664609316857609,5502.858899766848
4338,5653.2946714542095,5658.259477602843,10.844251896733176,5673.373625399693
6864,5736.376506317668,5740.145766387952,15.222516601127184,5769.017068553987
6856,5808.615721710564,5814.135534871913,10.549849519673922,5820.862990855019
6145,5873.181554564748,5877.276713019346,13.621464680117851,5881.6565805333485
6599,5921.719847201825,5926.380198532192,12.274830573118338,5943.2555825383715
6143,6161.550068111532,6167.394748009142,9.261146362568248,6174.4954274948195
7324,6249.083512256491,6253.252293141935,13.476234811721575,6258.784843459452
7489,6258.2551378837115,6263.213805262244,12.676720930446164,6306.278068471747
7129,6348.454762356624,6353.2894119051525,11.930470223335291,6393.779071098272
6138,6428.077958205197,6432.416481888746,12.962950869996712,6483.6583709712
6605,6460.224131159062,6464.3811721429975,14.016871791409132,6494.210081222358
7334,6505.607020008998,6510.087367522922,12.338625089744601,6514.8549575571915
6854,6641.389336830517,6646.002819448465,12.292099012330054,6663.4199439464555
6373,6693.748153849097,6698.211515511463,12.847766260700457,6704.25633378788
6147,6786.4322240801075,6791.478217312377,11.955315021702598,6798.149130611843
6618,6999.565710926844,7004.063165192444,12.672118221888097,7009.82865985867
6154,7054.541459427911,7059.0916732202595,12.602720431652765,7065.105675374702
6593,7452.929021968089,7458.3532486381555,10.99947888773261,7464.899352974076
6347,7454.844674894947,7460.283144920149,10.80554102030919,7473.4971149462135
6375,7509.312504143955,7514.479427966302,10.729284211047373,7563.178692639718
6607,7541.778443963159,7546.539370160324,11.811866944346763,7567.7257100461275
