385,49.76242108285949,54.017296873914894,10.754082109049225,61.972226908793516
383,139.84452934648866,143.53742530704767,12.255620862136771,149.9485034837569
47,298.0404277260956,302.2672527395089,10.225411294702042,309.85352498287597
84,367.4437637856228,371.0268050190984,12.85346118148407,376.4361701037222
401,410.0320025694987,413.4676663979552,13.534584971861918,419.7021275812032
60,422.3184619543056,425.2366069696278,15.593720541566645,453.72755319011435
168,501.947802299743,505.4505218265318,12.74908801431409,511.9448112153514
44,547.7464235979273,551.050909478002,13.651537184288156,556.0344909907502
70,635.0829788687469,639.2062452353207,10.785117533589647,645.6205921522234
375,770.2989108104247,774.4047243364672,10.55549437556447,781.9310973112308
369,772.2499382800008,776.2997211339008,10.544242571020806,813.5505647516316
398,862.3906909139205,866.0428670062757,12.339691543467122,872.7995446295437
167,864.6911223438497,868.2045096811216,13.44941946453114,903.4331010989425
161,1042.0150948242454,1045.1442793860135,14.674050208564188,1051.8194664912003
170,1129.2677682124959,1133.0086799069209,12.73402197202541,1139.8597137980535
389,1761.7609240756792,1765.0026491555727,14.020994541676417,1771.559841810574
186,1765.626346282906,1769.1520821015174,11.949626462039669,1803.2075583836124
371,1850.019837638235,1854.4503696559864,11.083485290751899,1893.876364061112
2052,1897.6822111914562,1901.089171699063,13.645585120563164,1906.3101578891742
2394,2300.011759318858,2305.067103427799,8.733885224088121,2313.8967800562677
2162,2302.1367303597913,2307.177607548279,10.274070159417542,2343.589936718906
2032,2312.525476418673,2316.0485788037804,12.040631726830686,2351.944139514617
2386,2390.5808165223825,2394.0359230486547,14.074395850237483,2400.2232834744577
2080,2435.556985567835,2439.5399027749568,11.337641559303881,2445.692759123127
2058,2478.411370724146,2482.5359435338046,13.099312536996784,2488.930227450592
2045,2568.0745549861176,2572.21801586942,12.97671664096556,2578.832201268712
2041,2586.5946987797233,2590.040041937008,13.124042612333838,2616.362568264372
2098,2705.8711862646414,2709.130628311741,14.316230432865249,2713.9833026041642
2038,2795.120960819338,2798.5343359771227,12.968051112023081,2803.955122528414
2070,2796.946524643746,2800.3376093680317,13.702018212020011,2805.692675080463
2176,2840.055212507616,2843.573451242747,12.698853644184778,2850.3736518115943
2402,2929.95029711543,2933.3084684337996,13.296719839958865,2940.2521365022076
2270,2934.2470861199995,2937.335661035452,14.970414239591504,2976.7037522401706
2108,2977.2062977371497,2981.012940863479,12.163998390596333,2986.9650774068036
2192,3021.6553808367617,3025.35633235099,11.69209948156934,3032.6983832152814
2104,3157.027221524643,3161.288225731106,9.714604704060246,3168.1706485423847
2272,3202.0520080468004,3205.4404760422685,12.827954850660115,3211.863891884733
2263,3206.5328265448848,3211.3722413326464,8.62902254810455,3245.5558405774304
2396,3560.5845567669908,3564.12379311898,14.290820607366417,3570.283594158436
2044,3605.611225544952,3609.1491734676033,12.89959639683781,3614.5776310806964
2107,3607.763494468032,3611.4893357308397,11.36496135885409,3617.4438213982644
4065,3803.9392798953536,3807.240052976978,13.502885442648004,3812.3386788008384
4070,4007.863189662515,4012.4280774131494,10.857916063760898,4019.798633317799
4191,4100.674201030265,4104.257957061841,13.170416199027938,4110.760115389335
4180,4280.147527421263,4284.278362193902,10.234920252708314,4291.831382275864
4403,4373.613698140675,4377.363402523174,10.967956507636575,4384.730772333768
4053,4389.566718026308,4393.451585523929,11.458743515289127,4415.865622305167
4380,4459.890984433547,4463.28106901394,13.250324951107574,4469.880188722476
4067,4472.126517837304,4475.600804966088,12.799310602872215,4507.045369810046
4394,4639.900044892932,4643.286253938816,14.032983026343596,4649.765123509932
4032,4642.338702035024,4646.568723599965,11.881080585418582,4683.551231342497
4406,4735.863095408027,4739.374213029092,13.169340809708533,4773.555509937986
4042,4834.170267535954,4838.322327834524,10.348354486149208,4845.547899138106
4181,5000.216909663911,5004.105811335816,11.200912208903743,5011.266245469602
4040,5016.755187057567,5020.261764720595,13.069147120729772,5053.853868135554
4058,5102.069684171942,5105.182850451363,13.596655482193263,5111.664812197723
4401,5182.099390365201,5185.523859011312,13.832505447239418,5191.934973202144
4160,5184.130287622426,5187.443922299233,13.382384967468907,5223.153930406695
4188,5271.213640801671,5274.617012440891,13.357601222733063,5281.394721036491
4059,5298.014355806128,5301.482577363195,12.762812223496372,5313.467185191315
4037,5315.244282518049,5318.545597004904,14.478397686399493,5323.645692167849
6197,5456.234873478623,5460.193962672738,11.881239910185815,5467.797904066028
6086,5463.390496387663,5467.262526529334,11.302488624931408,5493.283614600587
6081,5835.14033833469,5838.123535301228,15.174566642005155,5843.900588341268
6265,5992.4179237993885,5997.263727036872,9.505791369218565,6005.916219005228
6268,5994.543686641787,5999.233692986709,9.14676067219984,6033.1741566836145
6254,6083.7711599795075,6087.036096602239,13.791744184428147,6123.580243462718
6269,6169.602644498424,6173.095894830659,12.671221802097449,6179.636513164264
6164,6259.767864874436,6264.148993855641,10.341725493291731,6271.860479521903
6113,6304.96077305587,6308.377429154317,13.00062260100758,6313.885127253685
6272,6353.899325608535,6357.453954612492,12.50875193507455,6393.216981095961
6180,6356.253121736441,6360.148093533502,11.80054121901043,6395.69796960508
6181,6442.037119407242,6445.512305672151,12.919390309772371,6451.947130189454
6161,6532.265435192527,6536.275057831865,11.461881074477459,6543.6612203450595
6085,6542.0083599443,6545.485683470676,12.469271509734076,6573.749079827821
6082,6574.078310147744,6577.434433037406,13.091908558480279,6582.575185995342
6373,6710.148681244753,6714.173094662179,10.647707393384454,6721.406578952398
6091,6904.726330749832,6908.4151841100875,12.40202473939976,6914.940091771573
6403,6980.359047800637,6983.545466644192,16.300899402080884,6990.116129049478
6080,7158.229137822433,7162.326859982116,12.620224579933987,7168.780332065742
6072,7179.476606559781,7182.20449470433,15.67360518170793,7203.656046894512
