26,273.5631045930735,277.1694642271531,13.430135785621152,279.4838105421015
38,283.21665454587344,286.4041011290017,13.372547065161857,288.6756045601134
29,322.0397797896815,325.4763180856745,11.586634462855953,328.77773226444066
64,553.060210521494,556.3511251147219,12.913861548130072,558.7070157431002
1368,633.7464069443502,637.2675455170809,14.368686482243856,639.3972003062282
25,819.2082490613371,822.4440162934438,13.163380054052986,824.7985153203783
46,1042.402417116077,1045.515603791076,13.107733008111548,1048.838073912604
27,1132.215657063696,1135.569199101414,11.98626794021185,1139.2911628069817
1377,1354.067503546127,1357.5444016451193,13.056269762165003,1359.923401352891
1226,1356.180827963877,1360.0245863799396,11.678359211798606,1362.7529583459368
42,1453.7195015854256,1457.1033443679983,11.571530869724157,1459.617875602379
1220,1985.732474369742,1989.291337541412,11.927368865663924,1991.8201613921187
3224,1987.7202598603767,1991.2884637752206,11.941586825828182,1993.9091765093142
2035,1990.3595264112316,1993.373634384087,11.510819766282511,1995.720018868546
3230,2073.5883072502393,2077.280327415727,11.860017521109192,2079.8205643798256
2072,2075.6257883263747,2079.0906741741205,10.920729827274332,2081.619513153951
3383,2343.8322475970235,2347.2433767439456,14.76925472586648,2349.3396736603277
2057,2347.5784529718476,2350.0823992217433,15.873188573132902,2351.952639884787
3216,2523.756977631377,2527.1208759275933,16.622448042474467,2528.9688906741994
3381,2704.2964369174338,2708.0274563526277,13.031841524391497,2710.3555883583867
2037,2895.014923342553,2898.1476880106234,13.787547609332583,2900.405572320531
2048,2898.542766246873,2901.554505219772,13.678001171584473,2903.9220599689156
2031,2932.8961933212167,2936.4791064095016,11.659920154749877,2939.8693748267765
2049,3202.386608080916,3206.0977962842976,11.110664214353228,3209.8577422962076
2036,3423.7465726718915,3427.107622106726,13.916006576014611,3429.3335689691858
4050,3706.2970843684657,3710.084048415297,11.293816018641364,3713.285967541849
4026,3746.9436312572952,3750.086038805727,13.288786191036847,3753.6858905442887
5391,4053.7036166593866,4058.2405530844144,9.242937521158563,4061.561334704106
5222,4055.9154053883717,4060.2665970223147,9.44084299770879,4063.599612950577
5237,4503.591883556154,4507.547859891636,11.494088496649965,4510.258811027183
4028,4505.681684660592,4509.378666895649,11.59589841318884,4512.048867996762
5392,4595.4934782738765,4599.3337846707645,9.981774804376483,4602.264908302716
5227,5224.075650589073,5227.529865978142,13.638052435632735,5229.755608620684
4112,5413.025319381455,5416.087815644998,12.691689407032511,5418.405247273129
6046,5508.3100531566215,5511.612048788041,13.14083188003818,5514.0623526274485
7233,5945.942937470656,5949.35592684513,12.331608682784637,5951.7856908067415
6031,6083.063445400059,6086.045362282994,13.202917079259032,6089.8449338359305
6037,6128.012721143239,6131.441141720788,11.548199890186375,6134.148905204554
7225,6215.768702682353,6219.296405749735,11.40651372765186,6221.834646671703
6088,6223.22334992193,6226.318533465054,13.52438495961332,6228.582538534561
6059,6312.399190790699,6316.363013929959,10.669830043563032,6319.284945930136
6039,6395.827178574407,6399.444125844398,12.189527454362617,6401.974736924169
7232,6483.689138839074,6487.435360192185,11.850903002203214,6489.950686792824
7219,6486.027515069583,6489.573771102674,12.685729051674617,6491.979852259393
6053,6487.961217688929,6491.278313229533,12.391115214568469,6493.72715205504
7217,6663.783493051059,6667.312944318724,14.651126607762352,6669.352234390333
6032,6665.790071827707,6669.287753425709,12.175274253529542,6671.706275219158
7226,6753.5474625861825,6757.216962175984,13.018296099657652,6759.507344569786
6064,6850.980848385575,6854.03866903427,13.30713149563421,6856.375934512096
6042,6945.713342103215,6949.344283760479,11.965039808994884,6951.9583853167105
6078,7125.211249020107,7128.49362349973,12.360481597248215,7130.887099928321
