1856,218.32460626988902,222.08897088053754,14.522775684271009,228.77600886116306
1597,295.8394004300962,300.594067841973,12.505029922027338,307.21624763560686
83,315.3191314327913,319.4974518050586,13.260382475253728,326.72704679708113
1432,448.26530852049336,452.4577891204022,13.124553277935064,483.33260317226546
1237,487.8658224108946,492.57888047095105,12.35383865544135,499.30728272932186
1425,646.2438675254028,651.0609729022659,11.542435276156194,665.7561483166878
1262,890.2006819660783,895.2300258032016,11.371901456498733,902.2151743428719
1584,922.9945987267448,928.1264562855881,10.346108563529251,936.5336828640162
1272,1240.5503070272252,1245.1728259151064,11.801251964123768,1252.763465753362
1269,1327.9381226116027,1332.4782330083701,11.970346922190878,1339.1138278736216
1250,1570.9564564214063,1575.1166277975717,12.837241225837179,1581.3094486958203
1252,1599.5334803254545,1604.118905810644,12.571701608610462,1611.7188480678387
1401,1619.6422652365213,1623.4423849336522,14.715279879613613,1628.8825508072573
1257,1688.6116864913874,1693.136937553882,12.690072814252606,1699.5764949969036
1274,1690.8299024824819,1695.5512727132586,12.260524793303102,1701.9994366426322
1243,1776.844836111306,1781.1698037708186,12.263745134091083,1788.9593024882363
1427,1795.7675649276391,1800.075670824326,12.839131227796061,1806.4930071162764
3604,2404.0762236254805,2409.404680467626,11.146367120275064,2416.9552057144538
3419,2516.183459361218,2520.3604957737016,13.771321643545042,2526.493592821033
3612,2588.5133898464546,2592.47423445328,14.162180643168007,2598.0547403895766
3402,2968.162135473976,2972.4163787857924,12.61072178490764,2979.9106659606673
3607,3058.9849466132105,3063.2243579209794,13.339112013283266,3069.4852845453343
3245,3191.851867454484,3196.0093228162978,13.287647051028614,3202.032411715768
3561,3193.506606795676,3198.017660249495,12.190309974648281,3204.5440985202104
3271,3226.3104248023774,3230.056161797592,14.589119821502551,3245.2785158049423
3559,3725.869467063572,3730.435567611023,12.122756933318122,3736.743760839412
3594,3743.0358473913348,3747.553624420097,12.586677852254534,3755.399404916987
3599,3765.6372187139664,3770.401014484666,12.293757637322443,3785.9076660642354
3405,3954.3713632487857,3960.224750419668,10.062408069529292,3968.452379948091
5592,4081.4104407970817,4085.5875180965145,13.135948604467304,4091.6743532276873
5268,4094.864503182781,4100.413542453271,10.351788813808236,4109.484068458307
5424,4140.429747304367,4144.602929091933,13.787104229018361,4150.7054421633475
5255,4212.366435266165,4216.517678580672,13.124006319153219,4222.633949325818
5266,4449.528017712946,4453.594422505056,14.071683333171556,4459.538404085709
4079,4714.740309992974,4719.48776678306,11.319669857636818,4743.108884980822
5428,5035.267016361258,5039.417610089991,13.379692245837226,5045.301231198517
5277,5108.459360943012,5112.498739218801,13.840287650791813,5118.415447432186
5605,5406.441680886812,5411.409942172972,11.386850661066644,5418.739592936496
5575,5576.9651907828475,5581.46526153851,12.864744103689508,5587.752469683438
7259,5894.069945035659,5900.058749054863,9.681778663036372,5909.11746344563
6095,5991.318814693857,5995.520668130499,13.94444674378309,6003.653731724357
6056,6077.112811910573,6081.494314472799,13.277180429585457,6088.872281128733
7278,6115.981546239064,6120.270984752981,13.542189112258871,6126.485160821928
7605,6271.296465093478,6275.3742236334,13.639607095482635,6282.456182899958
7599,6752.3262866865,6757.21209630107,11.775378312713464,6765.435543932341
7261,6828.849647672928,6833.553557947128,12.073000599321977,6840.604216045521
