100,243.7411596910039,250.4500032057479,14.399833016923907,256.6250687924511
1587,731.2259919706961,738.5304240422579,13.01024857119588,745.8332025330677
104,768.5933470734204,776.4607318855598,12.362862086511305,784.2480758294118
1609,796.9205929663,804.2483897879736,12.49558717987687,811.7818679952439
1431,862.6589305421154,869.5736737664681,14.170282707779561,876.6214129998943
1416,1060.8542863488644,1069.0118884766785,11.936264310240455,1077.1517196285229
1419,1258.487344861616,1265.3054447069458,14.453757347702778,1272.2596136726347
1625,1456.8047253662842,1464.500405842346,11.666767888027135,1471.9718488133958
1281,1557.2275131864803,1564.3481903027775,12.619096396302108,1571.3476051566493
1611,1671.021170576555,1678.170241956528,12.895436846680381,1685.7175475123065
1595,1878.4076433164882,1887.4311954400312,10.027451250500365,1896.5066653249232
3601,2012.6129061593567,2019.4961554035472,13.45205997175679,2026.6519071208158
3418,2183.5416344846367,2192.3745014947012,10.343685051932926,2201.186088920827
3586,2314.4976321442286,2322.432374179773,11.151576587076896,2330.5859022682944
3442,2320.3626610646315,2328.1218085673077,12.2712440688135,2335.5610211286094
2092,2363.41995643131,2369.5937490575297,15.491963460720443,2375.6508442409067
3597,2380.722104227283,2388.0062726317424,13.271611307028024,2395.363567733451
2101,2483.1430503823544,2490.595825108413,12.694691735634168,2497.7698762366113
2106,2487.739868200469,2495.168018482577,13.335788283559594,2502.1117896485534
3591,2581.070210528813,2588.5566066367123,12.420728914594658,2596.024018592873
3429,2672.7328885988836,2680.0225740378655,12.277217490638517,2692.7515533663895
3594,2711.345114573027,2719.116972910923,12.517223278051612,2726.7128086120715
2093,2747.021102212565,2754.48194791534,12.484500568159184,2761.6657853165852
2099,3218.7319542165133,3227.6167968069713,14.092799416176533,3233.7318898342514
3044,3625.6069142037713,3633.2728026167797,12.615889233851544,3640.6634448599693
3277,3674.649408311565,3682.5267032214438,12.350146349096706,3690.0740183872567
3610,3768.167130224849,3776.4730247203197,10.759778942826948,3784.829029367337
3280,3806.2488359627328,3813.5890427412687,12.71810961717221,3820.717597622801
5614,3899.2131911985316,3905.646803246529,15.429837903988982,3911.9320446423717
5597,3965.0484046181627,3972.03534913928,12.947693337589325,3979.435239952702
5622,4030.709560390834,4037.649094687225,14.252937992592724,4044.237849912784
5634,4097.033916986421,4104.141123805147,13.569239234010878,4110.833614901608
5631,4228.561546880924,4235.187445180403,14.561927219235763,4241.418911982991
5045,4265.006707543929,4272.378126901792,13.025222541374015,4279.345112205958
5273,4321.220033091874,4327.414680339252,15.193742687706695,4334.270554205272
5297,4349.488920014652,4356.198387496196,13.124339794170972,4362.857674748397
5272,5150.698136754119,5157.199645614583,13.903705741543533,5163.861692049745
4093,5455.160161093128,5462.261865591062,13.268352742298964,5469.148539853004
7623,5813.163771560918,5821.495711932395,10.854451284719504,5829.55856441687
7439,5827.581835219748,5835.350878564849,11.356449310400249,5843.034077557185
7262,6406.634887452374,6414.2550359182105,12.795151401208361,6421.921307479978
7042,6443.024668221651,6450.135750422016,14.214770274987055,6456.754536955742
7616,6492.260649807921,6499.1727884468,13.142836820256273,6505.896011999138
7612,6736.496495198112,6744.392748029022,12.003400744311314,6752.462483691328
7271,6802.943671420016,6811.3604986026285,11.389180541272035,6819.887036436973
6106,6910.176363784364,6918.209517970303,11.755037868056421,6925.675253437545
7609,6935.122329965627,6943.416079226565,11.362620172134925,6951.803763858546
7613,7000.698211170866,7007.616099178654,14.169689247637933,7014.137530858833
7606,7133.997216020326,7141.490402948399,12.549173828678855,7148.971421014139
7610,7140.298855941159,7148.182391133123,12.172732149812612,7155.944647046062
7418,7198.779142944816,7206.374438924338,12.771006966873964,7213.8881291612315
7588,7200.108619815296,7208.074774989581,12.504472279979549,7216.5194581103215
7272,7273.879157561307,7281.162400868966,12.388554671106148,7288.545849216829
6113,7432.982484636777,7440.077637199777,13.472133256359726,7447.0338814308
