1849,47.588116182388546,54.02419121662012,14.081938124193558,61.42355351571826
1636,95.55331737570204,103.21237758483021,12.4203672690471,111.1972225046585
1966,106.38517609414912,113.4357325903702,12.634746737713794,121.38429554644794
1948,170.90792562146487,178.41327095301796,12.738633564938539,186.75920357455368
1790,187.2038454190358,195.44004422879516,10.348030361120564,204.62416589677358
1934,198.15573764841483,204.50899556468147,14.860382661597553,211.53484241993993
1861,231.17186351511023,238.426586241019,12.88359638871837,246.52439290451164
1818,233.56094318944056,240.6007244701567,13.086893733588916,248.35790190937763
1931,259.0015776824722,264.65480005007385,16.651199272130782,270.91019730599135
1851,263.9282769095311,271.25235398025916,12.801301386836608,279.4061214712887
1639,292.45937011012904,300.0996606621066,12.03416860982206,308.54968637882837
1817,320.67306004651647,327.58923342155407,12.920190300102576,335.2490053101997
1803,363.164483175341,370.6377718982005,14.257881180723357,377.9448770205781
1442,366.72379870591817,374.01093236150325,13.352243373437892,381.7181647634941
1924,401.02907930298386,407.02415916285435,15.240034465020521,413.742984417515
1940,438.1807892339812,444.5818541135475,13.915322826475245,451.67437966575045
1939,657.1937814411126,664.1298426768025,13.47635124897598,671.7661855837018
1932,722.9398295184601,730.2689188815716,14.705980086111891,737.1217524253376
1774,730.9983319066597,739.458233458779,10.234072403737116,748.9702996144154
1902,739.2211112600788,746.5791544940284,12.796577048668823,754.9018138383999
1858,768.5568170273206,776.2532274928896,12.464087132934296,784.6130638366956
1765,860.6966574127382,868.4965958503974,11.388122993139483,876.8536539150588
1831,891.790735314432,898.5990667232508,12.858914689573634,906.2718877701898
1984,941.6121358385775,948.2193689699229,14.410783582934156,955.4743482614315
1927,1009.5394442270874,1018.0888181758003,10.735376803009013,1027.7628806264863
1821,1049.9628791834173,1057.4836340617062,12.18475073184825,1065.7678072952065
1905,1073.0345139139063,1079.3214982456325,14.728408670412383,1086.2807782732164
1903,1100.1055993871214,1108.056663341124,11.157800896246846,1116.9681034797682
1616,1196.4557699388488,1203.6059784645445,14.204001289921125,1210.9538288177082
1853,1354.6635293548977,1364.1692260701261,9.86274644121143,1374.5688339317517
1841,1399.031169815004,1407.045016288379,11.32391729386217,1415.9548034984514
1913,1418.5838185018372,1426.2937726236855,11.573255128338634,1434.8980548104914
1907,1512.2573481172087,1520.0650409715213,11.741326042909538,1528.5308753037589
1854,1589.9577565100553,1596.601880303345,13.338436399401576,1604.0862323823033
1930,1623.500042087761,1631.0058059748592,12.68798981186579,1638.670376670596
1836,1691.7577161792897,1700.292729141719,10.303181401794104,1709.8989507871956
1887,1693.6382083902213,1702.191731841571,10.75360102795087,1711.8352346201502
1835,1715.514583450143,1724.249243072558,10.641429596897542,1733.6927738193426
1944,1728.1850625419927,1736.132039633565,11.425856006410989,1744.922569544189
1629,1730.98925568464,1738.5865086494803,13.446075083039444,1746.8188980815632
1827,1758.4934529949996,1766.006901305215,12.857875968078346,1774.0530667511982
1935,1830.1573946050178,1837.2092824600818,13.261270635002933,1844.937943584842
3872,1848.5596867297934,1856.0757491323152,12.93231885100172,1864.0386944449353
1975,1894.9521746385058,1903.4155890124325,10.591101974629119,1913.0391641636215
1614,1903.2724236807774,1911.3191839756546,13.24830216217882,1918.9710985306135
3777,1938.462794512867,1946.4667453465804,12.243366060682654,1955.0627709970747
3802,1940.695273199414,1948.3110902635021,12.34339658469066,1956.8651695716915
3880,1946.7880228448412,1953.5461874710943,12.971272676909207,1960.999097223931
3884,1948.5371280260033,1955.2927104770386,14.263144198642934,1962.7450191406613
3897,1967.8477490522025,1975.2730481362423,11.98099243368524,1983.6840299483215
3945,1977.758760718843,1985.2031501977242,11.98135819177468,1993.4343019485982
3776,2075.2748137512053,2082.445895854341,13.712064682726604,2090.340304377018
3963,2079.294556817662,2085.0514305784873,14.913151863784224,2092.202723770346
3939,2118.7271974771174,2126.1298013306023,13.2941404002396,2133.7050970191667
3855,2121.0834171018796,2129.0289201174314,10.932837622062678,2137.998227641483
3792,2163.1733193015384,2171.155155817026,11.982564734122265,2179.71961733182
3912,2198.921770342204,2206.1317766653906,13.213679417010638,2214.075062784284
3930,2287.1776832197743,2293.609129609456,14.298172995491662,2300.7236721608915
3947,2298.6046683470586,2305.509426316443,14.803462439734847,2312.1122240502095
3764,2343.4104083304337,2351.2343111712203,11.547820355720345,2359.676306830922
3931,2355.940933188673,2362.551495239124,14.13807096914584,2369.8335343188687
3935,2388.5826798859,2396.229886297208,12.085092234944206,2404.266035970504
3902,2391.053668406998,2398.3839983533153,12.940172591741034,2406.2493811265035
3922,2454.36341918498,2461.1974571490705,13.72212922619875,2468.9066315034233
3926,2557.0187226767825,2564.5359007450993,11.442427810293202,2573.0547103253557
3807,2568.606858601816,2576.5415311077054,11.641939306743865,2584.920310707753
3976,2615.215566404966,2623.3569377908407,10.72696499601734,2632.6969219775333
3615,2632.693437847176,2641.0201956345704,10.999225188039446,2649.9317155123695
3437,2637.7566242762514,2645.5287595171826,11.804319637424522,2654.0547227644183
3865,2658.763127964208,2666.0594623842553,13.7410574777091,2673.727421313512
3785,2660.9386808424324,2668.568796845899,12.371180021941507,2676.9691582047017
3847,2687.2085691524394,2694.2176199691803,12.661822318799853,2702.140919697894
3618,2710.445021581058,2719.4023598661006,10.668828013560816,2729.0544762120603
3928,2735.751670456462,2743.073578006701,12.572854015808943,2751.140044440471
3942,2748.436713087301,2756.524192007511,11.399184307154082,2765.34216225455
3837,2750.810980147805,2758.3272313600814,12.142017616851197,2767.0592539234344
3916,2757.169053279419,2765.248102021245,11.443945836999205,2774.2264637033404
3927,2769.143720634124,2776.025805265979,13.388450249874566,2783.6943247690797
3984,2838.954888665942,2845.4135207898653,15.568999253371667,2851.6378456166476
3911,2868.1174584898613,2875.5741804796658,12.393722986251799,2883.954143315386
3769,2876.0404104426107,2883.468231469498,12.218198170186408,2891.957814446763
3898,2885.1095975728254,2892.436542075219,13.342226157643637,2900.5295554263967
3909,2887.4284032846795,2895.3468282679073,12.045471633795618,2904.1740505971975
3616,2893.182552783297,2901.366453897667,11.536938277254388,2910.4021194098427
3761,2931.251991445007,2938.391314352549,14.046598224258979,2945.912779030556
3949,3063.30967279722,3072.3153546482354,10.285627955511151,3082.152321194391
3893,3065.7140792163405,3074.2394222855332,11.420968583583155,3084.139977122421
3760,3153.163965466507,3160.54135621088,13.657581726934987,3167.7180239489467
3937,3260.8900781658936,3270.1450061735204,9.641755390823638,3280.4254607689227
3974,3288.421519409417,3297.366196363801,10.469264110049476,3307.373886813594
3840,3336.374782766063,3342.4090312934254,14.96743431666557,3349.2297509048544
3863,3409.7307907320396,3417.113531049144,11.705776801668758,3425.2351085024457
3915,3421.7659906759477,3430.0130137661035,10.920386497614627,3438.8133144261683
3894,3437.75968521959,3445.008491494822,13.052537018958068,3453.203457372298
3808,3482.4001367993733,3490.02681450469,12.151151577457952,3498.586766950949
3895,3533.373080613141,3540.4929970770118,11.42758700003395,3550.361990728247
3905,3561.1567448038522,3568.0216990469235,14.14724398215277,3575.4915574796482
3951,3617.8024020147673,3625.3097152258197,12.302523178245952,3633.990470001921
5944,3650.921317826917,3658.2749539448423,12.5390438465678,3666.136156012141
5777,3697.1825198647443,3704.180308766399,13.429342219447271,3711.9154806221654
5778,3699.192853327215,3706.1363255120464,12.774103539185345,3713.830759024659
5949,3738.47911908335,3746.4363566885295,11.61450843967034,3755.11528816979
5802,3740.537644006064,3748.2504550414665,12.222485442450248,3756.8620716978935
5982,3798.873571183675,3806.2622962306095,12.454763589291325,3814.5075379014593
5825,3828.576054578757,3836.2902535026096,12.643840799773882,3844.6121493396563
5843,3846.5963216949312,3855.3918034306466,10.7938549027189,3865.391322018936
5844,3872.781848020778,3880.3616520651176,14.000957094755124,3887.925024471004
5444,3880.4470228036316,3889.076549690942,10.916999305421115,3898.440217707389
5953,3913.7579611865453,3920.43963787823,13.946348669330375,3928.1345939149464
5872,3929.367144281764,3936.27806689217,14.471141140330856,3943.3938403705965
5783,3931.76124088058,3939.1284221083147,12.9478964616586,3947.0835901102387
5948,3972.3307475817073,3980.295388549972,11.42385374239857,3989.22299277588
5841,4009.0022894049553,4016.1742590987596,13.335338851756863,4023.6021044270715
5975,4089.796722103347,4096.240098291823,13.900307330893302,4103.407863265017
5936,4188.8198072055275,4195.633313327166,14.936450528224947,4202.468078708483
5788,4237.63824240162,4244.013657656208,14.367840898942783,4252.018993921019
5931,4247.726210979963,4255.494504309633,12.18803453740545,4264.177958133562
5840,4296.973660384209,4305.053921847787,10.968699860455526,4313.871133905684
5900,4323.212394786273,4330.5761425246865,14.062228382371012,4337.8703226268535
5947,4325.572852244473,4332.395829171756,14.427150606424616,4339.674474500486
5987,4337.261356638226,4343.46864109735,14.492755564655925,4350.394270605961
5816,4368.918575421372,4377.513102647013,11.175180936565223,4386.714350277599
5770,4378.669587241368,4386.5451606255965,11.880056023203316,4395.483282261861
5620,4415.830388551915,4424.393077514244,10.503248380459208,4433.97707109239
5899,4519.804072019625,4527.445029994441,11.305470850627042,4536.036263097022
5955,4533.248191206499,4540.043793754836,13.829467680430811,4547.483048938251
5875,4567.37590586554,4575.048883081138,11.249550690279262,4583.795510259474
5918,4593.208522729541,4601.268732458686,12.146428784205414,4609.629957494589
5950,4601.523851391265,4608.568670668134,12.495805215774222,4616.67117986911
5829,4660.376734852702,4667.577131566844,12.578633873119557,4675.475071047231
5897,4673.927762105001,4680.072753684565,14.5317832090782,4687.036041507034
5915,4715.860016115278,4723.3804874050575,11.585589753642411,4731.890519527744
5621,4720.702965745671,4728.582108678499,12.086684221623708,4736.832180834931
5833,4734.776769273409,4742.531169000629,11.482084622567164,4751.7829656039075
5804,4739.595267453161,4747.3455400786925,11.394778486821592,4756.092292319381
5839,4756.8454113864245,4765.470348783264,9.926901572338629,4775.154465014032
5798,4773.107045728102,4780.385440454994,14.072200746289262,4787.814190725857
5985,4863.026145635968,4870.56725812231,13.741293408490067,4878.139429656149
5817,4865.291868039982,4872.54175584494,13.547273019634305,4880.270016243822
5633,4867.675275424347,4877.323063688412,9.107562706140353,4888.0057031331935
5932,4965.324418958196,4971.369403702719,15.53988332172161,4978.044517630589
5930,5001.239429963787,5009.4540502660175,11.228151774703166,5018.593344819672
5928,5056.904829596112,5064.349913878829,11.905101784512663,5072.726035690281
5861,5225.318948888433,5232.070783794508,14.580762500774542,5239.075671468301
5907,5242.759801847964,5250.48721780769,12.518481931795607,5258.855166007246
5926,5244.654856267487,5252.202031376419,12.0748351496344,5260.681482679946
5782,5268.552573389463,5276.173301768613,13.528787991196307,5283.892828922306
5877,5304.393855077085,5311.392385848282,12.755603789847466,5319.462389485693
5452,5314.076264235706,5321.553886827592,12.921214237286287,5329.715282972549
5910,5327.86041585707,5335.485053762114,11.934182328144557,5344.040253466549
5956,5389.565793603777,5397.098304333374,11.635825913329676,5405.723696188556
5808,5448.788416290605,5456.342393245597,13.079873871217684,5464.216743906074
7932,5495.257583248039,5502.283314920093,13.446935265437281,5509.903754406648
7835,5497.22856182248,5504.472909747599,12.261007667400909,5512.550132602559
7856,5541.166437485623,5549.234533319544,10.920991429348977,5558.97405876044
7975,5585.5450572725995,5593.092464412478,12.421625573352502,5601.347745254073
7926,5752.0136837052,5759.388323338494,12.595239472024357,5767.731577399228
7963,5785.266921437344,5792.023243204078,13.84402685762779,5799.462585254951
7953,5788.653944457649,5796.1837633801615,12.244598499925033,5804.75438739534
7919,5848.2099022237,5854.628499278355,14.153694159176485,5861.648924799452
7979,5852.812291169512,5861.191397655229,12.016454080081274,5870.069412835201
7937,5870.0772866830075,5876.072780118251,15.02056529433445,5882.881728937258
7831,5898.653504933469,5905.58612910062,14.740741541644852,5912.718055419795
7809,5900.55423345154,5907.261421498512,14.280562469102964,5914.414827286116
7775,5906.801210100619,5913.362897319523,13.538825942561623,5920.860613568582
7618,5960.499034971049,5969.156742809543,10.657510916356289,5978.716444499972
7906,5988.7061592923565,5996.030560108,12.78187200134287,6003.823941202447
7836,5992.993272207016,6000.493627520529,12.476807755638966,6008.776087215078
7859,6032.9399797146125,6041.115375366963,11.667672245621992,6049.71015256423
7927,6048.278501505984,6055.112247366454,13.84215307773615,6062.705756990075
7920,6078.856613038039,6086.413500467749,12.803632895880085,6094.322869093933
7811,6123.146020551768,6131.195694117193,11.355794947337614,6139.669360970878
7923,6125.252975610253,6133.067307192787,12.51237211406793,6141.429748961473
7771,6168.372870121339,6176.203335741012,11.821478189229875,6184.951733798684
7948,6229.987861552088,6237.546387076058,11.54603069684441,6246.033493565979
7945,6261.276113691312,6268.57829978336,12.164493272256575,6277.238197666298
7766,6263.2668608548665,6270.443131510687,11.367215658147531,6279.101480040932
7798,6267.1632640480275,6274.55889000384,11.689908271170507,6282.970806557107
7630,6317.847922510303,6325.561186452119,14.25892135847833,6332.801791501862
7862,6374.739695170316,6381.366314204085,13.718986372257003,6388.9083151416135
7763,6405.365751132033,6414.251732683388,11.208884805307429,6423.571702730608
7615,6412.097431882883,6419.347316960054,13.419041010011872,6428.090718207173
7925,6455.936593020764,6464.337431303943,11.159417619342031,6473.610075658913
7787,6482.815045110375,6490.3144524571335,13.946422761938635,6497.5768943154935
7911,6568.6397151292695,6577.116058016437,10.438502748310748,6586.673473601882
7901,6618.839107876393,6626.410401859614,12.33372567429271,6634.450775824188
7844,6646.936872342975,6656.15393825294,9.794908213716027,6666.604699933932
7793,6667.166503125006,6675.141700260745,11.002836970464692,6684.294186583691
7917,6669.339297173778,6677.083485449762,10.699567453686633,6686.140445028516
7941,6747.700565770693,6754.368542742643,13.17473285808927,6761.78626077417
7638,6753.43287244732,6761.35710191703,11.158108630904167,6769.986789227905
7631,6755.778407831365,6763.572245117102,12.467994449707161,6772.173392454124
7830,6841.603829852206,6850.300329162022,9.647159716167094,6860.312744781407
7868,6888.36672038715,6895.22843447389,13.936431363723655,6902.64711384756
7971,6935.594036619625,6944.456731998382,10.368941455674785,6953.9731997794925
7797,6978.769428815855,6986.434548488319,11.986540449638676,6994.493058746504
7893,7045.365364566968,7051.368353729859,14.527311718467429,7058.124989026517
7922,7060.396769591306,7067.264158441837,13.345908741783376,7074.919670820864
7982,7144.946166449271,7152.071031500963,12.937656702895557,7160.253489358841
7889,7160.949798517297,7168.1331078292715,13.574356980710208,7175.686642896698
7773,7207.326647500988,7214.3794441468635,12.868290879549914,7222.000095187252
7914,7209.745045300163,7216.4425734662545,13.438621236330414,7223.901757695616
7636,7293.780137799791,7302.273702017399,11.419779589012432,7311.325676299429
7617,7296.962882495181,7304.477280993031,12.27392601082645,7313.1881610579985
