1534,71.6036681051666,75.63436859934683,13.934693413659634,79.9524920462547
1602,139.97106936219117,144.2955418141284,12.989669888876914,148.89665507921984
1590,142.42005279758138,146.10122305537539,13.18937433419201,150.69623295469688
1621,548.0497719758808,552.2222499048529,13.40439453551474,556.5266008984569
1576,550.0657392751186,554.1880243910845,12.273304773863758,558.7692013680219
1557,552.5159153321893,556.19343827762,13.346622077104819,560.5800396680811
1586,565.0968406868598,568.3017339729222,15.649668165149462,572.6405568833002
1599,566.8357650099824,570.2241101682465,14.508136357813878,575.3900968718567
1587,615.9812431376733,620.0962199574394,13.403835587329393,624.5099089767253
1548,684.1080679878562,688.2461530105401,14.105062953056809,692.3787762925318
1527,840.1258501032556,844.2329495432444,12.287194885346517,849.8342578958437
1613,888.4575279967816,892.4383491676409,12.920661085666998,897.1295732374448
1449,1093.91886823183,1098.4389414626214,11.722278841485606,1103.6294195990188
1608,1159.9700572067727,1164.2577834207061,12.246040082965663,1169.0116363188813
1571,1162.0079503912261,1166.4955833731842,11.242326755339711,1171.7699464387313
1564,1163.9658640833793,1168.339826339922,10.068217827870608,1173.6386432940635
1607,1294.4429258479336,1298.3552647616214,11.848322537313674,1303.0464019225549
1625,1365.7459239926015,1370.027267016693,11.770533889060085,1374.7264385685548
1583,1439.9287374831574,1443.2195780590516,15.430856723008551,1447.056186270611
1569,1511.383354313899,1515.103932347956,12.418661942455206,1519.7268834040074
1592,1567.7217980181329,1572.2136546690601,12.132807393321226,1576.8723227168314
1611,1569.8249046442154,1574.0812880708404,12.438496129965163,1578.606578557287
1605,1637.9338776493937,1642.0954185113094,12.45580409505313,1646.6450954995846
1440,1737.622107479155,1742.4663597854048,10.142942943479897,1748.5412077563165
1554,1778.2000392331395,1782.4931937973506,10.580245859799676,1788.0406969140172
3589,1975.2392436030962,1979.2787558156406,14.936480776322052,1983.1466958762328
3418,2009.5534067904416,2014.4682724483841,10.43500372394462,2020.7850722763546
3425,2098.7783341010804,2103.0553201082585,11.963078301900813,2108.4750459866523
3597,2251.6000554900484,2255.5750825630544,12.5490763643083,2260.0952875828384
3554,2382.6482149296144,2386.2885987729014,15.54135933089315,2390.343291010836
3604,2453.850898457488,2458.374521657303,10.853695672011078,2463.7358435625783
3591,2460.3245036132807,2464.287578569566,12.62114989309288,2468.944314107556
3519,2520.155218749452,2524.493248893392,12.2456530703656,2529.0544855215867
3557,2522.2386605921743,2526.483699379291,11.068737263604161,2531.443250870031
3587,2524.1227636457334,2528.307630921463,11.526021618012594,2533.2781089814152
3623,2588.044481403773,2592.477657318521,11.863690731447456,2597.1626762536057
3594,2590.2478140807857,2594.4614838792886,12.105958463371357,2599.23205710766
3599,2594.490108952903,2598.3213820117307,12.11417251262206,2602.958081326999
3607,2655.6595004616606,2660.162424513676,11.506982759670446,2665.2297923486135
3584,2791.6570073777534,2796.003739337152,11.409391840409222,2800.8138115254387
3555,2859.6139619627,2864.193500064408,10.786503306751067,2869.47156802611
3609,2861.583745536784,2866.130141021635,11.15991231633223,2871.293219941051
3631,2881.3176642474546,2885.515525779783,11.862154015146686,2891.4603605473617
3577,2927.889814237729,2932.0903614234535,14.35385725418828,2936.176670743998
3543,2930.0700951258927,2934.187671308109,13.650450232265868,2938.5218525483165
3598,2933.8689842536132,2938.2728999808423,11.777432044549824,2943.373139915638
3603,2951.1975565280636,2955.560578665506,11.481772348105803,2961.5033302497177
3620,3132.125284899823,3136.0547257793414,12.224097167983418,3140.697291911529
3590,3267.4966214337737,3272.274825901545,10.810164540841486,3278.007038584362
3563,3279.5172346738223,3283.218952392475,13.419421749973377,3287.523742379837
3593,3336.090946461408,3340.2957144384586,14.437907763984812,3344.7535917314117
3533,3540.5960702203574,3544.4499593042856,12.903211616205697,3549.0237894132956
3567,3545.4958146955955,3549.4762347557257,12.21890476034446,3554.1797026999225
3549,3609.655805509319,3614.026707901185,11.707383986553788,3619.136982436464
3423,3611.778716467489,3616.0180816357824,11.41073802732996,3621.0848073140614
5582,3675.399504169212,3679.620009094602,13.789469454218061,3683.76830255045
3610,3677.960839917446,3682.3193997539456,11.268366838957125,3687.42505557206
3424,3680.3104643690685,3685.1059845806944,10.53101073752515,3690.8711236251843
5610,3746.4501013783065,3750.4541186205074,13.623365625821172,3754.856235734355
5622,3948.26918754714,3952.5055090033443,13.344053767688521,3956.739797749194
5628,3950.290648769388,3954.512236463561,12.33682361342949,3959.0330562027434
5608,4015.7908588404716,4020.0480682375874,13.258598450333704,4024.6351461103236
5589,4018.348867080485,4022.35636309034,13.80091070176475,4027.1622855940814
5631,4154.237600547509,4158.379921722233,11.849073048159827,4163.212601323951
5612,4156.672260973692,4161.507117414013,10.770577167178592,4167.111254356372
5424,4158.561722346218,4163.488302238298,10.839453478801344,4169.128915396536
5535,4219.639851948325,4223.5534508080045,14.003539561096686,4227.592780204907
5571,4423.741668179877,4428.052741431045,11.375554769743049,4432.989199383862
5598,4491.778399300558,4496.4478251899345,11.305216749033326,4501.833479993619
5604,4495.908508538903,4500.000054132741,10.679123773252895,4505.691207413599
5566,4695.532275845149,4699.604497878796,12.84442055605477,4704.122325781025
5523,4703.766829788486,4707.42368861123,13.825267105697106,4711.738355847212
5602,4773.667664585616,4777.559432451381,12.297482675432907,4782.207694098671
5455,4886.894442217838,4891.013884603004,12.453227652724824,4902.030168746653
5609,4901.936482997316,4906.236784356476,13.439179525438963,4910.841694344048
5629,4980.34599691489,4986.049286791881,8.46042855687339,4993.517035362501
5588,4982.4285968752965,4988.114904686314,8.404365722178353,5035.277826245673
5560,5103.807309743733,5108.145968595918,11.941063358883328,5112.813128039661
5562,5108.834255473829,5112.512438953203,12.998939339748924,5116.8016124950655
5561,5171.573486864715,5176.486034656445,10.842744383061214,5182.229315541315
5595,5174.080654850681,5178.480123265172,9.651899222302879,5184.322042666518
5441,5227.734489673826,5232.426835592662,10.410577861739789,5237.82574644489
5567,5307.857522250256,5312.472020659701,10.627230240092878,5317.961936884784
7433,5703.974425174431,5708.435553981704,10.797130710619163,5714.0801360921405
7623,5715.562596123433,5720.127587797296,10.968595038063272,5725.400775580377
7550,5783.398732470625,5787.518773949017,12.779590677845338,5792.21468341582
7519,5851.63104126921,5856.3905749646,10.253734735282432,5861.810224693792
7621,5853.850367898509,5858.4122067110675,11.374168775690093,5863.644802823495
7601,5873.260138711108,5877.1739340939,12.423282312439907,5882.708541041622
7598,5919.752890740522,5924.030664288387,11.893780757115234,5928.946240101994
7429,5928.023686401815,5932.2584860894995,11.07600954823086,5937.251075648085
7573,5937.060008817164,5941.015805694649,12.927280848172161,5946.673080321106
7635,6123.559529836575,6128.076470608151,11.75706076779531,6133.081328118014
7595,6193.804719608873,6197.647181442675,14.435439971470103,6205.156952003336
7637,6259.765498317258,6264.279598068619,11.59292030069463,6269.271782988363
7616,6399.65192509894,6403.464990566588,12.189241176400058,6408.407819938649
7590,6482.461893658242,6486.218776023097,12.956179103048452,6491.641532432228
7592,6538.662586553986,6543.493133756491,10.476174791036986,6549.22020140277
7555,6610.313212817969,6614.348675200533,12.431879684197474,6619.0521418724475
7570,6671.4053290910415,6675.208978857793,12.28681134050379,6679.713894574108
7441,6704.148005780784,6708.140097671928,12.652615974619724,6734.915184152026
7585,6745.135688332197,6749.011340098274,12.78488328533833,6753.528260414091
7609,6755.673308301036,6760.105398348896,11.477005927384528,6765.953503953198
7611,6804.227986591935,6809.179114993476,9.675173344657718,6815.072866551319
7552,6808.425497678892,6813.148343481222,10.05673812441675,6819.030062247811
7576,6821.407954187634,6825.2354880323455,12.869476960453301,6830.726293252254
7594,6871.7775719512065,6876.3277015619915,12.13970862071767,6881.351747854563
7633,6873.9802092421205,6878.128107227824,11.171425186808914,6883.216140744267
7551,6876.3482090814905,6880.2833230576425,12.631396142050605,6885.1157987900115
7604,6942.76501123039,6947.267462311809,12.076983764069409,6952.272676237217
7579,6944.748026881404,6949.029333817057,12.564389061724198,6954.100420416806
7606,7007.82472192798,7012.239205692121,11.987282421189349,7016.96156566458
7614,7010.59484557515,7014.5200530870525,12.869221994391678,7018.985974150314
7553,7012.578078429936,7016.322951675439,13.060649936597892,7020.775833616486
7584,7022.326732380293,7026.32203764198,12.332566421352581,7031.213476656596
7532,7075.980515915595,7080.036134228763,13.910089708909766,7084.6210840726335
7587,7144.0222221703825,7148.395634270454,12.313753468292276,7153.22829065934
7527,7167.874076587244,7172.21572065097,10.602422396841032,7178.1477403501995
7622,7279.897962545713,7284.295327987228,11.72023360722557,7289.216889608044
7596,7281.816724291509,7286.140051718889,12.319940944883658,7290.962936510887
7420,7287.830913299947,7292.103260799324,11.075812311301696,7297.372033910004
