1882,49.9536376719388,55.085976959193005,11.075349027516557,62.41068060152526
1500,196.96685040140966,201.43021206214183,12.411275396873087,207.80298947522516
1354,289.5934370193086,293.391332552312,15.115956815397944,299.0269133685112
1509,376.6587689444845,381.0808531905961,12.682207865212513,387.54401401672624
2,458.2122516706495,463.23826357852715,11.762604458721722,470.49007073711516
1876,534.859957179356,538.4289267670028,15.940295806417934,543.6975146667418
1208,548.4694542546025,553.186252653512,12.562498653925973,560.0365723279577
1840,587.6995408671943,593.0644149990259,11.383803462715617,600.2028178973753
1343,653.5409431218444,658.2820827904633,12.565569076025294,664.9258663377803
1504,921.3612329600079,926.5360632651865,11.306438517920487,933.8894357517803
1353,923.2684187806901,928.4798940843202,10.687962830902816,935.7759279858506
1196,1178.0091223333022,1182.4505442786974,12.30038998176266,1188.921958214257
1355,1191.704563430382,1196.2990064684986,12.159931264082111,1202.9211021623503
1344,1380.5307095806509,1385.0194581798303,12.77896809368004,1391.3282146103636
1806,1492.4220888750997,1497.194009563769,13.211811357155657,1503.7095337040587
1193,1536.2829367951772,1541.4007122822227,11.20480898096133,1548.791440113788
1200,1626.324556781765,1631.4151314352614,11.130737604385992,1639.2083686497047
1206,1718.111959913797,1722.5755106265638,13.051960802063846,1728.8738082751042
431,1896.555737192918,1901.3101150671123,12.754560922947181,1907.9719123211269
429,1898.548058792071,1903.3223959750073,11.940430420023645,1910.0048979969933
3748,1900.4500489355312,1905.3338815835527,11.731789413099811,1912.4407781936654
3853,2061.193095275972,2066.4349751400055,10.514611615680188,2074.3745248134796
2010,2254.1121333187857,2258.4636761581696,12.832934662580586,2264.7369110526915
3511,2369.1778583278783,2373.40723803645,14.29178383865807,2379.512622160147
3510,2377.560129344473,2382.38654888302,12.511389164238562,2389.247668118362
3879,2387.785062547266,2393.098605680672,13.43722826378068,2399.2852921767208
3749,2750.730267499489,2755.6070584790305,14.172590146363664,2761.644061388798
3752,2974.7785988638198,2979.327289644257,14.561297449367645,2985.1415154351116
3881,3198.051208832481,3203.192894706387,11.777102733209786,3210.123679056098
3193,3334.139026598524,3339.1810338724563,11.870748639472003,3346.259407332026
3501,3348.9484287376126,3354.120903876358,11.429392817048168,3361.462764638269
3860,3382.819025466972,3388.319455191238,10.22142482687217,3396.3411081222803
3876,3407.87483310552,3412.598406753601,12.739288699457939,3419.1469229678773
2021,3428.364525132945,3433.065743302491,11.618534269752649,3439.887353677765
3202,3694.872391445914,3699.3122587367175,12.374204969735544,3705.699525269194
3355,3817.6309720925947,3821.6573294477266,14.772540658240088,3827.463153514344
5514,3891.5692658448543,3896.1104161191315,12.467217569424497,3902.5138575324954
5365,3895.03932719508,3899.1202497026698,14.482513934890289,3905.0262215044236
5354,3976.7944307175067,3981.3004788388903,12.276814191569583,3987.6825976859427
5862,4007.990460890458,4013.4200787324753,11.607429015998482,4020.1661012264026
5207,4058.5213896452055,4063.029250562736,12.763769635545941,4069.415998367183
4165,4148.79633012617,4153.017317252901,13.90607128615368,4159.030064279338
5885,4190.137059030141,4195.430656311781,10.898915500037582,4202.674121307288
5764,4278.126645269791,4283.412221002215,13.432032907854168,4289.879849203543
5360,4518.186676707247,4523.085120243336,11.850439412551083,4530.2710857820175
4172,4594.330960042181,4599.278882905687,11.819577467866296,4606.316533495927
5358,4609.794238814136,4614.559648474311,11.491195291755455,4621.503815174496
5870,4657.032565595187,4662.3948119161805,10.63534109980928,4670.086167957592
4181,4684.052540138472,4689.069048914544,12.117709448081172,4696.124767758831
5190,4774.6618009471595,4779.519273657076,12.839892846453875,4786.144860643336
5193,4776.568894235501,4781.273668063564,12.633752876124799,4787.870699408695
5347,4778.612992416834,4783.092222592611,13.51112546558796,4789.61016425672
5851,4910.493324037415,4915.401019639796,15.482486970634902,4921.021999796139
5876,5269.947860276285,5274.450577533993,13.014224766211926,5280.7574836566655
5867,5361.8755586725465,5366.025775025381,14.36374341973548,5371.6782931083235
5368,5418.3301954814715,5423.110930730373,11.538931694422311,5430.283033698168
7852,5452.839860622678,5457.144607652881,15.015294822593113,5462.848378042649
7845,5466.8879313495845,5470.485970445538,16.453718367025953,5475.694690956724
7749,5540.55746611756,5546.070173469819,10.672213031921403,5553.663092861691
5199,5674.422805803193,5679.5344078472,11.054562956315673,5686.814767873985
7360,5766.698282196119,5771.525552549761,11.944311568148219,5778.498441596678
7867,5814.334384227115,5818.588000865962,14.91774489710565,5824.4078725461
7189,6213.745292786006,6220.152592148352,9.770414967713256,6229.107420691583
7346,6229.0598751203415,6234.32126181997,10.658503989373866,6241.897047489056
7350,6338.503648956706,6342.422375539968,14.030941160697118,6348.241684113219
7881,6350.175775317566,6355.370775253654,11.258301576096422,6362.579010922879
7818,6358.445934265229,6363.513981100592,10.873916719624228,6370.749570569369
7202,6396.218904980247,6401.529669398186,11.223479690300454,6409.45910588541
7190,6484.253062196607,6489.185976055529,12.341819667801074,6495.810208350778
7357,6499.0973945067635,6504.250072276713,11.496108970334669,6511.653209763556
7847,6624.718030050486,6629.122789939352,13.367890456054557,6635.45395477224
6422,6668.55345944021,6673.3482852286625,11.630584192053666,6680.428139255903
7506,6696.727592878851,6700.315743318618,16.659793562991116,6705.429647731092
7188,6939.0300992152925,6944.058213737556,11.668792967113067,6951.214429403208
7209,7294.191071897696,7298.451360536866,15.153615551310985,7303.990905049624
6169,7296.115176626847,7302.251966709439,9.524699919657543,7311.0851245545755
6016,7474.089266319757,7479.032053706139,11.526247449617406,7485.932406218047
7352,7476.283273895204,7481.437518602278,11.615227563392924,7488.588146787726
6185,7564.7247718117815,7569.46923691227,12.506529638708495,7575.968439788782
