742,63.2156016946448,70.23222916324184,10.17425308530444,76.42090969714748
1028,185.8255092695789,192.26754282021685,11.092332420147239,228.40330655145226
775,283.41686477531175,288.3427636604812,15.60116604883354,320.7004112912336
743,341.96584645729513,347.2320612433473,14.323414950100872,351.7761851561592
1030,361.8579800632845,368.4492697147072,11.920477299169146,374.78326408789127
731,379.8090547926576,385.2578585417859,14.54976925692416,408.24453302908256
1843,482.69801673711675,488.33592659278384,13.128516984545705,505.69220072614195
737,527.5067676712123,534.0750500066576,11.987766663395409,540.7871320719395
1018,799.9675508740299,806.082474477587,12.712192326033614,812.7630894671398
697,1009.5425930487431,1015.091589832875,13.748800618638908,1020.9862501127935
1839,1025.987420309921,1032.1172978963511,12.108645784031664,1040.6016461424201
756,1052.8065083754764,1058.501155602017,13.009112353652004,1063.3471999561607
996,1162.5171561484085,1168.1672893519262,13.841810356194152,1174.8265555427954
751,1606.0212449218964,1613.0863418494032,9.856492411315816,1620.5277427181823
709,1648.2434598619311,1654.4959036132634,11.639305511992873,1668.280499073333
1009,1807.252562815124,1813.420533307976,12.909002817632192,1819.6597484460676
2737,1820.881866566774,1826.2080851776261,13.686997921345476,1853.0206106203448
3005,1899.091442941467,1905.10276001987,12.24338158361495,1938.5088415222235
2731,2042.1392219814575,2048.1466331926713,12.41454706702193,2053.4163746441077
2741,2084.6132665661153,2090.4946532040176,13.320616209113304,2120.550090639574
2693,2097.5668525297588,2104.5196760457993,10.55954777865733,2122.706731050444
2735,2131.535458110782,2138.275905148556,11.121818155860176,2144.407999031706
3846,2208.1294635078652,2215.308704149899,10.915309286474972,2221.301752347449
3032,2260.0336132736998,2266.054981711119,12.49864982004861,2298.1843617376103
3008,2538.528688737138,2543.6382880974693,15.221066264100672,2549.6254790452294
2755,2660.914163048275,2667.459521869618,12.057988873949387,2673.161700584404
3019,2802.71658373055,2808.4826105528723,12.865630371242784,2838.567875098066
2749,2806.8113841735853,2812.5445724961514,13.730221301571397,2843.2664506285582
2694,2827.065455667897,2832.520608487294,14.095758277508125,2845.233697171204
3000,2871.5259610881326,2877.0210338919264,14.3289860298011,2928.3089615518547
3013,2987.9257409590473,2995.4392131740215,10.032661651795369,3002.804040331171
2757,3016.5243927226716,3022.0346638038723,13.963994681540205,3026.7634871336422
2998,3154.8107966189714,3162.4104027815424,10.790080786739331,3198.083754525009
3033,3156.990090128533,3164.3270878468634,9.934149278198205,3200.580246939382
2716,3270.3311400439743,3276.5575274197186,11.612736401990592,3288.293282711748
3002,3332.9804060670817,3339.505054449598,12.236738273403871,3385.030947689577
3016,3335.092731776754,3341.2847226459035,13.383779370949568,3386.9289818916677
2763,3438.224820556901,3444.591083986592,12.265462948147691,3468.103729130451
3844,3515.6868457594815,3522.352106071773,11.260282943538414,3529.420739127192
3029,3517.8578946696043,3524.3087800994485,11.425856789003337,3558.184745058065
2999,3605.0496993439874,3611.1843921041295,13.420972980506512,3617.666582395995
3015,3607.3447376134363,3613.586470665324,12.211709604915388,3648.8853970034143
4714,3707.7545905637976,3714.1496359257358,11.23776360580628,3721.0246431471537
4710,3738.0121579840634,3745.5021241254576,10.30415505186944,3751.5921967399927
4713,3795.136121062358,3801.151023471287,12.237323543273517,3807.721246592601
5026,3860.885357648681,3867.2172816106104,12.107088336044017,3873.934117122583
5014,3871.58726977619,3877.1014775064323,13.891669083003592,3918.2147010838735
4735,3945.868961127194,3953.1797700244974,10.34661680592797,3960.6541759132638
4774,3948.1490811807794,3955.1437532870546,11.565005783123084,4008.2931110950576
4768,3998.028291928838,4004.024464340385,13.472685967235796,4010.7085251593116
4754,4009.617797302678,4015.5522240833075,12.386016840129997,4020.75706614282
4750,4034.392123263298,4040.5386171895884,12.553917441417376,4046.8312657805072
5028,4036.379627076285,4042.265628094414,13.21865155248711,4098.240781521349
5000,4051.8623868111968,4058.4686725317306,11.473860655664211,4100.61917365968
4697,4064.056628841944,4070.5245913923013,11.432114611956557,4102.782519883794
5860,4097.809946069111,4105.073042813348,10.496535610926122,4111.238654571674
4746,4113.6531620808055,4120.472709176323,11.352095576761908,4126.324102139829
4708,4605.886596563673,4612.183287070164,11.45253197899109,4638.6296861567525
5010,4776.376778922504,4782.36774065096,12.822234200747369,4788.70160387065
4706,5147.875029450998,5154.018793933086,12.718746816748594,5160.625081724728
4771,5378.147448707795,5383.20483886362,15.528934989074626,5387.590342339263
4711,5416.05102738578,5422.362234616884,12.004083186614269,5428.8143263543425
7005,5492.675994772832,5499.450578877389,11.847445382838004,5538.197062574388
6699,5505.55617211892,5512.069643119549,11.791662189500673,5540.954343023752
6996,5657.692013305869,5663.563840165715,12.458768812923836,5669.7020423705135
6743,5705.913686576168,5713.01773167932,10.512284462164851,5719.252442814848
7030,5761.779927804205,5767.273474173085,14.804298481572786,5773.302635564274
7009,5775.966923536799,5784.251865329741,9.220632277852252,5808.5836657901655
6758,5834.284016510118,5841.150838391998,11.794005324052687,5847.852284518395
6745,5923.397225711371,5930.337212116385,10.887149057196709,5937.605075203057
7014,5942.949732411701,5949.565787261857,13.756358273619567,5988.367495993978
6719,5957.845318521433,5964.16945332771,11.69462501050984,5992.857301928826
7037,6031.497649890204,6037.398603967956,12.993016334793836,6043.597461631641
7855,6065.52631104861,6071.193882843364,13.290597993847037,6078.394079331425
6756,6182.979259688695,6189.326328520813,11.981499523874609,6194.9171201418285
6720,6224.148698170138,6229.336986893796,14.873163277935186,6235.556040789866
7026,6284.247676162674,6290.0174110188445,12.051368673179143,6348.549594996506
7039,6289.06256005805,6294.347179171372,15.01661353107087,6351.044385703806
7010,6302.592258990097,6308.320057903467,13.154838681246796,6353.24290272841
7858,6437.877782197645,6445.082809876305,11.528209207571011,6451.144536860492
7015,6572.06805864626,6578.382388041376,12.850328650114566,6584.767131093321
7027,6574.1053158898585,6580.233197898727,12.687025969001624,6618.211007936644
7021,6829.999627826116,6835.397870995297,14.294620492912102,6841.598320864666
6747,6862.500502465867,6869.0831683799315,12.082853581820622,6891.221515908607
7029,7031.16033473763,7037.048507034397,13.567723957897869,7043.690062067599
6766,7127.351756889234,7132.312589430667,15.492232325404329,7137.902672482371
6997,7282.420451875878,7287.517709203877,14.86129751735087,7293.26742444928
