487,93.48428828013695,98.55313233016527,12.225789937302084,107.70755313746187
472,183.57829438850132,188.32133799667199,12.914742133654757,197.05107530327714
480,185.65696944874963,190.14830643250136,13.981330032895976,198.7683394285937
439,187.49213350103176,192.18400366639867,13.036728295292514,201.39017444328712
441,273.6252990573875,279.2997488651691,10.639883575245777,290.45570591046544
518,732.208090098821,738.1310571734685,10.14871742637941,749.7272334193873
409,814.3371064161057,819.5261713619909,13.94972869263333,827.4774321673274
442,1083.2776042218964,1088.1327479951692,13.115349483234105,1097.3142689092078
413,1173.9108527013059,1179.5502090231205,11.452145642873322,1189.9782558178708
501,1263.7532374383536,1268.5945165347503,13.092677351198994,1277.3999103593205
483,1353.4924534884142,1358.1455023970689,14.866213742807217,1366.0879800202479
440,1534.0550720998747,1539.3241768379432,12.552844373452627,1548.4595148351964
495,1623.4663561431335,1628.388705028242,13.385778685618886,1636.5859742801028
424,1806.3018568319171,1811.1128861098284,10.980983628831696,1820.9828569840222
437,1827.40839924382,1832.5734999487613,12.11385715617039,1843.9879707529644
2466,2076.363677538761,2081.3024316383817,12.41986048543941,2090.9231522415544
2473,2343.493149321584,2348.197193212073,13.58185325911696,2356.490494558408
2421,2433.8312575659234,2439.2499092217663,11.830626188873484,2449.349042454359
2506,3181.947039053467,3186.3227943318334,12.846643888315134,3196.3907612981143
2501,3186.0546999172166,3190.1244440967266,14.264271208926129,3243.4742226066837
4435,3985.5397155850537,3991.3192150607856,11.02402708069536,4003.947210821313
6511,5674.278265702056,5679.426227819155,13.265908754713738,5688.269125488025
6426,6213.9641385728455,6219.511150984278,10.337599908189542,6230.146676592721
6424,6403.657480705769,6409.248077187982,10.976531426032476,6420.557363619058
6436,6575.718755807151,6581.205819846472,10.943394416253495,6592.273610729622
6409,6755.644736113733,6761.262578214565,10.034228169764516,6772.158650096861
6495,6843.512233936484,6849.129688901162,10.272705315861103,6859.950278410246
6423,6964.109013154305,6968.378710839878,14.361651579437405,6977.82603371637
6507,7293.762798205982,7299.339755269288,11.116962728902738,7310.075179653877
