333,183.8034305485318,186.38117701044575,13.260080471956242,187.87144536025863
819,228.84036961302928,231.04690693974737,12.723845963381468,232.5584295158836
557,247.07494806764268,249.05714500831976,14.316611487048949,250.42350889538898
323,338.1699739601169,340.33572254474245,12.857001042185473,341.8712330893337
826,409.6246453934963,412.07106138943243,13.311988584585324,413.5391327461355
831,435.81188047830983,438.28474743152884,10.654892958968405,440.09962295901016
575,437.69693590217605,440.1863197131439,10.270380048532317,442.03428574955876
562,519.2703851123263,521.5005890730517,12.343939622368804,523.1320946801299
376,543.4637920524291,546.23934537502,9.507036011869644,548.2378097164378
402,633.7193631592792,636.170673351214,14.002086193558448,637.5645232922807
331,700.0161345480841,702.3086401352358,12.244559003106378,704.0129800072527
565,703.6582341047288,706.0758705900386,13.15668464145221,707.5846178133448
570,709.26598972903,711.5830704963706,12.285101722927054,713.1134522915642
846,711.1227477688544,713.3094678641039,13.136790829201606,714.7825826165864
313,723.5968386398348,726.1800052129307,11.60658301541592,727.8784003672835
829,767.7173443483476,770.3609679551405,10.466243226118467,772.2921888291208
359,797.6238816073667,800.12331258071,12.225351102954827,801.626726225741
368,814.0691392400677,816.4704394485485,13.957578393307303,817.8635973767254
386,816.3419056708035,818.595674387735,13.39500145365056,820.1098975936153
574,859.5798808225987,862.060275450237,13.46962535286858,863.5668156270644
585,885.4159213333506,888.0092672827161,11.389612425693867,889.7632589541447
556,975.0179313111405,977.191145065634,11.830783481728323,978.8513195955238
824,976.8194458823712,979.0720236213153,11.901580529281748,980.6515472308181
579,983.0054721810125,985.2175103090505,12.48840258066433,986.8629589488374
400,993.5766867998635,996.1700117978389,13.842407041857419,997.6105610216684
576,1038.8534910009764,1041.3743023910265,11.122274961860423,1043.1515091134115
346,1173.7997102024424,1176.4705675622886,11.708901351745794,1178.1271245748135
571,1247.6304983505381,1250.229959861576,10.445887974016426,1252.1619647569541
568,1251.4982464066527,1254.1397318179895,10.50902383135018,1255.9075173393867
603,1253.4236995015224,1256.0458445295235,11.183158079207184,1257.689716608673
306,1335.1813248558403,1337.4357390450557,11.72582840374133,1339.0972206576675
612,1432.344847990086,1434.588725092624,12.259987676753203,1436.232025124661
356,1443.3939373677392,1446.013560756533,10.99117763991657,1447.7809856981546
379,1445.9761599314627,1448.2618976523975,12.588437779669457,1449.8705498345514
839,1669.2288271061934,1671.5426468974417,12.687540020187953,1673.0284794488994
135,1715.9343444235178,1718.3924572572441,13.24421998796844,1719.9275032162448
347,1777.0644758433318,1779.0945806839898,14.02700024332801,1780.4986525610545
840,1781.7628864561102,1784.0540353217789,11.704792848982612,1785.7606626434285
845,1872.1977847158948,1874.5380575354372,11.007854385919284,1876.241161477338
577,1875.7718763529836,1878.1609995084968,12.365912394368326,1879.7476983011472
2377,1892.215861683461,1894.25495349544,12.772644014651076,1895.7818623348203
555,1962.2787322752745,1964.4027348364737,13.186855300887462,1965.9420584832312
2574,2053.774878570897,2056.126615162361,11.668948538958443,2057.833993629475
2567,2146.4641442225075,2149.272347065015,9.768932100341729,2151.208163906752
2553,2148.4553601256675,2151.2630939711185,10.94381895325736,2153.035787758311
2559,2234.997199029334,2237.392407760797,10.744508594933848,2239.183537265835
2568,2236.8624031301974,2239.2449575994237,11.511434677405255,2240.9775684403676
2348,2253.7242690960343,2256.287318437513,12.58760031831055,2257.8290944608607
2841,2299.2620333311897,2301.3156162190116,13.934628775252197,2302.762551806218
2851,2319.2207240651487,2321.2265819222903,13.41189117858236,2322.655610386962
2820,2389.565002285268,2392.0142243281566,11.818298008490554,2393.6585584750287
2582,2418.047042887253,2420.3336840220327,12.370913470711445,2421.9589216419386
2607,2422.045249880414,2424.5026438587015,10.585829049112215,2426.279342184392
2308,2498.3489671993084,2500.462276169046,11.824056718926787,2502.1548602176385
2312,2569.965923343933,2572.274583184816,14.33483991559612,2573.635971234956
2319,2684.402441010204,2686.5635077911047,13.03426547866971,2688.05989736374
2836,2686.153189545918,2688.2504888048416,12.85238804693965,2689.797017025655
2843,2859.1302985227094,2861.378955459978,11.61542954737618,2863.0464007768874
2360,2883.573019416615,2886.096413436561,11.006267929033992,2887.8009215688367
2573,2958.4566282370006,2961.1066573758917,10.493172381199066,2963.03061781198
2388,2973.4992471115174,2976.0799065377314,11.734867880575191,2977.760121058612
2561,3133.9103118894072,3136.2811473575553,11.095763824285594,3138.0035490296314
2382,3243.770581125009,3246.557534716524,11.84628403921719,3248.154274311107
2551,3410.7683862243443,3413.4900801960493,10.135761252617103,3415.4212637895653
2606,3495.6187048007228,3498.181557475642,10.903395488885113,3499.9840810016567
2578,3498.2825154426896,3501.0146968449185,10.43457078352983,3502.899144735315
2566,3561.8416809014457,3564.1717920371902,12.17603049203829,3565.86626663737
2304,3603.7104860069603,3606.264557941863,12.984274906949508,3607.737459466365
2571,3672.667032018199,3675.014965497671,11.00374124276517,3676.804733232535
2150,3695.7853658918784,3698.0379408707336,12.281254049061157,3699.6353217145697
4142,3701.639179737103,3703.4332832197624,15.485276238679269,3704.745999126319
2825,3738.878080043594,3741.1631159787603,13.650894394985059,3742.623098782345
4558,3941.4796648940505,3943.601928996176,12.748875158634823,3945.08660638351
4369,3964.077306340135,3966.4890407645307,13.356742505145734,3967.8817143688575
4367,4011.6560236761375,4014.387822178731,9.765189053464455,4016.4855682622415
4586,4037.5394785322374,4040.3927339099487,9.323445739154405,4042.419645937249
4575,4039.511683705922,4042.406974487243,10.22414614590248,4044.274117372484
4577,4041.543891484249,4044.292053189382,9.698313667031288,4046.067695819511
4408,4053.445366939864,4056.407312457028,9.206003897327767,4058.4862982104155
4833,4209.957914179973,4212.064550682614,13.035904056152399,4213.590965795858
4331,4233.64046117929,4236.224003860308,12.305362740433079,4237.804179783359
4581,4307.242613033377,4309.456883686855,11.744658125018402,4311.044290862009
4567,4403.303517896511,4406.427177408356,8.87286671065884,4408.595354393328
4574,4459.1733000359945,4461.355704909723,14.380470673775806,4462.719728986632
4847,4480.122936080512,4482.233532697627,12.533420599830674,4483.780480182057
4555,4576.450132836743,4579.040824389959,10.332417940959619,4580.909279752721
4134,4593.704858879826,4596.153633089541,12.588377734390223,4597.709407464231
4334,4659.201095544769,4661.470502338116,11.992441864019481,4663.1389079658
4370,4749.086610738658,4751.250868997405,12.020256647199348,4752.830427980128
4838,4759.847919663022,4762.109007246269,12.080463419163673,4763.768982453555
4860,4819.26891810389,4822.065050430673,9.366592235625493,4824.040721413134
4843,4821.777152627456,4824.290160217258,10.928214622274457,4826.069918595739
4322,4839.324172907901,4841.5579049891785,11.627538216736076,4843.233791720042
4840,4907.848362897531,4910.5007481598905,10.313111499246046,4912.362688576433
4336,4929.857369630526,4932.036251400812,13.14466704488071,4933.492041315629
4588,4932.126747237174,4934.315392589197,13.2881124173131,4935.827801022751
4556,4934.902826849482,4937.248403115637,12.465935582472271,4938.888585650855
4380,5047.85372340289,5050.392807356686,10.868393773648132,5052.180062406981
4565,5111.856722495277,5114.254010555548,11.229223149790387,5115.977937509198
4874,5472.10603046451,5474.537049992794,11.4584564210667,5476.269454841698
4309,5473.970109001505,5476.380306107183,11.429699747022296,5478.074382441548
4571,5477.8663929312215,5480.4167037356065,9.949831046954769,5482.268566141878
4583,5567.234265093147,5569.266614628049,13.248205237109689,5570.762735809329
6375,5588.004973522147,5590.451434600923,11.066716343187153,5592.205849897023
6311,5648.209519478609,5650.284569881467,12.678808701375665,5651.799536167343
6316,5660.0556745015765,5662.389161686739,10.902159166895826,5664.046648558014
6558,5742.945712157819,5745.159064264633,12.470651432285782,5746.766005847238
6608,5841.690902301077,5844.2123869382185,11.18742954026898,5845.966229921773
6306,5943.581215406656,5946.102012395979,12.81291646555889,5947.651320281945
6397,5945.80548330933,5948.084077552518,12.846976358549641,5949.601152707156
6312,5988.9862637152655,5991.331235070043,13.498646542718976,5992.748390243598
6362,6123.552195346871,6126.083128066101,13.791557770852625,6127.5329839947035
6872,6169.552812728895,6172.013797969254,12.675401204339249,6173.5493953246605
6401,6213.6205477510475,6216.13929573489,13.484435870256743,6217.586643681892
6573,6283.0925318334785,6285.456895915986,11.082758888122337,6287.208996660495
6840,6349.7642369999,6352.383177480151,11.387262042757394,6354.206783323659
6849,6352.29854639529,6354.495998843882,12.22785272386791,6356.137941865743
6581,6367.639078920907,6369.495776727092,14.936581281212472,6370.800128805023
6357,6396.077159430743,6398.435089758257,11.909846889646406,6400.09847902498
6585,6458.81422516286,6461.1300050153395,12.156151885743068,6462.721763944245
6337,6484.000930733714,6486.390154110001,14.48897003033904,6487.650558216362
6307,6548.832152198672,6551.05131779305,11.887242055414909,6552.688744669432
6569,6645.8988409149515,6648.452583595668,10.973131504567796,6650.298034704174
6579,6731.826083491839,6734.041866401427,12.248426067043685,6735.636226306554
6365,6843.49639448142,6846.0647762557555,12.869165593704444,6847.574189335875
6330,6914.525558525213,6917.142233171674,10.077458354137416,6919.003443521981
6568,6916.493629498513,6919.082790190333,10.326786723380387,6920.916232110438
6614,6922.8605132015855,6925.520477197254,10.744442091164718,6927.441728426138
6388,6933.5156247229625,6936.059288982801,11.399469404704488,6937.780348765045
6398,7027.910289142121,7030.1569314231065,12.687885653990321,7031.74420940026
6324,7100.881276305323,7103.439773965617,9.88100106785115,7105.258407670212
6602,7102.766332290005,7105.366189531671,11.097294668737534,7107.047517635594
6582,7104.746240431312,7107.26662912724,12.073504541897293,7108.89997067393
6584,7179.107760699488,7181.285919998384,11.638306559120167,7182.905091171147
6618,7184.8452683033465,7187.299857438775,11.425686338786726,7189.016745113032
6839,7248.806923339983,7251.213440253688,11.070392452320643,7252.9051775361
6575,7274.46236450809,7277.11405536044,10.13022662070678,7279.082383226233
6322,7278.297111504245,7281.021589813296,10.61134061568161,7282.804357628311
6367,7298.24149090684,7300.52505785384,11.270428107807088,7302.22864875218
6825,7339.198802557437,7341.5288700265355,12.338689726712248,7343.09617039016
6318,7356.119347630064,7358.001711230915,15.041568999878677,7359.314094946535
