1445,93.670272715462,102.42173234612234,10.365416359241358,117.35580117442451
1280,195.55493529427656,203.1713737134055,11.793249007515511,216.19836628663296
1406,333.7718612334171,341.07075520357796,12.893616140379669,363.5656958884125
1389,435.233736115381,442.0553572104482,13.80168434602541,454.05221817727147
1368,440.34959959686097,447.12382139357607,13.892845320132432,461.04417435718256
1191,647.5650123730661,656.4325890236087,10.580914722953807,672.4595264172241
1279,734.9924551784889,743.4208066388771,11.24292204190296,757.4323170801915
1204,827.0219932860327,835.3508009774094,10.853355430885896,850.4910632899623
1398,1238.218164217077,1246.1118622251493,10.84982609349623,1260.2563496807204
1384,1265.2901987270698,1274.028496327018,10.10799973201198,1288.976968423622
1282,1275.378420090154,1284.426595733724,9.712390843505322,1300.7361303576677
1451,1499.2632277276207,1505.3289667355991,15.148635988377047,1533.6244342711846
1391,1599.8539303199882,1606.4487538123105,14.044935169163894,1619.1819311565573
1438,1681.1057624655343,1688.3678171035644,12.33151059701188,1702.2989763774244
3404,1948.4363953121758,1955.1179161471773,12.733397539809802,1967.7451728253689
3430,2236.066279497286,2242.1651453208965,15.539352784661217,2253.726745256486
3190,2532.4178964380585,2538.3652508973637,14.407678919966308,2548.641054753656
3396,3040.258816892405,3048.105204895527,10.97685875336817,3062.1337500150444
3193,3342.8404236623983,3349.563728337145,13.212771704689873,3360.9822993323223
3437,3414.00875336759,3422.500362428665,10.273586307288564,3436.84567172395
3365,3426.0583555698786,3433.585621613535,12.989498817543362,3445.6182221480412
5415,3760.3124391980723,3768.2168607688773,11.697148116890446,3783.0816819605416
5400,3867.1994239943638,3875.4745186664613,10.5303732362858,3889.842304538203
5405,3930.886341668471,3938.171329514717,12.312183066584632,3952.2324995943636
5447,3964.2624019842083,3971.294653085026,13.611995784108771,3982.626330351581
5398,4203.785803688525,4211.471213161558,11.755963202403816,4225.706729498994
5199,4332.857324343626,4339.139047310909,13.648754081706228,4350.006094581034
5416,4378.371731243827,4384.550382438448,14.879568627834209,4396.322513569784
5342,4413.798925762294,4421.191781127469,12.35439710119187,4433.45574138389
5355,4459.150092857849,4466.0471195505115,14.325918418914792,4478.608397411097
5365,4593.160840769937,4601.10679584767,11.881057469246695,4613.422470998258
5190,4783.001646321395,4789.368397646263,14.48242067802648,4800.535759393599
5408,4920.48037804022,4929.405860233401,10.71732647346073,4946.1660199229955
5435,4930.007267773414,4936.55524128265,13.524531261220664,4953.558589908799
5432,5013.8760760549785,5021.4196236295475,11.840179013776673,5035.799073869342
5189,5234.192586722353,5241.518171427211,12.724263607721507,5253.895046030429
5409,5300.750881981501,5308.233905390408,11.46190126982568,5321.131363507492
5202,5415.325696920595,5424.080279762884,10.547990954275791,5440.149650995185
5290,5503.690964979021,5511.232577899782,11.501579025690644,5524.292844678452
7419,5829.757487991602,5839.361826433146,9.562503568734794,5855.637635482325
7449,5854.078979351108,5861.554613899252,12.953448085247793,5873.70866082086
7188,6132.936370449188,6139.50480871682,14.076329630184867,6150.694425901777
7443,6361.439361105521,6368.324923940845,13.4387693022682,6381.53598087169
7399,6448.298152963285,6454.569015858279,14.338450040621506,6467.195719310442
7436,6452.063972853785,6460.194983897389,11.369083798755875,6483.290595121004
7386,6632.357398083231,6639.416438655026,12.878175222455791,6663.27827648199
7411,6641.083772383637,6647.066009960655,15.452547076197112,6666.041488526386
7446,6667.044918605125,6675.304606585918,11.312458887066454,6689.149031935511
7187,6673.276165919834,6680.19831255033,13.496612935111687,6692.180262096407
7426,6721.871875236714,6728.488894164305,13.750744701182136,6741.315664060712
7343,6753.702856300856,6760.586547874635,14.38464707936719,6771.5516695647475
7350,6827.992008010171,6835.561760749195,11.924908162374617,6848.48659541226
7388,6989.124901210622,6996.381687424613,12.493947101103087,7010.085727630558
7441,7083.06626168277,7090.266713056346,12.916290241344967,7103.796078844501
