1811,23.0,27.307047283344563,14.799970315231285,51.13696264887577
1902,42.0,47.00270058957491,12.425858782497283,53.71398790930881
1763,55.0,60.13093529640635,11.882065141609539,66.49267091699866
1885,66.0,71.31412401200083,11.74164429021909,78.04243050251539
1958,73.0,78.05601221475797,12.388497094123096,84.45628681477565
1800,390.0,395.23246904456585,11.500372074286226,402.8120380964075
1768,476.0,481.2151112223436,12.09279265417195,501.0408960002445
1987,523.0,528.2770875095034,12.074425867089717,534.9044775541564
1861,752.0,757.2944098028029,12.447322506789208,770.9224302396652
1968,782.0,788.058031396103,10.043924459167236,796.0245299885545
1909,920.0,925.224683385578,12.35216434825905,932.7644742451765
1973,923.0,928.3617261727316,10.940636306014191,948.5585515830305
1826,1027.0,1031.5454215042857,14.635800347777941,1040.4845922504633
1819,1043.0,1048.3392714785114,11.089716363649103,1055.1892811980003
1853,1052.0,1056.5427458163613,14.018537726593255,1062.1860594767975
1904,1173.0,1178.0639506180785,12.608668551300283,1185.693833981003
1948,1214.0,1219.1358700716098,12.083055597910652,1225.6897808788526
1829,1296.0,1301.054186208649,12.606431951843966,1307.3303941028264
1998,1314.0,1319.1354570720432,12.260435295032657,1325.6253742670615
1760,1527.0,1532.4256325220329,11.989579513448376,1539.8943342918553
1824,1588.0,1593.3348731508534,11.425413138573433,1600.0972726183963
1854,1607.0,1612.333241091883,11.177020233212724,1620.3125197401962
1959,1664.0,1668.5655986065751,14.139232857070489,1673.9705081856787
1755,1666.0,1671.0047644388433,12.625230701708201,1677.297592600995
1943,1731.0,1737.4829367104405,10.664213918681599,1758.3600472417922
1925,1735.0,1740.0862268492842,12.599677378311432,1760.7350392204914
1781,1773.0,1778.3523057089617,12.031117138453839,1785.1445322353613
1751,1782.2498340037823,1786.0936263139702,13.669077628868065,1791.8472896405465
3847,1916.0,1921.2424716521496,11.628379957998312,1928.8719737902077
3760,2014.0,2019.3408609747416,12.02467917909294,2026.0682334619878
3975,2028.0,2032.0249506083353,16.116139075060637,2036.77749874079
3753,2056.0,2061.2939012689903,12.297079090701104,2067.334010480707
3755,2088.3717057239282,2093.174653268988,11.203033528902425,2101.2505726090217
3884,2162.0,2167.05271130485,12.42356137151845,2174.735126596217
3956,2175.0,2180.4664166066427,10.299036300084566,2208.239353945989
3888,2194.0,2199.4661323657306,10.856163926773768,2210.7500082516035
3874,2241.0,2245.6053828890867,14.268480728522743,2252.1941594722266
3962,2273.0,2278.396284327278,11.954186747968789,2298.610673253661
3764,2375.0,2379.2914655917525,15.728903176455976,2385.2032713205913
3980,2479.0,2483.434569233478,15.137274716151515,2488.6870954030837
3797,2501.0,2505.5757362309023,14.325068352763157,2511.0864790878327
3833,2661.0,2665.486711278137,14.085496604788515,2670.9133526946102
3863,2687.0,2692.4241219608784,12.250019417601804,2700.66511977991
3864,2729.0,2734.173341062394,11.430572262448258,2750.9439369833553
3918,2733.0,2738.1903563912647,12.46331719478282,2753.1299771329564
3906,2995.0,3000.16088386975,11.320533217498575,3007.6831477164133
3926,3047.0,3052.152854374133,12.016215522541145,3060.0853356220273
3965,3349.0,3355.423227249919,10.020315995687552,3378.489231892177
3769,3561.0,3565.6230630678274,14.29735275147004,3571.2858252613914
3957,3572.0,3577.0521496660845,12.798872399893625,3583.4322034486236
5959,3796.0,3801.0220880977035,12.891080472556082,3808.7332843976396
5902,3866.0,3872.2220722060215,10.062529619108144,3881.23361773102
5866,4499.0,4504.007996183111,12.718548160953773,4510.939765708135
5837,4566.0,4571.048996875955,12.40844520421561,4577.442211959913
5921,4835.0,4840.420449040422,11.403511937588338,4847.682325402236
5987,4836.0,4842.183378026589,10.657681922079753,4849.539670990222
5856,4839.0,4844.298707029817,11.008499812352992,4851.383800296822
5841,4849.0,4853.608626829665,13.419940472780832,4860.728823348823
5875,4854.0,4859.24151196049,11.537778446213787,4908.63580493344
5938,5024.0,5029.2775008691015,11.154531111023326,5035.894482871616
5968,5296.0,5301.400410645559,11.109341340163938,5309.726825007323
5763,5344.0,5348.505419645213,14.201553761292606,5358.514174892072
5922,5345.0,5350.255125616549,12.25629644626501,5360.887625137155
7841,5437.0,5441.419799955739,14.56383152814612,5448.454822371826
7894,5553.0,5558.279525237104,11.2373595282606,5564.942103942832
7837,5567.0,5571.35778033718,15.416863312996535,5576.513568836718
7906,5591.0,5596.361313616581,11.50433680553272,5603.904222287489
7900,5598.0,5603.367758886597,11.810435024694758,5628.267946796915
7854,5616.0,5621.300081837528,11.742655789504886,5630.591738849471
7959,5696.0,5701.510918826108,10.695621678013005,5720.663437802876
7913,5771.0,5776.365701419817,11.043574938019418,5784.216086758866
7883,6167.0,6172.199224337528,12.23367480468814,6178.5578524133925
7928,6251.0,6256.032274309012,11.902289752329894,6262.3318478453875
7833,6431.0,6435.370525519946,14.299729204107603,6440.711091516679
7790,6488.0,6494.109789160301,11.511434514245298,6528.614530949632
7834,6654.0,6658.574510447163,13.8408862895386,6665.563654430906
7949,6658.0,6662.639191111229,14.176596205876507,6708.473062345521
7767,7013.0,7018.113825200915,12.376027887374365,7025.855734445829
7858,7151.0,7156.146776715322,11.578589270587944,7162.718919594061
