746,253.8741123478458,254.54702092972752,12.467413782873441,255.19133961049462
1571,579.9239085417573,580.5564361599834,13.279809292403806,581.1740878734171
3807,2478.2217015738156,2479.053527118875,11.38012840660457,2479.775422261496
3413,2640.286454059108,2641.0628719090846,12.161906945988186,2641.738362969459
3582,2922.8266391035118,2923.456885790692,13.561439388292703,2924.0937874163537
2461,3585.7281046395974,3586.348964053428,13.470366589830551,3586.958840508114
3835,3742.2874988578214,3743.0414815489935,13.270560757147138,3743.6605404998145
4735,4578.342127562209,4579.20060552349,11.537011098486404,4579.912684184852
4069,4809.839164862108,4810.497557050068,12.934370449747398,4811.112683636836
5578,4904.8571006598495,4905.549652581645,12.137300549485298,4906.2221328641535
5409,5535.299459312546,5536.080309664314,12.391981505991035,5536.743259283401
7011,5964.557450015915,5965.400849296706,10.837055621383096,5966.141192305993
6454,7138.638889175324,7139.309529295563,12.362019297854218,7139.974085726126
7552,7154.418162729914,7155.229506802278,11.817063616919507,7155.924709915796
6069,7265.810791147524,7266.524435397556,11.428245745747935,7267.24787123665
7242,7504.471484036207,7505.285829543381,11.012971692816564,7506.032193074743
