1524,721.9216353590036,722.3773953966328,10.978117841269526,724.6116696760197
1383,723.9016081368737,724.2946199934539,12.536576098951068,726.4820023214633
1368,1447.0435974820932,1447.489437012818,10.979837228718216,1450.0541324548224
1511,1600.814845637553,1601.2380252349546,11.821658962458297,1604.8316907896499
1525,1861.2548672863031,1861.5910243459332,14.562375940798827,1864.8032695830477
1389,1892.546888981301,1893.148696035297,9.921699201483785,1895.6271614310729
1211,1895.6784702019638,1896.0849985375917,12.015948631681665,1898.4380914888525
3381,2483.681775131168,2484.1584692423476,9.067729330991096,2529.175661493714
3535,2652.9367401746854,2653.2898253397566,13.908244083603602,2656.9349402444873
3548,2655.6798802738576,2656.0733058184155,11.462553303571871,2703.56348901899
3520,2831.8560992627717,2832.2165582376538,13.557273015759753,2835.618355485622
3372,3270.736049901873,3271.1864363538944,10.760383546056538,3273.719720619896
3552,3290.010590778448,3290.444815629464,11.273526759330093,3293.815467169097
5529,4002.623751865751,4003.004820045838,13.143987284938904,4006.888512448887
5543,4687.010617075019,4687.458453136978,10.930887200255961,4689.867761910977
7372,6173.806579578285,6174.210377312949,12.539954551741445,6177.547041969629
7382,6178.646133506866,6179.082335559574,8.18078459094789,6218.112600839317
7378,6701.7468095357135,6702.123504857557,12.984911790207407,6706.137907350337
7513,7065.743649270818,7066.155454373628,12.228460477951911,7069.842978511304
7530,7246.736835319388,7247.098123016493,12.992478366826845,7251.029241461008
