1561,182.1484209122594,187.25437050183814,13.51190364992743,190.91267805987383
1971,228.2978754411911,234.28704821320093,13.774174028916894,238.88824530789483
1563,273.6256682701115,278.47312506603964,16.73575107333202,281.3998208864963
1560,285.17355157249943,290.5255763877098,14.000487330231365,294.14060288562814
1683,497.875637126914,504.04923533256357,12.499473234203887,509.0765189186946
1555,548.32852591228,554.2223847889484,11.1840656839082,558.4444361151487
1580,550.2150079319448,556.1213388799367,11.744591552408963,560.2354515088326
1703,633.7742773590519,639.2017363756581,14.079458746384963,642.7890695745123
1547,638.3290634940157,644.3923085494666,11.710913518970614,648.621128021664
1538,760.3064496167483,765.2141598038753,13.468107440511695,769.932010576659
1601,919.3314126985143,924.3892980095491,13.055026529444069,928.0636802090781
1715,950.7752377730571,957.3416536424901,10.453809850629584,995.1030918642672
1732,974.9885016342033,980.1883980991511,13.131335889885493,1000.177132917785
1648,1207.9386172979937,1215.3096269249922,9.123327192285288,1221.4405059213377
1526,1209.9620214478005,1217.3197939683857,9.661541877891837,1263.3966141426818
1535,1293.8178522956496,1299.0544207030905,12.670894959221894,1303.9600363989396
1968,1398.183341507583,1404.1383178938577,13.999883846529878,1443.1728233518272
1590,1443.673738470968,1450.2900475261592,10.429502052083695,1455.3073513248785
1992,1490.33711621944,1496.039424567195,12.627080097061427,1500.7912877581844
1735,1578.1200106501328,1584.4439901587552,12.242242094491695,1589.8252686487215
1543,1749.8259916085183,1755.0352891523764,12.801570063585588,1759.9468067650705
1717,1757.7442491651693,1763.5846629465047,12.623146877829674,1803.8584342286604
1711,1760.29570144107,1766.2837189476993,11.681560808594403,1806.338089346533
1726,1805.8382373782215,1812.0937985805401,10.420366163150558,1816.692805899545
3682,1899.1137064639036,1904.5613294998564,14.342479717636612,1908.0850244687545
3546,1917.6187252091656,1921.683421946564,16.863603039567028,1924.7078403041858
3519,2006.2002775477195,2012.5080063837854,10.544148142760942,2017.1741410329591
3678,2049.7558298653935,2054.22452678261,14.949405896385292,2058.822216747859
3580,2079.8818025928053,2085.2677538184607,12.51125918406144,2089.1422447746872
3703,2107.4110657358465,2112.343091171814,13.452303742245515,2116.8678027875926
3661,2253.7872715973067,2259.378285044663,13.701154882269014,2263.0407451616597
3686,2255.8560830893307,2261.2864662380816,12.480874306078233,2265.107984522236
3718,2415.2848662836486,2420.4572294996838,13.14306022771117,2435.1995089920565
3643,2531.4952008612186,2537.0316765499833,12.922539400651825,2540.895929141815
3730,2792.517781123213,2797.6191214643586,13.988340661270856,2801.1419641931075
3700,2894.1620616334108,2898.5391690569463,15.205952156905798,2901.8093545378556
3717,2934.2089897181927,2939.5538836589517,12.704730690155472,2945.144396656015
3983,3017.993143585132,3023.6051941885016,13.799738632294527,3063.537971036109
3973,3020.057160189828,3025.570420468181,13.200119432720761,3066.353076606804
3680,3155.7684942163496,3161.1691783158103,13.091522039017185,3164.866399238866
3606,3157.988880959237,3163.227480580372,13.383137955512813,3167.0161158814744
3722,3219.6050379778344,3224.169073503609,14.267629814146904,3228.898755773176
3528,3244.084848948227,3249.347283149748,14.113163558704798,3252.909893893362
3646,3339.2735701848937,3346.329225808436,9.047855054227972,3351.57556163409
3954,3386.972121592616,3391.5034730420284,15.496483930453683,3423.2874434351424
3963,3467.8268942680916,3473.5480154863544,14.161019516823023,3478.709010532626
5531,3640.1582117900875,3645.0541274385464,13.619913567386048,3649.753074942142
5721,4190.332655045524,4196.152604278705,12.155690691497554,4235.700496116105
5649,4269.04913332119,4274.171098514012,12.608298295241406,4279.593689049608
5735,4306.169199347595,4311.528745501812,12.27192554721646,4326.717099589684
5644,4323.931643568425,4329.349414105383,13.584479391668498,4332.934094000394
5596,4327.7007372506005,4333.171660348743,12.584771572470117,4337.149579179323
5664,4503.749552479569,4510.093275351214,11.532790558938617,4514.452481476897
5737,4567.290957557456,4571.513886245849,15.373444161048003,4594.648609947488
5714,4672.245230687479,4678.115465460112,11.381845890934466,4683.648533258729
5729,4750.030486577048,4755.151160127655,11.618594831753638,4780.814034131891
5540,4773.9142075740365,4779.351841223855,13.784458600142363,4783.2457683869125
5704,4862.5115994680145,4870.27953695972,8.149871368091242,4876.14705922054
5741,4938.9850331161615,4944.554882684515,11.602843139532823,4949.786629563694
5645,5137.194430483717,5143.4113860088555,11.985241560221054,5147.683003735765
5584,5229.9095043622765,5235.590582321939,12.2216151901759,5239.863174709668
5720,5357.891927616064,5363.424335893933,12.796852567769168,5367.991254018173
7532,5512.931047302028,5519.120669764707,10.669659870070998,5523.801078895957
7576,5516.9097117179745,5522.158055174444,12.738247798318456,5525.971309815182
7546,5587.312490060613,5593.054444867661,14.234191886011562,5596.484293128608
7525,5678.742508074639,5684.1085193686695,13.97291839414375,5687.690889550396
7727,5829.3372384531285,5834.218095790631,13.782541880482793,5853.184035622627
7539,6042.743093595506,6047.433715986193,14.45646113527276,6050.895821364271
7537,6138.433696459645,6143.547630004273,13.518810242533045,6147.232059707473
7701,6312.402133012516,6317.400749640126,13.29776037539415,6321.051065492216
7515,6422.748585981986,6428.443692115391,11.728143111718595,6433.738887234081
7712,6464.760742909636,6470.107704189989,13.01787908476877,6483.272136721473
7959,6620.154534784639,6626.086171136955,11.647002759844879,6663.509265183254
7714,6741.823176173218,6746.437316966895,14.431681268344262,6753.013252588451
7684,6753.925739674857,6759.375508524813,12.74269748819576,6763.095400641178
7689,6881.270127922971,6887.143868433539,11.41218939894065,6892.5740232591415
7710,6915.034620267759,6919.636627373866,14.98930470014545,6938.308806892302
