81,30.537975130056623,33.48148520010124,11.878050759791375,39.727075300006746
144,119.3762018517734,122.43207938303836,11.471955133419115,128.66521326528525
47,248.24142807570612,251.3415301998029,11.89078922215099,258.80391506170815
97,357.8991104481695,360.57378049788133,14.434098446393095,365.96155699997
125,365.5282119235407,368.18414494516935,13.964291885711924,373.4259368571862
24,455.38474074893526,458.39209930196023,12.993600687120686,464.50548237515835
151,598.1676960806444,601.3701398350797,11.0257252390188,636.2001307585499
127,599.9212811508716,603.2717635690175,10.609348069576322,638.3505974163522
35,613.0216032867264,615.6274784243285,14.49977355344057,642.5139197806631
26,687.3067584154865,690.3544433116674,12.500707111982223,723.1621996971943
112,778.4648043888308,781.1636569505692,12.775466687139089,813.1155615085768
42,957.7623402429232,960.5756428171444,13.349550086684822,967.7686886107621
3,995.4909211626747,999.1018072611646,10.507050308679407,1006.033234218283
33,1046.8263808239053,1049.3923789742337,14.36684248140745,1055.928358307297
102,1291.5469222240035,1294.421453841815,13.211423732764555,1300.2271983096975
109,1319.2986486363452,1322.3593572761517,12.249818280993669,1358.1386548752407
18,1407.3781119093987,1410.1902983479747,13.165093631474328,1443.3196784390327
122,1421.904508303634,1425.202575252926,10.61982693335144,1445.8301933680893
128,1553.01378262759,1556.3044410606574,11.065985285224814,1562.680993804455
108,1588.2204777413679,1591.482554833312,11.711178688473638,1599.2920618014214
126,1670.9015920257098,1673.60142234657,15.419276302723402,1679.8177079536558
124,1774.7243824667096,1777.4703236378073,13.566103121587663,1806.1583761847758
129,1940.1448072221244,1943.0656244721022,13.705064706678002,1949.9814521520996
2151,2155.89189232843,2158.6035962190804,13.326168928413205,2164.5762706272535
2374,2212.269413014129,2215.4449366734475,10.99974141643855,2253.332328611405
2341,2214.192659392486,2217.3816440599007,12.285217499598149,2256.0056027149703
2026,2231.2168378591523,2235.1517080497056,9.987834938756192,2260.0010673697857
2359,2300.3392829031304,2303.256692210679,12.370928962938638,2310.309775846039
2008,2398.7983307701315,2402.391017079169,10.380194065101927,2433.1657306330317
2039,2495.7511410345546,2499.0568259697925,11.360245821916159,2506.7608422419025
2018,2594.525403375057,2597.1622920540217,13.516452074977586,2616.094564571676
2160,2675.830400891334,2679.4599348520796,10.480337680720671,2687.5460922199436
2316,2752.513842442205,2756.309695875544,9.67172880571601,2764.6275685932255
2109,2760.02611973862,2763.238356589605,11.350210289200385,2798.7082541117124
2155,2885.5225360928966,2888.246932621166,14.262987681718792,2893.419053518254
2090,2937.5897996052518,2940.4691316962285,13.139226303937939,2973.6918694952933
2098,2941.5451315865957,2945.1448381567966,9.570613242049617,2976.083064894559
2049,3033.750039274854,3036.5256950987805,13.512388124161692,3065.951799041701
2312,3110.419727781478,3113.564757178847,11.665736189457546,3120.891914845357
2336,3203.1298185487944,3206.271416345432,10.916123237385959,3213.86729280607
2019,3290.6551398835663,3294.179479777487,10.623627546220783,3302.2110116494446
2339,3292.508068479099,3296.092457849631,9.678137183234906,3333.076795154199
2078,3388.2104148453072,3391.4391926854814,11.000450643104953,3399.1881222555216
2014,3480.939572459526,3484.3644842713347,10.679776695925217,3515.9536628897836
2040,3570.5120166085953,3574.068978474055,11.248052384647695,3603.2859063952556
4150,3682.5127284185696,3685.397034750539,12.466531498964642,3691.1396677671923
4060,3857.2066814576415,3860.2405521292367,11.91032979884599,3882.104433987226
4347,3922.346674852681,3925.405734038188,12.119580486632655,3932.8362449106235
4119,3968.560574281228,3971.4805269568956,13.463667601254704,3976.9935564388625
4022,4108.783189758146,4111.590792834068,12.719311870486363,4145.916165761788
4311,4280.612395767275,4284.010723046935,10.36744934172173,4291.865120037574
4085,4286.59912066402,4289.0197199196255,15.441694292312803,4323.171330431886
4072,4467.386072740721,4470.18800164332,12.44261743891522,4506.019500817909
4088,4559.885591135572,4563.019279124881,11.246249361728939,4596.166072664271
4118,4643.1796702073225,4646.057941833399,13.262386628202956,4683.640855231048
4335,4820.893086246945,4823.611099978316,14.84330532460124,4829.87922717743
4148,4865.019160510374,4867.654889752155,15.542750483697569,4872.268260173339
4334,4911.140037508332,4914.447908634618,11.476844509606172,4921.873714280627
4324,4913.167674918103,4916.262578790684,11.683286305412913,4953.158494944716
4121,5000.569170192497,5004.220829754812,9.406920021969913,5043.406679023613
4356,5002.3826918320965,5006.292106439129,9.555537831821837,5046.045893122276
4012,5104.1036027382,5107.184242634072,12.462287259027123,5114.247569213643
4071,5188.592375360115,5191.125863702918,14.869186014633446,5197.801492560366
4102,5192.196954534309,5195.256912152817,11.637366989089173,5225.261399778498
4114,5194.697331925813,5197.47809174533,13.27877628957862,5227.9614782461995
4124,5271.115911391599,5274.025766896287,13.530391970794778,5281.3609294988355
4339,5272.964137152443,5276.042352026719,12.08796635839406,5313.087983929821
4084,5405.777040341209,5408.594932868865,13.292767591590554,5414.142832267891
4006,5411.7870287245905,5415.171251645246,11.071760214103865,5421.710182769934
6123,5495.969594014268,5499.128754695414,11.809975515297245,5505.619442916057
6082,5552.409338252052,5556.269600885308,9.38539243503437,5585.915625317558
6008,5566.520050759951,5569.458823943036,12.210276242341495,5588.061380602346
6083,5585.31152541529,5588.170114261854,12.834799979425393,5593.971417291354
6132,5630.154357208005,5633.088689593294,12.2276428077258,5639.871993238735
6125,5637.380902085287,5640.253921977354,13.057140567125026,5673.229163657175
6068,5728.692741068366,5732.124921588575,10.535231053880734,5740.303795526672
6130,5902.307833731611,5905.154754543547,13.125925453838445,5946.004841580802
6015,5949.550412620646,5952.421561001798,12.774212973262046,5958.036945236397
6031,5997.264483336085,6000.062309590192,12.556013281848749,6033.532370003006
6048,6021.310338897405,6024.149846907383,12.315791401866166,6036.065589424044
6342,6084.427352966052,6087.266122597759,13.305519411177734,6123.26786395973
6046,6088.95225655991,6092.308045075979,10.406019505742634,6125.715193744364
6027,6125.509562868127,6128.565461652279,11.688834469304446,6134.639674443569
6368,6352.211635061444,6355.083258098901,12.761477980050648,6393.098029004187
6017,6449.347447105307,6453.044522445139,9.503670891258798,6461.358974213932
6328,6620.621562734497,6623.480340506468,13.63074739579471,6630.903074313072
6023,6690.356181905752,6693.3415638620645,11.496811305838335,6699.620093080232
6067,6717.414724236268,6720.483153508933,11.642679359189303,6753.507194094036
6033,6800.323124954297,6803.092542816431,13.905846253576863,6809.715154848534
6133,6848.979989376086,6852.388377273484,10.688107970798074,6859.193220336893
6348,6890.362847843638,6893.315861300644,12.92284916730646,6899.939673479634
6126,6980.309988823406,6983.077219775955,13.732590328283058,6989.756536410548
6129,6987.183520720661,6990.066792669737,12.953375031569072,7023.472504579818
6108,7076.5661565437385,7079.438230294035,12.526582482966417,7085.937590039932
6035,7078.2871636474265,7081.160181733801,13.412793239104731,7113.3562283873125
6043,7172.196125376568,7175.381457704126,11.810382312095555,7209.9925425914935
6073,7190.271901836617,7193.45946218351,11.214054862484154,7212.026777459646
