136,112.32233322706618,114.33122554534357,11.560606206459056,118.14057335351589
146,185.07177795009164,187.01955395879762,13.059733223715616,190.7455176125677
23,289.1876540658253,291.27334337119356,12.211402122513508,295.16238157189605
144,324.39102409516596,326.4987532038488,13.24617508443214,330.90814298818157
33,457.50987199027514,460.13567850612503,11.690766733286832,464.09349984312286
104,500.19333223224413,502.04054660609023,16.02592968363193,506.37981775470183
21,590.5267825882313,592.4004457934814,13.40256336661929,596.6830448003726
102,1007.1493701985053,1009.0885233111197,13.033243677540785,1012.7510206251478
93,1134.3402562312988,1136.3224709562771,12.57423842369055,1140.8737959094756
100,1367.5370686040308,1369.1365576958685,15.843708113554626,1372.2011081168139
16,1428.7450548266702,1431.0180737343464,10.360030085773472,1443.2632515886821
5,1457.4339248814915,1459.2145164417177,13.978031453019858,1463.62258946065
9,1517.4856320252113,1519.4446820314101,12.253622396009426,1532.9331207927594
97,1592.0338061010225,1594.1638527629561,11.607813992419524,1598.952308371212
24,1683.2107510482851,1685.2276836424628,12.930629842273374,1689.5242157653267
84,1764.1202299380363,1766.0966812005659,12.417567162716162,1770.6628240224607
2133,1945.1741484579281,1947.1633779624672,12.07701039385026,1983.1105792735575
2152,1973.3879435708527,1975.2270567494738,13.320296787419153,1985.757089497398
2136,2120.074395573167,2122.0241079183684,13.432644522158126,2126.5005450483663
2096,2357.3002058416496,2359.01557738133,14.195000111857444,2362.3926057094413
2062,2523.3063213537166,2526.2577477346504,10.262177153012212,2530.88904461044
2048,2792.67557810559,2795.0510790801436,13.164887868522193,2798.5781711133836
2106,2866.62282679201,2868.534379500883,12.902281699930827,2883.236105081971
2111,3110.2273132987116,3112.3317518079098,11.479660803808773,3116.9638451937058
2099,3290.643625267677,3292.5361492037878,15.012074650301567,3296.9633177141495
2013,3398.0987434211006,3400.023988389178,12.493405911878392,3423.110753634458
2071,3423.546679947998,3426.172299651938,11.510683579841187,3430.097671077262
2090,3592.03952709865,3594.4367237948295,10.469255416753475,3599.7916033645033
4145,3712.4459425788673,3714.4549993266623,12.623611856914126,3718.1450237728545
4155,3773.734255042055,3775.4410973803597,14.009117657390185,3779.95997293735
4012,4369.924072037706,4372.301779516751,10.001076177238296,4377.456992471141
4024,4527.346758798704,4529.307869161452,12.323466831760932,4533.0781323337205
4104,4613.209882332683,4615.179221331854,12.318321727057723,4619.0468770764555
4139,4820.327819036931,4822.2309522512205,13.591252792370614,4826.64780826973
4016,4822.684208254682,4824.591211276944,12.706556891636518,4863.408470859253
4142,4885.670627862066,4888.162916359746,9.409195082964587,4892.959489527895
4141,5002.419955928544,5004.40740672754,11.942021413485248,5008.971321657282
4106,5270.549627167807,5272.487052156794,12.752898813821258,5277.384551141005
4135,5272.616008531477,5274.467407256893,12.435553064839898,5313.154060095732
4146,5285.014493235001,5287.189670852248,11.144381345028725,5315.564274699109
6009,5456.1058293831775,5458.237125800139,10.99632285150614,5462.998155514634
6047,5493.556781325115,5496.233909800113,11.148119675620837,5500.3315900452135
6062,5675.9068529617625,5678.242596030801,12.605680685314864,5682.85678626529
6130,5879.380192637301,5881.352631090485,11.9050894642161,5885.882053669125
6138,6097.195815028957,6099.362140465115,12.859609996754799,6123.155646399829
6132,6146.136462968648,6148.092234599768,12.437907529577009,6151.929500671446
6144,6175.865926258024,6178.393875246771,9.297914831394374,6213.039184377856
6014,6289.406840838886,6291.029949643894,14.004816590703514,6302.988439041851
6058,6393.173347703793,6395.488303153367,13.08494539031371,6399.2033982513285
6092,6440.420008658922,6442.470987228441,12.396801550942575,6447.3742424461
6013,6857.484226988072,6859.491521727307,11.983840276451916,6863.216945777328
6106,6982.964957723348,6985.190797834813,11.233153633436794,6989.856535850835
6152,7007.46659801416,7009.33265547968,12.807210070733838,7025.953492699235
