285,336.3384950407109,342.22599247889724,12.059705835224207,345.6896873430544
1771,472.1056649860287,478.1133724157551,12.709997497522794,482.4047061915633
695,552.829415495537,558.155075472581,13.466393976342536,562.4825946415217
985,734.7661076027596,741.4248914813684,11.084998087583307,745.8224935045264
988,740.3361870064582,746.0420114469379,13.043183373514974,768.0140180678719
1798,742.3304899319436,748.1625276235093,12.789304070935295,770.6199384369172
712,829.4751337133412,834.4867696898249,15.004358499794138,857.6547072885991
1535,1008.9366414338444,1014.3678221162793,13.6921999681869,1018.5289823077421
983,1273.658721131623,1279.4096053554122,12.106471330308317,1283.6216986802403
280,1397.8681877397594,1405.0562994090742,10.613008798225444,1409.106908793703
960,1454.1768443241313,1460.5069679587566,11.269484430366582,1464.874031692274
1781,1471.5277825677986,1477.2630500244106,12.806585550502373,1491.1045382737063
2457,2007.3514151118447,2013.3955306901992,11.408018773798783,2017.680852498124
1538,2085.845509182936,2092.006923167572,11.971795874525379,2096.446680780237
2195,2538.2169861885395,2544.372739464545,11.611333928502203,2568.422925458132
2727,2540.0369965091827,2546.1775023965006,10.831029518109888,2571.323886246714
3796,2626.827367536578,2632.415413265394,12.949760553419598,2636.6170216694945
2973,2628.999853613811,2635.025889095169,11.989384141349769,2658.089174104898
3780,2632.4750957208316,2638.105093861926,13.493841489961222,2660.8312809328236
2453,2725.2420219829387,2731.3439225176535,11.363686729370496,2747.9749610856284
2197,2727.0798282355368,2733.121186795094,10.625901655018888,2751.0318325651183
3784,2810.575411681924,2816.1227537104323,13.251089225989626,2838.0717884488827
2983,2986.583856162905,2993.289288435678,10.541170072865699,2997.945876796962
2979,2988.4777366927583,2995.1451751787945,10.871482810068706,3018.5404704999796
3774,3349.3163252073687,3356.179088660173,10.969605134651502,3360.661104700542
2707,3354.814291510399,3360.223243276328,12.14292753214008,3380.3372809567945
2715,3620.636183122757,3626.5865693938417,12.590751285722499,3631.2126938054857
2702,3622.5009978367593,3628.358342017079,11.989959152580001,3648.2750859594894
2706,3709.633504212082,3715.319049961944,12.173631785061627,3719.7542980384446
2969,3712.97046074152,3718.530047738688,12.879934428551753,3738.313564025218
5524,4627.88057429343,4634.398409408411,11.173922793795718,4638.686959605838
4981,4700.180058982306,4706.076363109672,12.164229925963651,4728.106034819349
5789,4786.969606583102,4794.019983572152,10.330792205084698,4798.519963648355
4993,5063.289696164404,5069.41118216321,11.936635267545181,5073.642492535852
5765,5065.094569017391,5071.3391952652455,11.975283432431562,5088.66676919006
4704,5163.645867461557,5169.426716480354,13.028886659792523,5173.5417376385485
5788,5324.935378726574,5330.1717356718855,13.582196945962155,5334.298318926069
4454,5515.593081655568,5521.4598736323405,12.16012867237906,5538.423449265891
5530,5690.929487186556,5696.433546548609,13.686533180891786,5700.640947458119
6443,6147.931128016963,6154.4982185664485,11.188273464027077,6158.9769851257215
6967,6225.282398008167,6231.039065561704,12.519985391404017,6235.443294120707
6984,6409.057846668146,6415.516120831017,11.207497278084247,6420.389245381174
6723,6508.591284938466,6514.304245665354,12.25252957377767,6528.043614024804
6707,6769.283726787908,6775.319022905121,12.115377322412296,6779.51247734166
6718,6855.932889018377,6862.127592215161,11.84951845792694,6866.515367554325
7771,6958.529073228246,6965.446752238303,10.936215555632979,6980.991396497934
7792,7044.276109076368,7051.4017094224055,9.944871141956773,7070.898378967265
7519,7484.976113089395,7490.5537226992155,12.907833179385275,7494.704466317371
