427,51.68380206215847,52.36570730200937,14.283742634055017,52.67031032866114
434,228.303869740476,229.24800826058402,10.63483843113098,229.65712319603165
507,289.5012470397178,290.22816827488793,13.514763381956168,290.55010297069305
472,1488.7154973243191,1489.3781020165784,14.90298635222527,1489.6700482839517
495,1669.1622810625818,1670.107675909764,10.589387700695706,1670.518546808179
2427,2625.641679286467,2626.462980560916,11.908194413467179,2626.828348398153
2412,2947.240347364738,2948.1103501395414,11.877006529824184,2948.476677397788
2425,3114.5332949787185,3115.273926441683,12.92277418053897,3115.6106088890792
4468,3642.4920951959066,3643.379400679487,11.098947191974654,3643.771408242276
4415,3924.4642959841353,3925.1873749672213,13.255934506104014,3925.5155956020053
4423,4044.2927004939743,4045.0335222260333,13.330112823061409,4045.3599164055877
4492,4269.581056394928,4270.325359421328,13.462435211681818,4270.648545469754
4431,4543.394643566103,4544.182102309579,9.705901911672287,4544.630372988372
4432,4550.4590997495625,4551.313087546162,11.445817064707551,4551.693215169524
4440,4644.52705774459,4645.2317247118335,14.354177010503228,4645.534833084753
4406,5377.091469084201,5378.122499502165,9.014413000553112,5378.605156691045
6471,5626.418242757926,5627.197762081626,12.478543910891894,5627.546430265135
6412,5834.26389893298,5835.078383485763,12.179274582358284,5835.435619149417
6508,6063.3727366369785,6064.145515318265,13.113201592282293,6064.477308527393
6407,7111.535251816466,7112.370463005788,11.347129323998113,7112.75389665795
