1872,200.71954951736433,207.59168794680076,12.311471631652333,215.05944650575583
1888,280.10597470842515,287.0038122839729,12.286984988355648,294.83427606454615
1912,366.7184653167927,375.2340648137729,10.648333752019271,384.51846787348717
1885,368.6488480282909,377.1185481715114,9.697037584417725,386.4833888003008
1841,381.4183590180882,388.4043670394642,12.297592720925936,396.1020778218253
1957,544.0373931236794,551.3468918907552,11.863660880649391,559.469202124816
1794,546.3548978516933,553.2812137529015,11.82389332323259,562.3237290292075
1886,641.2763509398216,647.5621564977345,13.215086990787624,654.5614198947999
1896,827.0898100695647,834.1586304121975,12.055390550792792,841.8888250761562
1786,903.9812452971192,910.4773814798905,15.507203143603734,916.9052633400324
1906,1086.4240177825006,1093.4887597888548,12.830430560936652,1101.0976854023145
1769,1088.7313436356296,1098.3142872876422,9.591086695203874,1108.7039741999656
1802,1174.178360842861,1181.416458707303,11.812298119567021,1189.0873354302107
1962,1178.0963086741433,1185.5075405232146,11.375766145371022,1193.6124565289645
1934,1191.0190979799738,1199.137004291057,10.648622803387486,1207.7886762073806
1880,1193.4878277321357,1201.0615171339584,11.094654740352434,1210.7923573192754
1787,1263.9392607439138,1272.418837229356,9.70762048829759,1281.9045464761505
1883,1365.8463490248787,1373.0353822809757,12.08313911508243,1380.9646495202323
1778,1443.9228055851997,1451.091796594256,11.86434645487195,1458.9649633406793
1964,1446.2889294163028,1453.4376052189236,11.836415277072108,1461.2278369424896
1898,1452.0932369891136,1459.580808050107,11.95042050611521,1467.8344726886146
1987,1803.8875643606998,1811.1878066983777,12.686040968694625,1818.8026085072895
1895,1810.0096307594304,1817.302752398361,11.773924482094204,1825.2190461361906
1785,1812.073868665262,1819.1448104734864,11.511468271118238,1827.0108416924552
1805,1894.1025865852816,1902.1004911236757,11.248463913360931,1910.9794351572673
3916,1896.6297249541265,1904.0462237547017,10.805564724504661,1913.0622416558845
3768,1984.2269725933804,1991.5245614785101,11.975427439847483,1999.32301814279
3874,1990.329989091211,1997.506552966527,12.242121539903303,2005.7299223834225
3760,1992.1052488863215,1999.196632579301,10.826188988887566,2007.531449128062
3787,2084.5864957128524,2092.3668488621124,11.268757392335464,2100.7451835954603
3869,2086.447154534489,2094.24686203981,10.897360715754502,2102.609891620473
3865,2256.0038951960187,2263.4629692598446,12.576400089505059,2272.8171345184996
3927,2257.831004077145,2265.2906062513384,11.63334744937768,2278.116009381081
3882,2348.6097483537583,2354.5191783612204,15.003426643033904,2361.1579556394454
3902,2434.4795930382083,2443.0834715399246,10.49672327208764,2452.491652605255
3797,2524.2933266429395,2531.4456793867257,12.813724533899988,2538.9606559095027
3799,2526.688452984423,2533.227998142944,12.710112702401089,2541.26654896907
3873,2537.9198259378895,2544.5998358640722,12.833788939147166,2551.987530912675
3048,2559.6695378956642,2566.4022625277053,12.494173873478065,2574.9886368054713
3785,2623.9129442279045,2631.2667675007024,12.226277863581931,2639.8676488498068
3790,2797.876130004938,2805.176046708083,11.933104069371947,2813.1258800687115
3950,2895.666464931505,2902.4590525377007,12.787975192833951,2909.9280626529358
3765,2973.9341508907114,2980.4417204765414,13.546281102931879,2987.2304171807277
3792,2993.7788992149035,3000.574857924085,12.587766911237006,3008.066962683069
3801,3063.768530536134,3070.29127474981,14.579784107116211,3076.9894282227738
3868,3072.1184688991493,3079.3955478885714,10.579622360822595,3087.501036388832
3861,3154.398773737727,3161.5803306542202,12.106310341919551,3169.259881003481
3878,3156.520683983763,3165.0922604891807,10.040724967076974,3174.4054157934697
3042,3185.4616474808167,3193.003718241402,11.323115043102437,3202.3673874842384
3920,3346.6610505564963,3355.4112171170405,9.93806553077033,3365.2507597509148
3767,3356.317926140698,3363.266623779453,12.932810123459863,3371.869123220916
3880,3434.1022043864136,3442.4303081278704,9.900442211711518,3457.8059860567014
3918,3522.131056751584,3529.027916487583,12.347882545407343,3536.528564916699
3818,3603.975765903693,3611.1607325940336,11.80692217083924,3618.87841982744
3960,3619.9033270770205,3627.1729073823203,12.247005411394994,3635.0066874948884
5919,3694.811182767224,3702.074912718182,12.500095368065448,3709.4013315092598
5933,3784.1090447516967,3792.5266618950054,10.90808931450786,3801.807383849735
5947,3788.279675247511,3795.410555052772,11.524673166468423,3804.4631017210345
5790,3874.5143585392375,3881.3732249878626,13.538815510761992,3888.3155822837275
5917,3876.6298578148644,3883.215667448992,12.825778441552337,3890.152217307154
5908,3878.455717475317,3885.1697096596317,12.871950090749122,3892.7023765183158
5761,3882.1380242056707,3888.469297551261,14.170306263197805,3896.6904740083046
5885,3963.8847291412626,3970.588804582145,13.690524579843693,3977.2032202410574
5864,3970.1902204466955,3977.5277077917435,12.263562810057605,3985.7299955278936
5771,3972.108051216289,3979.5307487639748,11.995668668934316,3988.4642900047343
5886,4144.377068915971,4154.337475161955,8.284393193545975,4165.180435221704
5764,4148.8699791324925,4158.402654464898,8.763572884110623,4169.294808706142
5768,4324.012949900469,4331.155844096332,12.345060504076693,4338.841005035708
5875,4346.527800960269,4353.564934290429,12.236599051349923,4362.479948006246
5763,4417.725558145967,4424.548268375138,13.18974280446916,4431.915124419784
5910,4422.152782602816,4430.23275841201,11.135672255414683,4438.9602232090465
5879,4516.123433525729,4522.164655082397,14.682318497275844,4528.795002665791
5776,4605.691088230905,4611.319278553194,14.733852967011174,4617.6603712953665
5871,4683.737701619181,4690.207917562679,14.080796284003847,4697.3497809401715
5772,4692.339360284098,4698.020682074649,15.684246318997495,4704.037817753462
5890,4773.861094509675,4781.106056003067,12.050787296077747,4788.950702211084
5047,4811.556523571847,4817.465378179527,15.225160887932486,4824.825474141672
5762,4870.539742835313,4877.2362644306495,13.170373819053202,4884.703856146152
5880,4956.131602501241,4963.311692920957,11.615986854824502,4971.334776494076
5974,4959.854495996969,4966.6013088686395,12.59371511429205,4973.8874882265245
5770,5044.302900938084,5051.089722822934,13.508863757227692,5058.023914080052
5868,5136.478330287605,5143.572990025613,12.034283683433719,5151.3015816618945
7962,5504.533431902662,5511.187175411968,13.055311751276712,5518.498715447285
7872,5506.645856979013,5514.343315553683,11.067015610047608,5522.68640716239
7877,5508.401614181821,5516.162459241656,11.128823025093032,5524.469570516338
7937,5510.485931081658,5518.051993199232,12.227818034842954,5526.260400661986
7867,5586.072227277332,5593.232617698764,11.44611599606154,5601.139506195943
7783,5588.206262142803,5595.093964375661,12.029316667491637,5602.936047450827
7864,5592.23820382491,5598.501030979101,13.407332205748016,5605.329531929141
7955,5594.176214858944,5601.47476683804,11.952722500915359,5609.562267747886
7042,5613.501461251716,5621.25173088808,12.610337125814468,5629.84505236303
7774,5763.756604764155,5771.39617074676,11.089374681978004,5779.83167437606
7945,5770.316775565079,5778.506289791222,10.96637200897131,5787.36763649379
7894,5772.21415450781,5780.343654566067,10.777822493791058,5789.29041376114
7907,5773.975947614466,5782.170807312411,11.07575854005032,5791.165946905353
7927,5854.29698909042,5861.223305850269,12.62408446655056,5868.561660347499
7766,5861.810845096879,5868.498696194479,13.181708993001163,5875.768655876251
7803,5944.476662861334,5951.234268265109,13.574266388645569,5958.200868054148
7771,6034.163938544988,6041.136410206163,12.95838255586348,6048.381237802085
7887,6036.285545010907,6043.054538845947,13.191345618583211,6050.237820826361
7786,6045.047238416576,6054.440666050851,10.290270476417897,6064.54373372724
7781,6055.941512542233,6063.464549502035,11.9946471602677,6072.911767501476
7943,6126.080206731566,6132.309524939024,14.788049290556593,6138.881399505872
7917,6213.65286666045,6220.292290376303,13.046815388141598,6227.600492386273
7880,6306.207891172985,6313.000381865384,12.400355082734789,6320.33795342384
7815,6308.0020184533305,6315.123119750181,11.769579662662977,6322.878270704607
7910,6394.442869725927,6401.009913141593,13.860507584021791,6407.882713052076
7931,6398.4475375969105,6405.49695082382,12.71119944207818,6413.249328029839
7885,6581.540234978915,6589.100075674596,11.926342574826508,6597.39174329463
7932,6666.159505397852,6673.403508718341,12.416277048795866,6681.257096880312
7904,6675.658759106219,6682.56336835351,12.500588337702968,6690.239594752992
7797,6762.66499571156,6770.453549997108,11.725089281470108,6783.481067591171
7968,6847.685099793688,6854.378968141056,12.824713790514949,6861.747425378169
7878,6940.28071867946,6947.1861807183695,12.9442311575902,6954.687482518551
7876,6944.342226760109,6952.197506630386,10.368296665080157,6961.018271965468
7777,7028.132715066948,7034.155069180312,12.8095399523193,7042.1645136553
7950,7030.1621725667765,7036.32075477202,14.20968308067951,7044.064169854397
7763,7035.671798826772,7042.397143589969,12.79032104644049,7049.773184789714
7973,7037.588693487407,7044.1566755039885,13.722667370216898,7051.546400384436
7796,7114.028286402664,7121.293093042603,11.594131101438633,7129.166895237294
7869,7115.994796880602,7123.1651889853165,12.841319505975829,7131.002522729654
7901,7119.998679950495,7126.09195531076,14.297287201921138,7133.040280533464
7761,7128.801868459379,7135.574343307073,13.252401901771712,7143.088067272783
7043,7145.42464877623,7154.449531540602,9.93412311594685,7164.820365348598
7772,7205.475154946349,7212.502977132433,11.585374644018795,7220.175507747604
7918,7223.655466547404,7230.304584582335,12.862312885790748,7237.6261357385365
