1042,328.3283715671258,329.2533118282655,13.30330278796299,330.766515516245
1434,453.7232854114802,455.0643349309579,11.723116655857797,456.694825858456
1617,518.4990414151597,519.4985668872024,12.67000070839287,521.0995658933963
1011,588.0158211749965,589.4474655483864,9.952869334514446,591.3240866823753
1855,596.6402793774998,597.6051770337871,12.716432697336657,599.1044559767386
78,903.3181225949209,904.2682429474858,13.982101366955503,905.7593682593415
1602,961.3968416753982,962.4853618894134,12.046635768029828,964.217705323551
1613,1227.1086491289204,1228.0806011231375,13.29151382908746,1229.6171569582737
1024,1307.8491585327342,1309.2389781841057,10.462926517866565,1311.2522291179466
1020,1310.0829017078656,1311.4035612012467,10.442052542863872,1313.4668018483096
230,1353.6958796210756,1355.0672478331658,11.708446470930191,1356.701611801724
226,1355.9227158156,1357.1557735837437,12.439591082648528,1358.7512975250636
1603,1500.7944586202577,1502.0252913204986,10.360755045323337,1503.9397494380778
1429,1537.8741504492898,1539.1750837937504,9.646346586302618,1541.2511401232127
1043,1578.0646465727027,1579.4688528638717,10.456203506538971,1581.1828917432167
1431,1591.2423570793133,1592.2236268585946,12.518088260169826,1593.886365700098
88,1713.690133204596,1715.0075936026517,11.52472274635975,1716.7629214464375
241,1716.1410895435843,1717.3623107237531,11.457535739112439,1718.9927765980858
1006,1790.0417868629697,1791.0919986651147,12.393439474082886,1792.9002504495054
1014,1847.9842437554337,1849.4422136521569,9.916089684491297,1851.1845455944922
1595,1859.4121987092842,1860.449407779432,12.423507286932999,1862.0751863699904
1044,1871.2128573696975,1872.3089574123512,11.356366141988886,1874.127127305322
3609,1972.061009067054,1973.130126185993,12.187968191187535,1974.8324313602197
2999,2028.073442893724,2029.4355510295659,10.856964940719024,2031.371202148273
3846,2048.54451501137,2049.497700051926,13.470689866839622,2050.975089269292
3025,2050.3113285209156,2051.2584702033273,13.80966250741902,2052.783980733067
3012,2053.3681469712233,2054.3360579598016,13.512968893035934,2056.051340915531
3002,2058.1591621815573,2059.2510353259463,12.221847479222319,2060.9630074334677
3611,2146.0537818190105,2147.051434920403,11.63447653431707,2148.7480611898504
1281,2253.8598592505396,2255.297635022457,9.423453209773967,2257.4231293315056
3275,2256.1264005485014,2257.387942275582,9.805678684118728,2259.441282456827
3267,2257.969123268952,2259.306032372673,10.525709360085452,2261.418600217927
3038,2308.498268342204,2309.3625343090825,14.502141623475715,2310.718451515373
3011,2310.331301384268,2311.168400730153,14.462793276507666,2312.560419821369
3006,2329.243208661729,2330.4384570753564,10.6262699025734,2332.4423012617513
3266,2346.8851688684827,2348.1528373510414,8.940403564596645,2350.357660549742
3007,2396.1337119911755,2397.020075217444,13.266712172436801,2398.516579916072
3431,2487.47071804813,2488.3107236205433,15.08826604048162,2489.621697078466
3854,2510.458894988458,2511.423524838981,13.105567982201613,2512.977103193262
2225,2523.732932988871,2525.1080966989907,11.05436744061878,2526.9073249177445
3030,2582.693319461018,2583.5943540431317,13.786654812580217,2585.4345641915525
3429,2703.453484044293,2704.3958820003286,13.470304613523194,2705.946239529776
3424,2759.12443468516,2760.1750959430997,12.405490005364644,2761.835907198576
3032,2852.4429751220828,2853.480309694091,12.420526768544745,2855.1050625346893
2083,2895.4980187868086,2896.4882545291534,12.432047633918096,2898.010944261146
3037,3029.244287972022,3030.2736727323986,12.788013945355905,3031.876313284199
3041,3031.064241006462,3032.0050999527944,12.866009182519786,3033.5548080652547
2998,3122.5476279017653,3123.470457862297,13.562535490338146,3125.3367850790073
3428,3154.0091833764573,3155.416992663077,9.731618799572196,3157.4416286023725
2476,3186.1714746614457,3187.249252335763,11.850969841674576,3188.9721341528443
3010,3299.026755506172,3300.085998939746,11.996085287662297,3301.733038201699
3036,3311.212933420519,3312.2384498476044,12.130990719673605,3313.878799712667
3272,3352.9736460413815,3354.1507337565786,11.212516298005974,3355.9110839916134
3597,3389.118096333577,3390.0461865772336,13.819683858363065,3391.5462911434724
3015,3585.7128540883164,3587.000375522695,8.936126185362816,3589.203693883402
3013,3587.7376698757807,3589.1068533279067,10.369743484423658,3591.4673128395516
3426,3603.969029969852,3605.3444017298525,11.09443937492624,3606.9994801062885
3430,3637.7482864180192,3638.559445584507,15.346177325860848,3639.897056656167
3606,3658.532697386142,3659.5037188487668,13.143800315800938,3661.006053022141
2227,3693.0256135765467,3694.2095600626826,12.195424864023853,3695.8682598781816
2080,3695.140531430622,3696.2206701903615,13.098209072075049,3697.7264672949327
4998,3763.4792072237765,3764.347513305423,14.184614070270827,3766.0808215450948
5418,3932.0493051063827,3933.0826119689887,11.400987233914801,3934.8271804183687
5018,4019.055780463061,4020.080237331555,12.653954885502728,4021.6397993451733
5605,4109.147425255985,4110.154722633034,12.990196988270904,4111.718817547831
5594,4111.137903260973,4112.109542136611,12.873027129769254,4113.658456656914
5606,4114.6780864888815,4115.613241076257,13.82745855125934,4117.176586732875
5014,4198.6373584727,4199.613245351298,13.12104288728717,4201.146994916791
5023,4277.982981409544,4279.479457450418,9.811465978686847,4281.450666831076
5027,4303.249727132731,4304.431221237732,10.739723779903223,4312.232093415972
5598,4381.4046656747005,4382.433326808367,10.973357764928473,4384.163868160412
5421,4393.175313477525,4394.130090233235,12.61799178160388,4395.6842887073
5604,4828.290236844142,4829.2777038298655,12.875171083051283,4830.847603241637
5002,4830.5307045935715,4831.551583192124,12.517610219973905,4833.133416526452
5267,4862.25175517262,4863.11214298308,14.872807396524408,4864.487692674658
4242,4985.3902206112325,4986.354594731751,13.313161104375201,4987.851858124164
5430,5136.155132176458,5137.332233402841,12.37020933625797,5138.905668398952
5263,5138.172556879792,5139.1935876313555,13.829082285779853,5140.700417628597
5431,5150.471795365869,5151.400121380371,13.605379998936346,5152.892206720539
5425,5225.227843646037,5226.400320091427,10.521847680623786,5228.3407896034305
5000,5368.29362144912,5369.214848777052,13.398922119203846,5370.981064069353
5012,5372.108188482781,5373.212985202068,10.725065731951226,5375.035023977151
5433,5383.909305369763,5385.09168319515,10.618235729146976,5386.967366755145
4477,5492.105105788919,5493.012076117916,14.039590920984761,5494.458545837595
5036,5537.743598744835,5539.225659005069,10.298015786467424,5541.251935790651
6074,5944.971240945587,5946.0096042733385,11.574972502025519,5947.739481152493
7602,6269.153419145252,6270.088709765461,13.458077110457674,6271.581585463791
7842,6356.335122124588,6357.2166711206255,13.613233970200053,6358.652695077232
7849,6474.431845638039,6475.531604113861,11.402350706807082,6477.3076617305705
7429,6665.924785230455,6667.081964916995,12.77378778106264,6668.630113434078
7017,6718.607462502817,6719.537103418159,13.717815587866303,6720.98800485389
7025,6811.357374879126,6812.517947234658,11.270692175081814,6814.363828422949
6995,6998.980045876219,7000.007611729868,12.228335593715776,7001.824465952535
7002,7078.295535497679,7079.160114243528,14.130413826428374,7080.850314964098
7264,7315.618612525417,7317.017796127254,8.978291267473566,7319.244284186763
7430,7317.705725789137,7319.125487731674,8.842964266212771,7321.311528943839
