1452,459.361711094084,469.0438803019448,11.322322729051224,479.03450379978864
1361,590.1611860542051,601.4303055444009,9.409752170477244,613.1555527035742
1353,669.6700357604291,678.1705296068045,12.521857247504325,687.4076430640362
1201,685.8701701464113,694.6203856192659,13.400717651434537,716.8769518103932
1357,785.7923580504099,794.1511334603088,14.315906408495486,801.663337145364
1451,998.6676578361653,1008.4529270493991,11.537211733732947,1018.8578360367437
1354,1058.046979352205,1067.3260710655777,12.549758341032032,1076.0184175300772
1453,1125.8387515585864,1136.3440902586904,11.155817068451334,1146.3902064955948
1200,1301.1222933840074,1310.2517667711777,12.946412823229108,1328.7533131199746
1369,1329.5859181230235,1339.2833410868757,11.116104627452565,1348.5778450436203
1364,1396.0048701446285,1404.2460233624256,13.620852920952931,1412.1084658126592
1347,1601.3809506595264,1612.1833741465307,10.699180704192063,1622.4906591382876
3191,2045.7381280831876,2054.475198510033,13.694432822683073,2077.0518470976335
3343,2757.961673554122,2767.5346571140853,11.399597216661784,2776.421741455782
3211,2796.651058591489,2806.2879955906033,11.889446334958498,2816.126786856619
3197,2995.5179646247575,3005.1167203461678,11.665079447511756,3014.7836483051497
3355,3030.116630162227,3040.3063038468763,11.343751636751284,3050.1838288149615
3359,3189.839248936092,3199.24164610184,12.004623783479586,3209.450531785388
3447,3439.8337320405203,3449.4026233591994,11.945272332606631,3458.5387888100504
3348,3505.9353768790606,3516.362458562177,11.145793943488036,3526.323327126383
3360,3573.603643067975,3582.2621589460023,14.177184814426687,3590.1126316693035
5362,3731.819997252377,3740.433385197195,12.709031764012751,3777.098253167963
5351,3995.0430428205655,4002.187470521881,15.768244403894215,4010.4741088827177
5320,4015.8940834588657,4026.0071721542454,11.153402802111579,4049.115413592879
5443,4324.24544920925,4331.663009160074,17.357709441478395,4337.990374682775
5195,4360.351199167199,4369.5001335643165,11.062308598545767,4392.123975936193
5357,4389.44633772231,4399.1529292460045,12.080912269464822,4408.129910590189
5358,4457.870182047182,4467.3006039026595,11.773209843122311,4476.089925038998
5190,4629.856792341988,4640.20443945533,10.73252322208148,4661.283940992258
5193,4973.403252262228,4982.456258204923,13.162539299384015,5001.460330223021
5199,5106.053386332237,5114.47119178547,14.036403900880272,5139.520172526482
5208,5511.38405136172,5521.293109619605,11.870721835230627,5531.57144730388
5346,5546.283746003538,5555.559661721079,12.88813370898812,5564.142958677579
7425,5763.50447451409,5771.250726004307,14.582875944616289,5779.688670800774
7427,6309.023370570868,6318.338130661342,11.621874786761001,6328.27610346326
7196,6327.8036449796355,6336.175106086851,13.628953141114645,6361.162311920054
7190,6329.741497333408,6340.106155718461,10.743019135162612,6363.941037963963
7446,6451.953356970025,6460.509182657594,13.632218093462628,6469.612214409166
7343,6906.056029315595,6916.475410944011,10.956161979494885,6926.365100760507
7435,6973.31861926106,6981.383468465952,14.135688672767781,6988.785366503008
7341,6975.471315135897,6985.324274742187,11.209162124630543,6995.121832854435
7422,7179.640731076261,7188.542117094468,12.430494557978971,7197.219548502257
7200,7211.233417068766,7220.514341963705,11.849510702213818,7230.497027220818
7362,7327.9896532793455,7336.398273064878,13.202148611105846,7345.724956285896
