216,181.21251334499576,184.43990968878137,9.985019955295328,186.5537989162218
52,991.705010833353,995.2940174277661,10.23515314343392,997.371340194062
205,1087.3570846366254,1089.2105440052492,13.49799650702398,1090.9977405141326
208,1178.029725126536,1180.2786164070938,10.508758405950553,1182.6118435774702
206,1448.3147543852162,1450.3829601767573,11.51490565711881,1452.4872875562683
61,1531.553295530566,1535.252531134636,9.867540064478048,1537.4078997950053
66,1801.3782108828152,1805.0733542644757,10.310063312366976,1807.1733918022549
2219,1911.469768239086,1913.3009647171973,13.714253553993656,1915.1005995773528
2062,2431.249218437657,2434.4647596608716,10.404072533290737,2436.4747183589207
2058,2521.5298976782174,2525.1280747378023,10.902953452843738,2527.1644202413277
2075,3601.5281669840692,3605.189163728009,11.151349811725053,3607.410395301347
4065,3961.290483617595,3964.533412269396,11.048564887439753,3966.512124612621
4063,4051.408702221538,4055.019668277044,11.171315816255147,4057.1273027783845
4052,4231.564680878809,4235.008365530923,10.9830823962702,4237.165647297334
6067,5941.324800472529,5945.008519900326,10.271816395192289,5947.10994388776
6057,6031.379842184634,6035.061917233893,10.730799209160907,6037.089594521168
6068,6391.147348822203,6394.349233165403,10.904976351777508,6396.295833816925
6072,7291.216038556372,7294.450223809775,10.453650299818031,7296.668074464687
6048,7293.623822953875,7296.22859460149,9.803147401869586,7298.473555785116
6052,7381.570349079443,7385.045932234579,10.533980539936183,7387.122744421643
6049,7471.173725387274,7474.357723909088,10.572018002040256,7476.40410210426
