1852,494.21326840115586,496.39293378854023,11.888834882491823,499.5548882984625
1862,1307.0574628689296,1309.3481183769347,11.736922986848924,1312.5836190216403
1814,1469.1307500323837,1471.533683009172,10.79291629852872,1474.7683826869975
1849,1705.0,1708.1861002210212,12.144354202956436,1711.2629296233893
3817,1938.3680041782313,1940.5565097029212,12.732140286131585,1943.7090728096196
3809,2022.434444523623,2024.4946864287615,12.978510644817023,2027.3745040156964
3852,2067.1821554992493,2069.518533840208,12.12475227365983,2072.7074116633567
3847,3122.3170255979485,3124.5238202918536,12.346649139050061,3127.5982738922357
3814,3288.1746892055917,3290.4148506317165,12.272208619354569,3293.538143798059
3832,3471.0,3474.0322073384195,11.686890573297712,3477.164656663851
3808,3550.0,3552.5946021936797,13.998247375271234,3555.21043685284
3810,3631.0,3634.2678872421516,11.727154155034148,3637.6417756427727
3816,3647.2886718978916,3649.2384492822853,13.194378464896648,3652.060333856379
5823,4496.056339804581,4498.107118530312,13.484088392389616,4500.924790034318
5826,4543.0,4546.021065714889,12.557866087517764,4548.92634123876
5860,5172.3768765400555,5174.234094569749,13.784765310405056,5176.889979227232
5834,5338.073584950179,5340.065499908967,13.832727930197564,5342.836243546024
7847,5624.369579858658,5626.16368634163,14.752171620477922,5628.7781871281095
7809,5902.0,5904.507697132248,16.312978545601855,5906.8567812388665
7799,6148.112740586232,6150.015260421215,13.762155495251767,6152.7186593194665
7804,6170.425656485377,6172.419707996136,13.434696149014693,6175.209073698396
7852,6900.047531755773,6902.02353738868,13.234165390677864,6904.920467498962
7861,7242.026880531147,7244.151217446375,12.721588303189526,7247.07142871348
