1288,193.1522062825532,198.3361552990573,13.2254030608179,205.80464457618652
269,374.42263065983224,379.155428151757,14.490035042902822,384.5722626976485
98,642.565082656598,647.3136966330106,14.015189997926623,652.8176938467096
100,914.6969591675617,920.104385823408,12.669106926615518,963.5674295307194
14,1009.5328018197457,1016.2132832107196,9.845091932643689,1033.3192797784866
106,1545.8088667864513,1553.3555742862627,9.569771516709189,1561.7050564065282
102,1547.8703036466122,1555.350702679754,9.89188080552923,1563.7504601676594
189,1549.901040471682,1557.3761457515643,9.62081703151919,1565.8773611009567
2270,2262.5303107156624,2267.5898537794233,13.678324851828881,2275.316304733358
2266,2444.5699256134226,2449.528541582519,14.159610095671333,2484.128988756013
2161,2446.3071479266832,2451.197875929481,13.164918152635384,2487.005335754828
2023,2541.237969968444,2548.1291702659078,10.209928086550807,2556.1418376521206
2173,2545.8846378881944,2551.019466769619,12.982560297718182,2559.2267894231277
2170,2712.8818012572883,2718.134850168849,12.95998301125673,2724.982734972096
2251,2722.273723133341,2727.4982050039275,12.54947798050816,2748.014364180958
3295,3071.847674950893,3076.277463301729,14.990261900793858,3081.235859388676
2196,3433.127074590994,3438.3835482188224,12.502586466596998,3445.650349431893
2111,3436.1518988972575,3442.056790209009,11.084421900926241,3471.0267136316315
2102,3522.688537859052,3527.493269854246,13.391172303258962,3533.9558489616493
2261,3704.525306557575,3709.5149400380756,13.369810161159702,3735.3205856638274
4268,3973.090864034517,3978.518560111946,12.603489460286283,3986.072483864357
4093,4333.021282715751,4338.278928980144,12.237721517260283,4344.440191509186
4097,4783.592161511652,4789.270124932086,12.210151385402849,4795.701988044015
4107,5059.047623674372,5065.497213413844,10.385817122758422,5073.036763370975
4010,5142.98674074318,5148.267840124512,12.849711090278484,5155.869759686171
6100,5683.12253546453,5688.414174246615,13.103129441135136,5695.688870026414
6003,5952.395607733251,5957.3648439291355,12.934555848513728,5964.66345202686
6166,5958.02045615271,5964.197536706283,10.343645177479118,5981.991530823004
6187,5959.9012384293355,5966.1881143968885,9.426593618409246,5984.030087913424
6179,6048.571951831166,6053.464388823287,14.31824050294906,6058.895743643987
6247,6321.115410236726,6326.403579879127,12.902826939525491,6333.730548503057
6267,6405.740038214117,6411.440680598624,11.60234010410492,6441.569690960752
7282,6407.650240912256,6413.229458990106,12.320082984319232,6443.973599575338
6093,6674.901896380637,6680.394367101996,12.798744961693599,6704.997290165507
6256,6679.094425625991,6684.384027206469,12.12472718134069,6707.912399989611
6183,6856.844998069589,6862.250312522208,12.547846386929907,6906.104011077636
6186,7037.094830548742,7042.568916257227,12.50667941487278,7048.939167507534
6185,7121.929686471649,7126.53712965157,14.515336128810493,7133.331662145584
6259,7220.058339510134,7226.342142049922,10.363942269219253,7237.838177082527
