1658,211.5601362917355,221.4852972228227,11.282519770287937,232.67156051104607
3657,2186.4047330360595,2193.543516585761,15.303949595908575,2202.185707628395
3667,2657.957636760108,2666.1941980407987,13.21756010191792,2675.7018869460458
3666,2659.876843683831,2668.155234889989,13.42429755731085,2692.127649252959
3643,2723.8976151689385,2731.4666227989173,14.752935618815643,2740.668965074597
3641,2818.392396237153,2827.1580543825658,12.669612775656159,2835.9649562601617
5120,4730.109583754657,4740.373874142559,10.395755328274978,4750.82638274138
7654,5515.768685642979,5524.190089314992,13.67302584023119,5533.951492533708
7675,5791.5463435753,5799.629303951489,13.518876540759395,5809.456119122592
7658,6686.774414953476,6697.177121374707,11.020001054195848,6707.83558435678
7685,7079.177277352126,7087.334140534233,13.056794592234171,7096.995035196878
