1484,126.90436344676426,132.05663086183236,11.994308557669953,136.93697486356731
1323,366.1259614231752,371.3500773117453,11.943227256947143,408.47648773144834
1153,453.3686417269392,459.1050672727042,10.417296380017692,465.0961811447424
400,814.0205942204346,820.2543018575244,9.428106869326422,826.5819590134373
1158,824.0195782894109,828.6045603972567,13.127753710461091,862.5364730123913
1185,903.865588820612,909.3155638387739,12.2098764293465,914.8790581912683
384,1174.1006586589615,1179.1785851522068,13.928952034764135,1184.375634174528
1341,1273.5631370929307,1278.1452449849446,13.106344130796137,1283.5368883454917
401,1354.1984564580146,1359.3492935844513,12.300554740287781,1365.0994476865892
1330,1443.8138658268917,1450.2120083189955,9.455324818129363,1456.8137303357526
393,1535.6055280836104,1541.1938869307826,11.316327148773539,1578.0163680698954
392,1539.866344045171,1546.0165124624941,9.711308096501446,1582.9739271723815
1175,1626.0494899844578,1631.138637957787,12.01177883685723,1667.8313265487834
147,1803.4067681781708,1809.4217363344044,10.730399367084665,1815.9713472966673
2905,2163.743378339601,2169.4716632793693,11.393436131992488,2175.3501317558807
3331,2253.7082497734177,2258.602356875621,13.894755022989195,2263.6757420120816
3323,2354.1610912013293,2358.6163131212843,13.35404600927036,2363.68820645312
3324,2362.2720578252906,2367.062435468564,11.899430197636883,2388.1883074705484
2157,2525.6578516176437,2531.274147423799,11.130796627455089,2568.04739492126
3154,2527.822858686857,2533.1879235359725,12.119558837754344,2570.815855236372
3486,2570.8243405320327,2576.3033014698603,10.807480013736228,2581.6339111126235
2380,2887.24377205129,2892.2913857715207,13.946212471518779,2897.5076587858553
3155,3153.583711679053,3158.500043303918,13.054642473622879,3163.6218533830947
3483,3275.4446384150947,3280.244285208899,11.733411372747568,3285.3862700614623
4139,3965.713668521747,3972.0463864786916,9.358720546848117,4008.17175068939
4140,4323.601701514258,4329.34710995087,10.807888602095746,4335.68234767431
5161,4325.66055206511,4331.222469714146,10.249673185327497,4368.658766639794
5741,4368.163283302825,4373.239937619044,12.720359708332428,4377.619676550595
5326,4686.261767526594,4692.44556220123,9.28050171102063,4730.8045580164335
4146,4773.701571478077,4779.394954287998,11.091892316874606,4785.155727074754
5330,4786.0095005579615,4791.489542267551,10.402286321757341,4821.278934175247
5487,4818.125237336966,4823.278457672998,14.210388674808865,4827.416533625769
4395,5045.876380888596,5051.143027486875,11.46015522458201,5088.119922910752
5485,5164.216517858303,5168.346378222941,14.646391508152405,5183.263642729794
4129,5493.578035685715,5499.376769434142,10.382730796342546,5505.543683665373
7482,5628.048788331415,5633.284198138606,12.976070063088871,5638.0353010889385
7478,6063.651555889751,6068.213908591344,13.342023110020067,6080.409924692182
6146,6213.401084641144,6218.4062859577325,12.607775019529672,6223.979715986431
6390,6485.463702203861,6491.330632295826,9.847262963987058,6527.904445808019
6402,6487.571398871174,6493.362795700328,9.505734737246321,6530.326363970954
6369,7113.390074769548,7118.248981751245,13.465489822042047,7123.568554885676
6373,7383.482916891176,7388.449542592912,12.528525979355969,7393.7367423752685
