1310,95.40239668841605,102.25837557595429,12.471727566509182,110.64462871993163
1456,157.07978922674218,163.27208109832873,14.374011921658221,169.62807742593802
1309,381.11637540467893,387.25737359202776,13.89569000887477,395.32228048902954
1379,434.965545305569,443.23701745132996,10.688617800379392,452.91061180732964
1946,453.222460664636,461.2375355909248,11.478120225595033,498.6717689193903
1221,548.1907695847046,555.446609199096,11.588442441227187,563.900026288626
1709,562.799732675612,569.5149491768193,13.042676431020313,588.6505480591806
1707,668.7898082006404,674.1551520818343,15.449479499582027,680.0544471431488
1302,816.5605809494218,823.3815407171888,14.366755804357659,830.766546042169
1936,821.7185305068346,829.0330369965792,13.04851765810777,858.6345995978376
1373,881.8894607353775,889.1058879871944,11.100687785956964,897.9865664763065
1696,923.0281442972591,930.2123445661182,11.74784593958578,948.5524764418598
1461,959.5934701742317,966.5437603002113,11.869873178885207,973.8900538176537
1465,1047.8897998585924,1053.5556883521276,14.403408438301053,1059.517245012774
1457,1128.9025060061592,1136.087497997178,12.619120995498154,1143.3119019024837
1458,1147.4922643787395,1154.0204179773066,13.101865788737236,1160.8582078281813
1690,1298.8701632138177,1305.4710629722097,12.362335141630398,1312.772663602255
1466,1319.813453831785,1327.4539402755013,11.259896957402296,1335.5211895170337
1684,1378.6924910449143,1384.6033358693478,14.844734097952282,1407.2434095186654
1683,1462.1347037072946,1468.5077986468125,13.044024917178424,1491.1214295086854
1706,1649.2087003282363,1656.5402798345017,11.25908861561207,1668.0918420616695
1929,1806.9010599082005,1813.5347569677522,12.783712793461516,1821.713315646432
1691,1839.182197358615,1847.4666986622872,9.494609565838921,1856.0651298408284
1460,1848.8144823289542,1855.3643504225934,13.918718240428468,1861.7701496366365
3684,2003.9277227703108,2011.0086330034587,12.482699322983569,2020.101782482297
1934,2075.439814061977,2082.2911743825002,13.564788935247948,2089.9676936947576
3460,2208.9629161130038,2216.52275155925,11.27808312741434,2224.2822876190294
3452,2388.51672067216,2396.2171393469853,11.530506848366588,2403.76621443191
3461,2491.1702641602687,2498.234804648734,12.269144572626974,2505.6118095905767
3375,2494.868162816562,2502.5083667097915,10.614877948017691,2510.503422204939
3455,2668.9709022165416,2675.4756972379246,13.614118399312813,2682.1520309991793
3386,2838.9030012436833,2846.2030271608473,11.638848419606836,2853.5243736270327
3673,2993.4020204363933,3000.3071016160575,12.475193234351542,3008.875151962737
3676,3005.653257407096,3012.380675461009,12.233708116929135,3021.0505006807525
3689,3083.460904208926,3090.480833728797,12.775449116382582,3098.75896707539
3374,3209.3848584865577,3216.5588598243266,11.72172703635345,3223.8864796149464
3453,3298.560149238492,3305.344528849279,12.835795681900994,3312.435916671304
3369,3300.341959760717,3307.0717071965582,12.324417386683956,3314.142854517541
3296,3536.8545708242063,3545.0198115534513,10.194188598604141,3554.833785101512
3457,3558.736424500204,3566.0421856947464,12.727914464787371,3573.033373369644
3388,3569.034056579601,3575.5179769698375,13.295488325350933,3582.3627005857097
3391,3659.383330398495,3666.426697700949,11.714581348119808,3673.744570177554
3696,3702.647168652133,3709.1896000396246,13.61361130965856,3738.630415597792
5956,3965.1207342028733,3972.127407037564,12.867262854296275,3981.0508271087238
5680,4071.098265197316,4077.134038711027,14.902707033428003,4084.7194264506747
5466,4108.9252834314975,4115.327416096248,13.526254193616017,4122.117883874079
5677,4174.026172068523,4180.571278084395,12.8558512655459,4188.644236071252
5463,4197.046515033821,4202.481588093605,16.097523312453564,4208.059966848866
5455,4566.825900616794,4573.027477368012,14.056192701729508,4579.776058959531
5377,4738.256257522381,4744.434249424829,13.996643182016719,4751.059379313708
5391,4830.571628347061,4838.369173642359,10.84085287994806,4846.465160761249
5690,4971.0940413716535,4977.010085204749,14.511320497044748,4984.758068833562
5385,5008.950471473459,5015.472124424406,12.480057835833142,5022.35863561077
5454,5101.102061549562,5109.268473830945,9.884620110293882,5118.033745959714
5230,5135.737520745968,5142.273432630005,12.529070959875101,5149.801898051488
5699,5161.7795370207405,5168.205970265701,13.152704113176993,5178.3678892417065
5462,5179.239349873273,5186.529124398696,11.499705718215893,5194.201147474499
5460,5188.7523190110405,5195.141518291014,12.963774654379277,5201.718548079205
5928,5405.260949942455,5412.166643284625,13.721036209031821,5419.97324674405
5378,5457.298215031241,5462.553941740391,16.55614198048546,5467.977733430233
7300,5586.662355798036,5593.500634032148,14.1661249086273,5600.798826770528
7379,5910.666835716692,5918.47985562758,11.358337088653366,5926.5706557654685
7303,5943.521821409102,5950.426766081848,13.609246481335877,5958.511299177426
7458,5999.15695695709,6006.172506184014,12.172572374662254,6013.454957431954
7704,6032.883347367573,6041.183384030703,11.252108648322457,6050.79007088533
7697,6042.513636773567,6048.487957325028,14.531375847827633,6078.345564291563
7375,6168.772355372926,6175.467771619152,13.99469502781885,6181.737763777331
7464,6179.29981943493,6185.416353684712,13.957762290324913,6191.811650532148
7457,6273.484662159569,6280.502445070948,11.64983714771264,6287.7987970017975
7384,6349.293184948629,6356.494430146185,12.315105129325339,6363.889867942598
7467,6358.212318291457,6364.498753174688,13.36825166014685,6371.013584396206
7941,6398.022989069998,6405.148702783054,11.868326636458434,6440.162696281137
7928,6482.897240736074,6490.485474291247,12.191649677140333,6498.600428804379
7386,6538.745153698693,6545.168059152651,12.990385638341786,6551.740226626534
7684,6695.185551883812,6702.384636713991,11.728258226655672,6710.1824705004165
7459,6899.930233025083,6907.367085184295,11.073951996100998,6915.023596270266
7465,6915.622779421242,6924.3643876940505,9.473073982638962,6978.129193029209
7950,7022.929558942867,7030.1985827463,13.034349159232146,7038.347880150879
7937,7025.380170378284,7032.435302560633,12.499424098120679,7071.196980295861
7373,7087.077949908053,7093.286393939012,13.658130871307291,7099.6842620753105
7932,7112.845396606138,7120.198631123799,12.5804149686296,7127.928097772585
7220,7203.525164750569,7212.275043602978,10.050738984159146,7248.568077071874
7938,7473.113519138993,7481.112076430453,10.715401149737817,7489.826141537757
