360,274.08269579408824,280.1076466506583,14.57531375575281,286.45890999399023
362,363.5878084420865,370.00152647445617,12.404242337467055,376.9321984651293
338,640.0068881227793,645.5391785534817,14.093125130791892,651.9669804572156
394,999.234890072819,1004.5876390951825,14.090340093278552,1010.8968498548049
326,1358.339387994106,1365.1905024374962,10.369986070963176,1372.8322860896978
2368,2077.7742385826177,2084.297273249263,12.008913079582069,2091.7054993136544
2360,3607.6106980897157,3615.3768874853813,9.267143001331409,3623.654349502562
4307,3785.6657938906014,3792.1291331327566,12.446377467628828,3799.5466348795458
4360,3876.4524268510304,3883.085997410146,12.90235293009509,3890.049384663052
4320,4323.593387787524,4329.66358184686,15.126375548187658,4335.982559685054
4308,4685.927461156167,4692.002656578408,13.049847492392896,4698.770973134607
4391,5315.850397351469,5322.160877192848,12.952533163042709,5328.986576259487
4356,5407.08475543496,5414.125429083009,10.891992810092377,5421.544858683012
4353,5412.2619347595755,5418.189422875896,14.872979143159904,5448.225836404279
6334,5496.6296927067315,5502.645828757669,15.14555137040044,5508.908511171787
6382,5583.428186376398,5589.575854509549,13.470196388018765,5595.948988970752
6364,5857.773073937523,5863.492649727836,13.341302396512646,5869.776271078027
6341,6130.653766462451,6136.624081615093,13.318198729661052,6143.361876055443
6296,6136.4345941752035,6143.0002277762915,11.495722924104998,6168.300018689547
6346,6580.0732532339825,6587.02364496337,11.70919947404093,6618.2563138711
6394,7026.9722195444965,7033.328303475275,13.59267012162195,7039.912698814694
6323,7113.57667358263,7120.410510839938,12.488567851208122,7127.452153424967
