423,243.4416712073522,246.3543240795828,14.362710668110829,249.58780833877614
1999,251.64646604097334,255.37504957940044,12.29546051383118,258.7276650657707
923,258.60197677616435,262.4940915246136,10.604650206733425,266.2397250766142
936,275.4935486684996,278.61710387290714,13.905677646268805,281.60908988447363
2002,283.49135833593397,287.2336084633426,11.294292534118041,291.0172720463632
1941,437.57757220514037,441.3394513605772,13.984028192080254,444.3422744254383
944,837.5254913669245,841.0287993577391,12.778673155025642,844.3783892297879
941,848.6902131816709,852.1350825695044,12.442395635647804,855.5580333060083
685,974.0779312356209,977.5059884830953,12.549908562038977,980.8503137659186
661,1053.198156798361,1056.1502832569072,14.946440641536155,1059.4098345410916
1964,1167.1639697793066,1170.5897970921592,12.350261328664685,1174.0059518610262
680,1240.9066311171023,1244.1353782156414,12.916749184456933,1247.6472342780753
686,1330.7311863753243,1334.51348032205,10.78114775249808,1338.3251959799709
667,1603.3645644563162,1606.6170283543531,14.116169644632764,1609.640912524467
676,1691.9489394724703,1695.47107006322,12.376097396144797,1699.1075934538978
934,1848.3663147949069,1853.2802280574663,9.336075891212316,1857.9385254402525
3995,2237.73484609202,2241.4432619847325,11.030230365455138,2245.052864535731
3945,2377.9923489118014,2381.488992163905,12.303243872732201,2384.835424825247
2936,2591.004133306492,2594.4820364277666,12.57867398366926,2598.4956676105844
2943,3043.576314638033,3047.2915235778,11.778292897776474,3051.105484615201
3752,3207.0282554552296,3210.410821537123,13.086320087997821,3213.6944928866683
2937,3221.5110102558688,3225.055356713844,13.245197843270521,3228.326702902343
2416,3321.702063264748,3325.3035865105758,13.613539161648909,3328.3288280567126
2427,3324.129399460589,3328.0218482161317,13.470771647232901,3331.400982851654
2949,3345.697557699778,3349.165198745355,12.275641619110084,3352.7973922114784
3927,3358.6801415030386,3362.4880692445304,13.164454739834719,3366.4389807300063
3966,3490.914144611305,3494.4914282220852,11.637928887592732,3498.033346755348
4433,3950.489663093792,3954.2063824305146,11.344688677076526,3957.830244104109
4673,3960.216520617682,3964.122892059116,11.766233663566846,3967.8565657803756
4434,4300.873540822658,4304.151372760049,12.826781347435695,4308.333714125637
4439,4302.703257587844,4306.024617659283,13.189798399360669,4310.582294078363
4934,4305.785351603729,4309.311057563938,12.508531821887054,4313.475427917194
4432,4307.521397918683,4311.061023027211,11.359466847693353,4315.4546053134545
4686,4405.621087342762,4409.528952376262,11.33025188170208,4413.421304031302
5962,4477.295146268184,4481.0795151276225,11.549828942596754,4484.6727349803
4406,4485.835415751307,4490.111599695028,9.381048741161996,4494.542717471067
4660,4487.762425377807,4492.122689456479,10.04766779766606,4497.312607769098
4689,4660.512363769979,4664.367339151383,11.20831521897715,4668.080499804705
4411,4662.384526272218,4666.21064049883,11.116994524010277,4670.356002567672
5994,4678.42780758754,4682.4156063926675,10.794019876756831,4686.189287994621
4688,4846.643716289997,4850.107307405316,13.07510311289905,4853.426940192895
4678,5027.841086647168,5031.298011370082,12.995323578182802,5034.636190775392
4666,5029.609956660165,5033.02660741376,13.432411770361407,5036.3529007555735
4961,5118.445903136038,5122.011233045118,12.13556020322926,5125.523470715797
7976,5502.887290765767,5506.4243322649645,12.820226496856687,5509.895229245012
6949,5520.715255949265,5525.3527863491445,8.856180788054322,5529.9429779741395
6688,5569.396017541736,5573.280521419517,11.743532899609122,5577.112013310082
6445,5653.624388067903,5657.553045328484,11.45125823956017,5661.426526399736
6426,5657.463643282763,5661.20393700299,10.638328975250474,5666.436886386882
6941,6071.844365560535,6076.074261695842,10.339328553575703,6080.143197085727
6675,6193.587466115737,6197.089726185627,12.921703702187923,6200.6014324677635
7965,6198.8832669448775,6202.006352951628,13.980798519602816,6205.072895218775
7991,6209.510882452298,6212.244888459293,16.03148802029108,6214.888815017137
6951,6405.1557401533,6408.476289872803,12.882504411789087,6411.790979514134
6686,6469.280757839117,6473.119902384252,11.824822697201903,6476.836582772901
6438,6731.749470102576,6735.250788378375,11.998305740095208,6738.791490150259
7937,6739.43591431122,6743.124877153324,12.88775226026637,6747.411686535226
7961,6771.282825526095,6775.102139815366,11.307469450721333,6778.804378700065
7750,6781.698635484604,6785.172130519365,12.877420018235933,6788.747054105407
6926,6821.940294493663,6825.544333525148,11.363597896590454,6829.2179680124145
6947,6959.85902105948,6964.110452387192,10.837654411034807,6968.450494557844
