931,377.951307756425,384.2718621692729,13.665042992603441,391.94790977696584
1166,995.1216369021523,1003.0284558450301,10.95443611865288,1011.1650140416825
1116,1043.25358193457,1049.0749733388793,16.056781974686277,1056.2658633200388
1049,1233.3751092626087,1240.0994058187453,13.906292656538781,1260.3741518374968
1052,1334.0817702965135,1340.3288924044355,14.181796044480322,1346.7767624917092
935,1384.6335328069174,1392.1841472816827,12.51466309640875,1399.7674926032494
933,1403.0857240118094,1411.0383503261955,11.061180846110865,1420.0668831491796
1179,1753.8540294318395,1760.0809636709591,14.103549478650429,1789.2054776560756
1184,1787.5383055091086,1794.449410918837,13.121080959039073,1801.4726704156951
3095,2083.9335088150283,2092.413919714802,11.201545124131325,2102.5293213806763
2926,2141.6651649999953,2149.0074599753543,12.114652230883033,2157.9662095097337
2928,2627.665352305323,2636.4524443708005,10.08847404761716,2645.644538161236
2922,2712.473594519229,2719.075193479835,13.99450496701008,2725.853776009739
3156,2829.233189589515,2836.305444698992,12.190159684581994,2843.5079018450806
3174,3214.896491597861,3221.315862145616,14.656333211582604,3237.686864487313
2782,3458.0,3465.222570654876,13.687870924561976,3472.8190797154066
3044,3505.7499105071206,3512.541649865698,12.923952072703194,3519.509805611506
5159,4131.144015747602,4137.491277341462,13.991689547334676,4146.025309781302
4945,4245.269810013226,4251.188935088365,14.827934226102526,4258.701868606115
4957,4319.091619784785,4325.413089972842,14.25916547024189,4333.577427392023
5114,4506.904019468383,4515.253154667336,10.339857615119756,4524.796713189449
5046,4670.1669080483025,4676.033431936775,15.62560753043568,4691.939072402002
5164,4698.566997184244,4705.137855546693,13.166125445064973,4711.985865433911
5150,4833.218427894509,4839.603553574523,13.536024589673644,4846.268000769082
5045,5281.660453351687,5288.568610888954,12.769007823254722,5295.640156893487
7140,5522.466767132298,5529.04027634461,13.928145197618703,5537.179168407755
7155,5996.342585499035,6003.576558570326,12.64105736244326,6011.237349782274
6928,6206.181501461947,6212.060120396134,15.105726104284367,6218.012035617987
7170,6216.993326725602,6225.427646525021,10.601574446374933,6234.030702859238
7145,6785.3489938101175,6792.003462846506,13.699059839495597,6798.837723521486
7136,7046.964830316781,7053.257507453954,13.591469596491551,7060.825136424246
6831,7124.083769286129,7131.5872729360335,12.928366903642077,7138.863112363353
6952,7127.949641851003,7134.286243650056,14.801723662741798,7140.833248872052
