1645,324.8654908566369,329.08241645417274,11.440255740989603,333.4611849265712
1245,409.2392743883411,413.1554680547953,14.018420050864021,416.47712262422914
1262,411.1430357159815,415.43834026137193,11.649105094571354,419.6764340438366
1407,413.083827696233,417.3136627494307,11.099795353640316,421.5651059814062
1409,414.9056591624769,419.2078725229018,11.403427600621084,423.3645590364433
1413,416.8426215710545,421.07683629579725,11.880479626987476,425.25727907868577
1546,500.9706961815295,506.02286149449503,9.395950073516076,511.3102629159927
1415,503.27036388163253,508.0850429409839,9.283774202338428,513.3476498103338
1570,592.550098815799,596.4547121811593,12.124344946706948,600.3528036140189
1250,704.8795631302886,708.4065022305841,13.88975890314099,711.973999896104
1563,773.0967074618469,777.2915576741387,11.7698344832183,781.6330893559972
1528,868.5127606199028,872.4759915266781,11.035903932266487,876.551336818209
1666,1039.0180405279882,1043.0894310429082,13.958698246365078,1046.5569331597508
1896,1045.6370207122084,1049.322105687175,13.35292012107464,1052.9715587296537
1571,1164.7820705408205,1168.5170961144067,12.87642067152826,1173.2087353430684
1550,1219.060797523546,1223.081243773347,13.080724634829982,1226.7229735784986
1380,1236.3906116095045,1241.0027904415035,10.320921128529662,1245.6805987502544
1906,1243.3087184514059,1248.0245818798548,10.758513889406764,1252.4612307955658
1239,1311.359010953804,1315.5746832976708,12.92598456554997,1319.5660204022856
1552,1313.4795097996018,1317.3430609971635,11.82397309599988,1321.3664670787211
1251,1333.6539418741527,1337.0001624427011,14.394071747939767,1340.318652844998
1369,1490.633427625528,1494.5910570435112,13.494630811167793,1498.267286690571
1911,1522.0796944479594,1527.1183664078997,10.220051066401277,1578.555039906746
1551,1580.6910357653335,1584.390581433543,12.69853541787744,1587.9884777570926
1521,1584.3102279777318,1588.0742204488563,11.928062745008182,1591.9938185431056
1646,1672.6805310814877,1677.4293716604964,9.855199157715875,1682.1701902617795
1586,1674.597488193756,1679.3254172725242,9.603580439848146,1684.0790874235743
1405,1676.52906219228,1681.217491671653,10.396295574807306,1685.9870123555756
1436,1785.6089354912285,1789.051093716834,14.04382158868715,1792.482917455781
1894,1793.4892174324038,1797.2467909993181,12.679315692859333,1851.2441448271588
1397,2028.904935623986,2033.0408831514144,12.402497174041132,2036.7940936755801
3584,2063.1014876893537,2067.2792069365833,11.396903249826734,2072.540796771217
3670,2064.9472815485683,2069.0881280373037,11.301996379703453,2118.3509210946454
3653,2119.1264726316276,2123.340873624621,14.519316070941695,2126.730286068227
3645,2390.857914571913,2395.2119160402976,11.176654578333679,2399.548942680359
3518,2392.9440424146387,2397.312884754577,11.542239943385137,2401.5830041547247
3393,2479.824832234181,2484.134724945403,10.951930117993488,2488.3887004503495
3671,2572.6631564108898,2576.525969128227,11.999240214302578,2580.55270757474
3525,2684.897510063152,2689.0831328859686,11.68867566842718,2693.28914608394
3414,2690.3183904866605,2694.192060272652,12.498774654573612,2748.4123899278925
3582,2755.3907630845893,2760.275165294973,9.812421342417718,2765.224541533742
3915,2757.372685196629,2762.3487038635,9.045014810449572,2767.1600388118677
3541,2961.3203702888877,2965.0597273289522,12.579295405909017,3018.7294859590993
3375,3032.6644930154066,3037.132272827418,10.954411219723255,3041.5383807962644
3907,3034.6086969150697,3039.035110929109,11.264313428050833,3043.4431404765155
3665,3038.2022467119336,3042.043611294267,11.908978772877036,3045.9523710432463
3659,3043.5821567385947,3047.3792830746843,12.330041872143891,3051.205044569786
3261,3054.284389277147,3058.1851740997863,13.060501388068236,3062.9971802658306
3407,3201.2043070299255,3205.258848588925,11.1736000666551,3209.383708347147
3527,3203.577710312067,3207.4208980228277,12.85660111427746,3211.199367304041
3913,3377.3280568924615,3382.361538987451,9.60389072753858,3387.4209734670985
3399,3381.375697321674,3386.229919764846,9.073902513126773,3391.291319769924
3918,3387.478930328264,3392.4413438793313,10.542194195727092,3397.0022952872378
3520,3389.4131169031953,3394.381350818774,9.170333332055991,3398.9932192953297
3406,3469.2726092385733,3473.2157771598822,14.78938506142064,3476.5995135174944
3532,3471.207551149595,3475.1354954559965,12.171822313503354,3478.932156014373
3400,3476.733322357872,3480.423970957918,11.45949977390571,3484.1055232367944
3919,3560.647001405721,3564.200839152779,14.135357954914932,3567.5015507160715
3903,3563.148840236991,3567.54329137062,11.306283163834875,3571.926594099002
3396,3580.5109314717192,3584.409236334021,12.687510024029102,3588.23380354647
3642,3582.2358027884125,3586.143961031571,11.959703271405308,3589.990094913976
3419,3648.8682322145723,3653.0840950534944,11.10319355655597,3657.1991113980166
3426,3652.4055009819353,3656.068721690329,12.907364434507356,3659.7122476984396
3598,3658.0817448774746,3662.159892988251,12.220150826653871,3666.1630040803934
3379,3739.231610606214,3743.4880329970038,11.064242344601043,3747.4951694775764
5398,3855.9554491793047,3859.5861074465806,13.776815565105592,3863.211325579229
5907,3859.1509302158856,3863.181953281643,11.747429959615888,3868.8705952530067
5583,3861.2930945640746,3865.369752439642,12.071588948315624,3918.561041870417
5661,3933.143797864835,3938.1161013842484,10.0463952480981,3942.914711501252
5555,3935.1005990847393,3940.108406288923,11.437070813067146,3944.964034062565
5277,3952.869276421675,3957.2470367434553,11.276436428056565,3962.7565730272404
5422,4008.495427554834,4012.486846235317,13.430430185601667,4015.9588529843127
5914,4010.4234442387537,4014.2458189900176,13.633109364685204,4017.6610978556346
5917,4012.582773504019,4016.069722898146,13.901758416584824,4019.5674797523284
5660,4016.6099229198276,4020.117165253495,13.466518131600731,4023.567503292263
5582,4103.070946334836,4107.070765452337,11.856723599329273,4110.978422518576
5428,4199.114412911848,4203.003692648973,12.472632756622893,4206.815185758351
5273,4278.477122253836,4282.552306653794,13.13358967614465,4286.142034872235
5429,4280.606272995209,4284.368369806599,13.365681817744186,4287.982831596206
5266,4282.986872410644,4286.33535457588,13.8211863866021,4289.780290211749
5241,4463.448502719283,4467.18882665934,11.67010743187215,4471.058551584368
5526,4548.696633254739,4552.469402307665,13.457313199471875,4556.2267088036715
5896,4728.727748891136,4733.113833039866,11.248073613814876,4737.254760608659
5260,4820.488756766342,4824.353707527693,13.392849776520949,4827.928376320247
5550,4910.486629773543,4914.471196643993,11.931109300424698,4918.256288927337
5253,4936.4604966786765,4940.253041672475,12.679535680779589,4944.995051430513
5400,5098.4049828634015,5102.1442430508,12.239639708095432,5105.8718700942245
5413,5124.8640122661545,5128.141041314732,15.004026621009984,5132.837035222401
5551,5178.618503138237,5182.4580571641445,13.362049288317417,5186.086965713042
5401,5183.444771849047,5188.154411710184,10.271354672790649,5192.746098225297
5392,5268.9230690220775,5273.171435319803,12.667463320695934,5276.870665171514
5393,5275.132027734589,5279.072839715468,11.96353827883264,5283.024086008626
5900,5358.475351445465,5362.3852083080965,14.098060251838207,5365.905465358733
5548,5360.808248341138,5364.35440032949,14.157690499549748,5367.745546143876
5571,5363.0590324382765,5366.4423332400875,14.946059450600181,5369.604686421757
5916,5366.616332807565,5370.308507727837,12.442729437888104,5374.05003068274
5670,5373.040736042776,5376.303606266786,14.476198259112227,5379.646179210988
5906,5456.275736408868,5460.041939904478,12.79445408642268,5463.923797347126
5425,5538.943160781932,5543.367851663818,12.824858930644075,5547.269991732382
5901,5541.0783026218605,5545.2671132232545,11.613177856587265,5549.427642553837
5529,5629.210267216465,5633.303313351492,14.654660057328902,5636.638352309368
5585,5631.300449578311,5635.505953588045,11.994352490995729,5639.382298554143
7659,5639.515372480074,5644.116083588697,9.420642380145917,5648.836818988293
7615,5649.244077884837,5652.466774797835,14.9555012383822,5655.685438344595
7402,5720.685361004348,5724.550382891059,13.073866673679378,5728.296891328738
7899,5722.6390396881025,5727.113574196478,9.774951315304419,5731.759976421552
7893,5908.953407635865,5912.461326588097,11.36049027534742,5916.729251260663
7395,5910.719386345556,5914.297054822881,12.180740426726636,5918.599791493786
7412,5912.37345039535,5916.030761989922,10.143001365672154,5920.498798044728
7371,5933.210859506572,5937.382767961253,9.678495123545826,5992.940903164415
7244,5988.8427177415815,5993.178620831802,11.936573296817539,5997.224517656989
7435,6086.4268482936795,6090.337032931465,11.075513870963748,6094.34344904238
7241,6106.549115118664,6110.322454213706,13.016124416091397,6115.537706875135
7581,6168.925691982369,6173.17762890055,12.923352851394503,6176.960166766607
7562,6204.527454767891,6208.247039800803,12.592076610762605,6258.013640625594
7242,6259.20404151483,6263.235542791833,15.051514972705318,6266.559832607114
7401,6261.266178726445,6265.351488538485,12.696111340760885,6269.018087350867
7407,6443.331760705203,6447.3262331006235,11.974548177021827,6451.526669915846
7523,6551.5948379444835,6556.079228561848,10.727375488150683,6560.638020879237
7398,6553.538620545894,6558.026190760854,9.95968331559485,6562.455504099405
7560,6717.0510379939105,6721.527844515108,11.78769222850146,6725.759495595516
7539,6718.785146851406,6723.305107210116,10.568225894681266,6727.591211419521
7548,6720.699796190771,6725.207297344239,9.858207178554048,6729.5516052327175
7517,6724.654865800636,6729.102225700516,11.129811899083611,6733.402307740246
7642,6897.1655276006695,6901.408176750916,11.749003190800659,6905.800704111198
7404,6898.9308957003805,6903.315414630509,10.34256498161505,6907.699483973653
7531,7073.188396348896,7077.05141755008,12.239657500447409,7080.957987596689
7895,7075.672561143858,7079.269422504153,13.99227829897308,7082.878858935588
7425,7080.814632331503,7084.556005599477,12.95279921739132,7088.287618689771
7582,7099.57234486755,7103.4401552107165,12.120457912006747,7108.49752367338
7663,7340.823163025105,7345.0331763470585,11.406729030449306,7349.3337942119015
