1875,171.00048916638056,178.36687919202,14.177022792798661,184.94620877166878
1613,280.9459576376237,288.34753088309225,12.165857409454807,295.7107254470748
1435,296.34919829183696,303.41375952199064,13.299540919332623,310.45467418768476
1888,308.0145508997256,315.0038010293437,14.548519495171883,321.5018712783327
1881,325.05843413729207,332.1264498975307,12.726976636790111,339.0013938906215
1865,381.3538675073028,388.05445203311535,13.858283097006183,394.6087841746187
1867,446.6362409887584,454.2695813610433,11.796764249406271,461.8529738734367
1637,487.8482301302892,495.0314714310932,13.408984752134597,502.19728690070156
1617,665.0227287711662,672.360935224955,13.122592463224928,679.478662804611
1636,730.4209841935294,738.0683720630279,12.508859858815477,745.5755225208375
1882,783.1967435514138,791.4415358815785,11.685701807088604,799.5458753970753
1628,929.3956764495675,936.2153067699477,14.333067543584539,942.6219710492213
1633,994.5554019308969,1002.3209520397737,12.008495423318054,1009.9562803426725
1618,996.8774085471701,1007.1476334507565,8.608788973038289,1017.0122077382562
1615,1392.7160372480034,1401.3432561947375,11.328629828649186,1409.8408407517704
1869,1424.7156684835734,1432.0528040135139,14.899617460152609,1438.298672432726
1871,1501.097434810987,1509.2132782737526,11.272765209118853,1517.215086624387
1438,1592.8041921250422,1599.3098070501246,15.022694100399775,1605.6372980730196
1876,1773.4228362288502,1779.6456095553876,15.197227403627702,1785.7130330053014
1442,1795.3067165220198,1801.5594173269915,15.105422404955242,1807.6737933035306
1883,1952.8163849889659,1960.5282088383894,13.198718301670576,1967.3125828021884
3049,2031.2113331312555,2038.3075537372074,12.950265773346176,2045.1615019553112
3870,2038.3098257942213,2044.617604603596,14.395949526094943,2050.6254420453765
1625,2079.034353168045,2087.0851363001316,12.141696526194771,2094.8887911102443
3044,2100.9386417805167,2107.2352648691535,15.224537662362259,2113.3925223919073
3290,2183.047732016212,2190.4623711332647,12.27553458986631,2197.654540000177
3874,2361.7111036354618,2368.580655964867,13.404853789843184,2375.491816392023
3289,2400.790370742687,2407.497196386196,13.069895201287268,2414.376721673541
3863,2425.6632445463642,2433.5389429035713,11.556268631477062,2441.1664082566244
3885,2481.0521979843697,2489.2049111958067,11.959333861190917,2496.7523730199837
3441,2513.005827315188,2521.270009655352,10.959286150714949,2529.309905592772
3047,2549.6731311345934,2559.012343460513,9.509101594782754,2568.207937638913
3883,2615.6752689219165,2623.1178473063933,12.83398379311422,2630.368196179198
3624,2644.734561211173,2652.2623529252155,12.345055417766996,2659.4949508232867
3875,2679.1846379064996,2687.30658615445,11.895717720857897,2694.888238341723
3442,2926.912501203574,2934.1698888741653,13.486055585837514,2941.3622969035446
3889,3030.469702931971,3037.3499605287775,13.758601639583494,3044.0077999476775
3621,3111.990067770498,3119.400078948031,12.362822548916174,3126.6027551166326
3443,3123.93575024307,3131.3803072332425,11.866875563039194,3138.665536786151
3623,3188.9094954822604,3198.1055863335923,9.85689432366173,3206.9212346975814
3884,3217.1362133731236,3225.082754791696,11.298394801332387,3232.855837890743
3635,3330.020167391202,3336.6231788320874,14.563146525627939,3343.1462359644556
3631,3437.401452969372,3444.4100598213436,13.59206649797728,3451.1290879930693
3640,3455.6999405241004,3463.111302509866,12.849879401111577,3470.380203867776
3868,3483.437341246365,3492.158852563935,10.61031783786526,3500.603294445977
3881,3622.155031497546,3629.210303138005,12.98209540947848,3636.1090249580784
3626,3766.646509990602,3775.019662476424,10.796726795965037,3783.2242501307405
3452,3832.5879229278435,3840.4590400617526,11.497876558372628,3848.0825109765588
5881,4017.789974252343,4025.193666324804,12.9491469223738,4032.508355193257
5451,4228.828830529487,4236.109164267598,12.843674446568908,4243.158008004612
5441,4295.456243957854,4303.090852175949,12.708791697083354,4310.409139919223
5045,4466.933299189413,4475.340507174297,11.653231850418218,4483.310379905875
5882,4469.040454322432,4478.302296542341,10.416465187219778,4487.200220742858
5629,4637.7704629404,4646.297270800066,10.222536789999648,4654.639815329251
5631,4840.070226049218,4846.520668402717,14.454408858109252,4852.861537960851
5884,4857.081977755727,4866.338729529781,10.738073949495979,4875.052777526367
5624,4907.480588331282,4914.278171751407,13.65690909873932,4920.772963528372
5878,4929.085496468182,4936.114729985465,13.428803210884427,4943.007986560062
5871,4989.004513339278,4997.382917598264,11.590852876549006,5004.830796441375
5883,5121.16885491381,5130.204190830886,11.258282522011545,5138.730732986105
5626,5152.632718890469,5161.057119877693,11.5331868060382,5169.351423586824
5627,5218.624651972672,5227.240491140967,11.186524930148817,5235.713025632747
7042,5654.143975179812,5661.095189151718,13.853933483978963,5667.523356938126
7616,5681.336017187817,5689.506859928538,12.078417641275033,5697.407705986792
7279,5879.0379102762445,5885.609761053899,14.624428271987982,5891.964461530929
7869,5979.066547746436,5987.039598641813,12.835183565362978,5994.307391389607
7447,6009.438817472483,6016.439874761387,12.87253512600234,6023.226025596553
7278,6034.051407246629,6042.01096344447,12.426633812354847,6049.709333187358
7883,6247.668556575864,6255.174180768395,13.048726690084955,6262.204816152861
7866,6255.555826702436,6263.079687523459,12.78503471244802,6270.569536663495
7872,6379.768967986876,6387.394935168469,12.839816465521363,6394.397620750071
7868,6447.670248735872,6455.341575788161,12.26561177282679,6462.841745084077
7881,6641.320483491411,6649.351829374729,11.856869028738402,6656.972542012213
7435,6935.462414903473,6943.300653478365,11.54996505084735,6950.850560486857
7614,7001.215255184853,7009.380837138233,11.40520966622578,7017.277895921849
7437,7005.49594920143,7013.036409635506,12.431039663650635,7020.306843050043
7277,7094.048105621196,7102.2627656985715,11.830987565092352,7110.2223010144335
7629,7265.586463490931,7273.337138823024,12.263133518770514,7281.044733210154
7621,7332.639062396998,7341.274730372657,10.70957986803157,7349.6011649487555
