1528,118.38285500916561,125.4827348171519,13.0296753599856,133.4585395037855
1542,187.7426247060874,195.27724290211873,12.583229237083097,202.11361121490754
1552,189.83922651597942,197.02370304574242,13.759953808676102,203.85865708818898
1861,325.25579765398743,333.46778444789953,10.763254917683154,342.0573282143142
1834,327.21546778296636,335.4031613491551,10.91057755897338,355.2747416002195
1787,394.77223921171503,402.56041724235683,11.756924646336692,410.81560711247715
1582,465.2896104984922,472.2935900194389,12.724752019687342,479.89757856271444
1838,606.9979893778662,613.5027004732199,11.86496972144671,620.9210979108246
1585,670.2390110346926,678.040933464673,11.47347484807938,686.701587805258
1548,810.1980832552284,817.0547192962539,13.697443389638678,823.5532811317105
1780,814.0447000954401,821.3542750025665,12.489562536546359,828.160349559077
1789,817.2343435556725,824.3683814033432,13.108404696941387,832.611952370291
1592,881.1192264209124,888.2446419756255,13.036409364138251,895.1416781334984
1522,883.1854387377036,890.0129129671333,11.631622928372503,896.9132471077214
1783,1015.3632052977283,1023.4518446120717,11.253888619955198,1031.8426851621662
1824,1023.4536264785384,1031.4241022939823,11.729162915994447,1061.7431394919095
1799,1025.2705222220345,1033.1697415645376,11.432978532160616,1063.8456725916044
1580,1084.6489049487416,1093.2132468992288,10.301742899554466,1102.2089239987897
1511,1293.6957981956334,1301.1258489167574,12.89746433035373,1309.0737283918922
1570,1363.0222856567502,1370.26290639746,13.17718349131111,1378.5948512739315
1775,1376.2736199218355,1383.277127302131,12.300565218276512,1411.811118622042
1805,1439.6880586308728,1448.2685545454585,10.473470736172263,1457.3183843325505
1782,1441.5566157136147,1450.1722417268606,10.88320105940212,1499.620614269426
1517,1567.6113471992917,1576.4589136413372,10.066221355628233,1584.754178728695
1813,1780.419009011725,1788.4743456455833,11.312323466505202,1796.0097558750494
3564,1912.2120042522151,1919.39321291797,12.535536300800606,1927.3402532156365
1786,1914.6601486131228,1922.1139424228213,12.611080245451786,1939.408299532604
1770,1918.9320340197341,1926.30488144301,11.74097514269501,1941.8516794847365
1553,1985.6268692840586,1995.4421102159392,9.295712379868062,2027.1171475040965
3774,1989.560097418329,1999.4472626306629,9.284016634818379,2031.9008951694968
3588,2050.38632748254,2058.184199134028,11.03616606737469,2066.7882364342413
3571,2054.111281228728,2062.146966242156,11.273781469650975,2115.078469864002
3561,2121.619177108765,2131.1371994594565,9.176285955967913,2140.176148423505
3920,2194.4937836186878,2202.540274315263,11.55966285345355,2210.564634033531
3537,2399.6838606616852,2407.435921296089,13.274072174447335,2416.2609781076962
3548,2534.060939839832,2541.0478837835185,13.023825840619706,2549.205870880445
3812,2606.688478712082,2615.1362586389628,11.003827989573804,2643.489556077812
3532,2670.9884713457986,2677.414478415095,14.358158561487166,2684.5137111920053
3573,2673.023494904035,2680.3344296649707,13.02389648134826,2731.732247254021
3769,2744.6534233634334,2751.520560349444,13.258501380673863,2758.0056593466984
3824,2746.4392721015183,2754.1973672355653,11.827737470791163,2761.8176544446146
3575,2809.648432804545,2816.3479202520275,14.028077869701614,2822.539050550206
3918,2888.00379197239,2895.276942697293,11.959051191955682,2909.647645392778
3768,2949.796399766418,2957.4353180976223,12.738428595281238,2995.809354300149
3783,3022.6208571055827,3029.4225138396446,11.60606104304092,3085.6988363160285
3591,3091.2870576048213,3098.593604131183,12.770483599486903,3105.5999051517842
3821,3095.842364720102,3104.260438660589,10.32487842015836,3112.2575664968936
3820,3097.7996040208723,3106.086635971487,10.916243626851067,3114.1306915313385
3795,3160.7482699784105,3167.4451584994727,13.130330408528971,3173.869313650117
3792,3162.768931696193,3170.2860395480575,12.129247525987191,3177.4840570473934
3565,3223.4142086411816,3230.481173236654,13.044812923493133,3237.8085147705456
3828,3296.402114949396,3304.03455176213,12.44451386662364,3347.162023245343
3804,3435.154648341903,3442.0775767977834,12.851417357459528,3448.7936757096527
3589,3499.7582918666435,3508.453006749509,11.317208779544487,3517.3597173934295
3585,3577.269165822821,3584.247972022683,12.625983021782334,3611.376638731489
3553,3637.511809625949,3646.3971470534393,10.375803085677124,3656.226412899826
3517,3641.9092276662004,3650.372785973805,9.01547351081226,3702.235743351673
3594,3706.943509880241,3713.1529008211533,15.292305099751129,3718.616989207131
5609,3714.404802094481,3721.3670486353253,12.676745512805725,3727.9312172128894
3563,3777.599595272293,3784.350546045976,13.7839248105304,3790.592148223094
5782,3844.314803989481,3852.1154680155328,11.249057566995626,3860.779918561444
5570,3917.4301360045047,3924.380421945009,13.047077783425987,3931.889577018036
5793,3984.2878900086794,3992.3367358163164,11.674560338536752,4000.901355807388
5569,3986.040819792716,3994.150414275359,11.157486784010437,4051.753366827784
5777,4258.565265291304,4267.314390377016,9.963234512320033,4276.594548482498
5558,4262.195476033801,4269.292102036001,11.051206670363683,4315.26733277665
5576,4269.654717440142,4277.392266844859,11.66083654961074,4322.478015901881
5645,4536.367214016264,4545.0359636575695,10.819559298304453,4579.153223627758
5571,4543.013973056758,4552.0935762442505,10.075031754206995,4581.662288908633
5567,4545.091030059566,4554.08464050553,11.434890086090245,4584.2932167265
5783,4605.506708230034,4612.229201001281,13.653353015978896,4619.792870657549
5780,4672.109375421571,4679.2586400903465,12.670208468135616,4685.8545871983015
5534,4680.197558172907,4687.411165519178,11.118722716097366,4694.605239707734
5792,4687.9967464696565,4694.191763104329,14.940053597336394,4700.149556388129
5786,4741.448774866221,4748.522688848874,13.492112360320661,4754.970502444675
5805,4743.39222801025,4750.315798561999,13.051944907191562,4756.709137517833
5521,4745.262856336767,4752.3907985207425,12.960262804832286,4759.183147243453
5829,4810.334723245129,4820.393002928833,9.192997335413342,4830.680531761076
5797,4812.722279493439,4822.464634832956,9.384600088569316,4843.224000011928
5776,4822.508007101135,4828.587240136355,14.836153975805313,4847.916632478845
5553,4881.348082461578,4889.491571098674,10.779687941646687,4931.179601627095
5611,4883.218385662798,4891.35175094795,9.739275260550034,4933.861730484752
5568,4886.898164799675,4893.455668010825,13.349375335914576,4936.274712472742
5561,4888.675510651048,4895.40062028516,11.46444776671748,4938.362143794302
5538,4890.811769231973,4899.069049162122,11.064414075723207,4940.503308850661
5773,4950.3844109224,4957.513050039672,12.245521785882563,4964.238195851285
5529,5155.6452094982815,5163.36129275371,12.190769240256163,5171.868224633382
5787,5224.780970004144,5231.1438626477675,14.626516666436972,5238.204311343467
5587,5230.466632816566,5237.004504171862,13.173390123282894,5283.551120444396
5591,5299.129414099471,5306.303011289191,12.090039956441329,5313.228608583933
5597,5300.911777258162,5308.043719170994,11.111240388780512,5314.948427873183
5854,5431.506648715649,5440.485429290133,10.576819757060871,5450.223716956072
5655,5433.480719830402,5442.389913841092,11.139263929117801,5459.516568799059
5551,5435.445002573885,5444.262286906797,9.206990863878197,5461.8565350714425
7790,5583.237334536263,5591.299388725267,11.446786147410013,5646.573755508174
7568,5713.244976977187,5721.2681380791455,11.869620502257856,5728.7742346757
7528,5715.552278080943,5723.120475765568,11.153436977833028,5730.670811113197
7794,5776.283646722815,5785.418106080249,9.308980413881462,5794.773696402285
7563,5786.342824571018,5793.3788785901515,12.149741081142666,5811.580015418345
7789,5924.873026457373,5932.43548935376,11.813190517578795,5941.154107760846
7520,6125.208881051739,6132.302007727904,12.53891809072888,6163.16363882039
7846,6127.255439015177,6134.08961999501,12.755367020319728,6165.652468086562
7606,6397.7996360237585,6406.408355190911,10.61418809838258,6415.196629785868
7560,6470.456872521989,6477.246824979123,13.099135391303912,6515.666222045608
7591,6811.264626740718,6818.3378121214155,13.293285876606127,6826.377194768429
7604,6813.096328391866,6820.167076929405,13.144050047517199,6867.429130438576
7561,6820.824980425749,6827.581468696685,13.909863118204623,6872.317586932339
7580,6882.456119942036,6891.196512087569,10.564159031761958,6899.567494328862
7602,6884.563169314766,6893.12764648546,9.897099530280334,6901.529677619515
7559,6953.879773842788,6961.376528960144,12.062702061306572,6968.529018428115
7570,7018.364401190561,7025.247251712624,13.503170180670722,7032.633220963967
7587,7233.588061956302,7240.3709328163295,13.475311582160229,7247.13063256762
7533,7235.5808369126735,7243.418222966179,11.378143220888578,7250.920120810387
7762,7310.534836840429,7319.412610346211,10.799443026759953,7328.0441516388355
