1645,353.5849860950281,360.2574412212647,14.28115228574438,366.66163778829997
1057,387.79381409540366,396.35046107252566,11.195686033585591,404.8427995968908
1629,416.80617262151475,423.34782218871305,14.710228469401265,429.6779857374654
1631,420.4227492419828,427.55600508550003,13.582374485486683,434.54582025463554
1449,1021.5396224030014,1028.2644369145992,13.918839124634843,1034.9077766189353
1451,1060.8780135227473,1069.3052141637916,11.071947401327616,1077.6189214047452
1300,1086.829274226447,1094.4192090987,12.14429823599736,1101.7493186582697
1892,1229.5683559665083,1237.4035916088153,13.413489018995019,1244.4483520032643
1639,1330.1685083200914,1340.0019082022927,10.159062989843186,1349.411241487838
1881,1691.8880240275998,1699.3782393624044,13.43093517926082,1706.2349246632257
1650,1869.5049407402614,1877.0270340045174,12.892923575234727,1884.3620827622208
1638,2074.339153524446,2081.36972437046,13.715579740548094,2088.291204884646
3633,2182.9930845272725,2191.058915633896,11.11622658587297,2198.853563393783
3622,2314.946961917484,2321.597098798259,14.001756670095272,2327.8533030721746
3886,2425.279703742506,2432.419289443034,14.398190754720677,2439.0285407966917
3616,2578.725717457109,2587.472227512729,10.274614562898842,2596.150814234478
3436,2651.081055719286,2659.5213698938187,11.283455049928634,2667.6299893098917
3890,2694.00931722238,2700.387547564759,15.329725425120948,2706.4420715419956
3883,2700.943717665,2707.530376486272,13.785690745209015,2713.957183437565
3876,2819.4036077890623,2827.4681939608067,13.206554987488797,2834.552191902622
3049,2825.697502947118,2833.0538791065956,13.555434604656481,2839.926856940998
3279,2842.4424363771177,2850.485017434557,11.896785789593963,2858.4671477181473
3882,2947.7061688990093,2955.176711142911,13.126895344191832,2962.165612386209
3868,2953.6200465066195,2960.5486446822542,13.839089899630885,2967.085326358603
3291,2975.2300409669347,2982.116572337167,13.37747952363792,2988.579138155087
3448,3113.9127224565364,3122.5112090422003,10.96161485661553,3131.0350581997227
3619,3250.950245560644,3259.1434676902727,11.405411308526164,3267.197839618489
3617,3396.512833010923,3403.239049425753,14.178273466043715,3409.80868611242
3866,3404.8422983061905,3412.072173194143,15.565424001393547,3417.853694575704
3294,3502.6757868158716,3512.062378844121,9.346026294755342,3521.3288203870243
3045,3673.5084719594806,3680.3157065219816,14.423804399456268,3686.7428076386973
3050,3675.6054453429742,3683.1026468517957,12.60356996631334,3690.263639307138
3292,3709.783595400184,3717.45716668326,11.663010062267766,3725.031205502239
5285,4119.7157858228,4127.0525190346625,12.521467246235748,4134.203134624337
5620,4162.575108143826,4170.001462452317,12.936822796938802,4177.066404343674
5863,4202.982611801917,4210.439844468274,12.54648319444847,4217.629711719065
5281,4256.935619462217,4264.028656525489,12.936457264888322,4271.014350036153
5864,4263.2193045517315,4271.383939605971,12.369252207062617,4278.825273084891
5047,4348.953613005853,4356.226792372098,12.055456457535236,4363.450553111093
5869,4401.542313288612,4408.248657944326,14.641035167111996,4414.464837221386
5876,4473.57755946217,4481.353740624971,11.667456004316215,4488.951959035215
5871,4592.97221906542,4602.001167565762,10.86362539048511,4610.48379232646
5877,4735.439094599872,4742.251321828767,13.062850765402231,4748.818010128521
5282,4889.115738621326,4897.457429000092,11.613150644299793,4905.563957267155
5885,4935.220974376955,4941.250991635114,15.113889298688832,4947.074866107364
5879,5003.693493433306,5011.243305034228,12.680838946916447,5018.6509609406185
5444,5020.757285251851,5028.446748299288,12.090271736787493,5035.9098130416
5043,5066.460472814385,5075.41628510492,11.047345500492705,5083.942275599481
5632,5111.849034165705,5118.322787095544,13.722258400448741,5124.736062539853
5628,5287.155859641674,5295.33436790434,11.460280448583898,5303.2524806782385
5442,5351.314844596012,5360.044778077235,10.21191051899029,5368.782614532049
5866,5465.210677228527,5472.562943924179,13.095218463473842,5479.710636221341
5433,5548.686743748739,5555.173596940653,15.320151561490855,5561.1809868952505
7628,5680.632545062242,5688.527684525526,11.32555512729426,5696.217932820105
7436,5696.577229932677,5702.359911073648,15.839587476471836,5708.040295252294
7049,5921.240780427377,5928.51378302698,12.876078077231751,5935.561545663512
7294,6101.041203371739,6108.346846185698,13.08298016241981,6115.381677631735
7635,6144.698887153662,6151.5973156656655,13.549140488069272,6158.4405405879625
7865,6177.2649116154425,6187.370332799608,8.795077619717556,6197.07855421665
7871,6193.7079218197805,6202.146523414625,11.303992178560655,6209.975143658584
7618,6299.214336871194,6306.317678789987,13.064103293010612,6313.199822872697
7627,6350.928082451902,6357.589517974791,14.433261093678954,6364.157850815678
7879,6441.102418053539,6449.133914658675,12.043589900108572,6456.5464326431165
7631,6499.314019276232,6507.439890221327,11.926486473847929,6515.171358652579
7619,6628.308163536795,6635.297416016944,13.740112103650446,6642.12512867658
7885,6722.1300546457205,6729.26012846463,12.775460900716846,6736.120708817657
7615,6869.262358829758,6876.211261257682,14.372630970300593,6882.720171950476
7045,6911.28268269489,6918.313793735393,14.281705178434207,6924.887306939081
7443,6935.315259685101,6943.087969331315,11.959799718736132,6950.3299336759865
7874,6985.136789036248,6992.307052143228,12.554491045176174,6999.317891414879
7630,7132.479058416899,7139.495301966894,14.046125143556287,7146.130298324309
7880,7167.170733189846,7176.140826037808,10.548125463947134,7184.719596390788
7287,7199.199840643757,7206.467555591172,13.530150472957553,7213.3458090478525
7616,7264.786658934868,7272.405167982322,11.76068621016023,7279.918260494391
7632,7330.610012680383,7337.602880200453,13.568267463643357,7344.225570787503
7638,7332.661403644982,7340.00456249137,12.260912211295764,7347.168643862579
7637,7460.963156360631,7469.07851219603,11.515834362647329,7476.905820571929
