1281,139.6246659635542,149.1010973169841,11.631085064299866,161.2745862098413
1388,272.98381153334657,283.07485870632604,12.041177973315715,296.7361414432316
1258,409.2454175552217,420.12345630037413,10.507538546168522,433.9668641371101
1289,861.7353645350125,870.5668291941436,12.690277046656572,882.0493649687827
1449,903.1731063932169,912.1152492729248,14.062932440961715,923.8979906254211
1282,1046.220614172975,1056.0189420827967,11.564987058897362,1068.4683177510053
1420,1085.412424189812,1095.3991726355328,12.086265458355479,1108.8253216446078
1207,1268.0973133782652,1277.2575502081547,12.44578704174221,1289.874450755524
1256,1494.594898915621,1504.4332972028221,11.600222805643437,1516.932933052248
1338,1542.1903173465344,1551.3997589483254,11.752062457528279,1578.2130896651718
1211,1804.1641661541976,1813.508239258601,12.385796736387393,1826.822319432225
1439,1893.1645329070532,1902.3656676217108,14.137296931784093,1913.86332713273
3415,1983.2261685020305,1993.0867839547093,12.200295753124136,2006.9843536236692
3426,2075.6686159272126,2084.426865105352,13.044224260023105,2096.3861550849288
3433,2163.2078300382254,2173.4889159398053,11.327239238847355,2187.592558747066
3270,2301.5606281372575,2311.4785665665945,11.664960642072813,2324.1230095251053
3429,2433.0992771227316,2443.2111725327127,11.572884000082421,2456.7649845590918
3451,2435.2338243273653,2445.061272100889,11.8857299900676,2478.684307480366
3407,2703.0489565064986,2713.1259608596647,11.561351100968489,2726.5605405533574
3192,2796.457544278189,2806.030647083091,11.824603276880488,2819.462792495352
3197,2798.3056358063855,2809.155857512388,10.271860940404673,2838.5946026891324
3405,3062.8993298247483,3073.0321181837985,11.902303772590175,3086.8205953006486
3209,3244.4318316483123,3255.2550200352853,10.95140520067931,3269.7906713159746
3294,3291.778663559958,3303.3438175690276,10.325898332020202,3318.197172652532
3296,3379.7361383931593,3389.367847552829,12.480609100796874,3401.4980422196986
3443,3422.7217524380867,3432.4550519666955,12.220327402798521,3445.7657773287115
3424,3426.9698767336363,3437.502272225448,11.377347544620898,3470.492782226617
3211,3604.323634007929,3613.3648249280172,12.725618338522388,3625.766492326085
5276,3655.1167368678584,3663.586122194986,13.09206001263704,3674.453371782657
5421,3783.3599711177685,3793.172368120857,12.323873974482138,3805.8340579850887
5274,3832.1624056739356,3840.4654164235035,13.708489804241687,3851.1181766544455
5324,3872.431899228703,3881.169335432789,13.343418169852265,3894.1823749751475
5384,3876.015023961067,3886.2870987035735,10.886429202346768,3920.663313124389
5399,3878.4061686517175,3888.151308365193,11.14592228808137,3922.7790929152625
5191,3974.662268235488,3983.536863016882,12.269996971488446,4008.247145751704
5267,4011.5959585915334,4020.4396304060165,12.678217019344793,4031.804753136175
5281,4105.79681219642,4114.503430261257,13.354559724820957,4125.474976879478
5208,4594.186755960043,4603.450164299066,11.662516871332981,4616.879755569785
5269,4731.697623416341,4742.302378120634,11.00887685859579,4755.8673350905565
5186,4954.399795729376,4963.187892123474,13.119060595819839,4974.9568884266955
5245,4999.582848920276,5010.31011399987,10.454669985975158,5023.521568677981
5392,5046.6406661388955,5055.451130693669,13.755930891115456,5066.965719661452
5244,5091.36980391354,5101.179885309543,12.054062641425556,5113.863739675936
5394,5403.17043828331,5412.451179670621,13.614686462838092,5424.743250094993
7433,5587.838681623447,5597.111057675516,11.896833057806262,5628.592837700882
7268,5719.146283489025,5729.039470502078,10.960830932194702,5742.036675131827
7294,5989.67229943507,5998.606558855242,12.825324472893758,6009.679197362409
7400,6213.029220260255,6223.2313334952005,11.584375158688168,6237.79237657703
7255,6263.437992261853,6275.380089835051,9.74297952044451,6290.884725946789
7408,6572.747827595388,6582.494058570049,13.28936204614008,6594.807573793946
7414,6579.891634484619,6589.525338387363,12.415607817241378,6620.660173680569
7245,6709.465135207991,6720.3584729444165,10.505558895001236,6734.693332619143
7254,6889.687191008286,6898.596796884992,13.227282525114072,6909.714300006247
7406,7022.842144069806,7031.612736552163,15.003443744196177,7042.786080699232
7237,7251.511570364471,7259.593694083331,14.41391047611604,7269.493696775874
7269,7255.251958487618,7266.076344786603,11.034456774471973,7279.703425587105
