183,93.72605438070703,99.38661565734779,12.755870661886568,104.87013481307125
575,108.77471626521937,114.12853353641695,13.446567610438994,119.74409611341282
573,124.85520253683998,129.4848162870281,14.496406508736564,134.07254985953205
180,183.6412821520119,189.4344632692866,11.833434972237177,195.02506563869656
561,273.84954188024847,279.55033179869685,13.489281307857215,284.770598803916
630,276.0812245547738,281.6108007153143,13.398225679769771,287.2396421121942
609,288.0990395925091,294.4330640098099,11.534901014846023,300.33135695552807
581,290.04821719990275,296.25935364817536,10.618289043424722,302.94394263706806
577,294.9501193005569,300.3705940197529,13.154190357343545,306.0146313698295
636,743.1452476830233,748.1256696597724,13.038926888815483,753.523322883218
578,814.0326713055236,820.0013142326196,11.916391166247218,825.2120186531694
429,831.1958563053681,837.0029642386017,11.594397198050375,842.660422491486
640,837.5250947497569,843.1527474988959,11.827253798900436,849.0415126841847
422,845.6436494055442,851.449091605938,11.483816469854668,856.9660773146546
628,932.8611862456,939.4274570340897,10.199035140482765,945.7116933863126
649,934.7616606410402,941.3791324438464,10.687250111158106,948.5908378799996
639,1024.537651066083,1029.1103285666065,15.118770198521661,1033.99134477054
382,1083.9523057768058,1090.1746989845446,11.252761239398689,1095.8073743231987
643,1187.3546137047483,1193.0692508685438,12.322444609407933,1198.2415424969963
592,1263.9730874337135,1270.1138151378234,11.586579461206084,1275.753249952139
571,1375.2542689649615,1380.0527861906548,13.761398039236408,1385.0164121891985
579,1550.4649956766166,1555.1687469016736,14.901844611699287,1560.6922592565286
399,1640.4950066820336,1646.0030814549657,12.9876534146747,1651.0630507300743
584,1646.190947816599,1651.5422179617913,13.2847303271685,1656.6345015787103
595,1648.431767051393,1654.0907243700879,12.233991173963036,1662.7474259574053
557,1652.7788943062476,1658.4207678316639,11.748684487156112,1668.7025920046526
605,1730.1206825981012,1735.4482782948196,12.318080559554422,1740.6390803907511
572,1803.5174772058424,1809.303629039344,13.182254035033333,1814.5824401424647
2612,1907.6848856365139,1912.5939141314077,14.129624986022678,1922.2872399609817
2572,2000.2462519643245,2007.1979775072318,10.423006650749254,2013.559966360308
2607,2002.6431857574792,2009.220717294387,10.576158573654292,2022.0689263527397
2437,2094.613155872565,2099.606909563037,14.113905955739927,2104.6830525271234
2609,2180.7066295093823,2187.153644622652,10.088109852023313,2193.0809745250413
2417,2354.7889420688375,2359.1975761715967,15.107544261553418,2363.8459453949445
2590,2360.6465617631866,2367.061736584246,11.469299894484898,2372.99134300711
2640,2524.1215609160886,2531.0386509400573,9.64205258967701,2537.0657682914834
2580,2548.939823891212,2555.510099045923,10.375556457739922,2561.5742179765493
2642,2553.984510708676,2560.5148286420804,10.901798222343931,2568.4833309830333
2599,2739.1487525501325,2744.439560805344,12.898337265201915,2749.601001840436
2197,2887.625664841406,2892.1704668574594,15.914549922188714,2896.9985138364527
2637,2913.9765727944186,2919.3722960319546,13.247125315053964,2927.938590215274
2583,2978.314252271063,2984.4356878653,11.103875324879292,2990.057658182391
2611,2992.130514582904,2998.440247351941,11.297300155392564,3004.2054346056834
2573,2993.9934915486765,3000.267101732057,11.11040831626686,3011.537139279021
2649,3082.934314620564,3088.203798146863,13.170771007494029,3093.2292103758673
2403,3153.6607630719636,3159.080524677259,14.41337741527686,3164.053748717219
2426,3175.177380927028,3181.3732858411818,10.835075796470838,3187.1361640217465
2592,3244.0879353759155,3250.549653005634,11.253537756978023,3256.111602562235
2568,3276.7266377320343,3281.1136929598806,15.265457187228963,3285.814207466671
2643,3349.4458740366745,3354.4858160796844,13.070014647117079,3359.2242466056573
2658,3352.7569665655465,3358.5643926382554,11.70410389621042,3364.0692880343922
2419,3442.289425169564,3447.5615422421247,13.596419410519864,3452.8595251050556
2608,3445.9078589193723,3451.10814413754,13.175112429618775,3460.3057418223284
2424,3537.630653729858,3544.3377749589235,10.329339480267597,3551.5968945870854
2442,3548.9474650151365,3554.181276489099,12.908441247128513,3559.200181484394
2632,3693.9286641391495,3699.3951517822634,13.496457735070193,3704.353717886917
4415,3708.9383910312954,3713.5961952832868,14.704663465793676,3718.193062017868
4572,3716.7144449132784,3722.4375239829837,12.35860324479648,3727.872031524262
4641,3719.794785390527,3726.2019951310403,10.714049153306439,3731.9080643705574
4595,3890.551427072876,3896.023928119843,12.778098092146651,3901.7468459120278
4640,3902.6458894828443,3908.2884326862804,11.813907354017138,3913.8029995917564
4410,3989.3899509572047,3995.3456436151605,12.977442018955445,4001.1461176837324
4632,3995.725856841094,4001.269177335018,12.481414521345586,4006.7437621054537
4594,3998.433687798342,4003.325557168995,13.535804871139336,4009.7620350735774
4574,4143.639703905092,4150.192804140224,10.51945408613777,4156.036720781053
4399,4243.758670016776,4249.0271794378905,12.809439219481122,4263.520364948114
4425,4247.595286839006,4253.423250799415,12.351908744705105,4266.1030059804825
4617,4503.622970190661,4510.3615062149165,10.598487787976955,4516.18132252624
4650,4508.324440277936,4514.233963664388,11.196059156737006,4526.079468208454
4569,4510.46671060666,4516.135537132737,11.466040561309432,4529.0245110190135
4581,4518.788504896442,4524.359372797258,12.114257842278363,4531.705931325671
4649,4684.208252021711,4690.10374368982,12.890505336428916,4695.148062533675
4177,4692.000142676665,4696.420920427501,16.403449562949582,4701.196316268538
4634,4710.628830351113,4716.186374764011,12.281120242851586,4721.265618454416
4190,4776.397135586659,4782.113789728682,12.292677756531136,4787.751613359593
4602,4895.755817496585,4900.470924619743,14.198717431019487,4905.155001366204
4161,4956.273933042334,4961.598023294485,12.847054998602305,4966.82743516865
4170,4958.318916967855,4964.165616034965,11.33454731745663,4969.885044260292
4654,5067.536626630098,5073.013693720446,12.273605754109353,5080.278406397111
4612,5146.916390921623,5152.127693206316,12.659949120731662,5157.768012195336
4652,5240.196717000236,5246.117258633715,9.789815859259425,5253.791075763231
4416,5242.493723982285,5248.216708110011,10.466326183243813,5268.931864541915
4430,5421.268038156149,5427.327924497087,11.738206910876828,5436.147103789312
4605,5493.87808603729,5499.59300633713,12.665146115082035,5504.883596748973
6566,5583.709068281416,5590.079403272666,12.028224064844864,5595.708402506696
6592,5602.693760693763,5609.323640552826,10.937397857212165,5615.458617520072
6577,5607.479433942346,5613.313278818865,11.459223259726018,5626.110102081895
6563,5880.80997143609,5886.156645885379,12.696806523845524,5891.6386436729945
6409,5962.648239434357,5968.421244508221,11.346660127254351,5974.177185495899
6619,5964.5592340159865,5970.290751096905,12.157520318485883,5976.708409241186
6177,6045.128960671337,6051.267934671305,11.349830978580199,6056.970567794373
6419,6213.825242605412,6219.422438884244,13.140384295625807,6224.224067126486
6439,6233.586486572436,6240.457596312153,9.368225824273374,6247.029015743398
6587,6304.040657813937,6310.051765695164,12.718964154802114,6315.185562917355
6611,6324.713959949569,6331.090834801762,10.946324169296888,6336.791177301133
6625,6326.792820457024,6333.053747527745,11.718952079026572,6339.2415358964345
6574,6411.167150019253,6417.06374532139,11.521978859545682,6422.563332232388
6599,6421.071000872833,6426.243839683576,13.312054583618242,6443.009067069329
6443,6484.380334066284,6491.199175319249,9.948667770573566,6497.143667031237
6559,6496.237596545859,6501.127483316891,14.280018106886951,6506.081505077501
6601,6505.016772136747,6511.083748239871,11.194174864434775,6516.826014713921
6649,6575.746133787486,6581.521082202055,11.702901206619194,6587.804711588686
6627,6694.567866443819,6701.127343425571,10.209283881490515,6707.028262240102
6648,6753.828366778735,6759.599625281541,12.616930831903112,6765.048230014816
6582,7038.778184005649,7045.188860447018,11.085104896884133,7050.95562250523
