1288,617.088937752243,624.4272824212724,14.580514494480878,630.6452237115205
1432,1759.3242279881983,1767.506117778446,13.440513237089368,1773.7851176793592
3431,2479.128623855518,2488.305171157154,11.938613327655665,2495.3000138979983
3262,2874.22636178751,2882.001449949053,13.958666982005717,2889.115302530552
3274,3501.3165690645446,3509.3936098842196,12.331925523766545,3515.769560548621
3265,3503.0504333271065,3511.1330393711823,13.230022315382396,3555.3638452073337
3434,3588.1425566280623,3595.317000974932,14.515277166831094,3601.5046268280594
3269,3648.654725752893,3657.433513564412,12.537523273240028,3664.8534107668756
5268,3829.117388253056,3837.5535848271857,13.418179233702235,3843.141749162769
5421,3948.9002092577775,3957.4132628388093,11.811340902149672,3964.4434217338116
5424,4819.611686747344,4827.311951319407,15.814066134026604,4833.584411654699
5427,4998.825875013008,5007.062298836385,13.374564525863162,5013.84289695968
5419,5268.605349210007,5277.207793928335,11.529690809445572,5283.075442307047
5271,5358.478512398948,5366.578973461411,13.395963408883395,5373.039878636813
5272,5539.04064466112,5547.236234761533,12.857807466655576,5553.885186679838
5273,5629.016932040263,5637.6092092917825,12.947081243619344,5643.279001829231
7274,7068.553189043587,7076.44398381287,14.13522797109872,7081.586356960873
7279,7186.485607091261,7194.432180227132,13.451332035252047,7201.09509936775
7278,7338.703181417584,7347.23340359491,11.972913851513486,7353.962385132348
7267,7340.766842478498,7349.470829347409,12.03885616153379,7371.607958862281
7427,7366.287786616903,7374.008633218062,13.475817636907099,7379.256196492541
