626,12.268438831047261,13.015558754556352,6.4691951958364236,14.069687526691162
635,216.38379175098441,217.0129996395994,6.581990446017651,218.04693042966016
558,272.482288815885,273.1444859921256,6.923431974601433,274.1167697034335
481,282.4811641945999,283.21769147682596,7.02135602106571,284.16066304701474
440,292.66273241484544,293.35814880651355,8.101503322593793,294.18180043631014
620,474.6578919115622,475.35211559707744,7.742304312239068,476.1941510196187
423,477.5415491003174,478.2001887219696,7.365709902558532,479.1044646740664
657,665.356259212895,666.1235262984404,6.0401814887206715,667.202644441505
569,831.3758479146898,832.1576707115504,6.5865708823402365,833.1690849143516
619,1372.488806082519,1373.217006389364,6.979266620502214,1374.1645989911456
536,1413.6212990214585,1414.3089420668362,7.576929721864525,1415.175713954015
474,1481.5319715767703,1482.2380514848996,6.809780978184279,1483.2054116124755
641,1541.3964874654073,1542.153453233379,6.525416286263844,1543.1643700109623
530,1624.705737382058,1626.082780934858,6.082456374888101,1627.161898715121
638,1660.9341601754663,1662.1751163811557,6.451151503259354,1663.1940256343178
613,1675.4297115461134,1676.130268258657,6.746531918284836,1677.1245540701216
2598,1967.970692338452,1969.231322585216,7.384275326898704,1970.1449399212336
2614,2040.5227442394846,2041.2017679343203,7.019970799143444,2042.142005758264
2527,2083.8342392735003,2085.17749687266,6.489119628051739,2086.1889978659174
2596,2535.3179144242686,2536.0173548154517,6.709198011413953,2537.14558057369
2446,3337.333208462056,3338.097639277308,5.718638782292858,3339.231871680583
2492,3340.266678726956,3341.0290927625083,6.42544868346339,3342.08180468415
2497,3379.2403230722603,3380.237600402932,7.522537455645126,3381.1176054846987
2569,3449.5061839845503,3450.182625140577,6.936605380473288,3451.1449562813154
2487,3526.8588470235018,3528.0628940127053,6.2471892411938335,3529.140405951082
4591,3762.397869923959,3763.029716898041,6.65476335614803,3764.212261359782
4490,4051.4399359395948,4053.0469872374133,6.568276265916509,4054.0732014516016
4629,4096.529635604087,4097.264406363409,7.4002821360920965,4098.155704510315
4427,4101.296092363593,4102.028591457685,6.58839450562243,4103.058678218888
4538,4281.393965909419,4282.064326874396,6.246222920403408,4283.131051009051
4447,4374.56330611272,4375.253659130674,7.277557639792009,4376.165356523796
4579,4571.384450649531,4572.105397042449,6.773732159532145,4573.093788713284
4507,4848.390298608223,4849.167312772909,6.170946239600451,4850.220269372826
6508,5446.483018716723,5447.191462159296,6.476115638231533,5448.188902145288
6410,5527.441565387768,5528.120682625242,6.89317683562885,5529.093032487343
6572,6176.283305569465,6177.32523925433,7.881718212684112,6178.202643268128
6521,6621.524760750652,6622.265288244208,7.071880468316273,6623.184355375246
6433,6705.2715482755275,6706.028795327218,6.41440295524122,6707.0842438592645
6590,6907.421063983969,6908.11613469949,6.291593080268284,6909.177172754256
6434,7201.482098221682,7203.078863795855,6.2171022076299645,7204.135314794883
