448,107.18965196154389,111.16576844555036,12.441296407718527,114.46128331755656
766,189.985408191807,194.25612875666076,11.72271581600611,197.83725159094834
458,193.4760871158536,197.31109555845129,13.717242566728372,200.3831571309922
555,467.24999435669815,471.53460826138024,12.389969813093504,475.0228977521153
526,938.9763024606458,943.0844926296132,15.57119354169634,945.8257345470847
760,1236.2033226129136,1239.55927581213,15.05957669430857,1242.3626200267086
456,1411.9483156227259,1416.1909729525469,12.041115128034624,1419.7486066180918
755,1770.7850245523775,1774.2627283782251,14.802274935335737,1777.0966080706592
2545,2313.50953720308,2318.0489540857297,11.49288153385532,2321.8295643164192
2546,2532.933936648047,2537.103641347714,14.247850228498299,2540.0870638780557
2738,2858.2301582092346,2862.3146482276857,12.978108387309351,2865.6507339451964
2541,3116.7028437401505,3122.009268222603,10.46720063595625,3126.2739254140624
2559,3203.915115858174,3208.284713104154,13.934679404781631,3211.460443597017
2552,3278.7271458569658,3283.029252250561,12.433472808956267,3286.5484205726984
2455,3303.722674399822,3308.131520408805,12.01619813107885,3311.805553783017
4545,4074.7296998239212,4079.2875805218587,11.157097302237668,4083.0194126465467
4456,4188.706429842849,4194.375930474717,9.250171888067719,4199.0671807691915
4535,4425.028764741235,4428.606715682263,14.858898557114179,4431.536907084122
4543,4802.701106808072,4807.286468366069,11.331878758603622,4810.997083455596
4532,4923.964792299176,4928.112965751589,12.545388965135107,4931.605420328151
4537,4969.645898654183,4974.21128298847,11.150551673886497,4977.836820214258
4528,5021.889849398899,5027.257367449649,9.71576583638262,5031.698490850541
6543,5867.0,5872.071987575696,11.683429306560676,5875.662095404379
6453,6002.159314459237,6006.491382203319,12.355546169662201,6009.992026898409
6544,6004.542442976876,6009.090934612181,11.53797775613253,6012.797547852986
6765,6279.36710452904,6285.125233494821,9.413437329320988,6289.73451324859
6744,6471.875300798065,6476.300739954882,11.554917961697845,6479.8646454955615
6538,6597.938718675165,6602.564586704685,11.891586596601332,6605.961790183771
6549,7177.70820662295,7181.621387403178,14.592523139866538,7184.601745199707
