451,218.85820244832848,222.50655525190123,11.126558969761708,226.8727409274267
816,456.0855700365771,459.43384742204313,12.984543518792927,462.5876124661408
705,548.2663701144188,551.2882645204373,12.988045319045794,554.3035365744225
1527,650.1156229166405,653.3345336444333,12.11791100002796,656.4897984093932
1782,669.449398867852,672.0624403168782,12.680058185732774,725.9130684835392
1787,939.0591739978316,942.0698781529682,12.871406994460191,993.3204486020718
729,1083.9034684908422,1087.5245764821059,12.588659152718641,1090.7231615988426
987,1094.6070267413652,1097.3363076944615,14.29348866347671,1100.018912594074
1798,1201.5713811718238,1204.5837548872814,12.78618624811397,1207.6413986658893
1544,1209.8483627063988,1213.3088893312222,10.712484884000451,1217.9858311544413
1809,1292.1499847160749,1295.1480121081063,12.948907017560844,1298.6555966163476
812,1446.0030495003025,1449.1646705973512,13.939162140963123,1452.0464871412648
712,1448.0049959213882,1451.011696153624,13.587056713446866,1453.9062228329028
971,1573.6795078933687,1578.2306608032839,8.635378584808041,1583.6226929109946
1523,1626.0987034786876,1629.4607792137347,13.858396622388527,1632.3335748136833
726,1642.9542983632168,1646.0044266171992,13.173229391657866,1649.07127950549
1779,1713.5837038734842,1717.0899938793393,14.021082027117115,1719.9209691088722
1783,1735.0104583526686,1738.3096730445418,12.099059432195096,1741.5319205741214
1790,1738.4899165808474,1742.3551356317994,10.098885632551346,1746.0869554233982
1805,1740.3911181132664,1744.2886245567872,10.089680384228881,1747.9807605674225
1778,1742.324932244365,1746.207733427408,10.825108810575191,1802.8922628006585
992,1907.117955384461,1910.0959711904904,12.457228657913754,1913.1276789368771
2733,1985.490614991161,1989.1045745348802,11.814704408410222,1992.7780481931616
1796,2073.320936750052,2077.3953513884176,10.257792406504246,2081.4769321768117
3775,2194.295713144676,2197.386674552724,12.935236007910417,2201.6276859785767
3786,2272.683626043113,2275.5127883319296,13.320136686158127,2278.4235268397815
3784,2465.091565174265,2468.051571913205,13.609734546531518,2471.834603920243
3789,2473.2366843020723,2476.554609265311,12.08905409542284,2523.5758177018547
2800,2549.0940269156195,2552.128944788786,12.232761171366102,2555.2915808055177
3078,2557.983393338936,2561.2182030299878,11.32408858578393,2615.944962415426
3791,2736.760786747362,2740.2181076235815,10.733347193889387,2793.180648570518
2972,2738.629080197343,2742.121821755678,12.56905618288818,2795.819992164169
3780,2821.0194151944743,2824.2133027675127,12.779148135204185,2827.3712987787485
2711,2916.7518939588963,2919.349717302885,15.728579617176813,2923.084056869633
2730,3247.9694122832134,3251.04934065604,12.85336818485583,3254.1223922841496
3771,3267.52873244814,3271.34027064025,9.79378425056284,3275.1252630044255
3800,3368.723553228759,3372.506607591169,10.240312073585915,3423.690602997385
3793,3539.1627027165705,3542.1286303101997,13.453858508270491,3545.0994800389158
3547,3717.77800757624,3720.4139364184875,14.071575143547406,3723.1239643163935
3774,3732.84689434222,3737.107684181305,9.600151784104074,3783.368954002008
5779,4056.0055857993166,4059.3084346142555,11.778475204612663,4062.8680819259653
5911,4063.5646849685513,4066.193264172415,14.313177825810627,4068.8613780295027
4792,4068.7855388112653,4071.6035105288847,14.20443367872701,4074.3287620578967
4956,4079.6356293455915,4083.144451786843,10.52159054309664,4086.736399892237
5775,4081.476033539112,4085.1070793988983,11.076035879397313,4089.3278295165255
4699,4148.365132434748,4152.206555112765,10.44277308730642,4156.197077796841
4965,4266.829996200276,4270.341884210653,10.864955183190263,4323.264291611654
5763,4438.032444660869,4441.274698878571,11.553938882094945,4444.60995247488
5759,4527.8622815797125,4531.34139916419,11.63118093780352,4534.744561081185
5777,4529.75458466623,4533.146868666747,11.680955096010166,4536.577202469398
4990,4627.643324674149,4631.363199921908,10.435312810987682,4636.446614140144
5761,4631.960990305693,4635.367742891676,11.1485699853786,4683.3310809823315
4723,4684.211996536767,4688.313493889146,9.809825401861803,4692.252180899386
4724,4688.320981256028,4692.417428587386,10.007181219573901,4696.187781261804
4984,4697.756461291174,4701.341521468464,11.212480406806527,4704.93443169906
4717,4799.630347496472,4803.093693507488,11.620532192420749,4806.479754427698
4971,4802.290749020724,4805.385858834083,13.004065472018597,4809.123159162228
4959,4872.393869000838,4875.012378110455,14.489006234318216,4877.57688472435
4960,4882.242197901674,4885.108947696666,13.431615859701283,4888.183298507153
4968,4885.707644393601,4889.121649396546,10.835459133653773,4892.6670250749075
4709,4953.919541245414,4957.3043806704545,12.550634125471362,4960.276173528931
4721,5058.882219345226,5062.442486265397,10.919067255059602,5065.977094390074
4700,5065.315828371385,5068.475312218593,12.623992261651837,5071.713057324021
5789,5250.650076853655,5253.521824393132,14.156546627954823,5256.345889258056
4711,5403.719355351202,5407.426609983388,10.795084297282362,5410.959303972168
5888,5440.543533675955,5443.318440008418,14.672189992487388,5493.340391483313
5772,5507.952472364485,5510.5770042680715,14.05982408261894,5513.276584488728
5914,5523.532658195145,5526.325538778273,14.070918430765804,5529.946206337704
5760,5612.056405757089,5615.249556000173,11.820388189047172,5618.990460392543
7066,5702.789951573692,5705.441574114023,15.227845645447834,5709.0
7766,5797.439075921437,5800.484289156908,12.798472573239643,5804.682158013072
6802,5856.256176495669,5859.33403102661,13.967962613443637,5862.234819635421
7801,5878.539151591653,5882.052394955915,11.773525724265227,5885.420674986038
7778,5967.2756183801785,5970.393722861951,11.653123524352303,5973.545085203975
6721,6033.257571052584,6037.317112219054,10.026176916374217,6041.127569020583
6976,6133.277523821773,6137.423659125988,9.551373021026018,6141.67089605166
6723,6140.588426084903,6144.007576654862,10.807934113900739,6147.51804852158
6963,6241.151628148532,6244.138590313842,12.49434005050136,6247.2008731276
6455,6303.697938144377,6307.277203066592,10.969692984017913,6310.6769209210015
6986,6323.288698738398,6326.51955596237,11.803145342711378,6329.741512812945
6447,6326.947915936302,6330.045008591983,13.398596805468726,6333.0300058231005
7793,6340.494209547887,6344.037961464487,10.8598853781377,6393.346456266528
6993,6423.223188779073,6426.241308397012,12.859627799742054,6430.326474454765
6711,6857.255553566879,6860.198271333584,13.032500664818569,6863.228417445848
6979,6860.040962865581,6863.464631930484,11.64722587162955,6866.869239194717
6698,7204.057838245724,7207.474187610833,14.09729651067609,7210.203074205578
6716,7208.351181275689,7212.00987183737,10.955038428951756,7215.6387203247505
7063,7235.553075679643,7238.436742634553,13.682007541369295,7293.458732909965
7900,7302.7019605818605,7305.362083905859,15.36715076135791,7308.033164280166
6978,7394.38198970218,7398.030559632493,10.798966179134213,7401.729654136371
