823,138.31859843424039,145.35094873922816,9.59463201790695,152.8708800116205
1565,219.00227289795396,225.11720073100562,11.597217143890333,231.7037984705065
1786,572.8179338995158,579.3753293933933,11.112896438068224,586.3878247416633
1527,574.6587592704556,581.266226422831,10.407293827955872,635.537795374553
709,606.9021182925098,612.3463057328358,13.503647674625622,655.0729203492006
1560,747.1814213300906,753.3710967306056,10.792691989967118,759.9999912269333
1594,749.058401789592,755.1721479607909,12.098269016038538,813.265130944135
1791,759.0742160677609,765.0668560140142,11.854677388094277,815.6650105259375
1789,813.4737866579828,819.0028859654069,14.271855255470049,824.3304012163827
1557,837.5696638877389,844.0109987283683,11.193912460086203,850.8164991997538
1787,919.9689214223037,925.4278973389443,13.021618865946548,930.8353262132205
1068,948.2371859365605,954.2940658748191,12.755934417244966,960.6842700336458
1835,1012.29419509436,1018.1734119095131,11.867982945252313,1023.9601176159459
987,1038.4638298636373,1044.3839897202138,14.813071393770096,1050.149968183814
1798,1180.1708559592826,1186.2925479642759,12.494317164287564,1192.6913079090805
1555,1204.9439395003344,1210.5392401389233,12.730398525183965,1216.8767206714326
708,1222.253472625154,1228.3117212820498,11.634059683613957,1265.5280448108247
702,1246.953250089796,1252.390697408543,12.44092535666875,1267.6928021290435
1793,1264.5182815574165,1270.2172665690455,14.57650741391035,1275.082692630286
980,1308.0226959082524,1314.2873408088171,12.607498742334293,1320.6207082366434
993,1310.2820476132495,1316.387675126285,12.02197495116393,1352.7596257382334
1774,1371.7166651172322,1377.3995298050245,10.816155010805458,1384.5020372248116
1822,1470.6497070386788,1476.515217737871,13.070871057388844,1533.1316489066307
1824,1547.252419376841,1555.3329553142457,9.327549555511299,1563.3943022595165
716,1580.6907887910377,1586.441718134437,13.079353501400563,1623.2890535230044
1000,1613.1286205595454,1618.273294132878,13.378343706631005,1634.1697296768473
1783,1655.740703436915,1662.0090310007658,11.826017021526392,1724.8764570821554
992,1854.215340713325,1860.4718974329721,10.951790354432653,1898.4408504540183
1796,1999.593096592461,2007.066749264438,10.384835782151862,2013.9684352075817
3022,2118.0326761907972,2124.0295184855167,12.18050667682288,2130.414819733437
2965,2151.3479897867833,2156.1467896281633,14.6346088699555,2170.052210309054
2969,2406.1455063514745,2411.3940724742233,13.710596614316563,2440.9369701514415
2981,2437.0532656726173,2443.5344296435246,10.899801595178257,2449.525496740445
2980,2480.3977868143375,2486.210356406205,12.795891471643115,2528.1529302967288
2800,2506.889377176891,2512.5259657459383,11.866917492748673,2534.202070314914
3642,2538.709217451397,2544.4382816086577,12.626480182879583,2554.4197168326205
2977,2555.446794411008,2560.402523075938,14.730666111201257,2612.826298759796
3035,2566.821160677396,2572.2773085881818,12.940235203891893,2623.2825382574915
2989,2628.9817667533607,2635.1342617255673,12.566223204709365,2640.691186350006
3534,2634.215156350328,2641.1112159911913,11.181688338850986,2647.615482520417
3791,2712.7383618748886,2719.1124346311467,11.395956622807624,2725.3137324275713
3773,2720.599835176679,2726.4137242461748,10.846763331192896,2734.92036627393
3792,2793.563760343499,2799.347109296062,13.169914054956964,2804.594539751753
3780,2800.124261046892,2806.5060933734035,11.552405918602814,2812.260067132514
2997,2838.440737199635,2845.22120008537,10.728304667879144,2852.2985101517625
2763,2844.639992147855,2851.0461469868465,11.652420543021542,2895.232843363077
3649,2991.9378181216293,2998.1289070396797,11.408420010629698,3004.0104501134797
2962,3020.4079401321314,3026.542989347357,13.011467567568515,3065.6414680664457
2991,3094.6318916052346,3099.6546100920464,14.689650461366135,3105.4899891531177
2979,3108.1588025336787,3115.015254432444,10.40671006553254,3155.8761383474266
2987,3198.2480117562386,3204.4531066185873,12.368487403472,3244.4940349180642
3790,3342.3126458100282,3349.346498257211,9.849423339498113,3356.305313196614
3924,3438.4926442218925,3445.024118577619,10.965216058249666,3451.168283758545
3071,3607.1087745716345,3613.42121472327,11.763258510417497,3619.029976931516
4729,3767.1096987754177,3773.1552238678437,11.69881105981254,3783.036751827069
5780,3814.4326292960395,3819.5698284423156,13.130205213958627,3825.77337996062
4766,3924.1739212202956,3930.2510625702494,12.659977144041651,3968.363695140643
4728,3926.5824119470467,3933.004576908775,10.783032749150864,3971.5377526746997
4973,3979.188106626186,3986.0945758587627,10.855637873267737,3992.6520430868477
5911,3996.4978218222964,4001.4610247183778,14.931675639658856,4007.401233944755
5017,3998.288480756716,4003.1073537879156,13.944428184631048,4055.182516715345
4713,4012.522325731693,4018.2517191632783,12.707823223813778,4061.375763260374
5767,4061.327275234623,4067.567167756785,12.191524402760754,4073.7368436634974
4754,4188.264575133218,4194.494549183637,11.86352373317958,4237.425526352004
5055,4247.048605106374,4253.192474750795,10.644551167710686,4259.383303089387
4785,4368.135297818454,4374.351829465716,14.330956963363382,4380.350443875241
5770,4419.275756338867,4425.243065077574,11.533488642516772,4431.0110088947495
4969,4504.035854662447,4510.462866114553,11.782316234921607,4516.532855512499
5833,4530.442390649657,4536.303934373786,12.101839635840058,4542.772687381013
4987,4568.548273441431,4574.313589723723,11.694295819271913,4593.042494456841
5069,4596.535472211633,4603.150757311347,10.381819956053333,4609.644471349154
5761,4605.944786408098,4612.043678483627,11.06898334484799,4618.751061598893
5830,4618.616568125374,4624.506840837983,11.687564305363596,4631.6206491670355
4983,4629.362725483474,4635.536538354291,11.229847530424852,4683.126249089355
4984,4640.102400582954,4646.39916798042,11.679442915886208,4688.031417879046
4981,4718.630518082903,4724.566294806881,11.88932079988562,4778.306232773009
4702,4730.580997414472,4736.4353021599045,13.319550605183974,4787.4992170984015
4717,4732.569802506176,4739.000793841381,11.41840105347163,4789.65306463934
4738,4734.732120390924,4741.4538077665675,10.46079610583445,4791.866407652671
4985,4897.660968032633,4903.4205173897835,13.031185893476362,4953.056247201774
5774,4975.992298271179,4981.353518392329,12.872253097367249,4986.659913317345
5521,4983.090526756856,4991.0330715883465,8.832791390336336,4999.495116306622
5555,5141.7253917647995,5146.560990341977,14.874873768179953,5151.3240859528905
4718,5184.087076238843,5190.141296632475,11.225323049138808,5231.583343953083
5807,5257.010737121807,5262.375897461273,12.865966595657493,5268.5322223401345
4992,5389.9202437784625,5396.3913627826505,10.928169380313056,5405.126424405727
5811,5423.906788456398,5429.061718978374,13.15609882481309,5434.510701931199
5799,5512.026831211483,5518.257404159303,12.468623420188022,5523.805555986728
4979,5584.19806932314,5590.54161249823,11.090832189420992,5596.628851373446
6985,5632.434116530669,5638.504257380567,10.73418118344374,5681.564643658927
6977,5646.4660245912955,5652.063270728,13.328960786208048,5689.099517859519
7769,5688.814293266375,5694.51896592522,13.571123882123478,5699.810202391579
7776,5705.514218039931,5711.551371739969,12.151214018824014,5717.963885785967
7788,5707.306833820875,5713.346120617773,11.024481965074054,5763.191263204555
6713,5745.551236451801,5750.498815456192,14.338494053513708,5775.83361826079
7777,5786.495644534941,5793.008989906261,11.911807729728167,5799.70816834544
7806,5861.592963845614,5867.372150436579,11.95568847896393,5875.434328556013
7791,5976.898469241027,5982.560547547921,12.283677729573185,5988.930302666804
7033,6040.198288019937,6046.319696971644,12.129334655709274,6051.861659095564
7805,6046.274471095896,6052.330340562646,11.614996498694115,6058.208170091958
7001,6082.339324218586,6090.08494818068,9.579397625877846,6122.933559739629
6984,6084.358174566615,6092.033606826016,9.125879236317445,6125.750065403065
6982,6086.356390484273,6094.047412463303,10.022459058427518,6128.3868465513715
6738,6258.367491162264,6264.325629280795,13.407193750152791,6270.505211371783
6974,6262.689286489322,6269.230026238305,10.760512378255138,6303.2351687927585
6712,6287.1868170161915,6293.024535334902,12.21746788738357,6307.368390315845
7078,6438.24771335942,6444.250633467724,13.533026819686022,6450.449776582245
6997,6440.639879069682,6446.494595156546,12.246770314978093,6485.438755697108
6961,6492.546057082873,6498.434995737097,13.90795421671429,6506.072692051908
7834,6504.008789645315,6510.378770934276,10.736607585906926,6516.789459975121
6758,6530.529890374649,6536.0743532186,13.35419983492679,6573.076888216615
7003,6603.286225180758,6608.044004711841,14.375854450291762,6613.849545460682
6972,6618.313557123274,6624.229439386139,13.301458139312684,6663.354616725215
6707,6620.473500557638,6626.396736419652,13.355205166688187,6667.236059095127
6980,6726.910881888504,6732.423914301013,12.361980613432591,6764.259814287802
7800,6753.831698711277,6759.107239837958,15.863320048706608,6771.2485747086075
6979,6828.196699064931,6834.244284895112,11.890542582409159,6848.166205538376
6975,6963.106191521748,6967.579642964616,16.146206055843134,6973.03539166943
7528,7032.424683088319,7038.0208274921515,12.684095516042058,7044.0484831277245
6966,7213.258701149143,7218.604323809258,13.861383855726581,7229.128080925721
7795,7236.234572473438,7242.084760648913,13.184612164252625,7300.386392770513
6960,7338.3589599710485,7344.417022720287,13.486250460328426,7350.755284470572
7070,7417.743978072536,7423.212231820099,13.017152319040557,7429.489850876444
