1398,550.9817080846233,551.3801046195655,12.315231503023584,553.7135334889946
1400,554.7704199492251,555.1500833819927,12.527923094848166,557.3286683596062
1393,556.6914212486844,557.0777317758909,12.740330223928073,559.3110526729184
1390,1715.1243597824398,1715.5479187315746,11.557412462854751,1718.171983768034
1234,1985.6915276681364,1986.1102367913365,11.473479579781426,1988.5061121311073
3536,2162.6273663082047,2163.170048052225,10.447053128825951,2166.042653363047
3212,2740.941261010512,2741.2915055222434,14.120397921290518,2745.3259478347077
3518,2747.654323214707,2748.2233506610387,8.512073749029739,2793.298927177466
3550,2830.99208562222,2831.4643293566705,10.371267814993832,2835.0955269783794
5387,3798.6506888983195,3799.073561143053,11.679927714756458,3801.450046240102
3537,3835.0096737098743,3835.4526618563395,11.050511207922987,3838.995506615321
7526,6964.760811079349,6965.1075246176515,14.696237701318665,6967.099468589866
