1265,698.3878463486765,703.0610431374215,12.44739311531917,710.7549325985148
1811,826.7021751021376,831.3293708831737,12.101097576830371,845.5268667619863
1616,1196.2134711163926,1201.2398747882007,13.562482925362536,1207.4506016870653
1566,1220.7611764438914,1226.52505251716,11.069416987397636,1234.9928238268942
55,1431.6841617726654,1437.3621838349109,9.362329714950894,1445.6282232735193
3575,2158.62625060472,2163.2247157476622,12.144469866384298,2169.8072331605836
3560,2165.4412961210587,2170.254584677112,11.34654596435877,2177.2790645672426
3573,2669.633232830009,2674.071810364419,14.118307047202906,2680.843912298724
3555,3112.4386949148893,3116.5779295917528,14.11778320770031,3123.223843155614
4055,4192.234638402442,4198.303530974221,9.581573137343112,4206.609670970079
5235,4752.558553477711,4757.184902489513,13.235032861022038,4763.511907759718
5255,4930.772272932306,4935.431312197907,13.26309261415688,4941.713629696067
5414,4954.613714021269,4959.460474113515,11.383224273551905,4967.4815220257
5245,5213.818276236114,5219.165135251413,10.187918743749803,5226.687415987911
5253,5557.643629558408,5562.070541325423,14.835810243764186,5569.412915886722
5557,5661.640506866992,5666.12363953214,12.756493807661322,5673.78925988729
7252,5923.412608929568,5927.619763399224,14.304681055433813,5934.771080751953
7411,6226.764812797061,6232.454464051426,10.041516384964444,6243.223639543055
7561,6273.73868401179,6278.42787593463,15.220180585148197,6285.305494541042
