132,321.0596885223629,325.16216304148026,12.228846105671087,329.2347322589834
251,375.43029711179895,379.16748486951417,13.79150258713794,383.79656956355245
378,379.0457341152144,383.12523501750013,12.031818438324672,399.6177485779331
142,410.5444031782698,414.5551726420316,12.764318889640712,418.44883962231876
192,467.0617142998769,470.52485208276465,14.09540795150257,475.72632893669777
147,498.96138040951405,503.1270163823327,11.816049553562364,507.04930054489785
247,555.6841718231027,559.2487394503715,13.352820386984217,575.5177709740803
369,646.5935661017949,650.3716758668426,13.351449705326143,655.2052907018985
151,1128.719534059586,1133.467845142354,9.660853792995796,1138.1568394223934
6,1218.5110369451081,1223.0826452241915,10.881606153737831,1227.4561837704546
138,1220.4650561030899,1225.0210172014986,11.405165258566798,1230.4729302135954
380,1276.9222136099927,1281.0008748762698,11.718171340188494,1285.0839447896226
10,1309.1277227650996,1314.2036680287363,9.599420881522057,1320.3921526646673
186,1365.022909884228,1368.5455586808143,13.74424083105345,1371.9956706724045
180,1367.9003925179506,1371.5741606673737,13.586518144147574,1375.274240448662
145,1398.5373692352796,1404.1376392531292,9.097551037676315,1411.0183447978575
137,1400.6027475454582,1406.2149628992017,8.31806462431152,1455.4388659431258
385,1456.3898803284117,1460.2722373187062,12.382112674884853,1464.0531143203023
93,1488.8511515562957,1493.0012255155605,12.586835946872275,1497.8425914224856
86,1578.5846869956551,1582.2706226705077,15.682828706047882,1586.8296286476352
175,1637.2170125235027,1641.3048793058663,12.103358148450468,1645.4305734617549
153,1758.8812070840263,1763.2021160597542,15.582661498020633,1767.7041685640095
2134,1939.0837515320798,1943.5903843323774,12.331517562491712,1948.8296349994514
2038,2092.165869454569,2097.2850911231344,9.933180530260246,2102.310772023577
2097,2118.9559127978273,2123.1619249422824,12.21677860796442,2127.851071377586
2085,2123.229801791392,2127.358451724828,11.730306383669935,2161.5237444249246
2141,2208.9617118075607,2213.282515856461,12.112361023233435,2218.685291764313
2004,2210.944525384327,2215.056946173083,11.363273346546189,2247.113141788105
2245,2265.7930283652195,2269.514946735153,12.921635517421318,2273.1924693690657
2183,2267.5502442288216,2271.256134557067,13.915695201948338,2274.8952282504174
2131,2298.9739928798776,2303.184565807985,13.385031860799927,2308.0018357616086
2185,2357.150181871727,2361.3794389246477,11.483188198192027,2365.6631340956087
2077,2390.9192424738576,2396.1391541872927,9.786972003199947,2423.3987321981813
2098,2393.052725598445,2398.1384032222645,9.518926634424899,2426.1985383647207
1996,2480.8883725021665,2485.0185847415455,11.346694324354761,2513.6631428006785
2032,2630.7634539302926,2634.4493817159005,13.16103969398672,2639.3212713142034
2171,2632.060202801171,2636.376191210351,11.234676764887537,2687.288070501353
2176,2808.445109564458,2812.1807587972303,12.479431450579273,2816.9890111260415
2094,3018.4132366358144,3023.1713111850813,10.121496109409529,3039.2367290274533
2172,3077.1279889831744,3081.5608658083115,13.05687470314414,3086.6778982471087
1998,3111.5003203228594,3115.599376291791,12.703887109288537,3132.052113207529
2001,3113.54349136468,3117.4448480906944,10.861626368249258,3134.0066618674336
2008,3380.5720867140476,3384.5315025219847,12.982010446768657,3390.4913180848775
2007,3382.514242327309,3386.44688751792,11.939343367376754,3392.8300177154174
2099,3562.622134617697,3567.074523660203,11.25274040746351,3572.0121351317857
4106,3828.761704012855,3833.157993931788,11.72652471407312,3837.3539775976437
4023,3831.2072360130533,3835.23303771773,13.189385180579722,3839.181696124313
4087,3980.420180208394,3984.416118616862,11.924498805664191,4010.155036719744
4007,4008.8022899413236,4013.3340221890726,11.452596616374397,4017.7071072339404
4377,4066.2880257477505,4070.0759608654334,12.511333328346664,4074.8103032949625
4146,4278.867465269415,4283.268231197494,11.658615129158335,4287.378592570358
4185,4349.425950590304,4354.184005243147,10.57860088751355,4362.114767424084
4011,4368.90637746902,4373.202086755422,12.930981966822443,4377.078588169566
4261,4520.579502110905,4524.408408678567,12.943969783922816,4529.398237360753
4153,4548.878027890649,4553.287458526588,11.651266820151251,4557.381532941463
4022,4640.703441549313,4645.101675724525,11.303565665635137,4649.495060661656
4133,4642.552106947602,4647.033376101358,11.296779402359432,4651.38811532976
4190,4698.563036461723,4702.49858510726,12.601160011954605,4711.095024022583
4107,4729.313815291728,4734.087573164238,11.028827110434701,4738.366242591262
4155,4731.50029315812,4736.024641457516,12.598129707629338,4740.1644165405705
4382,4875.789088792601,4879.369216662897,13.663593118549555,4883.834859026207
4156,4878.3458137737525,4882.240606325861,12.946542902261397,4886.669078596938
4151,4909.103493151794,4913.56316226595,12.422764936993616,4917.59198872423
4393,4967.424836616421,4971.409633186077,12.18410564131455,4975.455939311151
4102,4998.630880804964,5003.2573221779985,11.987641051462152,5007.240411491343
4004,5268.301516785107,5272.324395999085,14.82838087220337,5275.7259633950125
4103,5538.966377466481,5543.453898663561,12.364988178699582,5548.59599360964
6139,5541.061780497099,5545.201106587452,12.440565361297008,5591.1203456907415
6153,5628.2766436518295,5632.535702979838,12.148427334384897,5637.8492936709745
6100,5632.339868260831,5636.172905983895,13.44974309171556,5682.009254844137
6144,5808.347024677072,5813.029520944031,10.707527936185201,5818.777772743696
6160,5957.678682710983,5962.0976454224665,11.66059946198272,5966.357476212774
6137,5989.019228963888,5993.280231825639,12.92747747804055,5997.977551532233
6089,5991.1127504294145,5995.321556888161,12.052340014044336,6031.176674543193
6110,6078.729974714285,6083.467705908389,10.838583469769484,6088.857939137878
6166,6225.056366445913,6228.408251335888,14.628161958634355,6231.807785325887
6140,6266.328242326001,6271.3457717311685,9.0159761002991,6295.442392633306
6190,6320.310937378682,6324.269215339318,12.43483375187658,6328.178007164737
6042,6322.319488731273,6326.3931721144,12.490843538093124,6330.534024547737
6143,6443.094013421568,6447.14230645714,12.328771610577304,6451.991503223439
6170,6495.724648870367,6499.548497605301,12.85211218148438,6503.344272940843
6094,6528.831190901738,6533.094181829109,12.941925456710239,6537.949040791875
6150,6531.299797689167,6535.269534977916,12.746490623038074,6559.310383622618
6378,6589.519143107976,6593.116611681932,12.639699040933113,6597.97890765474
6374,6675.762132909116,6679.59587148312,12.603411044591795,6683.265869080284
6398,6677.498028174969,6681.358322141803,13.672191610181947,6685.870781477087
6154,6708.798524015432,6713.398486812645,11.406948338518436,6735.246895874609
6147,6798.873809775808,6803.448172127174,11.426441718113276,6808.685031863809
6149,6890.53086436825,6894.598875112271,12.72260615656366,6916.305458470393
6022,6978.762535875137,6983.139938564522,11.889018683841913,7002.162941697704
6383,7126.358798849183,7130.322676375595,12.941613363333207,7135.431799184864
6271,7128.144262854783,7132.0793100706205,12.640354477588607,7175.431434839207
