688,91.11356530905863,98.39452158363675,10.398804367801349,103.83675167100287
413,155.06320842400567,160.48696530243623,12.18226240762332,165.53298172723686
683,181.26126367651275,187.50799795305085,14.124870762836302,191.7347694067093
184,217.90550225030603,223.31242387844856,12.026708552661399,228.37872327474128
654,249.3936912839597,254.41592075806537,13.158597490727406,259.0430491203927
947,254.1366620726669,258.53469325562475,14.740171936926455,273.2539125619986
677,257.2067044605137,262.1973818187571,13.168478374676774,275.9639181609915
678,360.6676164844405,367.2790187338005,10.824251365142619,372.596230901592
669,363.1410071013878,369.2777048184992,12.363800565425363,374.4439773489052
681,495.6373574272785,500.49533745287863,12.536568929839623,504.98883205484674
439,504.9392378996753,509.1804979271002,15.299126925124167,513.0844064819393
407,602.0775284057555,607.1093100414961,12.261542945474975,611.6785640168205
657,640.191433767024,645.124753730964,12.802158948380459,649.5928440967671
675,643.4728018024595,648.5761949745988,12.681670885063744,653.2745621476515
415,691.4603194532126,696.3927889275355,12.776482824003901,700.9249300352287
662,720.6186414029775,727.1056288502525,10.585723397925024,732.5127425478918
682,722.9433389627991,729.021908516392,11.63300533142792,734.43990478398
411,783.3594861937233,788.3915058904125,12.603505562893863,793.0800210376048
658,811.3420704650152,818.0518469904187,12.40902054260947,822.7012512868766
687,813.9942209396382,820.055263311938,13.666007926828883,824.5172982447058
428,850.7693275886091,856.362894210724,10.943919925557072,861.4423290070049
434,852.6518329565031,858.2057060864321,12.30735074751176,863.2891021036493
668,1000.866371473064,1006.4581310839212,11.310638421041014,1011.6434648778552
676,1057.7090148748503,1063.1711311816289,11.649107610214129,1068.1012441234811
670,1081.2949743632228,1088.1985025320687,12.218715679938382,1092.8432217040076
422,1130.1853630110286,1135.0503664076548,12.781030789775851,1139.655823252143
927,1146.6114501981936,1151.0072791484479,14.173238208815778,1155.0562301731668
690,1205.276396075252,1211.3604500449997,10.16854297126743,1216.8569523831814
425,1207.5674434974626,1213.263106378315,10.497879287012747,1218.8367774972726
419,1231.2760780361657,1236.3806052985788,12.741313711255781,1241.2183779131137
441,1390.4519995224175,1396.5188142048967,11.043905877510218,1401.994701113688
685,1414.0904917082405,1420.2088313511297,10.04514333749827,1425.7700916647432
933,1416.385433119248,1422.1722352666968,11.167600089854671,1427.7202967883547
664,1441.453966812898,1448.550511318534,12.312968836399317,1453.40218022755
666,1452.3975068875009,1459.0855716598787,9.149061372845408,1464.989342393697
423,1492.2760924114036,1497.2864728075176,12.215501862893058,1501.7706998622284
405,1560.87668356064,1565.3547260724233,14.497764551206,1569.4323083449492
427,1602.3091778300839,1608.4464408458364,9.927969359403182,1614.9753922833336
680,1780.413656671906,1785.4873672946237,12.419773716720378,1790.1400508863326
920,1785.742299872512,1791.171945309935,12.043835561782473,1797.4053966376548
1041,1801.3776667468444,1808.224528629817,14.719672040130838,1812.2070708536219
2659,1869.2983198879465,1875.3119182806047,11.089466200714718,1881.2418854087157
665,1891.4769720863148,1898.3025169498733,11.80490281871269,1903.3318193371713
2666,1919.4489176117147,1924.164959165568,14.164110575201274,1928.3000270856041
2937,1981.2022139806488,1987.3449836872123,14.61660583701282,1991.381271154239
2675,2045.9812033405883,2050.5168776988257,14.13446847894403,2054.5899226376805
2672,2099.657559870552,2104.361725551673,13.376872709507145,2108.6658325065323
2177,2110.298772763806,2115.440475021065,12.49529800467555,2120.1264835087723
2653,2192.4715056936184,2197.5146339021644,12.570434986213277,2202.0360796274877
2422,2226.723144715316,2232.2993642862875,11.933342481115599,2237.307743742055
2688,2229.529836016435,2234.319249490774,13.146514685274699,2239.091149632253
2431,2315.76790087199,2321.1407517406574,12.282591415084605,2325.997446066156
2404,2578.3610185678467,2583.115267433411,13.908816901455566,2587.427611715142
2654,2676.257268529304,2681.1624641185367,12.424689374760401,2685.5888833181725
2669,2701.3790326629037,2708.418212121684,11.960803530741131,2713.421186709686
2433,2856.6110031130293,2862.289162979779,10.841027124902618,2867.4285947635763
2689,2891.2935273222447,2897.124135637133,11.334975120734459,2902.414515111825
2405,2930.40548245076,2935.211747852363,13.061718238157487,2939.6672898591187
2667,2945.831231098666,2950.570968120962,13.240199662704114,2954.89797281939
2687,2982.0326440923527,2987.120026888082,12.776752721819818,2991.792285114617
2684,3018.1846611606843,3023.3111726198895,12.554409161578558,3028.109858827866
2435,3031.417425039703,3036.511555495468,12.962137763028979,3041.2324305133325
2414,3033.251431681721,3038.2455916475897,13.287001260574144,3042.96015117023
2657,3039.898639920525,3044.557210536957,13.434613227704899,3048.8572357657954
2656,3062.469486474219,3068.527399435427,10.968336586558884,3074.073676606843
2953,3071.4671250013503,3076.285893357175,12.681344154698538,3080.737512522106
2660,3220.382563958663,3225.356363733512,13.449992720441337,3229.809915238067
2662,3309.785320129183,3315.003820716493,11.894974341376086,3319.9922663320763
2685,3319.246565030201,3326.0274973183114,8.949688937067801,3335.7177617088964
2668,3397.2877179832276,3402.2906210087763,12.27788486027332,3406.862479104586
2682,3451.3590512176074,3456.482658492171,12.153010286500441,3461.088786925022
2939,3490.259428577846,3496.029907759725,11.173682992232564,3502.3121606705236
2936,3512.0867359954846,3517.0961737338357,12.54501271819669,3521.6265375814987
2153,3550.2744343417694,3556.3296417206548,10.624489076295172,3561.771141972559
2416,3573.394459322921,3578.435780257475,12.838698819277912,3583.0168604946434
4675,3764.303445145706,3769.0369757136777,13.06365695497337,3774.66492627788
4661,3856.963548645347,3863.429255399643,10.499004824642663,3873.059701647497
4426,3858.9309948775926,3865.3655133040356,10.125599393398469,3875.6161845725233
4670,3871.1932212303036,3878.076037186913,12.349880977522279,3882.8840691904225
4958,4026.038827642726,4031.1812461364593,12.213828435875085,4035.984221785201
4427,4095.4426392345845,4100.361839327476,12.989910589080278,4104.906294762744
4406,4104.132051040595,4108.489113078544,14.177751371124618,4112.52107708983
4666,4122.8010331516125,4127.472596759506,14.0985667352719,4132.732179386506
4933,4128.033438347282,4132.634446839222,13.705840736002974,4143.51761330718
4662,4321.232600279184,4328.135220793826,12.13781290755829,4332.898150620946
4440,4386.530580414688,4392.176655224883,11.719944525085786,4397.286625852485
4422,4390.81716871611,4396.536758079802,11.344814929802132,4402.900345225868
4660,4392.725301287396,4398.388982265286,10.397040843560696,4413.620993347501
4954,4394.594271066576,4400.257242501108,10.025153220594158,4416.1035929922145
4929,4396.887916173208,4402.510938851555,10.873513872146315,4418.156942202581
4922,4399.001340276016,4404.489133857991,11.408401607591287,4420.561675561345
4430,4553.848909625277,4558.217804790123,14.1094905060078,4562.219711326584
4683,4593.7308328734125,4600.011189955856,12.316383804134592,4604.929525600588
4418,4665.98352674259,4672.021894626436,10.343092425315142,4683.20853490934
4157,4731.4234679961355,4736.429165662507,13.265073932054703,4741.112250095033
5050,4779.306981246191,4785.095861052276,11.267303877541734,4790.383062258896
4407,4843.608557608329,4849.3398377580315,10.64369362727541,4855.733104925796
4688,4933.219232448622,4938.144457220063,13.07550584533096,4944.1455084381505
4431,5010.2490957040445,5015.267959412215,12.186791127014608,5019.836197004801
4659,5017.670732750766,5022.259462188328,13.62533348573542,5026.281226959562
4923,5025.204208312466,5031.126650098578,10.190336613383378,5037.922482656231
4949,5040.751022071865,5046.033673276436,12.495230399685797,5050.803912007336
4665,5111.0323226320015,5117.454696950277,10.290035436891348,5124.833982630618
4674,5221.150810162332,5225.5960943053715,14.243916351158955,5229.6008093245455
4667,5255.22021000466,5260.124615627002,12.383268956244281,5264.570177714514
4409,5279.435571426892,5284.41090702911,12.58524019285191,5289.038619093178
5047,5290.771808834592,5296.164338711256,11.882609214158967,5302.549644474861
4664,5324.194813476768,5330.199354633957,10.501255804151553,5335.657736188029
4171,5346.825974993514,5352.074855813778,12.57701546974083,5356.893172468371
4672,5377.320814309212,5382.361632335269,12.716664923157904,5386.930225047101
6681,5469.804505298987,5475.212611678786,11.985565796189682,5480.22240273698
4434,5528.848417073146,5534.007619470538,12.644063661951266,5538.608642857934
6680,5557.18718880396,5562.11344658196,12.604217902090523,5566.669078039687
6683,5590.734499410489,5596.172582306274,11.481928652300384,5601.19513561557
4191,5617.291248569394,5622.2771924725785,12.685355185723303,5626.802346539242
4416,5620.139583616945,5626.20191058809,10.455258792986173,5631.56357120528
6436,5621.950470329806,5628.0254822210545,11.546422788316422,5633.457436198758
6414,5645.169546233205,5649.295896473893,15.60094027467788,5653.065204667869
6415,5723.330030876606,5727.614726853103,14.293413945557637,5731.567077555152
6943,5739.828503852033,5744.419132647199,13.514257322215608,5748.722365068397
6439,5799.053117205035,5803.137854300089,15.390221581168632,5806.90124403208
6440,5813.763642998223,5819.131574226168,12.19269904703028,5823.964586823751
6667,5854.122193236906,5860.434923207806,11.724968016280268,5865.474797486825
6676,5924.430296942017,5929.535219948175,11.944630760934281,5935.715587417707
6664,6061.441581258771,6066.360004883052,12.460490646559494,6070.93560004638
6422,6065.846037514319,6070.421744461509,13.396328895036255,6074.483806725477
6426,6075.383630995962,6080.33634197068,13.508510419740732,6084.751477876932
6666,6187.170697501201,6191.637546245985,14.356916020699732,6195.673177504303
6424,6247.274422241952,6252.527359687519,12.005312964926505,6257.288245285221
6663,6301.264296448189,6308.174569269756,11.63674364249645,6313.028636537966
6662,6372.385500602051,6377.575539743635,12.786362176961442,6383.887016405127
6444,6460.251984080518,6466.107095419909,11.317281549391021,6472.997040066382
6689,6484.131377947849,6491.051827425771,10.246501977735662,6496.746607294135
6445,6535.6646565812425,6540.465617977954,13.730039107511255,6544.834389627044
6437,6617.1738672077345,6622.404746094058,12.67603488928193,6627.181934893322
6924,6724.134136671913,6728.323750528258,15.500790285934771,6732.172184838843
6949,6733.959035445727,6738.114474590709,15.213141352775313,6743.453333962583
6431,6814.057573801193,6819.567684732597,12.068617160219757,6824.502456561611
6954,6817.692120037517,6823.079620435984,11.23732032444032,6828.100853846819
6427,6901.307501273134,6906.108566915,13.145518097458256,6910.364357141398
6657,6910.8333273073085,6916.476816637393,10.767764024604594,6922.8863266867165
6660,6913.3745726663365,6918.406124849452,11.334514628062522,6933.763343573192
6669,6940.339453362104,6945.32886523924,12.832388097161985,6949.788897416601
6429,7077.898662489467,7082.549855633713,13.793734166423583,7086.844610667206
6420,7079.480918303311,7084.226935079779,13.269526939853419,7088.534958244778
6679,7094.848856662101,7102.0090658589415,9.505157134048853,7109.426713385692
6959,7096.951922007545,7104.015059551987,9.263080777044097,7113.374110606247
6678,7201.197115604466,7207.466491257958,13.356287395327204,7211.728408112094
6673,7203.992996859843,7209.448792558399,13.303078173251162,7213.703966879722
6927,7266.015568488482,7270.54305860604,14.037178179152002,7274.655363013143
6672,7271.116510468764,7277.0033987151255,10.522191488611577,7283.593021782157
