1258,263.0623924566128,271.07953335292393,13.572026621747067,277.82453946783
1416,1039.2392049672346,1046.5522656621886,16.222638373229508,1051.9447568224787
1264,1128.9369442683096,1138.5039092400891,11.634196076932852,1145.8064857834922
1419,1401.2300488893968,1410.1889913728908,10.068019423333116,1467.1026911913486
3420,2658.5014147473257,2667.0301813203046,12.41060514018381,2673.856733507107
3429,2748.8385090196066,2756.4789813902958,14.539987648317041,2761.1720848416244
3428,3379.0185022291726,3388.364224919342,11.05645611287941,3395.7889476275304
3422,3679.626601315357,3687.3577499659577,13.485265985413207,3704.158146397878
5276,4670.318032654966,4678.295418165009,13.918009650432149,4685.248662709843
5280,4998.4387027806115,5006.554642574887,13.613971362607034,5012.704882768367
5275,5358.8970192714105,5367.000099732322,13.560646901957327,5372.934735573758
7427,6258.761606248227,6267.134427931922,13.358564144330405,6273.660585144374
7272,6708.520683698911,6717.035946834685,12.058718211209694,6722.664683550328
7265,7338.434693045254,7346.16200640922,13.979160457750423,7352.512906754552
