283,46.51132534008452,48.554075973641545,13.7544087203661,51.512473701535754
194,183.6148601990056,186.08850293883242,13.636266455796521,188.1046557352089
957,206.68704165081428,208.63490187581007,14.708827262858788,210.5228543751174
710,300.26388422249744,302.1676784915278,15.209950559972643,304.01162521476
202,322.32849037646355,325.02095705027006,7.763469128605787,371.61440901972105
1916,387.4916245077894,389.4092878239409,14.28086538135261,391.32240448099463
969,392.85214470803527,395.05374090464557,13.078509340173154,397.176612817832
402,410.5132835575668,413.27936551961596,10.864197877340974,454.3375710085441
956,459.2590316741424,462.2564320048326,10.054595641426353,464.97183389522775
1077,461.31604285574514,464.2255828214823,9.342690266698574,466.925902490252
1777,463.3083372933349,466.267918814999,11.298187857272168,468.85071937350267
989,558.1066380727445,561.1870872351658,8.625917876908588,564.450540828334
792,565.9565697485397,568.3281705451799,11.883878681647293,570.7111401261346
986,642.1290236917228,644.2648458417628,13.127814074865016,646.4176003529334
708,652.5083948087089,655.0646212173133,11.391852952660818,657.5449459023051
313,770.5151538676473,773.033285250654,11.895395887686007,813.0455777623262
719,813.4763625734797,816.2001195267777,11.36463234478355,818.6841889618007
959,820.4682963744177,823.200089241822,13.149745361085632,825.3308789978962
992,835.5326588726293,837.6294194594979,13.805252309640652,839.7260616415028
961,903.5221903234384,906.1724828030517,11.603151500188565,908.5983799290502
205,907.7514033099263,910.4098820673725,10.567459395945104,913.1099243689312
1526,928.3095977986036,930.4687271150638,13.01854657198348,932.5603440036998
1067,997.1866469420884,1000.1279654847939,12.506306305425912,1002.3831906168373
1665,999.5825845908358,1002.1956874049569,11.272714924204825,1004.6066121130956
1530,1001.7838235834772,1004.1633145942501,12.25805470473217,1006.4452651223581
1767,1105.0186260523053,1107.02358105904,13.216814910013023,1109.0775881531088
1907,1109.904121318995,1112.0173591363935,13.846440935925445,1114.0102167386171
701,1206.2902062671906,1208.2587095033027,14.594055695434442,1211.092930957129
714,1282.8481189428287,1285.2596575725784,12.338233825926254,1287.5954665761178
288,1307.6301475752302,1310.2691201061282,12.203809161085454,1313.455101644248
972,1353.6218998618683,1356.4018075430838,10.777407315562394,1358.938143423112
722,1370.9005501161596,1373.193329247024,12.067196561673692,1375.5261386635011
444,1373.7938837518213,1376.2264771592381,11.209551882509846,1378.6894647011736
284,1400.5823551732365,1403.0108578571662,11.359747729244392,1443.2368000323925
1760,1443.8705642718687,1446.5261616654661,12.466165265170318,1448.697461734412
300,1445.8750223650404,1448.2622046505242,12.005524745947849,1450.4782050340546
1778,1459.3995828737686,1461.5143675563547,12.652561624028815,1463.6338634237773
712,1464.0870941709484,1466.5067728565612,11.288215308229825,1468.8869374800558
988,1471.3263669603602,1473.498328217371,13.507064074428293,1475.6620651510614
1793,1533.4530804163041,1536.0930057675212,12.017028821007854,1538.4190660504144
717,1656.9993426623887,1659.436498160781,10.304052982733696,1712.9901391911005
720,1744.6191697381073,1747.0951148896288,11.764240130511627,1750.446842593833
316,1760.9223529375379,1763.531976928636,11.239390902540338,1806.121924184635
985,1903.7856741845576,1906.4582828303169,9.992993400950981,1909.0452910751144
1775,1909.0529937995207,1911.1520339482504,12.870158959346327,1913.2133348969417
2303,1968.9667979403528,1971.04343310106,11.617891251140659,1985.2557715771466
1525,1987.2890152576804,1990.2486004427442,12.289060616098535,1992.4047031856135
2691,2000.3565351404009,2002.5106934308817,12.914584252533606,2004.5992506148386
1889,2088.14564111407,2090.4324060514464,13.247655006995924,2092.5446614513257
2981,2098.110459932607,2100.196257304098,13.519681762636443,2102.2598138120634
1066,2105.3919126677374,2108.104399070122,10.341440885011751,2111.336924297477
3896,2176.7565876534254,2179.265709638411,11.208099572883542,2181.6708980774756
2697,2181.0266579756103,2183.49337755988,11.155340968474073,2185.923217119766
2955,2253.5756524513163,2256.0448161914546,12.47268754830083,2258.306148879459
3783,2262.2679463082654,2265.2258592805874,13.072061886914538,2267.2910309753815
3786,2343.861164086554,2346.4270096482624,13.04078280531966,2348.567533019276
3903,2370.4918662236064,2373.0438511991338,10.546409949648204,2375.6007425121275
3781,2433.8288579791715,2436.393196283276,12.902525180944389,2438.5262768661387
2806,2446.2281457118993,2449.132349607718,10.233185030368322,2451.789408740062
3900,2449.8768467531777,2452.262888423922,11.227451519392028,2454.6375728306634
3911,2453.531401224431,2456.1452517756825,11.001383871368754,2458.753001595022
2962,2460.3280117153054,2462.524703978649,12.344638551152148,2464.65515393907
2330,2478.3354271814837,2481.1990624885148,12.18467344273654,2484.270742820362
3784,2529.755122657948,2532.2418223060035,12.516629197079812,2534.3786319130513
3908,2536.9561747798803,2539.155155499565,12.555890198134893,2541.3707874767592
2709,2543.7450517943184,2546.0468509162206,11.945239569800604,2548.311041727718
2302,2569.8433408954793,2572.4068794830923,12.075005649951805,2613.0322505519816
2988,2639.8413516282635,2642.053508406147,12.53689970175858,2644.2617577779993
2350,2666.9884350624,2669.3194424095445,12.196221178443476,2703.4102756638063
2301,2749.8616908022163,2752.2691539884227,12.675841549497479,2793.115400070434
2193,2751.8974343158966,2754.2251545982876,8.591586949682725,2795.774873088948
3768,2793.35976039237,2799.015400228143,6.36224449285048,2802.2451619960752
2725,2808.535105632886,2811.0710833574453,11.119098627832495,2813.6349451105257
2698,2819.3288336275627,2821.503170208223,12.802715789626964,2823.696259863227
2336,2837.7740350127965,2840.532040092992,12.833208751469646,2843.5101789078212
2966,2891.8927778355724,2894.1434159707114,13.136168065118364,2896.2653410111607
2986,2915.596149167255,2917.419249476762,14.949002683635067,2920.3490128518374
2268,2973.8661875321677,2976.5455761101725,12.04951074121051,2978.713643846488
3918,2982.9005949221682,2985.300799899604,11.782475925644263,2987.6676111241018
3904,3072.938236506431,3075.2685797285512,11.33316325258951,3077.574544516536
2714,3082.5850851566347,3085.221582924329,10.95336749987739,3087.797753106721
2696,3084.473297846701,3087.145444059562,10.658462910804065,3089.7549741236035
2717,3088.05904230937,3090.4880487376968,10.914995768652387,3092.910199182472
2722,3092.6496951623644,3095.4179171528926,10.056415079829048,3098.4941446823636
2719,3094.5529104207494,3097.2881284497685,9.544275861584186,3153.3629983234687
2447,3096.4729277233173,3099.2356141647083,10.871570613683577,3156.0586256744464
2956,3098.394262976131,3101.1134259771597,6.189491470568255,3158.174583960024
3792,3153.941671437431,3161.0521093376283,7.412120039041498,3164.0556545125783
3787,3156.4495555692597,3163.2102116704027,8.584823788237115,3166.0026952094545
2328,3197.663873911936,3200.4041031196066,13.291484570713404,3243.2176239836886
2291,3333.5593982533746,3336.0624614881317,14.68283171137194,3337.9139896661395
2448,3345.616286271945,3348.4254301753836,9.86211561525194,3351.167766861302
2278,3393.980540985322,3396.2763581269082,11.715118427982341,3399.549353895144
2305,3410.0198957898224,3412.2389602238945,12.438460358825845,3423.2522173480347
2726,3439.4364823307883,3441.510058139365,14.15710176060609,3443.5295035234794
2720,3441.1944116414043,3443.2466687443753,13.985097661035377,3445.2168689544824
2703,3517.1197218464,3520.1455487571907,10.164180522523788,3522.8840377281776
3796,3527.5869024449325,3530.1602212394278,10.365723431325186,3532.867148194677
3765,3603.8867507862283,3606.529073068838,11.103916188249295,3608.9228170608526
3920,3611.520747545245,3613.262142167585,16.666795243040774,3614.9264584167213
2975,3629.0090530992525,3631.1791157497796,12.33276734547517,3633.350172104597
2802,3636.012430626321,3638.2353228371726,12.769380949866246,3641.4493897049065
3074,3693.7494247924624,3696.4212625604773,12.209424900129726,3698.9613247576226
2797,3708.4151206366296,3710.554746023449,13.189484138465694,3712.5767562618844
2707,3722.884615906054,3725.170587053856,11.441409715240514,3727.5227845365266
4196,3785.801999413183,3788.3137760901277,11.9739113646622,3790.6423683286475
2723,3807.992450104683,3810.301356469188,11.29097526630499,3812.6900109634544
4346,3834.296670650109,3836.5119689970506,12.086521059225902,3839.417293403199
4334,3861.604047637659,3863.5916542357554,14.204129109429648,3873.17334768318
2973,3879.003393390818,3881.4969057976837,11.715451781143857,3883.8102321430083
5782,3964.0012694149873,3966.43348292724,13.25605407874283,3968.48997009481
4725,3981.1974127372696,3983.5312628927586,11.742188753723495,3985.986039756108
4720,3986.4026898458415,3988.319883067902,14.262431793611665,3990.3106184377216
5079,4053.647901291943,4056.172331587196,13.178615676266256,4058.315858706124
4726,4071.940402091908,4074.2505591649024,11.866324869962964,4076.495236530685
4722,4173.699491638745,4175.619498017108,14.625058724135778,4177.506429481936
4384,4188.4012656030245,4191.333232281152,11.948063412888247,4194.515568590847
4289,4200.585820716159,4203.264899122439,9.812870298624432,4236.099745529712
4283,4241.491255476807,4244.028541325283,10.888334657966276,4246.597621916716
5519,4257.004084710235,4259.169939705519,12.984583083639105,4261.362766421021
4695,4269.096061398481,4271.280215493666,13.001366988396818,4274.3196187681815
4276,4278.277744483475,4281.262638357622,11.972914876013455,4323.356096205445
4279,4328.802837259392,4331.427410946387,13.563559078617908,4333.560103325705
4960,4332.832642464572,4335.169508161653,12.040350626142464,4337.516093234026
4731,4351.009913301256,4353.104731399323,14.027364615195825,4355.132244074635
4309,4394.807002011971,4397.207425598893,11.880503352172745,4400.503774196752
4356,4403.923551451449,4406.234705678725,8.812582802803258,4419.245414314781
4715,4438.232853146205,4440.507983456813,11.857716191680804,4442.848359138833
4977,4503.5243660658225,4506.170749350379,12.168393529877614,4508.467018279087
5802,4520.080084089918,4522.38349195352,12.036678839027195,4524.715605032122
4373,4556.721570802093,4559.217323655101,10.780677783412495,4593.208271288122
4405,4730.472290304125,4733.2024628586005,9.598142646927236,4775.593539682349
4981,4890.03015868124,4892.053099254322,13.526738918314315,4894.098394563232
4979,4953.531632496359,4956.3998399492875,9.107294080413764,4959.211119434043
4719,4962.561076551966,4965.535841569807,12.15317675605347,4967.775835969646
4982,4980.034526496085,4982.086045896364,12.617345171485844,4984.186237613266
4987,4982.624015271394,4985.072443894754,11.364400865878794,4987.475356986353
4275,5043.90195694063,5046.454185419487,13.389077587930004,5048.536873814209
4966,5073.178151170043,5075.389124820725,12.539615152120493,5077.617950309315
4308,5088.2454240086645,5091.307729953576,12.296571655000035,5094.702855364235
4728,5158.90279092938,5161.326989736724,11.98432748843755,5163.716044217989
5794,5237.958642302906,5240.324295463611,12.559772392742378,5242.4879643539725
4801,5247.825016445359,5250.09178915291,12.97544502704832,5252.27071977734
4991,5258.453975886417,5261.422026812034,9.262633193905776,5313.229844476194
4992,5313.839544849897,5316.480753677769,11.559577391035399,5319.007115902025
4698,5315.7743179566305,5318.327445709276,11.204880520318287,5320.847130725664
5790,5325.707636183334,5328.213965697781,11.103982360640066,5330.647386221389
4712,5346.901999389309,5349.153808012651,12.058367376945736,5403.148920113715
4975,5407.424135088959,5410.226445572726,12.110302890505697,5412.618282305095
5066,5493.426397199358,5496.067048195169,10.833593956655857,5498.436952563207
5676,5511.524842675537,5514.038207381721,12.323384665924834,5516.3660822325055
5789,5520.77377514061,5523.383457174059,11.365028715806089,5525.903712395376
4988,5522.647721417971,5525.295811214305,10.80739833733399,5527.799573568497
5784,5583.8913625306395,5586.533752600081,13.103778830114502,5588.556956182567
5082,5611.595605662566,5614.113834865573,10.772014857334256,5616.623034983924
6717,5613.512021073762,5616.013381643826,11.886139688514229,5618.828158175056
5792,5673.563713740259,5676.133072306462,11.965862337388534,5678.485304277068
5793,5682.711461801272,5685.153192200471,11.55170137553034,5687.550605509068
6796,5690.004417412199,5692.313591039415,12.795078376380731,5694.563868000795
6711,5691.872905062638,5694.135426390779,11.815547101824802,5696.338437358413
6970,5699.294353811222,5701.228754411101,14.45939135863616,5703.1558053960325
6968,5707.562835467655,5710.122178858665,10.341673624467807,5713.249350088368
6964,5797.307168707141,5800.19107951527,9.569455348754827,5803.687733008811
6963,5799.235848299296,5802.114803170717,9.913341529067534,5853.081768557175
6980,5881.591415773561,5883.622186796039,13.638992419860088,5885.639350456163
6697,5888.88661815674,5891.406965665486,10.955069990510216,5894.448148695743
6993,5953.977580870656,5956.188317404213,12.328300514984273,5958.4273714615465
7080,5969.132730566379,5971.1685467395755,13.384766408238763,5973.25077244257
6391,6019.060587477434,6021.037279432795,10.884742124617446,6033.4879748173
7788,6037.35948250104,6040.205869907989,12.35304130053129,6042.978245182921
6363,6169.865865569941,6172.438496766387,10.924531800007692,6175.620463620583
6279,6188.565446012069,6190.463977710905,13.52579405333938,6212.922024267966
7086,6327.229243603202,6329.308327679978,13.155849750091326,6331.443105291268
6716,6331.741480625538,6334.095024486565,11.40897758700556,6336.430196193662
6979,6336.222714285628,6338.238945454266,13.564192798106463,6341.134808717244
6722,6415.466100571973,6418.441905393605,9.778302590529272,6421.468938633193
7795,6421.09913894829,6423.434253347629,11.629378251861207,6425.748932632216
6972,6422.841936289318,6425.246824064618,12.03655184456769,6427.563048951165
7794,6424.635369856351,6427.057838869991,11.994666169540544,6430.446552080865
6360,6438.034253967451,6441.038838656664,10.809272939330686,6483.258600343556
6986,6495.869019883989,6498.365604907359,10.84650691369311,6500.840989112426
7791,6497.668512280262,6500.136639691823,10.280932139104992,6502.66056973052
6996,6516.583378154442,6519.220588579318,10.695697151707382,6573.203310764458
7771,6576.894601646435,6581.155616456033,8.083483849119014,6584.048370586641
6715,6598.787223333179,6601.523971625052,11.182905256006084,6604.263417961917
6795,6600.723096363315,6603.391332277934,11.17955486794899,6606.2303834814575
6322,6618.3156815623315,6621.392507931513,11.468698988141627,6624.57771732721
6324,6623.2896682126375,6625.50485603643,12.672574028137005,6662.747672814837
7777,6664.258000889049,6667.082587307091,11.028314797893268,6669.849388622572
6718,6691.064178618231,6693.355355908237,12.01254183421874,6695.644384405818
6292,6714.489303096843,6716.542532527678,14.693022328641078,6719.500921302415
6368,6798.082082767904,6801.0861798848255,12.008963288736728,6803.957731885219
6304,6818.31635835448,6820.5419944718515,12.421356253870897,6842.920650441206
6200,6847.252315617462,6850.182201509676,13.56726125803234,6852.218332546856
7900,6856.610117281837,6859.236018560498,10.859472983658714,6861.731173257886
6730,6858.607531859462,6861.159063338116,11.462995248097199,6863.542753126625
6975,6879.065278713654,6882.013272824783,9.293897905228949,6885.51091393917
7768,6966.3159286026885,6968.503741388047,12.599036933718875,6971.727978730286
6992,7049.405127095082,7051.458078612799,13.546405983626777,7053.531048015098
6703,7054.224363856532,7056.293342462216,14.039579710127244,7058.818974424769
7770,7113.723210042052,7116.424732839146,13.24789201586472,7118.413950610799
6794,7227.529698595926,7229.425224725692,13.377152839157821,7231.6476712333715
6712,7229.299576143799,7231.400385980287,13.2306922188821,7233.624928757948
6989,7231.126130672097,7233.237917215803,11.645810204517508,7235.438976003018
7797,7383.6367471058875,7386.430958970835,11.278727026918531,7388.802176247976
7781,7393.568107968398,7396.146375009,11.37499313544296,7398.682059095641
6997,7563.390118347889,7566.01406484819,10.93578135459843,7568.449726387857
