1848,99.03989714297109,105.29903296243506,12.528244887677815,111.54117217684058
1820,187.85637141836892,195.07486249018743,11.202314972994104,202.1070381949888
1834,370.19375713166477,376.4549197106237,12.955988231203472,383.03644044474726
1825,756.3526077174917,763.1418833100533,11.8341842066162,813.2895695217038
1831,828.6000414179836,835.0501442246771,11.940207140393301,841.3746173349675
1821,1090.7667794969439,1098.4668842424317,10.114238318112898,1105.7686723852994
1809,1363.7412861371351,1369.3377606682795,14.177103769492359,1374.9197914711822
1800,1448.745865168726,1455.061357692199,12.87338493045238,1461.789852559865
1826,1472.2630329689075,1479.036792678296,11.837182658622533,1486.6717418382323
1857,1562.5483609625105,1570.1170711579123,11.284466594451795,1578.3341037037194
3824,1991.9939310859932,1998.2213496057623,12.278375506221964,2004.449368695552
3823,2091.779542648736,2098.3528340477346,11.956559309671958,2104.7907498116174
3802,2102.395326386532,2109.4296928345593,10.884637317054576,2117.5992634166546
3853,2284.0443422523444,2291.3920169151297,11.458558826424401,2299.8563422494844
3798,2379.042559946991,2385.475393302132,12.06703872704128,2392.857088892578
3839,3427.601485352896,3434.563404803466,11.81338942791279,3441.3478085216143
3858,3714.4801014142427,3721.250228552414,11.37779206549708,3729.0
5804,3723.6352809761943,3732.09249034963,9.394292459216114,3782.8795048829347
5842,3725.6021706717847,3734.069890146039,9.558764871601625,3785.347922048342
5853,4152.493017621127,4159.23229803085,11.675834069638439,4165.944273010969
5862,4607.348968043069,4616.159733751021,9.298658331661782,4624.697554664678
5837,5239.518000071266,5246.486189516534,11.698358490453606,5253.344497016639
5826,5253.813793718831,5260.5476784819575,12.46283519556771,5268.10749653134
5846,5255.573841840564,5262.254673776193,11.439365438922827,5313.077879578409
5863,5412.378030542026,5419.298728431259,11.954636053980355,5426.202102699166
7828,5612.295146197014,5617.625500333659,15.540592646522244,5625.282385324745
7831,6664.022023128841,6671.279935008226,11.110990802123656,6678.35514577131
7808,6667.7026386286425,6674.184459788874,11.838658663250737,6680.757450348493
7853,6805.732493764882,6812.280959429685,11.798323813589553,6819.8359540506135
7832,6850.333791710862,6856.367042094253,13.523784443147797,6862.134135854011
7846,6863.937941075733,6870.4005435605195,12.408835768068444,6876.7078218942615
