1651,950.1086588382977,958.3914633387385,11.15626016600923,963.5827206750515
1209,1318.8696432200056,1327.19124966632,10.96364676743622,1332.467183406725
57,1759.9451027074763,1767.1220407507476,12.67898983023948,1771.5876958112824
63,1767.836945254924,1774.1660427434526,13.258165082423977,1778.2617116521724
1657,1847.7708270087899,1855.2193019190229,12.17465864272628,1859.584057681271
1447,2130.238285499343,2138.4965136563346,10.599308312240957,2143.733311810191
3293,2848.769621351747,2857.0915706896562,10.672390273104817,2862.2942163650673
2030,2850.6479093640146,2859.0568409439625,11.438739612178583,2864.245604498587
3665,3020.428364170037,3027.40573589902,13.696727705125006,3031.4894258012805
2050,3024.685461476861,3032.2648413565153,11.13933759803233,3036.85985520235
2023,3038.548882016658,3045.37588160853,12.355352758634783,3049.6486292373993
3649,3200.1718905974762,3207.137452983413,13.583045773036892,3211.1111154862024
2057,3300.4489806285196,3306.5428638208223,14.521843637020751,3310.3621433829753
3375,3480.5442868897967,3487.1273658282803,13.253965603995983,3491.2525118973012
2041,3560.144203853164,3566.2589383067657,15.124052643403909,3569.807400501632
5387,4196.657050284841,4204.1172517439045,11.313177017279058,4208.7392491096325
5222,4286.454700552537,4293.383879436747,13.189477857911648,4297.651140164545
5372,4556.713719745204,4562.634456597787,14.472515299056992,4566.375131931583
4112,4773.730144264406,4780.577449429919,13.828468490860994,4785.941557437635
5228,4915.097940692137,4921.480872921042,13.76821946326158,4925.564714282115
5381,4922.061355517395,4929.468206874172,11.369815401238837,4934.181233057116
5220,5008.035574971166,5015.4713003056295,11.802211992477702,5020.273088385468
4049,5092.442302625241,5100.204955990056,10.59420487719704,5105.1206479178145
5214,5187.409607210656,5193.628592800395,13.914515482201109,5197.4555509154425
4027,5214.487276264402,5221.204542214859,13.28724027809728,5226.661097508755
5664,5267.636916372479,5274.049258678874,16.833850399748076,5277.296771433214
5373,5276.297674239822,5283.55269220569,11.727915592713202,5288.19312330589
6046,5496.0519038581315,5503.33365259651,12.404333030131124,5508.727908546171
4037,5546.711421748142,5555.015390506799,10.249332106985133,5560.22992036018
5374,5637.979085708416,5644.1825860945855,14.406878473238994,5648.034091289068
6085,5842.6334454738935,5849.515600912046,13.039208418114132,5854.828367155977
7458,5906.483909893301,5913.311378186155,13.227910366975598,5917.606612030501
6078,5997.892334963318,6004.258540725382,13.628241664030382,6008.315078610364
7380,6004.334356445037,6010.271016781188,14.2057614079444,6014.072088316689
7231,6006.227172942628,6013.045270954098,12.32856576318195,6017.400584791282
7304,6089.69362695111,6097.180826439169,12.161641099217979,6101.845331243584
7388,6271.60728691481,6279.557401628365,11.64572993443503,6284.486083370095
7227,6357.012610762405,6364.541349346222,11.216502905942061,6369.338642554392
6047,6489.185181917257,6496.391059916014,12.052072521101609,6501.77421222159
