110,92.76764216897382,98.27831749760301,12.233767026136606,104.6665220524751
12,100.78763887703295,105.42239564715193,13.860557214725093,111.35418596091051
124,120.8165759927513,125.37831305707549,13.513946491833988,132.21754901989482
305,318.43823608551367,323.4206629818554,14.818322829597136,329.94672841316213
280,591.0876173757081,597.0060181460003,9.76175787141265,605.6468514494989
119,903.0925267102751,908.4790517615077,12.208035986724527,914.6962398905973
346,1129.8169114370078,1134.5887272727214,12.228043926529988,1173.0338347008083
121,1203.5361552500322,1208.022231226419,13.84874867219518,1263.3336897719553
129,1283.4962275308576,1288.3995796531708,12.396646172741244,1294.804579530137
336,1312.833077970115,1319.4279888060678,9.396067482642216,1328.689769298088
535,1537.2845307550297,1542.3527542980326,12.627067268156017,1548.7228928518266
292,1580.674466922099,1585.382474440951,14.028029534640542,1592.3577069787157
135,1735.5152750597663,1741.3724312549245,9.89661674935651,1749.9601398221203
356,1761.0629758850553,1766.2544110757935,11.522484035498419,1805.8243926852197
2307,2211.33807741256,2216.350902625086,12.492023370190857,2223.7976072067186
2012,2525.6224144146017,2530.642195924672,14.240529452159368,2536.242691989108
2530,2561.079653099015,2567.3666181880476,9.969717521355019,2576.1067780484723
2323,2570.334281108474,2575.335906406272,12.670420700672787,2613.1952706921707
2126,2642.9963416477403,2649.1699601644473,10.090279260444186,2657.8205811671583
2294,2688.0564092542427,2693.3447850661787,11.483937639050703,2705.6183478943603
2279,3406.0376177979783,3411.036617208018,12.681667661373691,3418.3693748263286
2122,3515.64977371821,3521.1151639939817,11.378123255246372,3528.0484414053785
2123,3517.936057627279,3523.1049502046812,12.404654081672053,3529.938225447837
2332,3648.455787635065,3653.4350153073106,13.222393961693468,3660.395160852949
4278,3803.6302849774206,3808.5228311058395,12.823414098511098,3814.9325187604536
4532,3986.5423222535196,3992.018998224342,11.051413294235049,4000.3541737523296
4313,4188.486886288395,4193.557420130336,12.86993954686456,4200.7324485716
4355,4283.45643306493,4288.0838160772055,13.687995727038642,4323.314802266331
4291,4372.627521211319,4377.192537762264,13.468899061675183,4384.35766241919
4297,4458.763248092916,4464.099036087052,12.792439277408816,4471.351675708715
4349,4731.0938443368395,4737.390594104441,9.44293909650605,4773.159997510853
4322,4733.2729794961115,4739.422943145806,10.809258100343847,4775.811253322955
4145,4976.183469743793,4981.028051794917,12.935306716496928,4987.308431520231
4005,5042.992012349397,5048.637597455664,14.214282288833566,5054.173260321084
4554,5079.27696923638,5083.380926755191,14.795367854658886,5090.146485723573
4325,5088.98413238122,5094.089347611192,14.063946667910741,5133.158165448317
4272,5270.930039235393,5275.562937844735,14.189727097630115,5316.0922611155165
4315,5358.441573853772,5364.410941334605,10.157164509305158,5372.740571662287
4530,5587.140206065683,5593.092417327644,9.902990823059264,5600.866861608226
6009,5615.502760935532,5621.306207166411,9.91376029950857,5629.562289018515
6333,5629.25042760591,5634.419151814319,13.170277547968155,5673.213141944091
6349,5902.88673140485,5908.081913681978,11.167527482458585,5915.7199181835995
6110,5949.854253778001,5955.4289302144125,11.018809895935455,5962.588260858287
6311,6078.462756936681,6083.451556816962,13.294059572314115,6123.079119167004
6309,6082.437643381485,6088.070034257979,10.406865926433518,6125.451579387598
6321,6263.350991756085,6269.189931240051,10.136503552258896,6303.06603804859
6335,6708.330575378323,6713.534166103424,12.29267653007312,6720.821541979373
6314,6712.629988854186,6718.499335286787,10.650817607631202,6753.421738785442
6348,6801.071517189537,6806.190750049924,12.785057992461802,6813.457308304549
6281,6888.844989861529,6893.555634334703,15.89709879922253,6899.594491179027
6352,6978.885157763108,6984.003552060842,14.729600616734986,6990.294657833958
6331,7073.018991116789,7078.13967336724,11.901367345188685,7085.662172615796
6276,7127.771445254816,7133.492629466076,10.321183008143901,7140.830876654559
6524,7150.161090442048,7154.3994898979345,14.084313121942877,7161.067195282643
6302,7158.674193487939,7164.386407791051,10.352185119624943,7203.0557280339
6274,7248.601724139666,7253.5447407926495,15.89450453335249,7259.748057853251
