398,108.04175442259519,109.13277402370643,14.214764137688963,110.70070091132774
331,134.6073349155631,135.6296360339587,15.011022432074515,138.35255831456806
550,222.7449872921782,224.14596374004924,10.111534710976757,273.3877054061272
546,379.8867656113783,381.0458369690289,12.909917041406391,382.7630086740562
224,549.817324842105,551.233006271832,10.915049304764793,553.2427039786381
189,669.6139311843467,671.0393779975345,11.348967780370577,674.2116743853107
543,756.9410393344408,758.1096070888747,13.65571182764688,759.7898914496002
165,999.0800436027351,1000.2487086052103,12.898312565934425,1001.9721970737173
262,1243.1859124822663,1244.2427822342484,12.398299553424842,1246.9901474566752
226,1268.9672591449867,1270.2443755384204,11.873253511662586,1272.1114234712675
340,1394.6484955407911,1396.0341355846103,9.375170032962517,1443.1051784967237
538,1485.0100724565843,1486.4374151480324,11.251098615126153,1489.6028521433873
204,1595.9433576269487,1597.1447612742516,11.862692421321595,1600.3143868607112
306,1629.134986552652,1630.3327248321684,13.522242413045085,1632.0274183837441
520,1751.997136936325,1753.3272480379499,11.736982109149217,1756.79010074146
2161,1904.651596617726,1906.0770600021415,9.86086869492513,1908.1279697205705
548,1911.9249319239948,1913.2625166257963,11.22775308977582,1915.281096357158
2525,1929.5269639624514,1930.6182284858266,14.016428651388235,1933.633130865909
2351,2001.0456279369284,2002.5200867437645,10.63200129526213,2004.716889265648
2372,2043.6048582475166,2045.0985878921765,10.636520178873372,2048.4233176325374
2175,2079.2607973134895,2080.5520845924298,11.927576580517789,2082.422631060814
2319,2259.688245529749,2261.141790628439,10.701233995394848,2263.2592729903145
2536,2288.2832043068743,2289.5298525135286,12.50191989390298,2293.1380255208974
2238,2384.0335846010285,2385.200019990863,12.64728595734773,2387.888789822974
2369,2493.1642967209386,2494.453964840954,11.786869277993254,2498.0791966971865
2240,2673.79231407898,2675.1951888615195,10.469521658663057,2704.825204378076
2162,2761.889237235008,2763.12034974638,9.067552008631555,2793.54921262205
2396,2942.7528187005673,2944.039890274103,11.532877332066306,2946.974397916587
2244,2988.403267796868,2989.549642023631,14.293063774202436,2991.189708820088
2260,3023.937958389576,3025.1264503239804,9.617767882280328,3063.650669834798
2521,3274.4970157688135,3275.5602645186023,14.691351627781975,3277.059021058873
2222,3363.027297162997,3364.41122522423,11.153932434635909,3366.3939904223093
2253,3365.21951961857,3366.44581981841,12.542111931486835,3368.269135459714
2218,3395.8215384177524,3397.2359846370646,11.301517631584833,3400.5398355201373
2212,3474.0982697432332,3475.4434670883365,10.107417451297747,3513.3276595000566
2158,3573.862969252429,3575.0533249835216,8.949879070549276,3603.3081948614704
2233,3609.0959179031624,3610.217923525774,14.202842045418052,3611.8007512081554
4229,3652.220944303619,3653.4939606392,12.584335502905649,3656.644020862829
4187,3862.6734579130634,3864.204473218156,9.254223725865833,3873.202687553635
4532,3914.0201715317567,3915.5077978084732,10.606026102139978,3918.47606916693
4364,3915.9530252645222,3917.4410774162407,9.608034715378693,3963.416270102415
4161,4027.5868141907304,4029.122115919339,6.883655112269039,4055.864747638324
4311,4150.961223087928,4152.278677406515,13.139844188439993,4154.1161788120025
4528,4273.908265938315,4275.329185177436,11.362873106454124,4278.490644427381
4545,4275.875051386789,4277.218686072172,9.133122264999058,4323.256080536231
4360,4355.282364502786,4356.5786996806855,12.013711833117657,4358.349398368684
4165,4422.074547307279,4423.503122398159,10.361891320385023,4425.716318555306
4306,4427.998920094495,4429.255447035386,12.507360199270876,4431.051744584736
4526,4451.274164729691,4452.584472137291,12.150150288284777,4455.60148755595
4547,4453.084796147594,4454.420515543962,9.861795914481869,4503.530885757372
4234,4602.390337528931,4603.537930110039,13.557986702800605,4605.137237872848
4300,4617.065089323123,4618.4535664728555,11.091200884849806,4620.757671436503
4397,4742.1211543959125,4743.448842288953,10.437580500294041,4773.354028253095
4388,4842.883494758551,4844.229529183714,10.197415991208494,4863.574102986323
4239,4869.317894062039,4870.529193953862,13.081868675571563,4872.207468559913
4244,5010.168375946776,5011.224481843806,12.60660616521468,5014.282809955389
4188,5106.841982330176,5108.2653796451295,9.979262970911806,5135.084067625449
4176,5198.118964481857,5199.475259560374,11.545849844983438,5202.646252465118
4260,5365.159999791269,5366.267967360991,13.355631157550807,5368.875707618691
4396,5371.240459161156,5372.501886630621,10.748009508283738,5403.305264005592
4361,5416.143735083723,5417.344144667857,13.167100378399084,5419.108644957608
6392,5553.790143753153,5555.1751761478,9.17446352133749,5583.231462350148
6257,5555.646283900023,5557.233523108317,6.606462225789141,5585.561529430472
6533,5618.101768559208,5619.323396386707,13.298706072704313,5622.404819629774
6245,5723.804707248435,5725.2662366032055,10.456924228414552,5763.221414660024
6382,5838.4941675183445,5839.57829109249,14.51202277186479,5842.91484094514
6195,5914.060049282369,5915.471892741622,10.651379188680636,5918.64618070226
6185,6218.961182717884,6220.189156276362,13.259775787541953,6221.889974485335
6327,6309.210867235042,6310.459921919253,12.18774400466185,6312.296673318134
6235,6398.933930022702,6400.092247115382,13.386401019266758,6401.808599902807
6530,6427.322677519815,6428.5146832968585,12.943088575021665,6431.796752988569
6375,6452.821415469308,6454.08919865652,9.771263797530942,6483.553336044365
6164,6508.948482320192,6510.480107949063,9.947100907880564,6512.723690966346
6224,6565.883472043223,6567.014813281339,9.52911553932028,6573.441368225712
6553,6610.078605557831,6611.360676473641,12.033462046814051,6613.966806992776
6264,6673.215815283878,6674.39461044758,13.687530418456884,6676.038235187766
6179,6894.041126933597,6895.2878225310305,12.96375654865467,6898.563013922403
6397,6906.8369366026445,6908.330003471115,10.09791599690457,6933.507718661631
6399,7082.208539855954,7083.380604963147,13.962720306253546,7085.907395530184
6540,7152.08967386368,7153.409912890813,11.290005990127241,7156.544546181522
