957,48.71743910320192,55.19559258289546,14.018106835473105,60.96928460975286
918,125.92315115635287,132.35484095792398,13.04918589097045,183.60596148397028
969,140.73910321731515,147.30329992058006,13.033846849944076,185.90384300432942
979,142.99635788488445,151.26314628000506,10.076307954049144,188.28776570854077
1077,252.2798043425316,259.2881179312564,11.979162097820858,273.26282061412337
1071,343.19459692633,350.54466754873073,11.72433547050455,357.4308047539849
806,368.4773691259261,376.42000559224925,10.976657315812085,382.8667511160498
804,370.52372198343255,378.4066002843138,9.823184803815115,384.89462768931423
978,678.7321120271961,686.0613722451736,11.027057541507801,692.9603297550541
971,778.1270437523382,784.2835686927092,12.78046917478334,813.3378811794405
1063,1165.2909193469714,1173.4051603619655,10.133548135715525,1180.0891114774565
974,1221.6477793863896,1227.6653349954718,16.511434298257104,1233.707097201326
970,1407.4214436895527,1413.5722894531573,13.581912110836466,1443.4619180456311
3047,1938.7232828238716,1945.4869324767776,13.985177578689097,1952.3508702890736
2954,2209.244288194518,2216.0663009001137,12.628456861008209,2222.8394498990324
2965,2300.7027536446662,2307.4695439535035,12.591003574998778,2343.23071234411
2969,2405.87453743552,2411.325995293888,15.88435181532547,2416.9113040730117
3057,2479.0404914720193,2486.493492781567,11.441215756211818,2493.449768349743
2761,2523.8985912951916,2531.0213487185974,12.549118971718256,2536.7329295918294
2974,2568.9321808577743,2575.5256725186423,13.67991569250378,2581.8474869021343
2956,2934.1660764076264,2940.2450586206446,14.835128473344787,2946.8295427563717
2800,2976.1583587706305,2982.305842903331,14.2167880625068,2987.136133633197
2959,3390.56594401063,3396.236516953679,14.636208939362216,3402.40071369817
3052,3469.0820242062564,3478.0403824078758,9.585826008910084,3513.1362372800195
5032,3739.0347178295606,3746.48223161185,10.854179896639984,3753.896187667903
4973,3741.13886703573,3749.0240040257136,10.360876195014354,3783.3204138179894
5054,3924.6802687727927,3930.4466696271725,14.889772579575,3963.243726653352
5046,3932.1884017925613,3939.114907911395,11.696666743494061,3966.0099909114742
5007,4305.95751271369,4314.209240656622,9.511340197756153,4329.002498231479
5026,4368.951929924682,4375.357870899762,14.037102886797205,4381.739938432392
4995,4467.039558114926,4473.218939029978,13.870185030513014,4479.668544181665
4966,4835.854468390137,4842.280806747525,13.485954880525533,4863.684776697671
5045,5001.360723802019,5008.390659065446,12.522361431449527,5014.912318628402
4970,5094.205444446319,5102.136139493266,10.288218640933902,5109.730562559498
4996,5096.243870249831,5104.012012855788,9.84365488988635,5133.360585788145
5066,5302.038290163043,5308.510049268173,13.034157773541414,5316.146103248717
5082,5365.7740675164505,5373.304289401154,11.366580588266256,5380.678656196166
4903,5408.055389955431,5415.364231454795,10.957367349631834,5421.164192660483
6968,5466.456039169535,5474.178257862454,11.087799833585215,5496.001257261158
6964,5541.083625083243,5549.3233509299225,10.402152656379076,5583.575038697719
6963,5554.217289695389,5561.2026423331445,12.511657748763438,5586.188043198314
7078,5636.756184534246,5645.055238778353,10.026607152056473,5677.7672658565025
6969,5754.340842078959,5760.10289220376,14.645565643792162,5764.9270166564875
6988,5813.342509670751,5819.539737679611,13.64435956810433,5826.007487275936
6976,5991.080878998971,5998.119711648149,12.161210532205036,6033.348741450098
6753,6064.396119693413,6070.161651639035,13.688126337326679,6076.008123047609
7086,6084.855954185581,6091.070866938449,13.149535232760863,6123.259968139761
6895,6155.092250625738,6162.142496384229,11.644542509126,6168.8376103803885
6984,6168.591122328513,6175.260242492325,13.427830596680064,6213.450478961528
7007,6170.839983047343,6178.22924152548,11.646843539865657,6216.109216796791
7035,6375.092469866112,6382.389761560541,11.701164949335595,6395.801976825641
6718,6484.174442846214,6491.3473837115225,11.838197072616863,6497.14632959849
6975,6625.473876655449,6634.081259598709,9.443872589825418,6642.0809821325665
7082,6710.5426112404375,6717.175268574063,12.633728817460014,6723.8515960524965
6962,6801.131743923329,6807.2372629676565,14.600298255614975,6813.453990697159
7064,7073.361568983574,7079.584490222992,12.87050488672511,7115.971591653851
6971,7256.55125496635,7263.301930577325,12.60438224172326,7270.395341906069
