742,143.87078297911452,149.31132815928177,10.923977323677653,154.1823725713903
999,637.6286583979753,643.0164103559102,10.757971860808523,678.3425994696208
1014,645.4172254092255,649.6302162527602,14.752728855499306,681.1878734028934
1025,911.5103751196007,916.2810888339166,12.747630079651906,948.3747280065713
1022,971.840029245639,976.342546297708,13.442378510949977,980.2399665632009
1021,1403.5752319889145,1408.0580379668952,13.400665635338425,1412.0892316683246
1013,1818.582149411572,1823.030143665154,13.76136499225682,1848.3297036882816
3011,2090.4963484903615,2095.156422899552,13.606061561343285,2118.5225613566936
3013,2240.568630773828,2245.11006589161,13.426324807552513,2251.141268447792
2760,2302.292974892108,2306.612626571545,14.639749620500284,2310.37266904866
2755,2306.6561991630756,2312.119780192096,11.092857215210877,2316.9590202618747
3022,2347.2692846081213,2351.6116327979,14.237398550392198,2356.9068288201042
3007,2349.311614669399,2354.0454293925295,11.924263534347078,2388.5696486193942
2769,2527.5620875872796,2532.573902714281,12.655280127136981,2537.931583405816
3035,2573.843946179103,2579.136274946838,11.848859316307612,2583.885065408413
3023,2625.792562568437,2630.4018097665685,13.31018387887133,2635.7783915172163
2745,3517.4233157110993,3522.238645009304,12.745669187516695,3527.802120401755
5032,3793.3212677580113,3798.320044903689,12.712371776957085,3804.005935002537
5002,4063.4673254892355,4068.2877275839733,12.165814914585363,4098.535280591229
4766,4108.826755595943,4113.042307524045,14.34975515115151,4116.634635979076
5009,4336.493228593721,4341.34972685686,12.246651278877101,4346.695732254727
5020,4842.607273757763,4847.304995171589,12.687898484292717,4851.513436699348
4748,4914.044062433405,4920.101786496031,9.442402789471467,4925.558808271833
4998,5318.996694009726,5324.178853057103,11.592836979931588,5329.655115301081
5022,5500.9531823043035,5506.050425154309,11.648874852080507,5511.664602742447
7008,5770.593203477588,5775.0795122969275,13.60445244047288,5780.0477879974615
7010,5933.472637514757,5938.378368717721,12.638148370303888,5943.795169354857
7020,6025.542344502797,6029.644739966034,14.77733171260382,6034.773466867321
7030,6282.4479443770715,6287.324801832918,12.64556608487702,6291.720291988797
7029,6308.55371946179,6313.424371179857,12.787998686889443,6318.779122217813
7014,6487.349693801741,6492.016050808328,12.822589875657304,6497.468667042963
6757,6764.553437512266,6769.319789595958,11.95787493576521,6774.985369732465
7016,6822.559398629691,6827.319635080357,12.593462785433216,6831.49859163962
7026,7118.991881039022,7123.560184092739,13.875728774743395,7129.43442957773
6738,7252.416398950222,7256.549105343591,14.803871453515011,7260.233753953139
6999,7298.7534981336275,7304.486914849622,10.179750916036333,7310.933840624161
