1122,235.0,239.36785587649584,15.827437808618358,243.2796238920605
923,303.0,308.284228351764,11.486357769844963,313.23110490768977
1080,376.0,380.1939464316013,16.015108674812343,383.86596821893767
1104,576.0,581.1461158473953,12.177305087240171,585.8846179255343
1180,669.0,674.3167744019688,12.496400348344244,679.155775905924
1178,1090.0,1095.481370447722,12.09257880264711,1100.4932943948866
1040,1452.0,1457.476122979701,10.668029450400976,1462.7513542711374
1093,1611.0,1616.0451090360068,12.018417226428161,1620.8080264210944
1136,1646.0,1651.3809221663164,11.85758824268382,1656.3662020437096
3076,2313.0,2318.027329986221,13.360001816261946,2322.7001333759813
3116,2630.0,2636.0391714871075,10.206327393611236,2641.8988459925613
3115,2777.0,2781.355636884681,14.449484065590404,2785.2943784926806
3130,2780.0,2785.1190027352745,12.164868763019953,2789.7874694847374
3167,2931.0,2935.429795720108,15.515654538242446,2939.428522099592
3172,3368.0,3373.5579766143055,11.494721806053683,3378.8667008003613
5140,3890.0,3895.4071098037307,11.190582636992508,3900.4769387843935
5172,3908.0,3913.155070689241,12.2402483161583,3917.784429194895
5152,4287.0,4292.015365878865,12.211606281330027,4296.656150807156
5085,4867.0,4871.377355861263,15.967787540972262,4875.1828133481795
7113,5440.0,5445.46021902586,11.605159429776087,5450.4318757294795
7178,5546.0,5550.286530650599,16.14841292159918,5554.016125304487
7136,5777.0,5782.140366840991,12.890633890338835,5786.891754517911
7150,6045.0,6050.3135619487,11.495781982504472,6055.31467324947
7127,6344.0,6348.4297168275425,15.166556430589068,6352.4373263220405
7133,6453.0,6458.187427794325,11.72368731303209,6462.989607354849
7149,7082.0,7087.01959119652,12.582842956257252,7091.581734825484
7145,7159.0,7163.358153717744,14.631629108725763,7167.307965010515
