797,310.6988149349321,314.5802546991176,12.884518655397391,318.73843060975497
1074,502.418867308583,508.12646523218825,6.545327807860007,681.2519979394282
1057,757.7706583168496,761.4324897597471,13.146002213153059,770.5536824868683
1540,921.8119454449012,926.3560352479626,12.731918431501374,931.5367917826339
1667,923.9231256215937,928.1076902608247,12.454948807679127,948.6610279108495
1062,936.6742848259037,940.3882756361513,13.655195350661662,953.7032873038369
1056,938.3773107010287,942.0981608167378,9.893749661143875,956.7951007400444
1055,1204.0552632663544,1207.401820121611,14.299987622452246,1211.8400693221968
1913,1235.8803354144004,1240.3162307428986,11.968853706261479,1244.615168490337
1902,1374.067069967812,1378.2148015303524,12.197378696912462,1383.540810944499
1670,1434.616242078882,1439.1551953450582,11.236797710089322,1444.4937186893546
1058,1463.2733593318987,1467.0974330741858,12.042622602665714,1488.375362011063
800,1473.7978498714667,1477.4006638404487,12.941034625999391,1490.817896218105
1537,1519.7846238416907,1523.5856267396202,13.24846614660044,1581.287395990829
1897,1554.278054773853,1558.347032885572,11.558349660200381,1583.582666577515
785,1565.9197796906917,1569.5156049778811,13.070423726416974,1586.5889528899877
1663,1590.2760043985695,1594.3658239634485,13.458916243077583,1668.607976692711
791,1667.1415950307794,1671.3526971781785,11.923447382079274,1676.736124517621
1053,1745.5596173278532,1749.1357082654586,13.599946945706742,1758.3884942685656
790,1835.8627782585274,1839.374122485677,13.207463946424896,1843.881262665505
1514,1856.3831558494408,1860.4280517747088,12.892989461709593,1864.3908416631266
2295,1986.4206272851854,1990.5005119809086,12.328810304193299,2036.324246571193
1890,2032.028363663382,2036.432830525911,10.193334703950084,2121.31515871342
3649,2212.337983966443,2217.041600328914,10.809255979945402,2222.62303798541
3655,2300.3211926380945,2305.2034082201944,10.548345287115021,2310.898118982791
3671,2380.293933647658,2384.2999422746016,13.20700238596571,2393.0986536824685
3912,2386.7196784686553,2391.348835931774,11.26107840485603,2397.187394158175
3893,2649.228546583924,2653.1810896157485,11.933575409344392,2664.3053217444117
3891,2724.795341182729,2728.564701371564,12.417516566457113,2750.8836944010095
3656,2748.2509960749053,2752.2744509787135,11.681003597034605,2838.4080380454197
2545,2776.443735883822,2781.005150706041,10.996725716836332,2842.9223962168494
2810,2952.532761940687,2956.61293292832,13.349886439528257,3021.128160935084
3068,3132.3668944032297,3136.5437754828195,11.551041930691715,3203.1829152704913
3547,3365.3203351584953,3369.1533710850163,12.410836488838376,3378.672361697104
3646,3459.688828967293,3464.2123910516166,10.526896942891495,3469.062510337965
3669,3532.872457853976,3536.5598692894414,12.760436899738705,3541.888807659083
3059,3656.0540671374797,3659.603073359437,15.636527074048944,3662.7964912703746
3653,3708.936431513012,3712.0713568091246,15.624238545942783,3740.742097012431
5638,4085.19698139301,4089.0138706709045,12.787238702161176,4093.8031860121314
4805,4187.862899739748,4192.245530800574,10.674397122600414,4196.7431922220185
5905,4265.050751723514,4268.522584297334,14.117839753238316,4273.096455597248
5893,4360.288800325919,4364.167145307667,12.556103541430737,4367.872809641635
5076,4362.748826625648,4366.47703605585,13.886933392894276,4370.135072373086
5908,4412.803741387282,4417.464354324238,12.418702436904889,4461.481355270494
4786,4535.989739967944,4539.614807494403,13.773634242137403,4544.620152415707
5658,4578.483410386397,4582.0191143182865,13.689975339246253,4587.037171142339
5063,4727.374055983937,4730.470394714754,15.309037445394113,4733.56686509151
5529,4786.844226587585,4790.24691760161,13.654541534111162,4818.2188097347
5062,4807.538250377155,4811.235844290423,13.115714534013524,4820.67456825264
5640,4844.191565755329,4848.185801823876,13.86312958832165,4851.731743428764
4800,4905.698199217163,4910.395514065526,10.063908653093943,4915.17139203345
5537,4947.851117629191,4952.427751772746,10.588005966350623,4957.863315141695
5891,5086.2457992944765,5091.0499567239285,10.282364749445378,5095.611109362894
5914,5110.042030691414,5114.39083658935,11.857641381313503,5181.10036735424
4803,5174.442807772084,5179.013666636537,10.498757967328725,5186.123367447711
5662,5196.125300689386,5200.250536655944,11.500613937677313,5268.464442198857
6797,6032.25173336445,6036.41927611438,11.703426010142506,6168.268786879424
7063,6034.175495035369,6038.321105332768,7.797776743915791,6170.781267803838
7661,6434.145237556717,6438.340165018863,12.71154754843204,6442.10358669793
7642,6527.7755267105795,6532.238398932513,11.763026000995291,6536.465715715875
6820,6650.477308263581,6655.36099695214,10.194447834480918,6708.242123688135
6808,6652.50596823067,6657.368479486864,9.460814209857828,6710.582553803428
6285,6654.481181970676,6659.397460760382,9.359262094975731,6712.740685793743
7896,6697.4951603001255,6701.275114421294,11.63068037115468,6715.795247652023
7055,6736.884452878899,6742.029235709131,9.809921445724004,6798.350975246559
6294,6739.4158573631,6744.130540488816,10.37103084987445,6801.116264818844
6531,6912.57664597896,6917.356049643999,11.043725688286248,6978.562897652022
6805,6914.516755536726,6919.15016784215,10.789193040995102,6981.130418652606
7061,6916.5011992055515,6921.041594002274,9.980763238978184,6983.699718259161
6803,7002.576935303342,7007.011440816414,10.921629842895003,7068.612151275836
6817,7006.525694879202,7011.2158796272315,9.774171935988985,7076.79801073145
7533,7138.838188538861,7170.040270528301,6.011569172009189,7341.208713485621
