1804,29.0,34.12650694453574,14.808955705246873,39.605790947618004
1919,105.0,111.11174880357156,11.414932998086707,117.47675168166315
1878,149.0,154.19663800096788,14.332879288035022,159.88576469747684
1758,188.0,193.58803402620677,13.055195489647106,199.43769151117496
1865,220.0,226.2532363817097,11.848387264833203,232.59868026814905
1958,247.0,252.58857018276777,13.827862639798731,258.59712015623893
1778,397.0,403.46498112357875,11.413917599919964,410.04882710106426
1760,419.0,424.39446685751403,14.379311136795426,429.93560872349036
1831,665.0,671.2458016741488,11.978195064077209,678.6344845946039
1867,741.0,746.432215003331,14.00969985740225,752.1014001544506
1962,775.0,781.1189177856886,11.603068338014578,787.4899813137755
1846,1133.0,1138.5795690709376,13.145443486025297,1144.3925939984242
1897,1178.0,1184.2189557196605,11.821634409832777,1190.4774332270028
1943,1472.0,1478.108061466327,12.410502177531153,1484.0645206497616
1937,1517.0,1523.117754771998,12.399413037681942,1529.054786078651
1842,1541.0,1546.4840583550701,14.042794517612284,1552.440191696498
1921,1706.0,1712.2575969763645,11.810723634252145,1718.6944035006577
3926,1828.0,1834.353093372604,11.226028798692084,1840.5772890549333
3932,1926.0,1932.1692512484508,11.82527965396175,1938.469123040466
3864,2096.0,2101.3646557674815,14.468497004245153,2106.836330415784
3945,2142.0,2148.497188007113,11.099267985907463,2155.039369158479
3760,2174.0,2180.2353888058346,12.437666556250845,2187.4170154544686
3867,2675.0,2680.5963343714748,13.30196500827194,2686.6778592552782
3792,2681.0,2687.234032708667,11.426228469091898,2693.5070027745874
3876,2692.0,2697.287142127261,14.43666411711633,2702.910061778619
3753,3247.0,3253.424816269619,12.042018057838968,3259.834460211651
3931,3270.0,3276.0534086388698,13.01753198746916,3282.3950028709587
3967,3417.0,3423.487721130517,11.966858695780006,3429.9758904310256
3987,3454.0,3460.1371988581695,11.89069245914901,3466.1171195372312
5910,3769.0,3774.145235739421,15.162318951193916,3783.9398750454184
5889,3904.0,3910.228660282152,12.203537788492007,3916.4389244222157
5845,3960.0,3966.0863161270854,12.856994724547363,3972.0918968877245
5900,4040.0,4045.4017339604966,13.928951112444995,4051.0717075198822
5958,4303.0,4308.312272811294,14.27156758499869,4314.152320759438
5816,4309.0,4316.223179195855,10.60888975554159,4323.126199919276
5763,4558.0,4564.137167532945,11.385874876601445,4570.366590902244
5828,4657.0,4662.252548721799,14.640870621990144,4667.797609550125
5873,4661.0,4667.170179705738,11.820368181366137,4674.1570488511115
5977,4897.0,4902.148913732828,14.352025670141572,4907.584163705762
5817,5068.0,5074.518285551128,11.172283862650346,5080.94804651519
5974,5281.0,5286.344597940261,13.661500461634493,5291.977752421605
5757,5377.0,5383.297727081,11.976676961116285,5389.742094507527
7757,5497.0,5503.0063941275885,12.741488872685808,5509.193252900909
7936,5544.0,5550.3418525594825,11.720422966315398,5556.824523442932
7939,5705.0,5711.363384364956,12.005515774930755,5717.811754175857
7816,5746.0,5752.128129211598,12.001728074159622,5758.87042506893
7960,6130.0,6136.09894715841,12.105109992086287,6142.086061240934
7776,6500.0,6506.177354260509,12.45841225837027,6513.015962015935
7907,6647.0,6653.2048261596665,12.407304863010113,6659.491255172987
