164,229.99076890006722,233.34383024016958,14.62813191990196,239.78131901193132
186,231.89998837716666,235.11126927134853,14.072141535820858,273.5730817533185
59,242.797135968916,246.49473697846955,11.941481039033237,276.10055266346075
174,412.16775069233915,415.5964524424774,13.256882197287846,421.97402703672856
55,545.4909981151328,549.4067042440457,11.130348472197486,555.3585615184018
370,589.8414315210796,593.2802349004047,13.245754026484326,599.8776360986934
401,769.4639245773375,773.1972235306109,12.382412364807712,779.7857802618206
403,771.924096325001,775.1836759273696,12.879954262634056,813.4176584972444
160,862.3883467082038,865.5047483794053,16.689866894208503,871.0089076429362
263,952.4486962528088,956.064145582396,11.935849391802178,993.3390939700358
33,1162.0102412529689,1166.3399095541406,9.930499852185761,1173.7703143864624
29,1175.1026068548374,1178.344006048101,14.63153318666678,1183.2056297321792
178,1220.7442719046808,1224.4228374221207,11.906762670355146,1230.830959529269
190,1224.6093928012137,1228.290574137843,12.616315588593796,1268.808531094376
68,1267.5641642059384,1271.1198822554697,12.212583951539326,1276.736344759339
45,1323.7522437396212,1327.0334840612502,13.652873262582126,1333.363295734642
50,1355.6781318439669,1359.1992343672298,11.950967195658697,1364.8332003011712
65,1398.431764955809,1402.4542632999248,13.007909727962712,1408.8424683408093
390,1579.96657120008,1583.5091984203855,13.480117620357223,1589.767722155037
109,1627.5864822965973,1631.3449105966733,12.1730775709634,1637.2374166353072
185,1669.8818459685278,1674.1342691629877,10.751258783152185,1681.928154664523
389,1671.7922548874471,1676.0691694338334,10.514108894316617,1713.5929770340686
371,1673.7818328226397,1678.037363902603,10.102624110585309,1716.275912467185
69,1758.1433652388043,1762.3236299779935,11.423013463269593,1769.4319953273628
2054,1950.639441661628,1953.575156393913,15.84770588885911,1983.5778368406566
2062,1988.01032965462,1991.2951240530324,13.84663505912732,1996.1570913061068
2089,2018.9275144817059,2022.3851636322295,12.455513825374343,2028.9555955049657
2180,2036.7727364409259,2040.102279056128,13.631667016393914,2080.176911023215
2104,2108.815122468743,2112.5458051581995,11.49914524550597,2119.6928016246443
2373,2123.5036020736225,2127.3231743548845,11.689276065403957,2165.781287627001
2258,2660.322069689737,2664.10289677036,12.435637747326293,2670.996366609633
2034,3065.2065807690715,3068.612425015647,13.624154485771154,3073.618198283855
2066,3091.9888099873556,3095.2402107567445,14.041902969501924,3101.909651302312
2097,3155.599281264827,3160.0217292862953,10.700712869481755,3166.5818517036178
2157,3199.92982565459,3204.417508209116,10.016338592168184,3212.244312800204
2075,3250.2870391415418,3253.577986486006,13.588591295666763,3258.7335689149368
2061,3335.8974596711787,3339.308534008011,13.511785848220113,3344.642977022428
4069,3633.0618764865308,3636.3828425665006,14.247875671373203,3642.7368339738773
4037,3635.1092384388476,3638.5196359527627,13.25017752097743,3693.353277561051
4393,3746.9251434293533,3751.4802279888218,9.809139068984209,3759.7452169488292
4028,3750.894488665328,3754.0329847232374,11.73112456285711,3783.244144749451
4073,3785.4382697296955,3789.1321350775547,11.486511155111575,3794.9960738726904
4398,4283.963258435566,4287.157695512041,13.404856581719628,4323.2893257469095
4047,4328.931564937661,4332.399278153954,12.621283813144196,4337.916759058872
4374,4460.206756419156,4464.0670338173495,12.061163452286873,4470.960470432747
4092,4685.7137022587585,4689.447547080559,12.72775465750909,4695.23240808034
4397,5093.107034988785,5097.334955078219,10.677471224621609,5133.279811498832
4268,5270.059540134997,5273.457665091179,13.540941232769315,5279.799692820663
4096,5317.804000246434,5321.029763586955,14.77733049006524,5325.925645399515
4169,5362.423876207371,5366.510152465106,11.511807580063486,5373.787564973253
4168,5364.228909116948,5368.334904516564,10.710334797421618,5407.073595992927
6156,5540.055434463036,5543.6152347419375,13.489592863506322,5550.850309047864
6380,5899.762145480253,5903.41532086692,12.39215861401818,5910.522528093086
6402,5902.0507844835265,5906.024258208068,11.133367073051243,5943.184667820486
6084,5945.486173882464,5949.123188532724,12.75818446698213,5954.731429275466
6046,6033.716385379178,6038.047865384142,9.901695491385897,6044.805668733271
6038,6091.129374431885,6094.372328100287,14.019129567461043,6123.310096523934
6078,6217.595551535345,6221.163133529473,12.771995164716422,6226.702771220149
6403,6354.232343794763,6357.44252697342,13.575047930257838,6393.137492506792
6266,6444.14827239498,6447.596262646233,13.11130710560978,6453.943761932512
6382,6529.925784871862,6534.145041856994,10.015072672295522,6541.769734003165
6255,6531.836597304337,6536.135768616766,10.60496644890632,6573.558462946766
6374,6536.413688245287,6540.264859089643,11.331480996840675,6575.928249350402
6091,6575.514071321722,6579.0375303023175,12.94247819984994,6584.494524575236
6070,6707.832011839586,6712.44050134732,9.876448266448607,6719.9876981323205
6074,6814.044726221726,6817.450301609083,13.732289976227918,6823.73784458834
6392,7070.230377233428,7074.306722408353,10.757109326199451,7082.323770760677
6053,7117.341973631613,7120.612787751396,13.732178731042353,7125.834346767006
6059,7132.318199961817,7135.587398159574,13.650848534605338,7140.750720354888
6069,7204.767392126806,7208.536181199732,11.96736016357636,7214.471647449762
