764,48.0,53.13080510044359,10.622672756062082,56.70394575471938
704,80.0,85.2994991539009,8.754868047397387,96.66558302418915
778,136.0,140.31161925010034,13.709926989839873,143.96158604538124
713,152.0,156.3343235100466,12.58254328452114,183.28130327222274
711,199.0,203.40047125711237,13.393433927516682,205.40409528755546
681,263.0,267.4472010950135,13.352861493631934,270.26589438383473
668,287.0,291.4642919276235,13.562193158539875,293.5369424821493
682,300.0,304.1008058145631,14.966263099693036,305.9052586242284
726,372.0,377.38447747701713,10.119825490227026,379.93889471566047
822,500.0,505.3120961801954,10.708202667073957,508.77859025052373
889,506.0,510.59068911155254,12.329120732098875,543.0943946651331
868,594.0,598.3834452526369,9.740726080737344,636.1305478182019
907,706.0,711.224262752973,10.94822381286327,714.7939027470206
805,745.0,749.5312211066231,12.42192818435883,751.6379170458448
858,802.0,806.4528871469769,12.11682318716286,813.1417431599689
785,841.0,845.4842397816753,12.643708372748163,847.6436935796395
831,845.0,849.5719491335702,12.801042944705372,852.7493056111083
862,1082.0,1087.0601858830837,11.787817020980649,1089.4225834549343
804,1103.0,1107.483061747557,12.780576498516838,1109.4975733309898
721,1127.0,1131.1152329755214,13.300462874466811,1134.8306810528381
895,1189.0,1193.2681576331013,13.990766633802945,1195.1909127502674
836,1207.0,1211.457828753845,12.640386204806497,1214.8150700188692
914,1237.0,1241.4921745677284,12.268523525137963,1263.200950656572
874,1267.0,1271.0833982086544,14.894878247343021,1272.9348222505519
733,1328.0,1332.4657020871011,11.869848620516253,1353.0416364695534
864,1388.0,1392.3316039293436,13.778962357602069,1395.7237678105105
676,1424.0,1429.14913400976,8.42009899033185,1445.8368964176705
844,1604.0,1608.3242344287307,13.090895068038206,1611.6439367036915
478,1608.1013509541988,1612.1473383706063,11.111274646188605,1623.3179072928494
869,1619.0,1624.0974587608716,11.824069920375527,1626.488567565755
823,1686.0,1691.3986303642484,10.135090939486005,1713.0372388327924
2731,1846.0,1851.2879869667045,11.086575245482837,1893.097273523176
2802,1944.0,1948.3345857704137,12.487067207943996,1983.6743168401665
2872,2006.0,2011.3035005571696,10.301667377010947,2013.83713537889
2910,2014.0,2018.3736549744385,13.579374733081986,2021.8930226542802
2861,2182.0,2186.5188509427194,12.61327480721311,2188.5276638064624
2680,2193.0,2198.1243263560355,11.45450159416105,2201.83496782051
2779,2231.0,2236.0218695407984,11.012535481245301,2255.935752374696
2819,2257.0,2261.0325457313215,15.73032573785933,2262.7494032577224
2748,2281.0,2285.542910478256,12.052301660647249,2287.766914424569
2789,2294.0,2298.293829666502,13.406421742089867,2302.127996978487
2920,2634.0,2639.3630101942335,11.252569540654044,2641.654938157169
2475,2648.736105444198,2652.555560983463,12.610794264292918,2655.8022941994195
2677,2852.0,2858.0750781868537,9.11138134774337,2883.1323717823348
2713,3011.0,3015.4453225207367,9.298751751051892,3066.294568041522
2737,3028.0,3069.0756258266515,5.577727538611765,3072.577730060091
2821,3473.0,3477.3982995898295,13.262212294990162,3480.536207078734
2905,3530.0,3535.217922765872,11.167078992150904,3537.64204147607
2744,3550.0,3554.103471623913,13.93270363308123,3556.9729873107262
4690,3629.0,3633.244067644707,13.684001431379418,3635.1520755232264
4881,3655.0,3659.177922629586,13.143436446957814,3662.387145157021
4908,3929.0,3933.6006065137813,12.950338692461226,3963.7182159290837
4667,4108.0,4113.037848689765,8.173760136186566,4145.417115482956
4671,4216.0,4220.585226772067,12.836114018065414,4223.725054006073
4899,4227.0,4232.25907251262,10.649427112366306,4234.825496753779
4850,4299.0,4304.380912450451,10.665126268464185,4323.177389603019
4770,4308.0,4312.2269227828065,9.457918918627191,4325.7892831349645
4748,4356.0,4361.52246148667,10.48239732590052,4364.910128295169
4719,4412.0,4417.19248259289,11.637237846613667,4419.486436208338
4715,4417.0,4421.473118533912,12.724695764369518,4423.588479561952
4886,4430.0,4434.557143900129,13.205623431203591,4436.705341968525
4730,4467.0,4471.350283133599,12.880014388413743,4474.899993332816
4760,4577.0,4581.421089419484,12.91143905637557,4584.611602029936
4710,4696.0,4700.472343612316,12.98635388263385,4702.483598152872
4688,4718.0,4722.314665023993,13.977042793463252,4725.632738808865
4887,4723.0,4728.059316135938,10.245832058390576,4773.491727920366
4765,4737.0,4742.329784778896,8.399202724146983,4776.131654976205
4848,4840.0,4844.542217423644,12.91988219577947,4865.2109510481105
4849,4965.0,4969.122516497644,14.303895458160847,4970.957981331744
4900,5087.0,5091.357693494164,12.39005796283404,5133.806827334492
4903,5267.0,5271.520284693445,12.414374160388409,5275.151539981868
4852,5305.0,5310.379320430807,9.634665814605118,5316.041640517472
4689,5387.0,5391.1479765287995,13.021756776736558,5394.730657831119
6913,5478.0,5482.305873115531,14.28451925139238,5485.583177766608
6907,5538.0,5543.088691516758,11.007313995449262,5546.715544471093
6845,5696.0,5701.517757718446,12.32730623260812,5703.8203306623645
6910,5828.0,5832.28820842759,13.384131079413967,5835.780176061389
6732,5918.0,5922.406182465184,12.592212973543088,5943.756237275103
6728,6212.0,6216.06832063464,14.259876720335896,6217.9451564589945
6832,6459.0,6463.545355580284,12.859612730204985,6466.807015701987
6873,6489.0,6493.166246857485,13.455974937240102,6495.153302774978
6757,6687.0,6692.037003400545,11.096127958332778,6694.488382126284
6917,6855.0,6859.408902392886,13.215414672799563,6861.4341820407935
6666,6939.0,6943.318489652528,13.360504709546912,6945.292136215975
6869,6992.0,6996.286431224056,11.22141494094749,7023.063680186291
