138,150.07213490682926,155.25044622038203,11.241363388764912,162.95275798207757
96,152.02190074469402,157.16929761628043,11.988213706433912,164.87063279982863
253,287.59444004023356,292.25998159763293,13.26481809698502,300.54794249551776
186,313.4042673331353,318.55205247742197,14.101888571781073,325.28529313950287
189,378.4004414634285,382.55317026448625,15.480752080872701,389.9222943946948
395,382.9392610078935,387.4905148593904,13.645085770643634,408.5270848008008
333,385.08045612366,389.46880027195937,14.729428132964708,411.0128119481961
254,476.65133464217405,482.48820686432583,9.80632853568403,500.6419974145022
99,506.7075302237376,511.1950407370418,13.731312887780858,517.7193040796913
187,559.4279584280887,564.1930603204513,13.23753552235891,572.8369908436213
258,647.4521890936015,652.4034487562168,12.815465314814677,660.7552203807625
21,689.6688047365963,694.431130447711,13.760043140651455,701.4322242706983
368,707.6485186442504,713.1897018222116,11.392978617887252,721.9884973369087
15,776.9632691810694,781.1373430397093,15.253932098137442,787.233188357151
2,867.8967201910282,873.0356303318263,11.562739892035477,880.8417915989158
160,927.1581233255305,932.5239763865046,15.833978329234931,939.7752305236677
156,1065.5122049233828,1070.6172572508717,15.584235077190199,1128.1851390399445
165,1105.1205574772944,1110.2756444174665,12.281190990242239,1132.8158346538507
155,1137.9778193821928,1143.3427159328626,12.067033439584081,1151.1214871132008
179,1151.9333861837404,1157.1505835143332,14.29103227793748,1163.6122543433894
151,1193.5397980898363,1199.5168355443814,10.467255877049494,1220.8667577497838
394,1196.9001563451432,1202.2895169039875,11.322344063731917,1223.1046747850232
193,1236.132871186217,1241.2817064276496,13.301775648746062,1248.0896584498375
260,1242.3744287003578,1247.592832415215,13.891317022718903,1253.9105288388491
178,1285.2459493478134,1290.1664817353703,11.904009782110336,1307.9908359400044
369,1324.4695010795324,1330.264507793378,11.547841346487704,1338.4903030537632
97,1366.7429274137803,1372.2761032608755,12.977354301725569,1380.0277755010336
24,1369.0707077037275,1374.1194214911818,13.873760644852268,1398.3438940793028
145,1454.9375965384781,1461.1175727959007,10.227300096857904,1470.8767935339995
380,1514.0023975602726,1519.268474617662,13.957431493361787,1527.3697725568998
12,1542.9032206302984,1548.1725356476786,14.234968276903178,1583.4023747649408
149,1633.2663612605063,1638.2849416163017,13.687794342498693,1645.8241067687622
381,1745.5891391862547,1751.4755299774731,10.817470943673742,1761.110583796895
168,1768.872026480773,1774.431725420608,10.705538749630987,1783.271005465703
6,1813.8488508939513,1818.514429331754,13.517003539037203,1847.9495373602153
133,1899.8692028022908,1905.3215908128363,11.951192121697899,1941.3254051574957
2160,2004.3909994266025,2009.1155749720197,12.43323412191326,2028.2127478297527
2370,2099.1838690292793,2104.4045124419167,11.541565982523743,2120.398716389506
2174,2100.9800823939718,2106.2602030506782,12.604634568341742,2122.3886826665957
2158,2102.77074119627,2108.0809728696163,12.51199963625971,2124.4522482868265
2374,2209.074396197137,2214.3603264825097,12.758302898450724,2221.568326178178
2345,2221.3356011540627,2226.5010098781017,14.702630332707386,2232.965359911458
2269,2278.800372297183,2283.138415394768,14.025731396062758,2301.0027393795403
2168,2291.7694394699556,2296.579707897016,14.537633364483623,2303.52462120676
2371,2457.444349515909,2462.090230129033,12.901361345741593,2480.832764744186
2387,2468.2100455385576,2473.3018043734787,13.574458652136581,2483.0336907089786
2365,2470.3619501287294,2475.229157109214,13.396705004386886,2484.856007374957
2339,2643.9150791246116,2649.1200256875572,12.451708034902103,2658.2158200437284
2182,2739.6608880393082,2746.2564328876865,9.369853988529984,2755.9985782737854
2146,2779.2740228005014,2784.424126353101,12.65149076809017,2841.1723260493595
2106,2863.5103414047226,2869.1338431232684,12.714704758534738,2877.6288502923417
2178,2907.7113178229897,2913.255166008483,12.010655994526855,2928.0087960456376
2000,2951.3140314629186,2957.3324930812705,11.755306276620665,2966.011807941878
2322,3170.320968349078,3176.084369617812,10.818126254244335,3185.733612898694
2181,3181.1454441816263,3186.476134073321,11.558924845196449,3200.652317006225
2263,3214.9187240305682,3220.4086660023877,13.750664813358599,3227.160700907137
2157,3302.9404625613097,3309.4838250844045,10.087106969813496,3318.7979726702097
2105,3305.2963014000043,3311.410218896214,9.948245712618188,3320.780127009203
2191,3391.084885499757,3396.4233850828546,12.795453529386334,3403.531930483209
2252,3393.3080422907346,3399.3355515423987,10.615480959903062,3408.0493002329595
2368,3438.317743944458,3442.556171365774,14.976516490774065,3450.3839161895753
2175,3478.8387386854843,3485.308311363727,9.954628747546062,3494.3687743664636
2357,3535.5492319592977,3540.064872006629,14.40667388007783,3558.6078113654244
2397,3551.7421230265136,3556.261895322686,13.465036135992621,3563.5741371115614
4390,3730.9772015843346,3736.3953655876526,11.42265770270337,3744.2614717844117
4355,3732.790800990517,3738.2427739905534,11.905483419427238,3746.071942588774
2244,3745.856084807985,3751.2882578995964,13.125078076909391,3758.0819738616833
2147,3748.300982505218,3753.1127939656394,13.526136345542673,3760.0309831049285
4393,3831.4625041694962,3838.2261489971047,9.831273379243525,3847.9803894257066
4347,3902.7140862581346,3907.4892992891046,12.497765488404207,3915.245747559876
4263,3978.006950645631,3982.513071113589,14.018445962478808,3990.675767415861
4192,4252.169451660016,4257.231720871373,12.64750292899736,4265.675702307264
4135,4292.786142862369,4297.2068610906135,14.067131504866863,4303.721888249616
4151,4295.694522187539,4301.035860945694,12.161191078950896,4308.827657193885
4172,4343.383463168824,4349.191555729549,9.11133089325696,4368.329875217975
4010,4377.065081555751,4381.219634887526,14.916939272579626,4387.343801259321
4404,4521.284450784052,4526.312747916846,12.427644290702029,4548.771756621572
4333,4669.961532020376,4675.0800421618005,11.493182977469406,4728.369114958924
4259,4674.326923090662,4679.548830345468,12.310462472910054,4730.939915844864
4399,4702.030124370976,4707.231388586428,11.584863932444645,4735.139122942907
4149,4742.6785800669095,4747.088553588026,13.896914303321102,4753.678538465258
4155,4829.369391402426,4834.3540025616285,11.778136688304075,4841.670212233056
4165,4974.307983705576,4979.1345290891295,13.598790519144641,4998.682309844925
4251,5066.705914310548,5072.02914305133,11.75157739617228,5091.321605278122
4407,5108.404427844831,5114.182552674786,11.72776129604596,5122.273823600055
4392,5283.897925663686,5289.313194072728,12.564254971826967,5296.877528157984
4358,5291.606899269739,5297.169008193499,11.298442150890818,5306.1465640890465
4268,5334.472112275059,5339.203086990434,12.798650592532299,5362.988144087493
4017,5417.0871442612615,5422.544619479815,11.120310141163797,5448.440565865712
4169,5431.765742992637,5437.474734219493,11.242119938760975,5451.303660785792
4168,5433.668029584998,5439.32073843527,11.00934562962128,5453.427695349348
4137,5502.89412137193,5508.371302916103,14.201639123348372,5516.456992453947
4020,5505.254287323016,5510.194273677648,13.318863419415589,5538.452024387993
6172,5548.425345526026,5553.507540320275,13.533685894167736,5560.679211442512
6175,5550.363518398447,5555.324677093944,12.83757191365645,5562.374667028212
6353,5724.048440942178,5729.011700598432,13.707526381561683,5735.822174452412
6164,5726.2486291387695,5731.3215460802,12.159458410747598,5738.797677099416
6166,5787.707497813817,5793.232290229329,11.295728363974822,5808.2939913981845
6380,5965.8824504386985,5971.036521656639,11.964243031913014,5991.054189717813
6402,5968.78959320967,5974.396016004737,11.667037973384216,5993.349054324013
6149,6119.335039078116,6125.118310433521,11.758769931321096,6134.00135362572
6145,6121.407931271279,6127.0931193181905,12.055751964427003,6169.015856880695
6391,6251.674239506463,6257.175514287146,12.328922930475105,6264.972665825466
6179,6339.67593908604,6345.070785834469,12.01070705429612,6352.683794036174
6387,6418.949658222915,6423.5496095433455,13.126133975452584,6431.71486472756
6403,6470.944007074361,6476.361963210299,14.728196967497816,6484.308248576981
6266,6504.756889465633,6509.612736129629,12.941712952779255,6530.540818300456
6180,6609.430841258563,6614.57493662259,14.94994578468022,6621.397319356987
6250,6696.748881650567,6702.272577960359,15.489223986315388,6715.454328908972
6020,6737.39013077364,6743.427712034721,11.020791013162071,6798.802093139061
6154,6829.334351737312,6834.035149551748,13.347236356818703,6888.160889396939
6401,6867.93502554513,6873.155812554384,12.219874970540735,6890.625005779712
6184,6869.905652567177,6875.014135229976,13.051449644015367,6893.1239102289765
6019,6911.042759599808,6917.086322069983,10.308267568535408,6926.9422203498525
6368,7049.7997420056,7055.000874452585,12.02899181362181,7068.048486072366
6168,7057.056810849638,7063.040005413532,12.440693172409153,7070.8320945789255
6098,7177.402652652807,7183.285103471364,10.55632634263867,7191.477721562327
6261,7231.5489203315,7237.497523983852,10.415058174828122,7248.177668376225
