651,258.86382422012696,273.06895480597393,14.40023113731713,283.62852689857925
152,346.589549834348,362.29606221113596,12.442435997621331,410.9938528460607
395,557.6767863198401,572.5313638731726,13.611070547331925,615.5543139377567
882,602.8802525357657,619.4709261616738,11.386686763256826,631.8300319000425
653,745.5459619503739,763.1852270444601,11.40791894929988,777.4883169741955
623,747.3711566474518,765.2666300297992,10.475190169555766,819.5188538021113
620,749.2544856907448,767.1958838740117,10.855296312728276,822.0863477185277
366,810.8025739350529,826.03864035583,12.259224841036872,837.6260478207536
1337,833.2551240537542,847.4623838932662,13.30823238730445,898.2865371014794
612,884.567264893361,902.1059796421767,11.851306025990203,915.8914265923318
401,988.9733872259235,1005.0674000767198,12.689730623561246,1023.303745234415
607,1020.020597672393,1034.592365846028,14.025480621334514,1045.885991344209
632,1086.9439029076143,1106.0142032667716,10.774890797560936,1120.850508227944
856,1096.4564005572656,1115.5034277342031,10.366893663014553,1168.1837865672724
155,1259.7082268522518,1276.2070001763113,11.694388801102992,1299.9464141480642
630,1362.8390700626733,1379.4757324790066,11.784920267048458,1431.1320569079603
609,1364.6147938572399,1381.2963839508607,12.527765149048525,1433.7308007700003
629,1367.1962357086804,1383.082767257124,11.177115017499393,1435.790728617025
376,1371.0066513417992,1388.4726580251015,10.871467465685305,1439.7670433755613
914,1501.1054711684358,1518.4128332453142,11.160639995655446,1567.3240994323446
874,1502.8580917505644,1520.1682413987996,11.23353961240404,1569.7474276613757
145,1621.3811585172934,1639.2038772794447,11.193073738946918,1652.8650454248866
633,1642.7122846669051,1660.1014068636969,11.791741522255036,1707.5892214467979
864,1705.542398001055,1720.1002607337914,13.907496641507707,1731.8280454191588
382,1730.5725808121463,1746.462291277534,12.60244879430142,1781.7161856616756
377,1897.3153425707244,1917.1285196533302,10.501345168725502,1931.867588264544
602,1912.89782431275,1928.388868068072,12.953471571943885,1975.3357346272942
143,2005.2855709900437,2022.3346156229238,12.137902822781658,2044.0455453606103
2604,2053.2086183112983,2068.2768838405086,12.56234324592106,2111.378046442774
133,2075.4617528066383,2092.4319051880175,12.383886594346516,2113.916066223079
2648,2133.7751504003572,2152.042088778787,11.193742683613896,2166.5315873075906
2650,2264.180600132248,2281.4805360174787,10.95200551767241,2320.357911824422
2390,2326.3573894131755,2343.3404597618664,11.75367428734726,2356.9952831415403
2629,2336.515355380755,2354.3784611730052,12.051230203147085,2392.791002633345
2875,2404.6768074570637,2422.0464457540857,10.908606386001603,2459.5947771895694
2635,2537.8228566891808,2553.458936678983,12.207656829416031,2592.5153269882744
2852,2543.3469412685054,2561.4438575825243,10.731669270812072,2598.528753041232
2638,2602.999796082986,2619.2201997317748,12.822687250063831,2632.184021317353
2643,2604.816971421175,2621.090236281288,11.776216774756996,2655.0888316080873
2871,2672.041051731764,2689.320650261159,11.486699024269917,2702.9707220453865
2612,2682.9748175518107,2700.3789779242034,11.018358523009011,2738.0361123560824
2389,2696.4259199027388,2711.520902743157,12.78356278836438,2741.796860428259
2607,2878.639514828198,2895.5024794662704,11.24835620091489,2909.618791308136
2596,3157.0355994915453,3174.4043345903356,11.034295182224897,3199.801912366138
2404,3167.5880333538294,3187.113234060732,9.570436594252472,3210.737046606682
2860,3231.7583749910177,3248.523558594028,12.103688365960476,3274.0157546178607
2864,3292.6511648867545,3307.149661844888,13.757529465538527,3318.917508244085
2633,3431.2614136307297,3449.3565818202887,11.440552262777654,3463.749383868641
2386,3499.824918141166,3516.444411880307,12.011461853001641,3530.8500292042927
2590,3505.7002138009207,3522.4283011089947,11.52695591724278,3546.7424552139814
2649,3507.5677085580355,3524.2763952894356,12.277563347327014,3549.189959830874
2855,3509.340467502417,3526.206345493756,12.090675691345313,3551.3369735326687
3342,3536.3162312893337,3551.445640095272,12.337162448306602,3563.056557846135
2888,3575.073501753717,3593.328850282689,10.288453738297061,3607.2810449915073
2600,3577.0057253973596,3595.2295126754284,11.443200763910712,3609.179684102249
2882,3637.8424741910094,3658.4780856610664,9.617840121996721,3674.1670260665555
2656,3707.062320555845,3722.1614252133545,13.110239281972342,3743.4818527104126
2912,3708.985862808291,3726.032484063,12.004827081133305,3745.924071139364
2876,3720.1850592538194,3734.194729563219,11.937133573530463,3754.485192934292
2905,3781.979292954252,3800.255359313312,10.43131479479801,3815.878029384892
4638,3854.46937187822,3872.422141060573,10.431258582979362,3890.8607320937163
4141,3950.3563102687003,3963.464024475525,14.558457731054117,3974.7695018064032
4646,4054.0452313567052,4072.228723093961,10.970716460037487,4085.60778549967
4619,4055.909533625649,4074.0158088947774,10.67506479982502,4087.3860096325584
4139,4073.8275338202234,4090.309506958433,12.933287625102245,4102.2847612705855
4648,4124.7330553691645,4142.33468789975,10.974920181681268,4155.702597520166
4405,4189.606633463612,4208.306880779462,10.35809814548156,4222.248612784591
4650,4329.483837671972,4344.466557247227,13.464047761904526,4355.613308024212
4634,4398.628520024944,4417.272087967732,9.910333457279476,4431.625057377001
4135,4418.8613227939195,4433.366667559794,14.357478913232448,4443.682978773587
4603,4477.425262175891,4496.263612619669,9.950726857536237,4510.329197868604
4614,4603.801723273437,4619.290313044839,12.298702232901547,4631.052160723829
4371,4609.492752035152,4627.007205215538,11.533691875664537,4640.061241399083
4621,4677.304951002237,4694.3010777556865,11.556525701612966,4707.148215362342
4618,4679.136851608322,4696.097448557843,10.8663516040634,4709.011227122704
4914,4744.810651902363,4762.127641136984,10.937341071157753,4775.244080921875
4389,4750.019511710143,4764.324254671478,12.972630725803146,4777.096688347936
4641,4879.399964634558,4898.0865161221645,10.733561381505611,4912.111737649288
4623,4950.651929058502,4964.532829759981,13.873706203282959,4974.90527285282
4615,4954.173092147466,4970.1658613110585,12.109832057902645,4982.212111669103
4589,5102.086544795414,5118.223822089327,12.671696180898333,5131.170939138043
4655,5160.245340262058,5177.151788023319,11.320454106457323,5189.975326376907
4608,5224.69403032867,5239.575827525022,13.6930643898672,5250.702290436107
4636,5226.557102500503,5241.414874685275,13.444658920887086,5252.53453997749
4609,5230.258091068887,5246.190266613482,12.851969129172755,5258.238194211809
4351,5239.689543696756,5255.373730450936,13.110922282813453,5310.02576292903
4651,5295.248104791653,5311.4915330682425,12.09493536909071,5323.781855554536
4862,5370.327157679756,5384.105229063653,14.299038204623464,5394.581436045738
4898,5502.890759191825,5519.565965160993,12.022862814245574,5531.9918440828005
4406,5575.531613664265,5592.469956807586,11.80748227161288,5606.47949465685
4878,5584.948220936245,5601.470290393192,11.427279782878564,5660.091937852323
4394,5638.613863867717,5653.060379042775,13.67232095893513,5663.854842188263
6347,5641.036674250914,5656.253648325007,13.520405259954643,5667.629852873474
4602,5647.527527857576,5668.42172379283,8.996157092301766,5685.375178464602
6913,5776.460052144372,5790.628077835736,14.155090552213405,5801.228247612029
6592,5778.916695668366,5794.575505659014,12.713907282852519,5806.037565228789
6152,5868.092252165877,5885.29061762155,11.314770253410863,5931.667751325504
6652,5924.879304055304,5943.147965604596,11.263616294723336,5992.247666163739
6585,6056.931393514108,6071.590939300023,12.841625289013052,6083.875913727434
6910,6124.173795177875,6138.156463137758,13.986138817067735,6149.746041885264
6628,6125.92058116208,6142.587888575178,12.353554509316412,6191.329611612152
6614,6127.699589741544,6144.33979083604,11.780327828372576,6193.713084719285
6141,6144.065608421274,6161.118933753284,11.48601030453369,6196.290059580906
6861,6190.630461089615,6205.512117531245,13.720808921190514,6217.471512399466
6340,6328.447205109642,6345.558944461438,11.652817433709725,6359.624882133407
6648,6402.015304626132,6420.052278492623,11.001575925190808,6466.027138002008
6381,6466.747950685344,6483.347909072899,11.122245581281705,6496.963410424479
6891,6468.696351587348,6485.226116814278,11.238380260240042,6531.254243295594
6586,6542.748320155118,6560.300900593946,10.882525449071005,6573.961278554332
6587,6673.616761269496,6690.421325590542,12.028927656453206,6705.047040233489
6641,6677.805048908458,6696.366956798542,10.23545114205703,6738.183436972518
6886,6811.3763042436485,6826.084748366817,13.574398966924827,6838.346062267242
6608,6818.351770544844,6835.536028122695,11.091079295406251,6876.11668105867
6382,6841.815076201398,6860.246842433954,10.316339876830746,6882.579360135289
6875,6956.575382604792,6973.272500046968,11.9103705115752,7012.56314975285
6352,6958.379832640081,6975.098365198295,11.564200323247084,7014.966611636172
6629,7018.4010551632255,7031.271397180144,15.203237364456102,7042.346697043067
6600,7093.3519598073535,7108.561543929349,13.074335089815525,7147.833915247965
6640,7171.121874113336,7185.558372134008,13.909091378066309,7197.974353134072
6151,7196.829233970452,7211.5111603676405,13.142327845054256,7222.485748229918
6593,7296.782447984638,7313.4324117393335,11.281710597969473,7347.228479839576
6651,7363.767573283721,7381.490613896493,11.573338299978115,7395.682503601613
6626,7366.126005126828,7383.267580364586,10.72370039703951,7415.198083922306
6633,7370.328728611742,7388.491128749907,10.901807671688148,7419.737455844449
