719,24.34444375485296,30.168502969409232,14.636350532665615,34.94347577047969
1079,80.57076691501209,88.01362345264333,10.910532144309327,94.236697146825
798,102.49824569133868,108.56419958406345,14.183653344865888,113.57538186341046
1054,137.31782716526652,143.34596025670632,13.510852479773783,149.7564740440109
724,197.47962475886507,203.38566458679873,13.755863194862995,208.28114524552979
1049,231.32092224202663,237.44823971488427,13.424229310073937,243.72620691084646
963,243.2857997650819,250.2559814093167,11.271517973954863,273.3303603416267
701,281.74937950242423,288.046447302116,13.349865342587151,293.28976554246395
967,321.53316399570775,328.14038969418914,14.810767037997778,334.55250506826377
986,323.83576193956253,331.15720069876295,11.623624598631428,363.37482920139803
968,409.1516513418913,417.1332502792831,10.812596177138728,425.04772766041407
972,411.15534607090774,419.01118175718227,10.16712713381205,453.1976522162806
990,504.5677691118465,511.2103558936336,13.407180801043035,517.5277976934076
991,681.0350981791884,687.1412710732718,14.465182242464474,693.3423977853693
807,726.1390859820939,733.187062556629,11.859355858261742,738.7386530378419
737,732.3313368101827,738.5864901323879,13.386610566307382,743.7758889578425
729,836.3567235299232,843.4378024335081,10.974375004623488,851.0345944541334
966,859.0844215621197,866.1074595965617,12.599101617224704,903.1125083960516
973,862.8859472376262,870.2330288615672,11.625286229923518,905.6813289783737
993,1038.7152712925492,1045.3848007156769,13.03253360658948,1051.767582256087
808,1115.2415945231521,1122.3566759202895,11.28819170556651,1129.8998558348846
1028,1334.6141292539703,1340.5061419329923,14.549418166513242,1353.1524843404416
970,1402.7927082849635,1409.1454008139362,13.58467808673929,1416.1585144173762
2976,1862.2952727830573,1869.4545164809772,10.291071724680032,1893.5600313422897
3020,1869.6971952926303,1877.2650967967597,11.292385160348124,1900.1864733504212
3022,1950.1314627059094,1956.369607995312,12.882211452540046,1983.337367084221
2989,2031.0466690033575,2038.245668436033,11.911988636136883,2073.4780488624424
2759,3066.5078114284506,3072.5010777407215,14.057633593101256,3077.397671339122
3057,3288.8137906149936,3296.1768169323295,11.26954167274547,3302.960694474638
2985,3410.6990831115095,3416.032375501771,15.407565857269578,3423.407563609452
3052,3470.9119040894,3477.345651175631,13.649218212668151,3513.4573318648495
2707,3608.0471713048646,3615.065070186682,11.981482991931957,3620.7707219915187
4994,3678.7547042588785,3685.4732913714133,12.549524328967957,3698.3884504159823
5012,3919.2388801432403,3926.233154543102,12.050115478578197,3933.164454962075
4722,3992.9800314785834,3999.152046521378,13.477925514260555,4053.6454957653877
5081,4098.771571938638,4105.448971544705,13.415514323401824,4143.1331707547615
4972,4102.594810800098,4108.512871359193,13.977471020893182,4145.577218000024
4981,4289.190349235296,4296.454440507435,11.822238805978118,4323.119256855248
4798,4437.143987042233,4444.203462978142,12.32570578369213,4450.794128597678
5062,4467.517660968636,4475.53650583149,10.837032249261465,4503.196881473694
4799,4507.87079720072,4514.11476608291,13.833105409456229,4519.149634909678
5033,4821.216032457971,4828.230752484198,10.706324903862887,4863.17201737462
4961,5015.362946017266,5022.445341518864,11.870621747385696,5046.097027604313
4987,5028.395749886615,5034.525066916255,13.74023506602307,5048.336009204478
4821,5134.089847627579,5141.057859964061,12.751865363929728,5146.621418850903
5004,5180.697236819899,5187.485204329117,12.951518149325285,5223.2551363892335
5060,5363.248599926717,5370.359540550087,12.142191279073955,5405.8255047561315
6964,5541.508799478437,5548.003449867421,13.808083285159233,5554.36327354754
6962,5733.753739884205,5740.403016562858,12.165174318216874,5746.960681416645
6967,5753.614851928001,5761.122327023596,11.221524037662904,5767.095640402497
7063,5813.683493144537,5820.3167302709735,12.863996621552262,5826.791674674907
7016,5904.5720946332385,5911.524382416351,11.975872933767908,5918.052790928558
6977,6086.449038364924,6093.189552988517,12.746281078367389,6099.752111948824
6982,6263.395445123506,6269.606717188659,13.009589304616687,6276.506196663128
7048,6534.667699613666,6542.246536567719,10.723651078238913,6573.417813057836
6958,6538.492770768839,6546.078559728243,11.242004830335071,6578.254443854554
7044,6634.70458634931,6640.247548069365,14.391209336776274,6646.17612595966
6968,6798.904036664009,6805.349577770233,13.632413713597291,6811.793968272069
6991,6805.961443314623,6812.429387360827,13.075345157720271,6845.976170211851
6785,6934.103292095995,6941.5228842078595,11.649613859002965,6947.528832238786
7064,6979.317373903181,6985.542741970657,14.981725939390255,6991.599585864406
6966,6983.828678098983,6990.24069262649,12.654973059831473,7023.375068603665
7074,6992.602588801566,6999.289179340347,12.448388441330838,7028.041636452244
