657,49.15030933159573,52.193991964737535,13.192783238418782,55.96179831969194
675,187.88357347201975,190.27378951453142,14.362803126769377,193.94429847794902
873,218.82423583157413,221.3588606592793,11.851528566039638,225.2225889946951
673,228.52248163921985,231.42580059346685,12.273444293723824,235.23890998244894
691,230.70907410072476,233.28131907139374,12.979992342878734,237.71939065704439
770,273.0648599956645,276.18700090696206,12.89247680915164,279.94005085142777
783,678.7013452337237,681.4156994021689,13.564166880351294,685.1991993262378
827,726.0147607812345,728.5505993226199,12.911546280609413,732.735254413182
656,728.0126251034475,730.4592664064696,13.278630651588335,735.26749036198
664,731.7924066546428,734.5188549156115,10.524780227745106,740.5256986899907
833,754.6400707224856,757.005486230846,12.847546165086307,770.2900009147852
824,815.6138383822913,818.4096678097402,11.815005043468846,822.2487653622314
669,817.5369355772149,820.2763367580102,11.573941984611354,824.6251497373294
780,859.2682084792942,862.2033747002505,12.06601481017465,866.0312740264624
674,903.7121864928059,906.3864143352777,13.287712513801424,910.1332795862379
680,996.2956937402408,999.1111295330892,12.63186045959414,1002.9817291429599
851,1088.0326441245415,1090.447703020582,13.478096426435785,1094.0417625634998
676,1218.6247999985915,1221.472681616155,12.185712815911087,1225.229238149171
914,1220.7597855426022,1223.3763901624318,12.326913892255016,1227.7945043080322
689,1309.238217010408,1312.0952758372525,12.358533541653506,1315.9786505552545
879,1445.8646276880052,1448.5826240445765,12.628383298776624,1452.237201074188
904,1488.408948197014,1491.0873009320114,13.95726011156915,1494.9739777040982
666,1491.3092416367176,1494.1224282511928,11.34149314155142,1498.168330053943
832,1715.6337183037435,1718.093166095473,13.12684191672141,1722.2049446215278
892,1803.5143525595086,1806.252621421683,13.281492757177828,1810.1381568163313
2848,1810.276077347401,1812.299711244329,14.526730074977333,1815.9911908476756
2777,1850.5826740374052,1853.223314865231,12.29234411081861,1857.0887605328771
2912,1985.682736287286,1988.252000174237,12.528446615335522,1992.2290669640554
2682,2075.734458514185,2078.416747732995,11.33083905504132,2082.2321763947675
2907,2078.251493529631,2080.5957907151555,13.784491204119972,2084.8382867004593
2661,2118.4035384950394,2121.1132453025634,13.247824161991309,2125.143846201183
2880,2298.6977841981948,2301.4571937836954,13.398116157990973,2305.2213310425923
2896,2300.7061167768843,2303.0963188186493,13.677911577262552,2307.201671055007
2895,2366.455463599001,2368.523403170011,14.584852155276298,2372.0890943259983
2685,2371.431434320779,2373.521195389991,14.74968085477046,2377.065603085194
2875,2433.5860940033085,2436.33249783597,13.127921958406391,2440.0505208382156
2814,2557.55475633655,2560.4254178895417,13.770497206837781,2564.1455018398037
2830,2613.353694967052,2616.298779559942,10.816489802992747,2620.8223732204488
2872,2703.6526443598054,2706.5050730560392,13.171032570329583,2710.214495899895
2664,2705.9484309170157,2708.54993218053,14.132284870553173,2712.8393522290357
2486,2792.8083743683665,2796.1099948882443,10.660811163068336,2800.262817998758
2869,2886.433441733385,2889.4310700483056,12.948051618711682,2893.261424346633
2909,2889.9957284185407,2892.472830486612,12.06445760574805,2896.709272772568
2677,2928.780583774773,2931.442247591002,14.431568556949875,2935.0440250136276
2672,2931.0230147199964,2933.306419701489,13.44162260307716,2937.643368447922
2860,3007.8703959276036,3010.432802226707,11.546606575498766,3014.7638423922904
2778,3288.549122391003,3291.4872830724266,13.069365352183212,3295.1987610392916
2851,3335.5535479700825,3338.2582196666935,11.751578010310123,3342.1275885510686
2668,3378.4743944873826,3381.1927200732703,13.809601252072435,3384.956021508894
2815,3515.986643822434,3518.58603692213,12.092972853233107,3522.8647173090235
2914,3558.6648996736117,3561.5366871575206,12.793279907211364,3565.1268612246763
4659,3693.679967659062,3696.5473670584975,13.595256944257365,3700.5111414354883
4884,3706.2562432143272,3709.3421649398365,11.617803134976626,3713.2055308572544
4686,3708.328445523336,3711.096356146711,11.906820577190878,3715.817134919935
4889,3723.0255602488096,3725.3680549380533,11.130346073013051,3746.7842005935527
4848,3909.5696987319643,3912.0752127391625,12.342697505401055,3915.932796289662
4478,3965.3431689150516,3968.1431115327723,12.922748714188561,3972.026413651883
4687,4059.6430028430373,4062.0542325902857,13.094269445573802,4066.030056414195
4655,4145.41889279439,4148.004300864076,12.528282866525423,4152.025242508646
4823,4323.966107467264,4327.0975072111305,13.289113682887663,4330.854186219775
4866,4327.70351117338,4330.058689382813,13.159638424663534,4334.0837388168175
4838,4338.68048043082,4341.487274755155,11.080447820083995,4345.696540759348
4847,4413.675202198779,4416.527200348119,12.340191457586549,4420.666588648438
4653,4506.023668017686,4508.611893976822,13.356542884838504,4512.7486202569
4902,4520.340744932878,4522.614664616313,13.36327307574364,4526.88444692926
4676,4551.512264415655,4554.159575030021,12.336182783476458,4558.674671919501
4821,4709.843346080176,4712.111471068593,13.833720570479619,4715.911776310931
4863,4774.090734862486,4777.4506492787405,9.769198692540767,4782.062983413186
4825,4776.222279916621,4779.400672569237,9.807063121355034,4784.214458106713
4780,4818.448848191043,4821.175591156835,13.300074271324565,4824.919358001921
4871,4885.415329592646,4887.413698927564,15.20629976923038,4890.984505252211
4855,4887.585851737098,4890.086438977132,11.907108593028648,4894.091480847258
4658,4953.7005961025625,4956.513333138994,12.800240329992999,4960.196468364562
4878,4958.573917014289,4961.003521889536,11.749548365047195,4965.059876085622
4840,5314.199355666709,5317.140112631005,12.979221106073828,5321.179986081002
6774,5448.677118267017,5451.577008256006,12.520035113469582,5455.599573071916
6851,5583.564586877373,5586.421291675008,13.137112546870082,5590.0801684527105
6834,5585.821900921389,5588.413566987419,12.957812317130005,5592.664515291497
6651,5610.632657805874,5613.031863011522,12.122263776698556,5617.152782574808
6880,5681.953004987806,5684.497242442026,12.39540212400388,5688.219656633765
6826,5779.611412045144,5782.051562473321,12.914147145625307,5785.931138417869
6777,5808.466499499397,5811.0937539811175,12.126648353828612,5815.212074845028
6901,5888.010820658826,5890.230337471325,13.981470086245853,5893.993080661511
6681,5903.553792212218,5906.505728106626,10.400537715992787,5911.170536812141
6859,5951.075010809523,5954.013011319641,12.59592989417027,5957.901802651801
6778,5988.310269577675,5991.219460376066,10.339796008991984,5995.206812784312
6843,6033.694919516406,6036.335342785087,13.486438018498172,6039.988111263393
6893,6049.84023891072,6052.282609381699,12.376358733679698,6056.136264557104
6878,6240.3118418268095,6242.616543227916,13.54700502993483,6246.191127473019
6844,6393.598204873769,6396.4886993814225,11.956081580687094,6400.667908589053
6657,6487.867598650885,6490.321465129448,12.108021471981413,6494.74755078639
6660,6572.850980399479,6575.024504562941,14.351126547811862,6579.035866734694
6768,6617.437481548011,6620.098662649967,13.628285330371668,6624.071490729646
6680,6710.014202385889,6712.3487304945675,13.45133852270213,6716.149317086981
6773,6755.800029118909,6758.395551227992,12.368033283453569,6762.758148885856
6772,6798.315658745302,6801.038986897762,12.7193258045817,6805.087346609591
6864,6843.483772806192,6846.493494518615,10.168387738650367,6851.060243140039
6869,7027.409987602909,7029.432138101931,15.188169870856735,7033.082412070552
6677,7030.356013233488,7033.026201232582,11.518120262421727,7037.225051116293
6870,7047.291064476338,7049.259089555867,15.025833141269954,7052.940995207849
6853,7145.592969695924,7148.095711064933,11.73516206494244,7152.0506115678045
6871,7148.905201897804,7152.031784677196,9.470371534818364,7156.937033017667
6662,7159.448232433275,7161.474452190893,15.002710695746241,7165.073111557258
