1528,258.6975061745333,265.20453465827006,12.467022837604922,272.5342964556099
1398,894.4578181595753,902.4320234977492,10.012014320041848,951.3389258547857
1517,962.2458146846266,968.5561807411297,12.453692807896168,974.5390912606198
1407,1067.5496199086167,1074.5440754101642,11.318442992571025,1081.9104204566488
1234,1129.9824323006221,1137.3428688348856,10.546934184727228,1143.9785432720844
1542,1149.8993614499275,1155.6260393798432,13.988881123289904,1161.005518580077
1390,1152.479011338656,1158.307809137283,14.01135243003545,1164.6561280173119
1393,1247.92407602572,1255.378491487755,10.888297820051227,1262.9220551442952
1411,1249.7934347119397,1257.2161947894285,10.771502593997129,1308.1438963940525
1552,1584.075275120456,1590.3551315227182,13.213319026936183,1595.9968991266994
1246,1587.8959433087941,1593.3962541041574,14.026147510837292,1598.5521727114126
1240,1589.5803765977348,1595.3963890084685,13.870402035921595,1600.8034302200645
1380,1609.6782025669731,1615.2991330242269,14.522542451972102,1621.8069727187933
53,1669.275113118376,1675.037145813978,13.957590931229506,1680.2890862396098
61,1671.2859597456668,1678.193549793652,11.497700034414933,1684.6390343920823
1521,1702.625970855816,1708.4482046092178,13.020149902088555,1715.5029353171117
1258,1759.6177649036579,1766.367637765397,12.170914438898548,1772.635848889956
1257,1761.8022847818936,1768.2221594041357,12.601996729986137,1774.41273519351
1544,1786.4776558151261,1793.4261928199073,11.019841721429632,1800.805127522926
1229,1851.6240990507322,1858.47981144141,11.289560341042908,1864.8992488805159
1388,1885.1209922770165,1891.4935168782386,12.046400492429166,1898.797280327139
3393,2119.830244393463,2126.295659565126,12.073498459816312,2132.241303300115
3541,2133.678430400074,2140.1713298461577,12.03462190390462,2146.3259003762605
3235,2211.8756517518045,2218.5105315685905,11.711611724890236,2225.0210568411785
3583,2416.1692100006667,2423.371550547327,11.38016816454099,2478.8182087206296
3399,2419.3897486994765,2425.3977633003547,12.234224071325379,2481.16153859356
3526,2491.6068668594307,2497.005195640204,13.179249814312767,2503.0834282887113
3208,2569.4300662407372,2576.4238546426877,11.75070924525118,2582.94271942713
3408,2571.369790998221,2578.225425767334,11.70420390383347,2584.731858109607
3406,2573.444560708979,2580.0710359563236,11.008422312135751,2586.578385439031
3532,2661.9198135282068,2668.261399631464,12.393434694757353,2674.1625882303856
3367,2664.005892109434,2670.3937250901186,12.992797279741527,2676.0655142556184
3231,2665.7155436838057,2672.109068753796,12.768582362358872,2677.78553988197
3542,2685.919144043744,2692.32357564386,12.674992870352945,2699.5214713511764
3391,2751.6164129766926,2757.2996855685296,14.265607595633519,2762.463353342516
3520,2772.491762946555,2778.239649732011,13.781753232885976,2784.608847810216
3232,2839.5248276357406,2846.2450027576633,12.843514731512037,2852.155442670333
3238,2841.7080874060944,2848.4566923913917,11.940072648809021,2854.69192545604
2059,2843.7725114933405,2850.2716825945536,12.64653729349576,2856.512414282889
3512,2867.4030438463,2874.140932836559,11.880892840819595,2881.539871410337
3372,3019.228145693389,3026.1492670931098,11.767171068474147,3032.6134215252378
3529,3035.4568154066383,3042.481347940853,11.863228562308157,3048.861045750938
3400,3039.426514203554,3046.502092248206,11.701370682205427,3054.0
3396,3047.4008582550205,3055.1600941364295,9.37543787148636,3107.8345780613345
3395,3049.3725481082283,3057.13042038824,10.572637596187393,3110.380857085939
3549,3051.416930128705,3059.0891230982556,9.509524614783572,3112.424680269812
3207,3201.4546888033346,3208.055440635365,11.794643127305187,3214.0079615218197
3514,3220.364965040898,3226.082561964015,13.135993944927655,3231.5093163403944
3364,3316.532155251637,3324.242468003332,10.093266146380538,3332.132057320768
3551,3319.6386911168215,3326.330390945346,10.617371992760418,3378.2108617994368
3239,3381.600774094263,3388.486328416934,11.594234569385193,3394.806263769791
3240,3383.5211440940348,3390.28049414706,11.78461430373017,3396.656038280922
3398,3500.1158662008643,3506.46088614131,12.225251888277219,3513.8823105688653
3221,3655.333652212824,3661.332006482193,13.089225881628398,3666.8208144052137
3389,3829.300844841615,3837.3359251145807,9.683665127489746,3845.0261858906442
3525,3831.3826786340337,3839.23481315491,10.281582629047783,3847.0089131065865
3236,3833.7722837501033,3841.1534768013016,10.20513706002017,3849.055669419908
3388,3919.68892145759,3926.4330887957817,11.633837534282431,3932.533094399973
5522,3946.742712522518,3954.0559051861396,10.223914726793023,3961.8636192702256
5548,3949.95379358809,3956.1975161213636,12.692280838668625,4008.339941148382
5379,3953.7281846864284,3960.2103871479276,12.420711305861726,4010.9058687545967
5394,4009.6842522737197,4015.297628512672,15.456179067589865,4020.1536704147884
5239,4099.947386660475,4107.1078934368115,10.63056240003611,4113.777980811941
5259,4101.857079991352,4109.048188847369,11.392158021019222,4115.7564344138555
5410,4214.937896372542,4220.080006144664,15.629776840690628,4226.540210074097
5562,4218.420711892713,4224.618212482697,13.116527374346463,4278.133193407687
5417,4224.479049786029,4230.489095838877,12.488171054252096,4280.500225209395
5382,4308.091960801364,4315.010471130035,11.453359319843722,4322.823710498048
5538,4371.4085355347825,4377.398286259433,12.927311695585775,4383.0088810709285
4064,4373.386548984621,4381.044960699679,10.08130980245619,4388.130640484227
5578,4551.816648509875,4559.009571653452,11.423968404589214,4565.563360613844
5375,4576.326524537503,4583.0026877949795,11.429354168829011,4589.960315046624
5232,4730.65773228997,4736.51637010707,13.814887488370909,4741.99479853422
5396,4755.591211984686,4762.478500317908,11.58890030401956,4769.773449303803
5569,4757.37589685233,4764.348502760568,12.268058196054577,4818.346030144033
5570,4759.230877856795,4766.131669060651,11.934764481111742,4820.955368571567
5533,4911.928434656806,4918.286952801972,11.995234131198425,4924.253239879328
5397,4915.487096239257,4921.519789205961,13.106617230037164,4927.289942136468
4036,4917.822796374507,4923.3428039950495,13.125601822349429,4929.014412947237
5406,4929.197985050699,4935.437277041085,13.082608742675204,4941.170106126739
5418,5001.925438445133,5008.4946863223695,12.51476360508996,5014.627857074049
5252,5092.204218609844,5100.355474519895,10.229967430038299,5108.143178587899
5220,5094.128150431355,5102.217220905296,8.866572700970393,5110.172892232297
5223,5096.17025857778,5104.305767075367,9.471037299820809,5112.118723636111
5240,5269.419525746152,5276.185281059459,12.090970800406678,5282.47708514553
5255,5453.500228502097,5460.0514543425215,12.54813710615653,5466.180685109161
5403,5482.489818220312,5488.039745103807,14.83194491840814,5494.433369288228
5528,5654.9172287260435,5661.170587398524,12.560724872881224,5668.307912791128
7536,5658.3255848778945,5664.254937196222,13.048021622741885,5718.150555491497
7370,5734.264911076512,5741.3942200270885,10.60138096362451,5748.084861392397
7524,5737.5856379113575,5743.488308466317,11.064676902052721,5750.014754825543
7562,5743.893708097928,5749.348045790452,14.98850689999253,5756.021962974289
7377,5754.511219418518,5761.073713003169,12.026232172132636,5808.419814309308
7245,5989.7527305419235,5996.527568312556,11.888494646181469,6002.593588576527
7525,6018.253229839028,6024.534378611419,12.569056967325787,6031.772276156365
7234,6264.031673761922,6270.477666744673,12.158960572717623,6276.882536674579
7539,6469.623657190995,6477.059322181913,10.364606568367407,6485.512597404593
7386,6559.927945113531,6566.261116734056,12.036282801451177,6573.359548802659
7374,6648.526693800602,6655.188430698622,12.280631426162417,6662.824187057548
7405,6734.1496837713685,6741.139663534383,12.046653945169275,6748.763574632206
7375,6835.8025570108,6844.460000458129,9.409367504620443,6888.818089297278
7371,6895.741239765926,6902.3436335633305,11.7491644098754,6908.676847593864
7585,6914.375718017219,6920.205339856773,13.558867596801315,6927.4020712135025
7229,6983.679107651412,6990.553423299044,11.44243695789452,6997.309253055784
7513,7005.779350820438,7012.11067930037,12.517807703358105,7019.4624765729595
7408,7069.656723615761,7075.628739419352,13.96092886341121,7081.071152800654
6046,7071.857944480641,7078.528453663168,12.180736299981893,7084.715308429753
7550,7100.069358950409,7106.2886234985735,12.278142674870214,7113.334666868813
7566,7105.0669405548715,7112.5050419085555,11.118729682934731,7158.548498302953
7538,7191.884076126698,7198.383720419941,12.296495483575656,7205.951091050265
7577,7249.607125769614,7255.577267440985,14.137354683674785,7260.904043061511
6041,7251.485381684029,7258.542400131329,11.665304877450996,7265.088246338772
7237,7341.675794418008,7348.506073929439,11.364302552815667,7355.015520548308
7249,7343.539594131112,7350.3324075602295,10.902825590461832,7356.937705032086
7390,7370.887654534973,7377.08888153771,12.787059071589352,7383.835513187905
7244,7429.65209905671,7435.3978555975455,14.203328970147338,7440.400819246949
