669,122.44090984174629,122.56618063040001,14.928796540299107,122.69145141905373
405,158.3602978189474,158.5275187885351,11.183657892102778,158.69473975812278
424,242.8685910530379,243.0172019234022,12.78849697101114,243.16343819499014
933,246.27305937573013,246.42582706616437,12.24173849155001,246.57859475659865
682,260.0116165076968,260.1349943109651,15.15784903534796,260.25837211423345
425,305.87352162415914,306.02426154069076,12.293181950039571,306.1763899419342
413,309.08095926256186,309.2277965857604,12.736149607723737,309.37463390895897
926,336.0425671583335,336.1857816512386,13.058330049696181,336.3289961441437
655,338.0498325033378,338.1794716823849,14.425747910476744,338.309110861432
652,348.2479657550493,348.4134562793598,11.30059937900162,348.5789468036703
930,371.84031950516214,372.01326927681066,10.400915208787534,372.1930748111039
1039,415.43302026402097,415.5803463797405,12.69389413493645,415.72767249545996
419,421.97167975302284,422.12323906433517,12.329882551981834,422.27491464667503
953,431.9297282908266,432.0861974720952,11.907340599711919,432.243255389486
414,512.4474578844959,512.5956399841625,12.620566994677457,512.7438220838291
658,515.9699695853305,516.1357662954633,11.232792995569197,516.3022557978509
429,602.0454442331418,602.184806732093,13.419263649325151,602.324169231044
433,772.8772311357048,773.0060998981368,14.782607028355585,773.1326095261521
661,789.1742235917776,789.3087019443799,13.906640586123793,789.4431802969822
674,820.3538257755781,820.515899938529,11.538804718814607,820.6779741014797
435,867.1510454913816,867.2935545380891,13.122971204021667,867.4360635847966
663,875.1649705458118,875.3363008310348,10.91542055054686,875.5076311162578
653,910.0984634137999,910.2591590859398,11.637787697391646,910.4198547580797
415,960.9613992510243,961.0922316184186,14.140835889544071,961.2244827901925
673,969.9296732940909,970.079902830359,12.185158219546254,970.2333798786302
668,1118.014500152579,1118.1649464049651,12.43063277811889,1118.3153926573511
686,1180.0784426381954,1180.2197465605561,13.23489174971108,1180.3610504829169
659,1202.4906696239443,1202.6164282142997,14.870889622484297,1202.7421868046551
679,1235.1490715192774,1235.2944015534456,12.86824245901725,1235.4397315876138
685,1299.0626371065225,1299.1909939180086,14.569870461905314,1299.3193507294948
420,1305.854730412243,1306.0116146502353,11.83782414617272,1306.1695948747395
687,1361.2161788801338,1361.373012083454,11.924401699789419,1361.529845286774
950,1420.9526139846876,1421.0912455080488,13.530689527080199,1421.2294603501314
678,1539.9842203450237,1540.1105438228992,14.887833637895156,1540.2361592859504
667,1686.8614858404665,1687.0092014160175,12.144149127850154,1687.1631967347973
947,1695.0365524654715,1695.1752105799312,13.487433631551802,1695.3138686943912
949,1698.2717938349545,1698.4207409300957,12.555747491963666,1698.569688025237
412,1857.2386560853436,1857.3758204017686,13.634319515434656,1857.5129847181936
2939,1963.2704889205338,1963.4270352064007,11.946256699073496,1963.5835814922677
2424,2039.1655723548529,2039.3039953266243,13.510345084508543,2039.4424182983958
2661,2101.345401820318,2101.482109758512,13.679835574729514,2101.6188176967057
2438,2131.288404769459,2131.442459502018,12.139465534005588,2131.5965142345776
2427,2194.947072547287,2195.1017903082693,12.157374330448143,2195.255618105738
2414,2202.037600253304,2202.233344577216,9.554004319921045,2202.4290889011277
2418,2227.3028618324493,2227.4921634224397,9.87916750383052,2227.6814650124297
2685,2240.09511429745,2240.224180850339,14.489750244326917,2240.3532474032277
2665,2259.9200192454014,2260.0767595545294,12.326095352555088,2260.228481739274
2432,2308.498118758582,2308.621121458098,15.204073761124176,2308.744124157614
2669,2317.0423906980154,2317.2038504841935,11.582711463470147,2317.3653102703715
2686,2370.1466419451494,2370.2818553984434,13.831035822960505,2370.4170688517374
2675,2553.296972464761,2553.431714297971,13.879446877802037,2553.566456131181
2413,2580.388937510513,2580.5347438718786,12.826203868907193,2580.6805502332436
2949,2585.3150282864913,2585.462545866006,12.677418667014352,2585.610063445521
2679,2678.167641229676,2678.3099457639555,13.141830832863645,2678.4522502982354
2930,2710.869815137064,2711.0191996929816,13.052295117071823,2711.1624804033454
2436,2928.966722402635,2929.126578256262,11.8341696163718,2929.2846072669045
2689,3159.871743933167,3160.0129680174264,13.459469338050184,3160.151914217257
2411,3273.407859574603,3273.5448018026136,13.65643120766332,3273.6817440306245
2428,3302.2914340643033,3302.4355780128176,12.974128539774155,3302.579721961332
3048,3309.322085338801,3309.462815716416,13.28883037158531,3309.603546094031
2668,3431.048279917712,3431.2319816660392,10.180317461784394,3431.415683414366
2684,3462.847121028221,3463.0286895101085,11.227810947369377,3463.1952528878696
2671,3492.2113193415794,3492.418857006902,9.011097399337586,3492.6263946722247
2184,3657.840120292821,3658.0085530649976,10.413131294950533,3658.188147661789
2416,3660.003816952156,3660.1653624046403,11.576569240993296,3660.3269078571248
2687,3667.203487862097,3667.3591468552113,12.01435316288707,3667.5148058483255
4417,3929.3861906496086,3929.5342089216083,12.634535527160565,3929.6822271936085
4170,4005.928975491243,4006.057567923513,14.451711908688614,4006.186974192339
4430,4012.2129716694303,4012.356628561682,13.018116199973035,4012.5002854539334
4436,4019.9167883918985,4020.057326914737,12.78277639450955,4020.2036286303064
4674,4023.21081678714,4023.353736206984,13.085290426548982,4023.496655626828
4936,4026.9618673462537,4027.118589202726,12.052582968204032,4027.2737544582724
4666,4039.2656780102284,4039.386909599575,15.426194825415356,4039.508141188922
4677,4140.898982301524,4141.058443066769,11.89181872013192,4141.215705985105
4424,4193.383584092206,4193.515486575685,14.178217626638386,4193.647389059163
4682,4242.311301014977,4242.449198815878,13.561797969497995,4242.587096616779
4933,4300.973875477441,4301.124150259799,12.440542219546526,4301.274476675099
4683,4329.926418149147,4330.093351339277,11.09022689200359,4330.261981082786
4685,4363.086305055728,4363.2251064180155,13.473514131496342,4363.363907780304
4687,4418.886609083546,4419.041731557319,11.61933299807247,4419.202682458421
4428,4476.05362300965,4476.216885208339,11.454838482435145,4476.380147407026
4681,4537.483817532278,4537.620746958776,13.657707945528857,4537.757676385274
4403,4655.007250067279,4655.164377139892,11.902099906473492,4655.321504212505
4433,4656.918609147568,4657.076837249958,11.986029048590186,4657.232864079917
4421,4742.393813082594,4742.554963786078,11.604926791032133,4742.716114489562
4671,4748.33530148714,4748.503698644125,11.10554447437758,4748.672095801109
4680,4780.279180187938,4780.422835541419,13.018255644131813,4780.566490894899
4425,4827.4067029227335,4827.542167703455,13.805375141010769,4827.677632484177
4653,4876.153860727826,4876.348673597103,9.599684677901866,4876.543486466379
5046,5025.302559244798,5025.43840458125,13.76670090488347,5025.574249917702
4661,5292.206942509244,5292.413844897495,9.038765246070321,5292.620747285747
4672,5346.865348458975,5347.027937963929,12.01087796995285,5347.183641994969
4422,5352.154444543225,5352.283742387082,14.463830644538136,5352.413040230939
4656,5408.422018685682,5408.561838974238,13.375327254521856,5408.701659262793
4178,5435.363451478856,5435.494621960868,14.257339666531633,5435.625792442879
6676,5564.042845009479,5564.200728560854,11.845072523121946,5564.35861211223
6430,5639.191328643025,5639.331973374441,13.29692266054179,5639.472618105858
6439,5730.936023315023,5731.08269849052,12.508157996376053,5731.232212281183
6443,5738.152330845434,5738.301222470705,12.560425160587915,5738.4501140959765
6668,5759.977134601817,5760.200074190123,8.58533766414012,5760.417903958667
6956,5825.393513251432,5825.54048139703,12.724812636342962,5825.687449542629
6958,5833.908713596052,5834.049916325585,13.549084597562384,5834.187943518698
6663,5914.409157639856,5914.536972859621,14.63160740710118,5914.664788079386
6933,6013.196670640172,6013.330860700065,13.936517486753367,6013.465050759958
6957,6019.24289451233,6019.384764272161,13.182105323126173,6019.526634031992
6420,6088.400978480831,6088.535080269641,13.945691051980488,6088.66918205845
6692,6160.907776249471,6161.053003104529,13.275016055020501,6161.193879929725
6682,6186.9478457283585,6187.093484341223,13.067845061622608,6187.236594556215
6680,6190.301814063235,6190.471908464762,10.994730569923687,6190.642002866291
6432,6254.102406073819,6254.240276986612,13.564442842713326,6254.378147899406
6946,6275.985116166465,6276.125043014044,13.294510098148724,6276.265713268341
6951,6366.996076401563,6367.151359976145,12.038695618931184,6367.306704224014
6436,6459.240247873841,6459.399091975696,11.773443863696063,6459.55793607755
6688,6461.074835928037,6461.241280266042,11.235840994469545,6461.407724604047
6687,6463.117845395203,6463.283761083851,11.271641226335031,6463.449676772499
6442,6532.130321847973,6532.280156929743,12.481336774956981,6532.429992011511
6409,6539.002791073859,6539.140039777391,13.625936479661242,6539.277288480925
6425,6611.140342777046,6611.276162392384,13.769308001669144,6611.411982007722
6685,6693.053487805628,6693.196757980823,13.053254898971952,6693.34002815602
6169,6698.235223902375,6698.405912058602,10.956484372413321,6698.576600214828
6691,6721.104490060162,6721.281473349121,10.566772305205447,6721.45845663808
6953,6734.093631027539,6734.252415453481,11.777868674253758,6734.411199879422
6672,6822.3040914346375,6822.464296627649,11.67341757841724,6822.624501820661
6926,6828.021032372382,6828.144354456745,15.164697595895259,6828.267676541107
6412,6883.091630148565,6883.227639343334,13.750115346525005,6883.363648538102
6435,7171.302047588377,7171.447984127595,12.81476267882575,7171.593920666814
6424,7173.988000630111,7174.125086433429,13.680671774467013,7174.261786015663
6661,7299.471336227796,7299.601001663268,14.422826788488969,7299.730667098739
6437,7357.072791935377,7357.246232919254,10.782584798879101,7357.41967390313
6433,7358.970161270689,7359.133070830382,11.689786024443132,7359.293051698496
