460,462.8223347565359,465.1709630007771,13.592015279282569,468.989194215463
1820,606.6842400868134,609.3256803387345,12.3732164434821,614.7681097994741
459,837.9999782292771,841.2445243637986,9.537321796421443,846.7186669838995
448,939.681585955384,942.4249154765259,11.58256622723737,947.7756713614356
544,1380.170659983099,1382.3967060115474,14.109389190355015,1386.1700143219289
449,1533.260403418435,1536.4977293258082,10.393359315268125,1541.504005186504
1814,1688.8708027667587,1691.4819112803712,12.980971599292548,1713.3722242112235
3804,2863.7808425436288,2866.562526798238,11.46811290807509,2871.9303012049604
2458,3101.9921190511072,3105.207264541049,9.667134025849505,3111.5474790619573
2456,3613.6280665738605,3616.1118419400536,13.070682147892244,3620.2714288366874
4451,4194.067876962422,4197.012653055429,11.601330716347553,4203.1749401334455
4540,4593.487261144929,4596.6129560972195,13.569145070816065,4600.435272251559
5826,4657.784046050249,4660.3815539298,12.70879071373511,4666.082502710763
4527,4900.8631363532295,4903.088571559529,14.756381168531835,4926.0
5808,5278.2168373445775,5280.4742093149725,14.921174120577101,5285.702287357679
5830,5460.3428405901295,5462.647124766245,14.384851161657556,5467.837477564136
5833,5463.654195990944,5466.047958137453,13.096417639838839,5493.569922181679
6540,5705.322622565828,5708.175237851419,11.471099697809725,5714.033464949075
7811,5920.8203331944405,5923.490195798208,12.315281151922983,5929.319770246251
6536,6309.543382738018,6312.080035808954,12.343516435150093,6316.516120306459
7802,6629.167530141757,6631.390336479051,14.69252124672392,6636.787939458991
6554,6707.108684566121,6710.109342520634,11.013715807604138,6715.819035938879
7820,6726.493632629558,6729.250099750671,12.017730374062609,6753.763783800308
6459,7146.801427406436,7149.098056940072,13.71929620182677,7154.783861673082
7829,7170.753314411577,7173.13086546168,13.229765577126653,7203.150597387627
7826,7272.899700718109,7275.489408194651,12.744594624880254,7280.9066814701355
