1227,746.4832048252968,756.1538144898564,10.206217785967564,813.2675532823323
1234,1015.354807808424,1024.4979185251022,11.039599713672327,1032.776847146882
1289,1103.6025503819305,1111.390112736552,12.518091965907931,1117.3627147875432
58,1173.721211906398,1182.2183476323669,12.379156404570097,1188.6776218891246
1245,1916.6798876153298,1926.2859189247918,9.971021151379693,1934.6012890450156
2058,1983.43169583969,1991.2913389662006,12.561584501059265,1997.1314796512402
3367,2568.0318817928655,2576.3480525463724,13.248999677453288,2618.092144270248
3231,2631.7306638084165,2639.023791905955,13.740650246411857,2644.6314504524385
2035,3153.6006012778316,3162.0144952132246,13.21336058287388,3168.072896591872
3388,3828.258420630788,3837.5453106560353,11.245180345467444,3874.893243131194
4036,4863.638295334081,4871.360376481222,14.758112454320658,4876.793830036858
5244,5245.771736579711,5254.492755466704,10.954696090538416,5262.787927180014
5234,5247.625202560644,5256.32855100157,11.507624530394798,5314.841584936872
5255,5407.414788825146,5416.186904240229,11.603969150368519,5422.755775105804
7241,5946.210918255428,5955.064879191278,11.98650984282156,5961.716236181297
7252,6144.628985118781,6153.347490231589,11.375588490430609,6160.940570491616
7235,6595.70483517599,6604.381038302041,11.72151772275808,6612.045622354772
7254,6686.9138189698715,6695.429099479628,11.979214861406291,6703.428212984785
7244,7317.292659503406,7324.456152754842,14.584509464543522,7331.610878039895
