22,126.97738074359825,137.02325427773286,10.898445680457437,183.29917815020204
21,205.47088118171308,213.54806010333235,12.914008465424637,222.65204868159998
1239,454.655243891866,463.1579792939493,12.88577077138809,471.33483883020017
89,567.2970263126438,575.0294833596073,13.025507335341082,584.3886889564177
1263,1176.7423486252649,1187.3749535585646,10.385887284597505,1197.6293291898437
73,1742.0564132276786,1750.2145151264829,12.417527288789993,1759.712839991001
2018,2007.84963823595,2016.021173255827,13.594825181046264,2073.228412954262
2103,2367.129167449848,2374.5381753094925,14.16674296158631,2382.869177545257
2005,2816.1083376639167,2824.417206561189,13.366605339031299,2833.7847659907993
2008,2822.6140510033583,2831.1712043694342,12.775035797100118,2883.0995176723945
2089,3174.30177215474,3182.187432061822,14.158010020538365,3191.6520296157596
2154,3451.7271551559734,3460.0263857669656,12.636233383107026,3513.334420849751
2132,3536.1369666502774,3544.433800468659,12.835429110009326,3553.862952621027
5284,3964.5991231826633,3973.577777069414,13.013182564400665,3982.5114565615368
4081,4256.533719372399,4264.263581850982,13.977778904351254,4273.494207714677
4142,5246.660730759142,5255.238647217258,13.184533749735367,5264.826617930026
5278,5404.93358165853,5414.061215631479,12.212981434492345,5423.415843910188
4103,5428.11136759343,5436.261248305369,12.946415244274778,5445.869118874274
6069,5968.982533619431,5977.0826073971075,12.86382510234596,5985.992858666163
6010,6145.439120341798,6153.445552791071,13.894684230057681,6162.693261709468
6106,6157.1737694612775,6167.263833612446,10.188333704340586,6213.546374628814
7191,6574.735045856465,6584.248061888499,11.34854379743726,6593.931535123133
6057,6686.938186306019,6694.526262914795,13.810135796990703,6703.507678026759
6156,6695.440195449774,6704.542980224034,12.117549942025201,6758.996747281198
7248,6847.120015536919,6855.165450845267,14.541859550094347,6862.908614304047
6143,7050.408112029143,7059.594179514533,12.326095013954122,7069.701150135595
6066,7228.871180211135,7237.144926990115,12.67877739018159,7246.278727836509
6014,7231.79709090405,7242.323853412428,9.662595942915633,7293.32960775141
