1678,104.97618851685863,109.44657826675306,13.947260818192252,115.74397463018596
1537,139.7414555222096,144.05421065433939,11.74066543706524,149.7217724404048
1540,211.8714706618517,215.5005971530723,12.929536896157614,220.64607961714538
1651,240.07200773215467,244.45112613215258,12.099545524176623,250.91130030212835
1515,279.20109546858504,283.5235670175198,13.429515520140313,288.48381228486784
1649,342.16560217726504,346.14587818999127,12.453850258346504,351.6812420742092
1647,344.11435435053403,348.0326161147941,12.645100191189275,353.56557514197067
1585,377.52650913864517,382.1210227271665,11.646488849770853,388.881031519328
1519,483.01920621118467,487.19241296244536,13.712820703882246,492.26581613286174
1661,820.1974850093605,825.010581496774,11.19005180064489,831.1547036640738
1526,961.9701282860726,966.4877348013669,12.726754821729354,971.829260216141
1563,968.7028198849416,972.295723976317,13.20893130548868,977.2112900427389
1660,980.8822454449048,986.4133494305742,9.511164941800175,995.2510875192718
1539,1023.839211895787,1028.3281536143234,12.82622821584516,1033.885235057777
1548,1091.1249709379513,1095.2664921725977,12.892597441016775,1100.6610242562235
1657,1161.8639787365219,1166.0764773664284,10.935760585272526,1171.8184443947662
1557,1163.8722313528633,1168.0948758579143,12.543283839805637,1173.7164968324987
1513,1295.8376698667898,1300.3677099327308,11.598698284259166,1306.4187805893814
1567,1432.117808401739,1436.3029829153397,15.282752950291876,1440.8620764687548
1575,1516.364036287915,1521.003859370159,10.35784361366575,1528.5570364973255
1571,1620.2542863135816,1625.0380353712205,10.245025973760848,1635.56311519973
1693,1737.3357197863745,1742.0536300011918,12.759271691724692,1748.5728717513357
1653,1805.0502161421093,1810.3932826656703,10.231846286205615,1818.6488760147456
1561,1807.9380087611187,1812.5242946702142,11.558825528794522,1839.714329046538
1552,1810.2979996158792,1814.5079634918948,11.202985044039325,1842.1804562899379
1577,1839.6334880331717,1844.1339756775822,11.078172439289736,1850.041545125429
1511,1907.950876797297,1912.3222487994904,12.292301677164271,1917.9082426809591
3548,1910.0961359805176,1914.3446364102272,11.709903824709373,1920.2533513239398
3642,1942.1143665991347,1946.1851459858565,12.221584377433054,1952.7847342366235
3513,1963.0342643520578,1967.0180384303906,11.99025546915247,1975.5071697127062
3559,1966.8086167436095,1971.044575066854,11.239921633851973,1978.1290213988557
3557,1979.0702185503724,1983.3592660230192,14.713188085198523,1987.9759137457288
3542,2179.729993882054,2185.0781743979014,8.928022578381361,2192.826343940519
3549,2181.870373051647,2187.092839851428,7.9882538599354485,2194.8373328157204
3690,2349.0279726808944,2353.48978696951,14.668698256134926,2359.670954987385
3593,2351.359572744611,2356.038267245823,10.45608261399319,2385.223149378196
3664,2356.778005962221,2361.2164593119915,13.61325613634667,2389.921917977469
3558,2384.2254148225443,2388.414282661138,13.750709736388668,2393.4097944331193
3564,2420.2020514732226,2424.351499450761,13.674076409083263,2430.6548067577896
3534,2422.473656837751,2426.5775788318488,12.96091639827775,2451.4907451691925
3654,2688.926756050787,2693.4523158875554,14.53226709548932,2699.783696655818
3649,2756.696338465888,2761.2884437206885,12.823760898533198,2767.837919087646
3537,2795.7357155007967,2800.058380536242,12.4360521467356,2805.6660211793383
3553,2893.456676927765,2897.425607881958,14.061537364550993,2903.6606818630607
3527,2960.0489064616936,2963.4608010165816,14.256159811988182,2969.530841564855
3641,2962.472385422914,2967.5140211463304,12.083056002271926,2994.9877390966763
3561,3001.0157664396684,3005.489787834879,10.55399339684891,3011.814049101287
3701,3028.919275059441,3033.486595954283,12.414160523592932,3040.0371339038015
3643,3069.6519978245824,3074.019583868702,12.071778266367806,3079.8612980498615
3653,3129.8223625502296,3133.3975479158526,14.052345829210454,3138.364564176583
3584,3318.2698876660256,3322.0186171659097,12.460701156379875,3328.7199430181217
3551,3320.3609623696775,3324.1109667964056,12.973403031873728,3335.577016346383
3556,3361.1851810861394,3365.018779696465,13.414798051892737,3372.1300090542936
3518,3403.373412362302,3408.288549612849,10.40738455656306,3414.7512942613816
3663,3405.48293281308,3410.1919046336006,11.781888930457914,3416.6194412761974
3675,3573.081147687176,3577.5432220305925,13.164212828675103,3584.221478633297
5645,3845.2187500343384,3850.3466762502235,10.649036727671405,3857.768481663704
5555,3861.1915070881723,3866.0015663011177,10.075130862810525,3879.314944490924
5651,3879.3126577294906,3883.4818052726982,12.390647115661546,3888.851144897549
5535,4219.776091258068,4224.26777278491,11.27349956834686,4230.207764818929
5694,4321.3571868965655,4326.253961522739,11.367527971489766,4333.612539759569
5540,4495.204241299674,4500.316514939701,10.672416161769377,4507.12361237103
5521,4572.543947019354,4576.498350939054,12.486584666954608,4581.876282349738
5646,4574.376507749531,4578.283752861052,12.924232906877764,4583.635984708095
5544,4578.634829138308,4582.021521536444,14.17077349208168,4627.379621994043
5575,4594.052825807574,4598.298064647477,14.09245360065121,4629.801715146203
5585,4663.443672277679,4667.149863757826,13.788439910092155,4673.416431902793
5545,4752.727192875115,4756.230449209541,14.22839389861976,4763.140997070976
5514,4849.4415235136385,4854.025435854821,11.64078468171809,4861.418296880839
5556,4899.497246256961,4903.643933709515,14.241604343758672,4908.359362840493
5533,4967.662743122411,4973.393721711609,8.916087541228094,4981.244989643806
5644,4969.698506728003,4975.351894320193,8.289415371898029,4983.3231159178285
5578,4982.347649088018,4986.5285008435385,12.12382517297748,4993.092242185717
5686,5137.217509597352,5142.085727573872,11.991852016231327,5148.786552783707
5656,5207.173368020698,5211.165502239856,14.296503946763213,5217.86779421125
5671,5273.310472296792,5278.0881191952785,11.726170803728902,5284.755565783074
5583,5307.8554295532,5312.049047344071,15.141544170063732,5316.563229810723
5658,5310.26291471441,5314.142413752484,13.39620804283557,5319.428257723144
5530,5443.363075650048,5447.245150967841,14.486944092909132,5451.975339390424
5582,5445.496265774813,5449.464143971221,12.999568718178248,5454.567310158006
7528,5511.5618376629345,5516.0091366858205,12.223777810539206,5521.920604686325
7582,5715.7806882661325,5720.459585552726,12.251499048650942,5726.226430031833
7584,5936.773159746188,5940.524473912532,13.216054911626973,5947.3256566667405
7532,6058.689913364246,6062.112572884317,14.68689150199919,6066.841640755354
7696,6224.9107034035105,6229.408603485472,13.875705805979093,6235.797129015988
7561,6292.165655370239,6296.265901604584,12.274569404682198,6302.725780128087
7657,6461.957037206278,6466.097913922046,11.576526369758156,6471.853889386702
7557,6645.5123945523355,6649.517164962494,12.6967256501951,6667.89688170291
7641,6668.204929868655,6672.311954730608,13.76061556627374,6677.364369596444
7649,6709.839961161216,6714.440687482678,10.544410425497794,6721.845436716923
7581,6803.463352163908,6808.339437951221,10.838634729764317,6814.984401725271
7562,6839.996875356979,6844.486155976541,11.527571135393476,6871.402784122229
7701,6903.748142510035,6908.333387651584,10.77160186763533,6915.604438863389
7547,6953.913958010658,6959.140359810276,8.674032529813555,6967.537074271353
7698,6976.627054344005,6981.099390877104,11.609767702581358,7007.792513904067
7550,7109.986805174271,7114.550649900554,11.760299197041293,7121.791623554894
7654,7143.391351660092,7148.178720451961,10.499010634655653,7154.638573188205
7564,7185.695444884543,7190.053653861107,10.857662586165208,7197.641081570494
7642,7211.772010161637,7216.138624815293,11.586476744763814,7222.010800822437
7571,7314.007014448526,7318.4584696267475,11.705011852698128,7325.1936245083725
