1072,116.64812129513165,121.37395890884265,14.368403616919453,127.04859366093625
1075,188.24065527980872,194.45417378986107,10.871430448165123,201.14157410781573
1059,190.1645694476692,196.38296510980868,10.876294109037481,203.84810349626022
1811,194.8106558900002,200.01925458632095,12.676593052031695,206.7756901435683
1766,275.9438539005708,281.52031513303814,12.27959852459213,288.1705082838329
1048,301.22803285450334,306.20031262419354,12.801860985651341,312.04472397771286
1824,363.8894614373875,369.42690736331616,12.605156845543275,375.21516067242186
1021,365.9181638635432,371.18917510202516,13.18258698746448,377.76606492955096
1902,368.13226978527587,373.229818675126,12.885009831584124,380.229363279014
1062,453.89940980282626,459.3214799489841,13.231619216551978,464.9501578886129
1076,455.884075752284,461.3340063608142,12.69561244789873,467.7480580400013
972,635.9000384480294,641.5210976716394,12.386112575439931,648.2922745890534
1901,661.8466453534365,667.2124133889516,12.124534178954306,673.764346505504
1073,731.2286980790701,737.4310810416297,11.117843393781023,745.726913124585
958,813.9460831927902,819.261148321762,16.01997812785544,824.2078733580997
977,816.0560158355506,821.398800729894,13.083405034346889,827.2617496971516
1891,818.2787586918836,823.3387067486209,13.404578899026761,829.761968837018
963,903.7331057122128,909.4245601436648,12.655098811649477,915.2386965714088
959,905.9515936720205,911.1717028994228,12.819947014769813,917.2492557131112
1057,923.461392109235,929.5160107458283,10.71696777895285,935.9829325992398
975,997.0979731923865,1003.4716207110334,10.370663007290602,1011.3302009962639
1769,998.955490140872,1005.3905955672155,9.917940274374931,1013.8552581287554
1899,1000.7796835765361,1007.330418106806,11.281087977414463,1016.6949490353282
978,1086.3807770121264,1092.471931847385,10.594716313534327,1098.953675704674
1060,1088.3267362286515,1094.2953123594154,11.649973706000194,1101.1154329173141
1909,1090.3305623623546,1096.2161339167872,11.377130295703274,1103.2585690791934
962,1173.4746031143047,1179.3418657090426,11.472189983262842,1185.7844979782117
1077,1176.0648309650176,1181.5561600384483,12.428863927019343,1189.9093626187998
1764,1191.6032793319932,1196.5301056393398,13.82900030262004,1202.1309318219123
1790,1534.2280811225753,1540.1747628498088,12.09693095631888,1546.119761833559
1889,1624.0120014584834,1629.4615997103783,13.01605945030442,1635.1406215649838
1050,1626.2946514012172,1631.4145396793808,14.300327484179618,1637.7752281270577
968,1630.357903630839,1636.1214165499769,11.59477059960127,1643.1876345938765
1771,1809.9152167733341,1816.066526447423,10.335956201268575,1824.0089797965181
981,1893.7414116880113,1899.4295928508477,12.371748333201792,1905.1591259963345
3059,1986.0393460371963,1991.2921545454262,12.402002799982505,1997.8260869253104
3011,1988.0025281299525,1993.2687931552198,13.051050434116382,2000.1646356269032
3792,1992.1584546777078,1998.1121814971289,10.952306014704678,2005.230083936728
3903,2073.9474737712308,2079.514032549832,12.674279234829648,2085.1731264070486
2969,2075.896372290567,2082.338134291396,10.40162699785588,2088.942041996497
3067,2253.793323006239,2259.1980315081514,14.665345856573875,2264.593335960364
3072,2255.890453413009,2261.2419020938114,12.373689160278532,2267.7436664901584
3892,2263.524172850035,2269.4585368009384,12.596671861786692,2277.682693760544
3075,2348.066669073566,2353.549529620869,12.700370499587565,2360.245427797912
3791,2372.3352638000156,2377.4025583648163,13.748518907204764,2383.073406021161
2989,2433.8549750840816,2439.2615583778543,13.787600034558034,2445.1294818745464
2985,2435.829412127189,2441.51595284131,11.487510392337757,2447.9784337910523
3779,2645.974936057753,2652.306682932067,10.490888105305693,2659.0937442486743
3796,2702.2982358843765,2707.023326185439,16.03029646945962,2712.070957189521
3775,2711.190586079149,2716.189138606794,13.044659868812248,2721.8650605571042
3052,2793.8532889363964,2799.293620307957,13.452650881309179,2805.1038801907494
3900,2797.869246694722,2804.4287142109224,10.783069511213984,2811.8161953118993
3793,2799.7303710147517,2806.43227219072,9.921493539236861,2814.2934171844468
3071,2801.6283307546732,2808.2682044514545,11.328005018353535,2816.7788935454196
3819,2883.839196410181,2889.11412695244,13.314654869415051,2894.9257994229993
3033,2910.24935365402,2916.4104873261313,11.037344881665955,2922.9137016287987
3783,2912.1552674057302,2918.2553813750965,10.528954987197235,2925.1469570138784
2966,2979.5895432109983,2984.199357525605,13.4778627287884,2991.2768166626684
2978,3064.0991093093758,3069.385836992285,13.658901258632195,3075.031698018998
3834,3070.1200924467903,3075.521565954126,12.591068432242317,3083.2930875630154
3789,3168.362038588319,3174.133241317227,12.313730728281595,3180.169228598836
3780,3172.591118569306,3178.3240779443904,11.878379122346129,3184.662628268474
3762,3174.456709817453,3180.0850290218887,11.170394968122016,3187.1421070299853
2970,3243.8279547280767,3249.160901907885,13.843012404631658,3254.777381793485
2994,3333.963807116383,3339.0879210363523,16.256882529891385,3344.069534517745
3905,3366.8403213090796,3373.2117215260378,11.271009511757441,3380.0723651102016
3772,3423.928852449897,3430.083763271075,10.674349953587983,3436.9537128159627
3081,3426.041091068014,3432.005878131089,11.317797857803493,3439.617976903671
2965,3515.8313524434784,3521.450337422126,12.393573785410378,3528.069255005838
3771,3604.115196508336,3609.2616090399993,14.633879903052328,3614.987215407026
3069,3606.459990012475,3611.5345356786934,14.91090271126694,3622.2959335941373
3763,3628.6390055685983,3634.205316053562,12.300136839407738,3640.0905160051634
3896,3694.0490128461133,3699.5490775650346,12.303654971782066,3705.216515749384
4973,3875.7890690328145,3881.3775586157967,12.322307004505682,3888.6115170020767
5769,3903.6320893329016,3910.1607073751466,10.056468903351869,3917.2292589511703
5056,3962.1842375489264,3967.1722137135084,12.926383493329762,3972.9945487044415
5772,3967.0314510034505,3972.497042643023,12.432963206919457,3980.6402375473162
5048,4053.675727399707,4059.049553870341,13.990271478116437,4064.7513328447026
5055,4055.9260683709535,4061.4145161245588,13.201000547875825,4068.8476445582482
5774,4067.4146240010305,4073.355279641891,8.044446626365254,4085.6568886269097
5076,4234.0124906783385,4240.177674606279,12.00354161657618,4246.218368535423
5068,4339.397857705907,4344.117034337446,14.051942139375377,4349.726191029316
4988,4416.1097407838815,4421.163051389886,14.594441953227644,4427.258010483341
4974,4503.703459435757,4509.415618481495,12.496051386846364,4515.299874884938
5801,4619.323283406536,4624.259729099135,13.817374705109568,4629.784909219977
5012,4691.144263719304,4697.068364262114,11.281084681661177,4703.157303675191
5803,4952.898614452296,4959.084563420509,10.334272510899403,4965.824989264305
5903,4960.644177260262,4967.265825389489,9.87635954537642,4974.200401255473
5067,4973.693811409891,4978.2574634353805,14.099730657388477,4983.799488783279
4955,5044.071387405008,5049.424832609897,13.316333587804628,5055.224778145484
5793,5046.307103962749,5051.341949810658,14.495379500826981,5057.821070487244
5063,5136.29844878113,5142.421914750965,10.2737943213172,5149.089774272991
5064,5138.23571594422,5144.351537180777,10.6772387204119,5151.194423552446
5921,5148.150862847069,5153.180769156279,12.88836468161471,5159.030605270713
5765,5225.975191498895,5232.244654761716,10.790637404535266,5239.059969550053
5904,5227.869182393005,5234.049021577646,11.103589981011236,5241.854159997725
5077,5316.087867964837,5321.363825774447,13.423665061472363,5331.325483463432
5786,5347.599724906352,5354.027161965484,10.033429182210469,5361.154697470565
5797,5403.957308119145,5409.396288023949,13.66991812685843,5414.877872154798
4980,5405.935573870408,5411.076733565353,13.407599014051206,5417.273745226033
5075,5407.878839218805,5413.002882077285,12.611642379241099,5419.813091685813
5049,5496.084665602573,5503.309754729763,10.118214740833109,5511.23781227026
5796,5498.266409549012,5505.207359495699,8.74636266028604,5513.723034529254
5781,5614.376682735393,5621.420414723667,9.422324669288209,5628.818122130382
7814,5616.346076059438,5623.403170311326,9.50624246792359,5631.30315760549
7798,5678.0919604516475,5683.466487367628,11.83547266985806,5690.228368159063
6985,5679.96221552875,5685.261513754654,13.107265042635264,5692.740892630533
7768,5771.525177510575,5777.008577049921,12.217190501666268,5790.27836115883
7063,5854.043864179793,5859.487429124497,13.231659108244596,5865.206469829409
6989,5944.080055612068,5949.488227180421,14.663441119329706,5954.867438625154
6967,5946.08692992773,5951.551590452306,13.375389937794193,5957.220829206184
7827,5948.109281550587,5953.265249942084,14.123106269347604,5959.7525262612535
7061,6033.643545989962,6039.329669437281,11.91909025091137,6045.239256285379
6980,6035.595374365732,6041.135767472431,11.966084286540113,6047.700807934645
7779,6037.798084260575,6043.1134639375705,12.776465455681622,6050.220526615411
7789,6068.874451877803,6073.187347188588,15.231954968260439,6078.767380807152
7780,6143.289277652813,6149.433166465101,10.25772182870042,6156.646588861277
7777,6145.0965781136265,6151.280358635909,10.393967634843417,6159.159371530863
7764,6146.910226648223,6153.14772349927,10.465467345835496,6161.22122323253
6984,6303.443477142799,6309.521240672749,11.421037265849318,6316.012357601086
7053,6395.864064674626,6401.533823037474,12.207582957034607,6407.880445926224
7033,6399.582697179873,6405.034647575634,12.818689231004658,6412.233852107998
7025,6488.177880971479,6493.561803990524,12.056102360393902,6500.167647872016
7772,6490.045592396717,6495.359740027813,12.20274073763398,6502.208185123761
7793,6574.012384776549,6579.23898326705,13.704715445001845,6584.984431325915
7770,6577.991793754592,6583.2101436969,13.282315653805066,6589.839525229551
6959,6582.160276165047,6587.306561578655,13.067843904011948,6594.779819272977
7066,6683.454842273885,6689.040744040741,11.42496973848043,6695.059402328552
7919,6756.258644480935,6762.2032532103985,11.29514374068296,6768.871664220627
7059,6846.104901519292,6852.210441462764,11.119725097629575,6858.820820393422
6975,6938.633953113938,6944.359736741485,11.76446233603798,6950.691685812045
7060,6942.168331498573,6948.324328723832,10.901260901748767,6955.009255145205
7907,6944.009424245695,6950.238180433511,10.072715311201879,6957.654834796734
7776,6947.750447632548,6954.012547761298,10.772712037101396,6962.996983408231
7079,7023.904013053547,7030.106362872414,11.27379627239653,7036.224472978925
7817,7030.2765158631655,7036.182102954532,11.087001231733327,7043.6921962147635
7056,7036.437505975444,7041.020013829181,14.18650207042121,7048.886069229766
7797,7124.33240347737,7129.559564252967,13.519417815665244,7135.750875178393
7899,7133.141083196558,7139.22128685594,10.60570215579306,7145.941670547403
7787,7135.064268090549,7141.066516574943,11.503230637565897,7151.147362054261
7906,7293.526593818171,7298.623802019084,13.69899454354843,7304.114946092084
7893,7328.124130150428,7334.119316586244,10.641539740129561,7340.8216997441095
