149,73.6772118481901,75.58353113619359,12.900771800045225,80.0588043726873
10,434.2061652079375,436.04828115062156,13.36989294026239,440.6544329022593
20,508.3433800867202,510.3160646298153,12.108518027184267,515.1534996590524
130,521.017982672825,523.360949185051,10.360798002820275,542.9308144357169
21,702.2789383250326,704.3264742155172,12.379940624827814,709.0743985519548
19,827.0978117163924,829.0123480320161,12.207242740512875,832.698395362586
4,862.5643733534349,864.3650970303421,13.857673305149119,868.8508836429943
1,895.5499973839591,897.4001259387231,13.134717127133507,903.1683021929246
98,957.8954224220311,959.5771802053614,14.435350606246812,963.6776186546911
40,992.8307665286749,995.4812502581912,12.118296669003733,998.8939532883173
100,1310.449156305501,1312.508982411445,11.143010785887201,1317.4026133599493
143,1499.9865191267652,1502.302975644309,9.636629854361287,1533.3917187717707
152,1654.710562012676,1656.4956809158366,13.728517350943314,1659.9379300099679
7,1684.769677232675,1687.171683631288,9.874565948461742,1692.5553261764737
92,1783.1857502514524,1785.311387293795,11.16556211091922,1805.8210570628405
47,1803.0402797191723,1805.440956998608,12.829974644658854,1808.825686768126
2000,2282.648747464046,2284.31706084821,14.006412226421084,2287.562604948535
2028,2343.0148602832314,2345.5214128873913,12.06452206192772,2349.090338365161
2014,2380.601461152519,2382.5897135531823,12.693930127279309,2387.2873357554145
2142,2560.437905466893,2562.073078486622,15.41459324732419,2566.0325882639004
2015,2750.2080500902507,2752.0579802004763,14.137053419448327,2756.505058885532
2149,3087.6160889465446,3089.5085851938356,13.126149752485517,3093.111427575312
2010,3233.555577072742,3235.448460303827,12.923883505759607,3239.964230080925
4133,3740.0611988295095,3742.177874253477,11.948275810509603,3746.942950719569
4006,3796.744646174552,3798.5369985191223,13.523785466604522,3802.6761265646846
4020,3837.872977322051,3839.6067214407717,14.157861484357715,3873.0580597114763
4046,3873.4800674936914,3876.3011806859968,11.160881152354019,3880.6474269247014
4063,3875.8039027474065,3878.214749614381,10.679834007464487,3883.1680189271774
4002,3934.1093483168142,3936.0731926412395,12.561946293530918,3963.289496736563
4033,4053.4067723910357,4056.1277511469666,10.171580902015757,4060.7015718608245
4146,4370.253443782013,4372.432389949011,11.384201780916865,4377.231280512738
4131,4730.680214315494,4732.531452664044,13.377723438387493,4736.874516581977
4130,5090.254281073682,5092.098658326773,14.237406787354871,5096.36578549832
4080,5124.216833869172,5126.326083818546,10.964835903441402,5135.706809956973
4143,5157.641611076102,5159.523661733631,12.866726594761506,5223.231995236906
4010,5270.504261728587,5272.498399978809,12.431361683088523,5276.970101163088
6138,5452.573903697597,5454.527392724672,12.278926395215242,5459.003482600337
6004,5494.593406537865,5496.533536857344,13.993484718402835,5499.9290213308395
5999,5742.466587138913,5744.344144953068,12.640997618597572,5748.611839010482
6091,5764.706323130598,5766.627603255457,13.54098650338234,5770.048739514544
6058,5942.743219913321,5945.311293138147,12.391390044473376,5948.91874952415
6151,6353.307467359466,6355.527402902922,11.176853097129394,6360.52184221273
6016,6361.971924258708,6364.214749064226,10.568929603732641,6395.960870962021
6012,6407.467178140931,6409.473940533622,12.304687410231884,6483.345014752712
6144,6442.353421344975,6444.385183395265,11.542792373553407,6488.506369685631
6038,6482.898396479228,6485.531007063221,11.982315174725713,6573.007583090107
6148,6771.411138507672,6773.277779538364,12.393851649535582,6776.966519191692
6082,6802.921853432381,6805.00382513313,11.938880609571456,6809.714027295505
6067,6843.175325399998,6846.046541131697,11.404811083626784,6849.893968565449
6143,6948.2212805419795,6950.198251243994,12.3593277592538,6953.944289595481
6134,6990.292348373936,6992.3349732990955,13.980529364664816,6996.8375189144435
6044,7202.919721022835,7205.481904202377,11.98062937939338,7208.90801631766
