186,141.6383698850955,145.3990765618176,12.548521005080024,151.97499810143887
58,242.01890695764706,245.36976493990804,13.229568355377243,273.7911090864761
32,243.771229179384,247.18344646583463,13.062455528827355,277.4896731077843
45,365.44674625849257,369.3632766405125,11.51368719728776,375.4844048084819
248,593.9286770845302,597.5534176386507,12.829472705600365,636.1708913775472
179,595.9850958840636,599.4383265438828,12.251172291575168,638.4195532924288
26,904.7071025165785,908.1791518268855,13.688743776692364,913.453267227535
162,954.7231395122163,958.317421563377,12.054539506077363,964.7796526596203
182,956.5239307142709,960.0892900198442,12.50986212700835,993.4789317479753
376,1042.3019235317013,1046.0300751469501,12.226060642446596,1083.6402736888676
392,1133.6810969682736,1137.0731207738938,12.119883477189001,1173.605277299821
69,1203.7171901079575,1207.259244699517,12.52383178196581,1214.0325073214751
54,1217.8569608011637,1222.1652062857588,11.477085560311048,1263.4141828414433
172,1220.4063205076,1224.1496867024125,11.821107937271446,1265.949238486603
60,1292.7250102512803,1296.2445217653458,12.35822705909003,1302.6944836498003
396,1309.8277250553426,1313.1453332561227,13.38149485557132,1353.3581841658597
46,1330.1470188494686,1333.3940871238958,14.125082530637192,1355.7163628654848
84,1546.3283241000615,1550.2499032382093,10.754619674827767,1556.374173334936
57,1758.1528589049574,1762.2458218109034,12.326580478688813,1768.9296363823005
53,1805.1181827651815,1808.4289029915506,14.164933416866056,1813.3024179206286
178,1850.19572971721,1853.4838212254886,14.340504957193746,1859.6696035866735
2029,1895.0933924952903,1898.4043453800123,13.261158676839655,1903.4671363866544
2061,2043.8576665520532,2047.0500736570496,14.349550250197337,2053.6883963633527
2032,2131.2049351633373,2134.3286007171614,14.229373021989277,2163.518578111426
2064,2176.379372504722,2180.267262856125,11.940793151972189,2186.2756414530004
2056,2257.1001862642056,2260.563376827406,12.773809662431347,2266.1338993675995
2176,2302.7331517253147,2306.1339221631715,13.248695671135344,2343.2116123635165
2048,2401.0654164255616,2404.0848244789822,14.564474889646423,2410.5422294368655
2167,2480.160067876575,2483.5733208406823,12.873461704921144,2489.904332036985
2085,2525.2056805402513,2529.037097695475,11.468627428315486,2535.1309391554933
2051,2603.985740202858,2607.4085469969214,13.017592262435997,2612.691609505138
2098,2615.5222853340124,2620.2324156253694,9.945002656514536,2627.657823945994
2036,2858.7743941052913,2862.180296811393,13.726276419356294,2891.505790304899
2389,3020.40434113173,3024.2240774275733,11.893717506880725,3031.299389143976
2083,3077.2317170204296,3080.137657291819,15.156808987397374,3084.690100182555
2080,3216.907157268133,3221.2405710988837,10.048471091128903,3243.598608197621
2076,3245.234289277065,3249.132076154267,11.780672286518653,3255.2250686949346
2269,3380.0627993529224,3384.4004997838856,9.904594127893777,3392.3771738847463
2071,3401.6892158821643,3405.0629100636484,12.465211737497272,3423.2153662674564
2073,3481.881818177635,3485.3089598255824,13.080462939080556,3491.6955276542667
2079,3515.070334475505,3518.4420968448667,13.005950445304695,3523.7295492394724
2399,3560.408289160746,3564.388325300835,11.468755123064518,3571.3114487658963
4102,3615.672679419924,3619.1138261476617,12.59336190435154,3624.419460523299
4069,3619.4960864435648,3622.6301365439435,14.340309004143089,3627.634448672075
2400,3649.6548755197423,3653.3363849978923,12.433303844849537,3659.9744150800752
4388,3739.751031674074,3743.1759592965386,12.830700049978669,3749.663608370137
4051,3821.950867708641,3826.4152314724424,10.276302552720944,3834.4662492314437
4036,3832.9637603227434,3837.31221942135,11.879325364768867,3875.789192305572
4168,3919.708582121317,3923.4679073203547,11.489115489692754,3930.8459115287264
4060,4145.360415236468,4149.285057170712,11.73357129456417,4155.491185139154
4043,4294.1233862990775,4298.004396272642,11.065492767588415,4305.111887399024
4092,4595.86207851546,4599.513888106937,12.443351975869897,4604.832564533456
4074,4711.084522954336,4715.186162265879,11.013944950684117,4722.680969087948
4368,4728.738339954676,4732.090383811119,13.31308997395419,4773.3008279917085
4038,4747.208284096445,4751.514061133383,10.366438646275517,4775.869234719823
4070,4749.428738689298,4753.428888405727,10.939352491516756,4778.25206965652
4030,4839.2028266935395,4842.407776378823,14.008775823233623,4848.706735456556
4078,5135.310108664925,5138.419818107882,15.125494156156005,5143.053535908943
4393,5179.868971229504,5183.414788438511,12.966105391312423,5189.946542771844
4181,5181.898598094048,5185.371557554521,12.696845190787302,5223.506712383245
4241,5183.69549784455,5187.17168979218,13.071963596999279,5226.021641028786
4073,5199.983438489704,5203.406501127736,13.632089842819545,5232.176769923214
4378,5364.385473461969,5368.410111160721,11.349852226386457,5403.645193989408
6040,5495.051965035651,5499.115550015387,11.349335501387726,5505.570004976022
6388,5540.382014519812,5544.18417537276,12.07660981869605,5550.826541263641
6246,5544.2748106060735,5547.537917861404,13.2052584878666,5583.720431889186
6076,5555.026885291402,5559.286840130588,10.886427819791267,5588.511392067721
6393,5632.277728972515,5636.1883133289875,11.5735549250136,5673.649122730484
6399,5634.15445025589,5638.374907214198,10.682128923630577,5679.229818067338
6066,5696.056579182279,5700.22973245129,11.070800030597619,5706.60004767605
6068,5767.241587052589,5771.101930121637,10.930103907422762,5777.31378545715
6180,5810.401818673688,5814.242177471856,12.064945852590645,5820.756955619112
6245,5812.24333963029,5816.227731693381,10.934865090412522,5853.763751163136
6171,6260.152549097461,6263.550779518578,13.586310470677184,6269.842303973541
6270,6266.408008324354,6270.15383028113,12.256608015266819,6309.762962285384
6024,6401.080135159552,6405.024057319138,12.01759570383115,6411.143184953034
6026,6868.595395285534,6872.000532718384,13.248403367257474,6877.328899083001
6404,6889.76095636146,6893.107626695497,13.47830236608756,6899.536221765949
6396,6893.528983417215,6897.150629704265,12.599892971675997,6935.860399455802
6043,6996.539856449131,6999.627195995958,14.642445165611331,7032.360247974607
6390,7071.939695574448,7075.105582263423,14.376106099940275,7081.336687688463
6050,7115.060479057977,7119.085726048456,10.629023705308725,7125.377603917761
