1950,182.9602657846741,191.2015757129952,14.087171301411423,198.44217288802636
1678,185.36542472442383,193.3733435410391,13.344128306214015,200.6380548380002
1669,332.47497522610666,341.14900026291565,11.576667004371336,363.6168657843637
1928,365.981754327312,375.2994650059221,10.47981437175985,384.3324076130605
1951,374.08182018003885,382.3469945913996,12.46568520151141,390.41438195060005
1527,423.57320720149426,431.37215923831275,13.031226610806467,453.25148879258535
1668,425.33923322524913,433.1545634777848,12.445004273463843,455.61322287297776
1672,513.8314872355728,523.2812067124273,10.906925176272493,534.1634445774932
1949,664.2583766701725,673.0977985352571,11.122425781542722,682.7834888363681
1667,694.6846223806494,703.5388460589528,11.317283288610815,726.0349141767819
1938,755.3584499126415,763.5983856560189,12.519675955716501,813.4516480928767
1522,783.1808189707928,790.2280950543633,14.13864353801723,816.0590078622563
1940,1085.3652170991113,1094.3086091327098,11.907769538267015,1102.5971160434474
1656,1410.56986602608,1418.570417506219,13.335289986758935,1427.7601307278535
1922,1551.1893327618372,1558.2596784135271,15.082131244392093,1565.127552499121
1929,1565.7095663685943,1573.5908257880171,12.97878978321358,1582.6466730959064
1378,1715.85554935312,1726.027254863086,9.934720433415693,1735.350558116201
1945,1802.9396226506906,1811.2804216331049,14.046748889533902,1818.3921330235416
1693,1807.6006040548828,1815.6137542813847,13.536751104324079,1823.082408504569
1675,1863.6848430198804,1871.3060488267442,13.420771373069122,1879.8010395211777
3940,1987.5146303152885,1995.5073084533083,11.190450027683296,2004.8070212861635
3084,2073.150356753447,2081.6050679553596,13.09009506866544,2089.076676407161
3378,2393.1031332744783,2402.426812246318,10.942699920302914,2412.6846250208646
3944,2439.0727660650386,2449.471013496526,9.806547599463002,2459.6200447573046
3699,2489.980549931303,2498.3547641152127,12.08894298585392,2507.449028256411
3679,2617.083083729549,2624.1176038670824,15.446706805119263,2630.4951470811443
3920,2724.7285847245653,2733.4068167461287,11.562144153067745,2742.727253871799
3652,2762.209482952502,2770.5330659545634,12.034645214008856,2796.333201164331
3522,2764.02367909987,2772.2999801193805,12.494894901972586,2798.579475578745
3694,2854.7574168451524,2863.325021414877,12.496287230353918,2872.8134692619074
3942,2882.949476594132,2891.0608076913945,14.1026267011383,2898.0592213502136
3922,2907.91076735383,2916.4217161145016,11.441223909533676,2925.853983925323
3929,3065.3245908773947,3073.22472151649,13.829856200448706,3080.536054121736
3945,3153.562477177935,3162.2233630545957,13.053156532808769,3169.7447170428177
3949,3245.957541932921,3254.5233038519777,12.604150488379489,3262.6742415468525
3638,3302.9828949548832,3312.133778383774,12.355961617958444,3335.9581684207083
3639,3389.4283504812224,3397.025415132191,12.929383782604576,3405.637559876892
3923,3427.234258485197,3435.3085066737767,12.254463154075507,3443.218080322024
3934,3429.396055729802,3437.501083212886,12.253458421540621,3445.1466942819993
3366,3444.205912329044,3452.2606322479687,12.104695446140225,3460.9982425453923
3948,3527.264165299661,3535.1368898555274,12.477548524222605,3542.7521530224635
3644,3570.595859570244,3579.3110894635875,11.88519688010891,3588.853832992107
3933,3608.994093105101,3616.268569386385,14.208792285353933,3623.201696551566
3675,3624.578716096817,3632.250322487373,13.397304776991067,3640.7540699785295
3650,3664.654793249635,3675.0085087808516,8.399380491241716,3696.0416512170405
3385,3741.271761638613,3749.0719307883164,13.834121826457388,3783.5937185853586
5389,3804.971986725634,3813.54129566527,11.514831064041992,3822.88979780446
5525,3851.910115643463,3860.5153475035536,11.756621116697078,3873.79053950321
5685,3930.0580500827778,3938.120805452041,12.65876178783379,3963.5816738700246
5676,3964.933812352716,3972.48118946001,15.178888596168298,3979.1372037324786
5928,4052.976367093363,4061.0793057542055,13.776355750135222,4068.232901283412
5659,4203.7157500938865,4213.026200138791,10.468551328960087,4233.669368401437
5377,4236.143325386699,4244.578017934472,12.458199826492496,4252.577355631348
5939,4268.585321050843,4277.539808084414,11.341604829114074,4286.920376314087
5370,4368.437500461807,4377.116672530114,12.086128673774063,4413.237398082688
5637,4385.274923230481,4394.097928218129,11.497088438539656,4417.98043876887
5923,4506.7892045087165,4514.2089915120205,13.710382444514497,4521.30085670003
5099,4512.914278602305,4521.366523327166,12.106461522825079,4529.521715272843
5655,4740.788121646013,4749.5598555949255,12.026262127573156,4759.584652043275
5924,4773.024653627715,4781.0823689306,14.009096288303002,4787.898994482332
5687,4778.111033271703,4786.530023348366,12.284668546461383,4794.863489914509
5522,4830.79456023391,4839.476238513195,12.221296197435525,4848.853882933332
5546,4832.620677849341,4841.241192332737,11.409273330612299,4863.384664943255
5947,4952.865562530221,4962.148409687954,11.478036291784104,4970.955249212734
5693,4955.47491361941,4964.480070254107,12.08012051777014,4972.931558798802
5528,5011.580105607775,5019.294313179354,13.129820320308356,5043.909891470522
5926,5138.725370021721,5146.193808106495,13.34333541055006,5153.4382623262545
5938,5140.970372191026,5148.0610786360685,14.19229727791895,5155.112300524174
5927,5153.646418053762,5163.082878412108,11.1762411356825,5173.241524361915
5950,5159.025277074032,5167.275486786425,12.792448432235258,5223.62943013904
5671,5321.846502311159,5330.264373092385,12.218985667944464,5338.553038040304
5948,5402.745568025149,5411.586952314458,12.558740832124272,5419.711679737252
5945,5421.61774695736,5428.620423887501,14.253341914506574,5435.485942366707
5515,5549.164148713129,5556.482003764217,13.678692928678903,5564.8283953460295
7533,5642.299270057464,5650.1895656630395,13.536520424963365,5673.7958581746425
7693,5645.382115889611,5654.028716931416,13.960264299503285,5676.031771231651
7922,5675.212038776879,5684.215491770734,10.969082279837137,5692.959490132497
7688,5819.030121244532,5826.640623114532,14.179058572957537,5834.914110454089
7703,5853.085214949654,5862.226529870011,11.831933450111515,5870.703590794784
7675,5908.00080284894,5914.415758211487,15.523140175588585,5922.256362262555
7945,5943.2646818962,5951.1219751611325,15.737009371250139,5957.484125021068
7951,5975.24023762657,5984.4230127455885,9.645204387701051,6033.4088301147685
7940,6130.251215081293,6139.103613573641,11.47598627461714,6147.730822466248
7663,6272.001712834111,6280.293948918594,12.575980747520186,6303.580575713381
7696,6303.198743165796,6311.62649585798,13.4048560794096,6318.740407100239
7664,6359.841496939509,6367.545119693026,13.81554346101045,6376.272869720597
7517,6453.246193375766,6462.198530131787,11.546174953668032,6483.265305989641
7699,6455.08881283537,6464.085473949294,11.602888390428939,6485.815485243054
7534,6464.423112945206,6473.283632012672,11.221402399836252,6488.16853460106
7692,6543.174862004674,6552.211386819135,11.789935992944077,6573.351120185766
7702,6545.737220532454,6555.200169488495,11.099638854152541,6575.898876738464
7369,6798.5491417477315,6806.132457672943,14.955257993613758,6814.620381874608
7926,6868.0930605915155,6875.313801468295,14.220441689950706,6883.671083872689
7372,6940.022456255754,6948.431592573824,12.244984572110281,6956.345591609576
7515,6990.345585722109,6997.600189079338,14.114642855591894,7022.969529001623
7536,7274.863932243016,7283.1952501345295,11.399042018547922,7295.965587621381
7943,7329.3484041181755,7336.517429626465,14.081524973014416,7383.107410071088
7656,7353.445793740212,7364.35786864861,9.438700772384411,7385.597966048233
7928,7382.903393926208,7390.548665286107,15.542308312486611,7396.968194443055
