285,60.35608224484653,62.39015666080173,13.45934308078271,65.50769882301863
443,124.86066642232244,127.52366182966199,10.88866610593366,130.8232767445279
343,138.14115128749938,141.05103374359282,11.714248304607406,182.9093374702454
197,140.4200822924653,143.0026756926203,8.46884562807003,185.88886158079399
277,183.79945987267314,186.39297497005396,13.309020904340754,188.60663541886652
717,197.26327176380812,199.0991140297737,15.53500169893502,200.845081186865
326,263.27455674288257,266.0327141609594,5.917247341718842,278.22284329453856
289,274.15073678128357,277.2624087297634,8.127296611496085,280.2971668675794
985,308.1954438423347,310.24938935190124,13.224935240629542,313.1374187929848
707,380.20039143103475,382.4841852512162,11.78588039061055,384.7568836370991
1524,568.8439918359013,571.3020950269645,12.069553550363219,573.6795265054883
712,570.7687837496991,573.2241463559667,11.276791629506118,575.608136917832
971,633.707292960409,636.4192149550951,10.904887158365591,638.9283268624542
711,649.958066055655,652.2073363991684,12.402639678775817,654.5028632188815
970,664.8585100126136,667.2468872525258,11.74233421738835,670.3385601196728
966,668.3561910774064,670.5147268317178,13.458286890276868,723.269429141907
961,723.8079487776855,726.3362331316061,13.868749728528554,728.31637704421
1529,733.9232823550017,736.3292517675944,11.913547806307157,738.6797953301059
791,813.715834442188,816.4224401861152,10.165075828040264,819.099660408102
718,838.1377623856835,840.2043475922258,13.995819986420951,842.2776356569201
193,903.6524309598043,906.3784801609017,10.679877148471139,908.9656087108306
292,905.6620534733842,908.3146792643662,11.192548863782392,910.9100402357229
1073,915.5668923004717,918.1965491881527,10.420007209440925,921.013733054816
377,950.5508475578981,953.0912677591762,8.506987971240873,997.2441315841999
693,1009.5797931655374,1012.057660788446,9.632325625295634,1014.8643322369728
1785,1020.5517126088773,1023.1911875024786,10.20413674402062,1025.7714522481988
297,1038.174160081817,1041.1561072708826,10.70956387595649,1083.0239187773218
1780,1108.8547318060382,1111.3058196493123,10.788025255458573,1113.8708869066231
302,1127.6577538031765,1130.355362799128,10.377594194908998,1175.454280689335
1538,1182.911226957835,1185.4084690657994,11.402452236210015,1187.8204854623332
340,1236.126033569112,1238.3846624268401,12.030483361588214,1241.4387215001527
1542,1272.0112532400044,1274.1922681980418,12.477951705075055,1276.3778745225763
962,1353.9148721422698,1356.5235054836023,11.398028861268923,1359.066126106324
699,1458.9289916762102,1461.3097221714893,11.842612320551538,1463.6290270575253
984,1533.8983285431077,1536.5296508319914,12.637279372840819,1538.9837591102564
192,1536.029213823504,1538.4423445079456,12.319650653575296,1540.773619296492
695,1646.0732875032122,1648.304213660291,12.185371273654646,1650.5784624105136
814,1647.9365507785405,1650.1542597179605,13.206961005186352,1652.3976800843718
716,1658.7694261235936,1661.050589700623,12.49781069588797,1663.9613588453967
393,1762.6805322633072,1765.107852464014,11.941296777306432,1803.1977339332495
2401,1848.289366612423,1851.398183487384,10.8737288191556,1854.751071453355
987,1899.2646960475654,1902.1323156763103,9.195793067516501,1904.9474383051768
2299,1901.2398147046333,1904.1106460844114,9.60806398200857,1906.9422805511015
2364,1936.7198233250708,1939.35575970713,10.048754144264437,1982.921408569009
691,2076.2347725813243,2078.506740758851,12.366219498456125,2080.765956559879
2715,2090.2695103808965,2092.5529696925087,11.931525215444827,2094.939797330278
2807,2108.881898518797,2111.2346122519903,11.76622931947418,2114.642615099343
3065,2187.7259355243746,2190.019936357466,11.275260690960652,2192.3991106707163
3659,2260.2192732226436,2263.0250064045013,11.209746756971132,2265.434514472634
2713,2272.635419517312,2275.2680011448338,10.099252105059346,2277.861391440569
2697,2274.5284877665736,2277.132302181299,11.17647619363431,2279.7542185118446
2962,2343.8249873882364,2346.5455923301183,11.28162970398819,2348.9816392774164
2701,2360.2532400176638,2362.5238392777374,12.246864603578365,2364.8534570086626
2718,2362.0167635678013,2364.3119484926137,12.257570931276037,2366.6410058581628
2317,2387.602706387917,2390.4180713179444,11.429631193938938,2393.7574571420682
2710,2451.2618470499674,2453.5674002058686,11.699593016673774,2455.916931130942
3055,2459.1908631576816,2461.358550705237,12.66797087887265,2463.5310308222847
2323,2482.4584383638394,2485.0873431139094,9.205363010827533,2525.784764192431
2989,2546.0823657433475,2548.142157919512,14.033144152643503,2550.1995431784176
2991,2613.650155875631,2616.4231876512545,10.641847068578592,2618.9182828502726
2707,2642.081124271018,2644.3442067091864,12.353135961873738,2646.5581042246185
2982,2645.280778900313,2647.196486648391,14.809062709638553,2649.9420782275624
2988,2793.940606465837,2796.4376851197517,11.94311236240628,2798.6799661903488
2302,2796.0660042105446,2798.410443674194,12.031064710281088,2800.669504571284
3796,2807.6926112123074,2810.2286247784314,11.478827274608538,2812.7738129885383
2961,2827.180671944777,2830.1347159479565,9.668536986434717,2833.667002133035
2995,2829.2407000791018,2832.125720461005,8.906082601372367,2883.1909418078603
3775,2892.2478024000634,2895.140701030855,12.431016389192436,2897.2362823355925
2719,2900.7361016484438,2903.052703742808,11.913010139204571,2905.354261417562
3528,2915.2044471920317,2918.21000332857,8.895086054835916,2921.5611766801976
2366,3025.04925032069,3027.250940216273,11.991919594798675,3062.76859807935
3785,3063.8209811722495,3066.528298989865,10.679064754724253,3069.2104265415232
2983,3065.9302683988103,3068.5137637810158,11.453555576525405,3071.1229960264577
2726,3087.825928471042,3090.4995789518016,10.331688355788511,3093.3172566062385
2981,3098.0974550021406,3100.37798301795,12.2129687956966,3153.1076859458553
2966,3155.5324143581574,3158.004013570198,11.926610366633003,3162.164229957465
2385,3209.10951339269,3212.0473194880856,9.674965613535887,3243.411665331981
2312,3288.1133376474086,3291.0443197998256,12.571177574825601,3294.2791053130404
2970,3360.343280092323,3362.3826054965257,14.329708357750553,3364.4122303427353
2349,3378.3947955821545,3381.4507174003097,9.919326583749164,3384.7673293975895
3797,3423.575001663338,3426.407536772941,11.104049689843459,3428.8845008793646
2277,3425.842872727995,3428.296712592411,12.101943457050686,3430.7646276400574
2301,3520.4044015722275,3523.3332607650923,11.403761284500964,3525.6416061388786
2968,3545.8041309144064,3548.244982773777,10.626397096425041,3551.365943707073
2311,3557.694883076605,3560.586460443889,12.157050937722548,3603.5101070956657
2977,3607.1386838380345,3610.1860246362494,9.863918747290647,3613.044610992607
3525,3617.768625341385,3620.417415877824,10.788782829633424,3622.911536431367
3668,3619.6123591871856,3622.3127563844437,11.315918454952628,3624.7308967597255
2451,3696.77481856105,3699.474897177357,11.627334959173231,3701.9159964461055
3536,3701.200076096577,3703.331200890341,13.458698501982823,3705.3930080797813
4289,3703.11853867655,3705.3272912019843,13.322860840347412,3707.434593311413
4292,3704.790288055416,3707.0205339935696,12.810031311112827,3709.2789481787563
3516,3792.656488205147,3795.0045900125997,11.592099182489578,3797.322966078614
3777,3816.820956363351,3819.4462065185735,10.405784539177164,3822.756257138328
4796,3818.6577831055793,3821.3125072348735,10.809412042794277,3873.4379898684274
3764,3873.749434339983,3876.2231302075497,11.06188876387648,3878.6952991850503
3788,3884.3032960239393,3886.522149783079,11.498767424641509,3888.7328646051105
4724,3889.4212808637913,3891.5769663636215,12.29970613020286,3893.7023806877055
4723,3892.872458634703,3895.031023839272,12.988570917497107,3897.1745707002447
4276,3963.950222344022,3966.5650283076016,12.351104034837206,3968.8218914665827
4268,3965.8669442648807,3968.4151133729138,11.724742813985442,3970.7077643913117
5070,3974.4079301153556,3977.193342658012,10.02414656772122,3979.9949897491933
5066,3976.336458829412,3979.1748847565495,10.268417296619962,3982.0277325645975
4965,3987.971173438139,3990.3534085397414,12.253179006383222,3992.590363821715
5777,4062.8479985319814,4065.5037821972605,12.13724545516603,4067.7056816831805
5774,4246.22950944089,4248.325866758976,13.35179908480415,4250.40091683797
4702,4251.015860662311,4253.371165887912,11.173001267073111,4255.763066623355
5512,4439.725894001899,4442.148463868873,11.885957579188599,4444.588520667936
4701,4446.2774383125015,4448.506701072673,12.675367700958896,4503.022499896888
4963,4503.923181520771,4506.472273563527,12.70302555545334,4508.67180315126
4814,4517.687982333159,4519.564086891911,14.152353490350185,4521.470404305061
4988,4526.076625602845,4528.023430100732,13.882452765812124,4529.992548791592
5919,4601.141034837338,4603.0732658963625,14.894820862530361,4604.9468465555665
4440,4610.019582511656,4612.218724642243,13.289201790004283,4614.415214446258
4367,4640.2982212475845,4643.112104395692,5.761670412273112,4688.168767726085
4193,4684.2377702986705,4687.3164028520605,8.0284038554712,4690.160842982341
4280,4692.610365805451,4695.0732158279225,11.204428366095945,4697.479332020988
4977,4714.317593149121,4716.534374423928,13.001461772118343,4719.323120629114
4784,4716.069871442043,4718.252187540898,12.367407329469845,4773.190588112144
4273,4728.224099209013,4731.141236348969,9.449159139084403,4775.650240786368
4715,4792.455426743569,4795.09507145876,10.899032693092076,4797.628529660897
4968,4798.124412957713,4800.119453686049,13.813392689863335,4802.113672093297
4352,4840.322965820815,4842.453557440911,13.329680725592084,4863.278558733924
5532,4875.168164468181,4878.172879489444,8.66800098342854,4881.349666046039
5071,4953.431094146619,4956.012344149922,10.684815909941795,4958.729625429235
4722,4956.023040478782,4958.319970377418,11.784071793228927,4960.7455502932535
5764,4967.262857186137,4969.055827001059,15.075292220135985,4970.836754238784
4285,5050.340219493067,5053.248823949834,13.026916496707042,5055.393690408439
4353,5088.363048100712,5091.17024115723,12.309000944346982,5133.271560622252
4345,5116.284682630309,5118.511781079198,11.169876308904128,5135.886951993784
4726,5153.082459989317,5155.500847878331,11.908605333618329,5157.937420371315
4270,5228.121375997789,5230.530067235571,11.187784519707597,5232.85331804887
5768,5241.057743908661,5243.458149928551,11.123768536188592,5245.810650764672
4299,5269.814121784727,5272.422694421378,11.1144713261012,5275.638031616254
4350,5273.702028014015,5276.358275314046,9.07139542094784,5318.3476584303935
4357,5448.349606978949,5451.320671993464,12.470326363797971,5493.000316627073
6201,5450.531639471257,5453.1076773118675,9.254381335531601,5495.773896494913
5075,5592.242492289184,5594.369301956677,13.101900146064407,5596.5101710940535
5049,5673.952326113572,5676.510956663866,13.12899045691563,5678.971680749732
6807,5687.193332994371,5689.053209607228,15.716294729340268,5690.823258938925
6992,5703.582906363097,5706.280858650531,10.25391785733055,5709.608495745176
7799,5789.997884783577,5792.1748144460535,12.810648918980771,5794.431822220284
6981,5797.601364420378,5800.043058330559,12.288725008887278,5803.234570783124
6202,5859.239970383527,5862.048688792488,12.272294046408922,5864.2505921586935
6719,5869.331643511646,5872.259574337953,10.765429902947359,5874.746275369751
6972,5873.688357669955,5876.140656250209,12.156876382801778,5878.534100154408
6721,5881.102752981631,5883.520357388097,12.418602212924917,5885.883151314863
6712,5943.675449966568,5946.306409836905,11.79265889733025,5948.68525067813
6706,5959.983381721515,5962.261725156488,11.898886571792538,5964.625897886797
7543,5966.167051898739,5968.384325359657,12.224403702860846,5970.741710255291
6351,6077.742731767517,6080.427012729545,13.031241205379727,6123.2107825220355
6802,6237.654547046079,6240.057376111575,12.783247340544737,6242.250959144866
7780,6303.482644847972,6306.236586529401,13.339336607239463,6308.2626571953715
7764,6312.008100710436,6314.11081949981,13.031309945232564,6316.227546822003
6969,6334.0984697981785,6336.523871201873,10.972946280766315,6339.716126773049
6400,6348.126764540126,6351.146774638576,8.559511295419446,6396.0889580542635
6984,6483.63930073594,6486.36394372292,11.372920053335303,6488.785071763677
6292,6485.800779913582,6488.235594465468,11.62142715010871,6490.669993372396
6296,6487.884333253431,6490.168765025977,11.885411230987874,6492.559556514197
7796,6497.761299388205,6500.4502889001815,10.078072730749863,6503.1156587092155
6708,6509.682494702503,6511.4771167845065,15.418780100962742,6513.244143421065
6377,6560.981864622339,6563.218291867393,11.621914990271083,6573.138189838369
6286,6573.549048509788,6576.338323426058,11.023125433678048,6578.863327477318
6995,6596.025461494689,6598.159345353375,12.981171798690928,6600.246545624529
7770,6753.452107349901,6756.161716127136,12.681514975184918,6758.33030992209
6959,6762.047134552149,6764.214327677715,12.475885886957139,6766.336852577456
6387,6798.259484337723,6801.2544946817825,11.809024974660995,6843.229440443901
6361,6807.206748569079,6809.409215448096,9.859361382586414,6845.934863819171
6723,6852.154038100063,6854.538395606007,11.761659391585361,6856.859105464152
6993,6855.631465668299,6858.397353797229,9.982969730939223,6861.256775355463
6965,6857.507801142271,6860.315697479276,9.173746073673998,6863.162041054878
7898,6859.394859353814,6862.271274401645,9.055388709642363,6865.0328989741965
6696,6873.985481630885,6876.440565169052,11.69835558868362,6879.585874884533
7074,6940.068412626102,6943.010362208127,11.51169729305177,6945.338152404181
6714,6956.257344482907,6958.199101412306,14.849519004238621,6960.140856969917
6982,6969.109868893642,6971.030481358499,13.397273039816797,6973.9307868075275
7784,7030.853787847161,7033.243098126961,12.085192248596815,7035.422555485559
6279,7032.696140424879,7035.039029793817,13.32260465982403,7037.211691160533
7537,7036.661910079894,7039.209422001609,9.889626085266578,7041.7781022958925
6709,7048.258500333239,7050.34835175753,12.828338051361055,7052.508673325274
6295,7070.80723493802,7073.375792613409,11.580617933505815,7113.3241365479735
6322,7072.731597678815,7075.205769272981,8.781285096190114,7116.0441251550465
7076,7203.428189744461,7206.1399732749405,10.234315531013745,7208.73885012465
7766,7228.422069716634,7230.228355715361,15.78317411842999,7231.989309523496
7548,7383.502153230268,7386.060833181571,11.664428774730968,7388.502816483996
6698,7401.183183950158,7403.57457757924,11.761592214171609,7406.004101463714
6966,7406.228957583529,7408.207623609049,13.827831718258626,7410.250617962936
