329,72.52252160345876,76.4334032744186,14.642129103838728,82.60567818181596
378,433.1613186050156,437.60585626703823,12.71054707019301,445.84012467381444
362,689.3152801269557,694.3041699701589,11.365170839124398,702.3958159823899
189,727.1317459306988,732.0593296565836,11.352198223531857,740.762142219179
352,891.4227410758895,896.1161979975659,12.636733550540686,948.5316131893535
313,1050.325618879319,1055.0238082287115,13.047772016238403,1062.4155888815906
391,1068.005774755776,1073.0018854564744,11.498796494399087,1081.9022508691155
176,1177.359595477401,1183.2253648673764,10.045660848456789,1218.5172050414142
266,1447.3494392694563,1452.267312405901,11.720738037157822,1460.9897041109994
367,1772.2994918604243,1776.2624901773588,14.882545877283082,1782.6545944098823
258,1809.2089244912017,1814.1332702134953,11.41657418226919,1822.9677244703694
366,1814.7139362194891,1819.528827496432,11.991586518909834,1853.3981556885853
358,1848.9252174397386,1854.1292935215233,11.68968256020166,1862.0006202437735
2396,1863.4645685477028,1867.4126334523514,14.790935793552318,1873.5153135771955
2322,2319.5040746850113,2324.54436464542,11.150579324286596,2332.496360527474
2384,2321.2957263015132,2326.425485713305,12.677714539867734,2336.202798527842
2164,2525.3503243710907,2530.1406130307905,12.502991837446679,2538.899101719646
2328,2669.6609610250416,2674.4160840187037,12.33448763150692,2681.8664858920697
2162,2795.2320886961857,2800.362079128781,12.144883273117353,2808.918222108451
2316,2847.976628126101,2852.4807270087163,12.782866221595096,2859.506093447115
2320,3032.141545173059,3038.1855260107754,9.9566623958758,3047.589808556068
2378,3034.1177456260307,3040.027633880827,9.639062754902364,3049.6377135930074
2156,3245.1728661705347,3250.1651261621464,13.098214650869085,3258.3309252324016
2369,3378.677003642926,3383.4370107588666,13.030212477408426,3390.6917880959704
2351,3381.1762937836106,3386.2095514311914,12.21299810342112,3393.951415820964
2333,3481.2335200083107,3486.3461298346133,11.209560728268642,3494.5037103953828
2342,3483.220504778673,3488.275932682427,11.997156009666165,3496.425656451264
2359,3575.7975127458285,3580.5488350919554,12.26182949333363,3587.956045514646
2261,3602.741771205072,3608.0547626934854,11.17731781392067,3617.035382786165
4315,3837.0062742916925,3841.0830246393666,14.802343119091347,3847.434801513217
4254,3872.957068512646,3878.514991967659,12.77417665601447,3886.7790008486563
4389,3963.335714448423,3969.1762163360404,10.894075189853364,3978.602587558685
4336,4197.314939098845,4201.392046491121,13.508316186990186,4207.9359009314685
4337,4285.374062796296,4289.297799348136,14.095317148587068,4295.530478334784
4396,4322.690478686046,4327.609058880742,13.348354562955187,4335.714311247998
4382,4738.424802237295,4743.310069023732,11.790254811653247,4751.002445778884
4314,4741.096740956602,4746.4990638662275,10.266197839565413,4755.0666227718375
6403,5547.126508258593,5551.144756625715,14.0720978842203,5557.480430951189
6349,5817.749763138197,5822.176190529434,13.283900583999792,5829.134167943576
6386,5943.152281550615,5948.3740616202,13.427381738547226,5956.796035861932
6328,5997.675360973623,6002.348126196107,11.867867495656926,6009.893341464376
6190,6037.742958163042,6042.5232747356695,11.740093203101143,6078.545523913498
6319,6267.793351502564,6272.342812050696,13.02205495974764,6279.592474199139
6174,6393.136651730064,6398.059212846864,13.43068759477533,6405.74722273312
6345,6618.733825210424,6623.3183850299,14.173599782103887,6629.8863540334
6335,6741.609343367218,6746.000870001471,13.04217177915903,6798.4259726165255
6367,6831.637718720388,6836.423512871615,12.1480233486777,6844.7663509137155
6326,6833.436763764435,6838.234609603402,12.875989758923025,6888.283125221125
6320,6897.526324667557,6902.0009734196365,12.686508572081797,6909.041846072541
