417,662.8366634140023,668.0320235920318,12.010786029633175,672.9573257911604
415,1098.6335766000855,1103.1532831495965,14.188094055317254,1106.6989688964718
412,1104.1428955835897,1109.3983685171963,11.900103012535242,1113.5317145262977
418,1110.2920997912695,1115.0011317575184,13.194077460555453,1118.6460429784345
421,1558.8192072640234,1564.520423395046,11.225579064669692,1568.9126775725795
405,1745.4965241645214,1750.013298452983,13.271438714620654,1754.5134929560072
2432,2098.898281071254,2104.088430570607,11.83571992651678,2108.1360565570185
2408,2461.664624995851,2466.2974593522695,13.76450693520986,2470.971213270656
2437,2902.810489610726,2908.0685243709977,11.893837685747437,2912.2413293790523
4412,3806.8345705607812,3811.028192390783,14.089428189642405,3814.461108369501
4416,4702.600557380262,4706.565617398971,15.002984334137352,4709.670032238799
6428,5608.078820523587,5614.3252406721185,10.19071287124692,5619.183684668138
6427,6058.687199779917,6062.5698689404835,15.81966210118073,6065.6296201747955
6408,6238.496743959211,6243.510860700123,12.402850497087828,6247.555166191702
