1276,95.96143028808432,103.02742454035652,12.244004143199923,111.4610759235903
1400,154.0,161.35826373286088,12.264286489673609,168.09052250223374
1285,453.9057304707813,460.2283756926904,15.412099377296748,467.6113471946467
1245,1074.0,1081.5452463746585,13.47914450167865,1089.700659014809
1252,1128.2140267477682,1137.0450714062347,10.349971794133275,1146.1528900372857
1430,1595.0,1604.0991677483437,9.504083611991733,1612.7723330187703
1270,1623.5888530043426,1631.1400124775894,11.119696279580161,1639.7201012570351
1266,1826.3005118233418,1835.27190015521,9.787159319361091,1844.7450621329742
3415,2314.077558261274,2321.5338400395217,10.955804896437305,2330.1157455153975
3264,2343.595669360158,2350.1057431896365,13.888996557996226,2356.082378506042
3428,2400.0,2406.5463252099416,15.012715310989016,2414.2193880668324
3268,2527.3503637723793,2534.0657562962233,15.67243063719232,2540.82753143458
3190,3344.7790125270362,3351.4952873330276,13.675314281484738,3359.6537635785307
3417,3664.0,3671.5889880823256,13.094518852871722,3678.5229501869558
3257,3737.0,3746.247474560606,11.030916755769358,3754.272880119124
5284,4327.00710485728,4334.181428368734,12.96809595657985,4341.708832745357
5415,4563.0,4571.403443968008,11.318802300365896,4578.776188349584
5303,5052.846177726978,5059.579164308126,14.668505112063949,5065.465433744688
5285,5223.973662148903,5232.09353526032,10.896091631747712,5240.862752273658
7410,5642.0,5649.2954626946,12.464117555812916,5657.511916746893
7415,6096.178119060458,6105.045652628209,10.390956979772021,6114.813831673069
7248,6438.205625966509,6446.174713445632,11.745608138362718,6453.395289992639
7240,6527.0,6536.202635021068,10.44063002345067,6545.070982702381
7278,6594.2682764389165,6602.525371478493,11.107038904502144,6627.392122271996
7269,7068.1095445420815,7075.485749818983,13.18375392162961,7082.991437631369
7421,7263.0,7271.313075077097,11.736996756595628,7278.599144334111
