1108,121.77351996430649,131.5175832282037,15.192903458947278,138.77442454433705
1954,363.976946821522,375.2374814497767,13.001698427722772,383.35973987418436
1105,903.7614565074576,915.2343698435186,12.487407046079547,923.3455869444559
1116,1535.9790997387463,1547.404508922916,13.045056212371243,1555.4143807889777
3101,2166.174201748378,2177.2095854736613,14.292636679338294,2211.500211631351
3094,3153.842172695172,3165.5797010474853,13.221622035964359,3174.322558427208
2851,3262.7636995093203,3274.057880198426,12.771023127934988,3282.3341101737215
5106,4717.899946412765,4727.520805600508,14.555311915757121,4735.857269373079
5107,4866.714510533508,4877.122084048391,13.677234473538414,4885.803850590818
5105,5144.727460535506,5154.606206835279,14.153941041533603,5178.120341333363
5091,5147.0791871928495,5159.175410777427,11.533456084792455,5180.506786203132
5101,5418.116546558245,5428.196217366613,14.398080763697989,5454.12815796668
7092,5854.134156798274,5867.279018198554,11.4834291796691,5876.595921603452
7110,5957.155105625144,5969.010304605152,11.387134174697678,5978.755839591386
7111,6122.822177543517,6134.067282817629,12.481817038924717,6142.038257703062
6826,6663.568634801828,6674.274954622463,13.280676770047531,6682.775674875624
7686,6800.0,6813.081165340182,11.852554747863593,6834.383853532217
7119,6845.810250707358,6856.354253697255,14.563087037295219,6863.651023685867
