213,1225.6078942449628,1228.3889124627144,11.710897699370253,1232.6146433817291
2070,2122.0060164158385,2124.5632351206464,13.288550349446917,2128.569900496374
2213,2232.291525336395,2235.487593515883,10.92405370700612,2239.556814044207
2467,2319.3864492354005,2321.640107771769,15.152293120050718,2325.9516900441104
2211,3397.0,3400.2550177584817,13.415914266188947,3423.3383402987465
2218,3472.5266275241247,3475.0911796710866,12.794451491475428,3478.8366226937587
2052,3572.1437406787522,3575.283951715412,10.496779321967432,3579.5320148708283
4208,4649.610564917819,4652.163602053862,13.842672809510121,4655.8492602282895
4457,4830.676329762384,4832.675852757363,16.50720799756033,4836.000466660077
4466,4931.110953329986,4933.446937586437,13.857911985981374,4936.788605229861
4063,5003.671101449875,5006.267147310241,13.313704988128864,5045.861294288218
4210,5271.4445719293835,5274.065542603292,13.346438811789858,5277.944841397209
4074,5341.56434027696,5345.292172626759,8.618574336299682,5349.094767577299
4216,5543.450493177533,5546.14150657574,12.936606771568922,5549.748603299938
6224,5812.8932466142405,5815.535691157419,12.982070777110119,5819.997418595574
6474,6372.90905036414,6376.261991930247,9.651487295034322,6380.865409518587
6077,6804.670500491135,6807.446034645133,12.603865310819598,6810.963541856181
6226,7069.917446308908,7072.359128489899,13.982122916071205,7075.926121753514
