174,286.44544562405343,292.4199033991041,10.366625160901371,303.1672570980217
102,464.28995774243793,470.255144805201,10.978772384488,477.89837356472185
1291,821.8314484773455,826.4756403646751,14.585699226399559,831.9904815500095
177,1002.4905598730998,1007.0909982126971,14.445074369140201,1014.2962245713794
156,1099.6680731248814,1105.297868918086,11.882789746445226,1111.792172896439
1297,1366.7900421236639,1373.479701716959,10.331103600010922,1381.9155180162797
22,1460.9422169094976,1467.2233575736545,10.0279614952803,1497.989298038899
173,1636.0979661102879,1642.213060384347,10.325067428664974,1689.156575302824
257,1722.368458210623,1727.0004680078976,14.736938678853063,1733.6428614772744
175,1905.4831805943113,1911.3482990825214,11.758080666572754,1953.3057142164942
166,1912.6769260748608,1918.2785907513028,11.639363886295676,1957.2758653944907
12,1995.643965296515,2001.1774916901413,11.728864108325027,2019.6602554668855
2174,2174.5639766102463,2181.1283115600495,10.253944157516164,2189.430176966699
2097,2296.352584003964,2301.3267350719057,13.069821892127697,2308.63083550512
2247,2445.2535122891277,2450.5302302218915,12.40575609650681,2481.240297679363
2251,2447.007883246379,2452.3474282941643,12.401207252421178,2483.638501656495
2105,2624.93299345128,2630.464743664892,11.219012296523823,2679.393336146175
2171,2901.709940876886,2907.5003790834717,11.091996439302262,2943.7672043908137
2101,2983.6861545184765,2989.450750870672,11.781026568339316,2996.91543046912
2007,2985.526973234236,2991.2717676848642,11.135841850915495,3008.8568535724567
2257,2989.207647272589,2995.066884728525,11.551042098301386,3016.032662398132
2015,3073.5093279333173,3079.0448930432676,12.23775504160842,3085.516388887245
2261,3350.8581807784385,3356.3764864728987,11.58984720474692,3409.77027340739
2100,3352.6712090341325,3358.1614774913833,11.834175570709096,3412.1919133765205
2271,3434.233951147338,3440.3316943783825,11.428716668770969,3448.390287970737
4011,4242.751434771022,4248.138265543,11.99649111978626,4255.027441783653
5291,4333.533310200966,4339.151456966313,11.628246958550639,4345.602431036931
4024,4512.297355495204,4517.3061477002975,13.69799648873253,4524.046244107612
4014,4875.617766092864,4881.203169026121,11.888353996121337,4923.134195180955
4098,5506.916311003585,5512.3876435077655,12.945041850798463,5521.003558645893
6180,5772.738397133945,5777.411051553737,14.603943597059736,5782.798011213366
6110,5953.072788937343,5958.233291941164,13.384333764017223,5965.878496790114
6172,5957.534670769334,5963.012120802697,12.504405836858092,5982.150765349037
6030,6133.519597717134,6139.203450837955,11.624885384395705,6146.848519334262
6186,6680.734599741791,6686.374102295874,9.913603712132629,6715.630846619603
6107,6764.857998057792,6770.012072629679,11.98587820901648,6776.039161425445
6276,6950.909111197258,6956.40379050763,13.254764711461512,6976.1252365626015
6111,7032.761269033681,7037.571097754935,13.765001291024797,7043.086301043794
6278,7126.419428837699,7131.574357827606,13.295443111944271,7172.7746037028965
6274,7220.6826765073265,7226.2388272802655,11.545920216102209,7235.899771908359
6109,7392.268750337929,7397.218200992611,13.607415526472947,7404.437895083365
6027,7395.428393738836,7401.15263509511,11.709084098459392,7431.207056420608
6179,7483.543141488161,7489.34736403169,11.716508681128017,7495.86196139149
