887,379.0198424668245,387.4551237923404,10.808040655124199,409.6065439114613
1723,652.3258496721805,661.398936886428,10.50354855325677,683.1556240863864
631,1184.1576323749514,1191.4481802321898,13.06804311315074,1203.6846950264094
645,1275.719988658469,1284.0311289638732,11.240188199429843,1308.274204925527
909,1331.5179166346459,1339.045362839086,11.994286392409402,1351.6216280160497
646,1364.0294172552592,1371.3819062115483,12.791956443382114,1399.7572916985803
1706,1365.2051751768452,1373.4649137561823,12.338233222612065,1402.3464812637953
636,1459.1113092233377,1468.4066997047528,10.591179162002632,1483.6618095857302
393,1870.849327112294,1878.5005722229096,12.1868181102789,1890.97553215246
381,2092.190014579146,2101.3361540636315,10.442854171512803,2117.3382403203964
2643,2265.67355112078,2272.474872834318,14.372170571689372,2299.7267112433096
2637,2354.1151823074847,2362.1909278676435,11.929944001262163,2375.637016736423
2628,2713.1857110206397,2719.5337760492534,14.914509228667846,2750.111450949761
3728,2804.2213491416574,2811.0422551756146,13.061006334916284,2822.586963431713
3722,3259.0325802867883,3265.4191253297245,14.601027785111148,3276.5922670699565
2647,3262.703392446722,3273.2650290213587,8.804695837386271,3293.8976612890333
3174,3311.18580682066,3318.1715965375756,13.098299065853992,3330.4138707250154
3183,3425.042946487942,3433.391999341015,11.580317297426248,3447.1999533194776
2623,3616.657154321931,3624.534380234097,12.05078783096791,3637.892206043522
4624,4153.457743767175,4159.611643893769,14.663069851463582,4190.650302750262
4652,4155.212045891894,4161.304201009644,13.97408207607498,4192.954405193044
4403,4300.800040477493,4308.317930845209,11.88227068867546,4320.962214247511
4379,4524.510018521587,4534.164733587046,9.381519602957887,4549.111186537904
5175,4775.227216873735,4782.192822376742,14.824921928212285,4793.6060110954
4621,4783.8645048932585,4791.102349916486,12.536914075847447,4818.270753486107
5166,5029.804539239427,5039.2519052198,9.293844182603289,5054.880092322835
5714,5057.208186585269,5066.403762422688,9.692781513911715,5087.874927008753
4904,5143.813483591717,5151.0148599371605,13.326001132273905,5162.882524252037
7124,5775.3692001949585,5781.631841306538,14.195253576340535,5792.4720996037695
6641,6242.698583221229,6251.256877932175,10.250348856150843,6264.836172968963
7126,6948.82436068179,6956.3127279610535,13.094725630683334,6979.942168784032
