156,222.2778048820624,228.47855155957245,15.150532598138758,232.41367280948407
1197,276.1687135716798,284.4254393757887,11.829490441772908,289.37070664173774
12,432.18432409029083,439.46445008412877,12.08315221760109,444.0782404403756
407,496.18170123525687,503.30149390723847,13.470038620850119,507.77891580546367
163,497.9210612273787,505.0554730355942,13.120594831278117,509.4981836925252
165,502.95264250910293,509.3146253375773,14.787135888282059,513.3651186911843
172,548.1920828141263,556.4564324635217,12.057045876831808,561.2711502329233
1205,550.2126318683123,558.2969146911088,11.913606498170694,563.282979565402
189,563.2871416774808,571.5548968801028,11.26109437723783,576.822778637456
418,638.787888530178,648.4441224295869,9.726927841912051,654.5015598147585
173,702.288544384015,710.4830237747317,12.04398906735144,715.4772606912419
1188,751.6119813625843,759.1021714589114,13.187387082763722,763.7129649629591
1195,821.7227541661279,830.4344473505248,10.209334440607893,836.0604566336415
1438,874.8557821844815,882.5788563118526,12.463444840561017,888.4515450054224
5,976.3829571501915,984.3597834197725,11.246841572994745,989.2664954528343
191,978.1694982154103,986.1754721147406,12.336453058556861,991.0266287574769
409,1028.1911281122066,1037.1023611884118,10.98994199283683,1042.6425134349918
23,1031.8499391925998,1039.2379216244985,12.249448593537293,1044.4854081621686
406,1162.4842777204206,1172.4443068175487,10.01954577333684,1178.640484530563
1,1233.873943001319,1241.3408388661599,11.98904229285678,1245.9876080610904
679,1251.3312317013401,1258.5082716535114,12.640880994079264,1263.0798435513293
1451,1261.4197260334079,1268.5430598700302,14.667909398070647,1273.728428884019
425,1319.6638839470781,1327.24282278143,12.54798351156041,1331.9461874078245
17,1388.7138669318244,1396.330814738747,12.502709293261091,1401.134226220834
193,1432.1841571932032,1440.1049400628592,12.665543483109909,1444.876722689001
1449,1488.1739165456509,1496.4002652157017,11.268246787488158,1502.1349849222474
13,1501.7944197486713,1510.5050539758863,10.533918763128408,1516.0206250153906
0,1505.6070770678373,1513.2764573681854,12.66137851343846,1518.0828064380944
157,1635.8165761838309,1643.604146314295,13.622338345355777,1648.092621496305
1204,1715.9779242671666,1723.4582812317599,13.619980198439512,1727.7235738192649
7,1773.466942069821,1780.3137057489917,13.451870086876255,1784.5725269324103
169,1842.0422172860867,1849.1181102478392,13.526353802308929,1853.4694051958775
159,1846.0832631215394,1854.0550772469987,12.079212812361481,1858.9905288217474
14,1856.0723851738364,1865.2188652402765,10.75192956132057,1870.991702903126
171,1911.8238040757808,1921.1721243882907,9.989097427895262,1927.052257540589
3214,1982.8395972101264,1990.2385490237255,12.64435983742729,1994.9403858415785
2181,2120.349966413218,2127.1667042921263,13.895908209862707,2131.430065102138
16,2122.284242796152,2130.0971726557846,11.341980396339293,2135.0599593066268
3213,2127.5463867795415,2134.1052059295553,14.570510718161277,2138.682978782559
2026,2383.7133660739623,2392.041121385612,11.98318220255857,2397.1969147968375
2011,2387.726692595319,2395.284321343328,12.072968416725526,2400.0823654691535
3201,2403.036580564187,2410.515101638717,14.350702820855219,2414.499228459121
2196,2525.7761283524464,2534.0459014212674,11.950945475132762,2539.1641756065515
2018,2590.708477635416,2598.2386705792505,13.110562864279071,2602.59157061687
2190,2655.4362637567756,2662.5398073979472,14.996623913925472,2666.573440362759
2175,2657.6266943023174,2665.048981364607,12.629959621384728,2669.5098427575535
3448,2778.535532564857,2786.1362772456,12.173571012642558,2791.6920683720145
2019,2859.659989295174,2868.418993123746,10.603506868209786,2874.343768024074
2185,2995.7171813462505,3003.460285691897,12.86817195584976,3007.8496842598197
2163,3001.8109516022155,3010.1973306686764,12.392210188360808,3015.1862043698047
3285,3055.845761658846,3063.1496174555127,12.930026770620197,3069.0997006065236
2004,3063.540095160308,3072.4047190659576,10.276190061958728,3077.8912294910515
2186,3081.5496498359826,3090.3821652099423,11.496792649175642,3095.647626711445
3367,3117.8996183589657,3125.430551420666,12.085297936359632,3130.9400884981146
2023,3140.8947092520125,3149.2626201522944,12.993311478270952,3153.694599308193
2193,3143.2944868770946,3151.5247857025474,12.225612952738949,3156.323591359552
2184,3271.4122351860747,3280.070210748794,11.146395802565916,3285.0097911873304
2173,3281.197040341577,3289.3560048930867,12.556976659058435,3294.167736545044
3351,3393.1906928751005,3402.0440148536,10.890996122210138,3408.0815549475196
2170,3412.5852593301306,3421.265856921505,11.284360990098788,3426.776883428095
3199,3497.56240256563,3504.441458940984,13.795962920457411,3508.675257118482
2166,3611.4587488921948,3619.52346885991,11.288086482339196,3624.4257727321683
2443,3613.4310092454402,3621.3358039887908,12.032076061705732,3626.2251286696164
2025,3681.7945339184903,3688.263797561997,14.19023680012995,3692.354184563658
2012,3684.0151784358027,3691.243499993227,13.18142402320295,3695.8374539665947
2424,3746.5989060579686,3754.237129524412,13.445208243570844,3758.716411747234
2010,3813.7909332357,3821.089030377925,12.57783733197192,3825.6115344061723
5285,3868.2904680158235,3875.0984921491513,13.704366009065618,3880.120208661702
4684,3881.614698246875,3890.1199029602294,10.572451924342271,3895.5350193092154
4674,3949.5783346980156,3957.005780296205,11.981955098848408,3962.3770817893974
5278,4139.858354357418,4148.337666479804,10.618178759190343,4154.091702408428
4168,4155.495836854702,4164.0255444073355,10.689508121398621,4169.476773190976
4429,4367.4774371574795,4376.289443023841,10.81746940951872,4381.82707673917
5438,4389.591375423432,4397.432471433354,12.97480911655805,4402.845306084233
5205,4481.3944207572285,4489.363940046807,12.18217066177651,4495.223866474709
4020,4491.860219963139,4500.153027517812,11.432931243657647,4505.181023392228
4178,4636.7078535911,4643.444590121352,14.65555273526326,4647.578000211151
5357,4682.5597770653485,4690.073074606392,12.878251618154648,4695.850679350486
5209,4695.656002059464,4703.148182188212,12.272066879220457,4707.758102131612
4162,4841.3136965683725,4847.626653118141,14.623002561579561,4851.618215075894
4409,4848.07945644093,4855.382548458345,13.500865769366511,4859.860322997889
4185,4855.209035693763,4864.512602112229,10.406662311258554,4870.144310883265
5191,4902.665246024568,4911.388284590193,12.043603347644707,4916.499240303803
4171,4923.057753797625,4931.43099192642,10.643431289347143,4936.559605434887
4190,4981.459519677359,4989.464648119723,12.32984552537265,4994.417487270282
4424,4983.263506952392,4991.273413964996,11.953321299830224,4996.23267336206
4184,5173.840120524623,5182.044983043849,11.126062375992907,5187.216953068891
4012,5261.795486514866,5270.2671780117,10.639022468601178,5275.426786957074
4439,5266.571273523296,5274.421709052473,13.91177042067226,5278.642693162269
5353,5291.886098238879,5298.57401126866,14.572576412688996,5303.76274768887
5436,5293.635520784278,5300.270304662856,14.266624732818727,5306.270611883896
5206,5341.814492263724,5350.276565423794,11.096330230117564,5356.02889053145
4013,5511.697003337701,5522.127675693329,8.254560538426139,5528.882737559085
4189,5513.732216416923,5524.2446314555455,9.26869408135415,5530.950706714158
4008,5527.085674128624,5534.104277620067,13.586975461643739,5538.587054770998
6415,5739.470965757355,5748.187245643913,11.054781703816204,5753.575450717633
4023,5741.333512130372,5750.060513075398,11.623840567057753,5755.428140075881
4007,5786.3735510659435,5794.323564448501,12.073819215988985,5799.063708593287
7291,5841.678681885726,5850.4022958067,10.062591346626856,5856.733036238812
6187,5851.781872182867,5859.291381678126,14.253663397296737,5863.42950858147
7199,5855.669283179909,5862.388697313089,14.719429033225836,5866.462940649798
7450,5909.978328638597,5919.189265361999,9.993346847301778,5925.6647148318025
6178,5920.035473820605,5927.6060191103115,13.617835319502039,5931.945037132069
6159,5989.802496551786,5998.084101562606,11.189526413874672,6003.35973815243
6013,6080.46806856942,6087.104440609096,13.813927431243668,6091.3371482630655
7196,6126.502829682239,6134.202234697329,12.78632705794419,6138.844382728881
6430,6194.433786223042,6202.109547727424,12.26686385175091,6206.7780900024045
6190,6268.289018248884,6277.006009668516,10.817499337875267,6282.359047291025
7211,6275.9486538057345,6283.592078969108,12.369481962513836,6288.082698251983
6163,6282.818764824019,6289.028304691946,14.790628313706836,6292.954490900474
6020,6337.7384891872,6345.272940816877,12.964774852019058,6349.902770719154
7284,6452.79049024638,6459.607573970065,13.401666438823028,6464.6625673449425
6676,6463.884222285436,6471.455538317017,13.270053316378238,6475.810133690849
6167,6470.500547657148,6480.41700844079,8.821926517235196,6486.643845440421
6169,6472.5120036799735,6482.425493007816,9.603214841470313,6488.691931992453
6168,6531.895383767503,6540.019241522758,11.56725646764857,6545.010242412359
7197,6541.763517748276,6548.6048260756,13.705638541871313,6552.8685223220555
6185,6667.521321868896,6675.374087412488,12.380867666760633,6679.896727438148
7201,6670.188998653625,6677.606360134192,13.188785788057364,6682.165228961628
6191,6735.586522696345,6743.368366112492,12.89983553416912,6747.977541232361
6173,6744.509650396345,6751.626466550543,13.437266467279002,6755.869222436311
6656,6876.440402841664,6885.47210289828,10.75367002999738,6891.127976191151
6419,6878.293273388818,6887.344969196052,10.276545761877921,6893.014612570163
7439,6925.661401445218,6933.039262123831,12.14806789529783,6938.169882419594
6006,7007.575126871926,7015.583518335384,12.487833560110836,7020.473673554108
6422,7352.438347882454,7360.52428682051,11.769188478891289,7365.403005654267
6008,7434.041618623595,7441.452112031087,12.501120774549872,7446.077085343203
