39,66.9466144274856,73.41332229042362,13.037742109867848,77.53626114281492
1654,1580.614127636844,1589.4315442108982,10.337566689566778,1595.0027428547132
1214,1865.3842826674895,1872.0678326554046,12.053528498479942,1876.290779781464
2081,2498.830006050371,2506.273550099687,12.15328918938011,2510.9964006877963
2057,2506.2520612807184,2513.4747835543976,11.56592142808359,2518.917509472326
2059,3209.152659804596,3218.0157914808156,10.272743717655159,3223.4925697014132
3671,3287.6934075058934,3295.1262501535575,12.562173417646264,3299.3278575437225
2028,3318.2189382786983,3326.1339040593493,11.659552566799741,3331.7922101565587
2029,3398.9634563174554,3405.48672032969,13.236542703432951,3409.6296466362246
2046,3483.2898795633687,3489.30852614677,14.887420562760834,3493.0844326578385
4025,4234.081056766754,4241.533874232033,12.650011813957873,4247.064871454454
4032,4288.733622956501,4295.593037754548,13.053260137182521,4299.830646830572
5651,4372.551503125856,4381.316276458759,9.84104866325469,4386.66383847621
4058,4379.7917457954445,4387.558912076951,12.038068868709132,4392.30657871792
6026,5460.073611639968,5468.128238024355,11.128191508443454,5473.154354803531
5453,5462.193453044887,5470.036084771189,10.370984522837714,5474.9731162225
5212,5547.526613757439,5556.068260405774,10.2483323123632,5561.637445085893
7639,5994.493875721898,6002.184541544529,11.752157208300531,6007.0927065178985
7296,5996.450169765297,6004.0174741912215,11.344369813428976,6008.796047620551
7208,6631.604446359646,6639.019033942945,12.914952779362501,6643.209220815921
7373,6638.362315049235,6647.064241742812,10.078449176607968,6652.649215389613
7375,7348.596900141972,7355.116386090598,13.839907949199272,7359.173680342348
