1374,138.90505769588688,143.23101454732583,13.978138570309902,146.5981385757502
1706,317.4941397093702,321.28496638647107,14.419893796805889,324.4417452971704
1471,410.49958961786615,415.29143024856535,11.222297863505759,419.28827924429777
1701,587.6706640490954,592.1121785781658,14.235313717553685,595.3812129209592
1712,768.0013356056595,773.2733732987332,11.957992248885267,777.112935850647
1709,860.6441387812403,865.4202255878846,11.250225719396008,869.4309964861551
1457,917.6982228342664,922.483932361718,12.375868139900799,948.2698721534717
1455,964.205244935529,968.0377124387987,13.833439353535308,971.3351163391842
1452,1005.3632432424702,1009.451723719887,13.322079341613799,1013.9891602359193
1460,1129.184191659477,1134.1662723474417,13.275754789744212,1137.6610279437084
1462,1200.0570119278104,1204.3162182175927,12.826072802046786,1208.9145407700207
1463,1218.5141224607921,1224.3363951327442,8.873635131616636,1229.184587442724
1450,1297.8407249255904,1301.6229509591778,14.329603509795213,1305.3192478926712
1378,1375.669753788336,1379.2948874198646,14.533449808055801,1383.5288419644162
1451,1456.6375430945702,1461.4409926268897,11.598576890760361,1466.0275088009998
1373,1623.8991271365544,1628.4960441761923,11.64574037395802,1633.3842050495623
3466,1911.1215662903662,1914.2695511168959,17.728355530124293,1918.479324442701
3468,2000.4217486183352,2004.083564003327,15.491867782039026,2028.464545341087
3726,2118.060402584403,2123.218614782827,11.403557131523367,2127.088228240166
3450,2359.48191894882,2364.471549346852,12.158599389371675,2369.2656715529833
3717,2390.4959778608068,2395.4142442312495,12.000318127961506,2399.4763958061803
3704,2392.4749085065005,2397.302073225535,11.94293749814583,2401.5511785743934
3465,2480.547067109541,2486.076756066791,9.745781321515606,2490.6332309268364
3374,2547.8957434658505,2552.5342489158015,12.189588820048545,2568.204517634553
3371,2748.9123968021277,2753.2567898423704,15.78992796027386,2756.259781228422
3455,2931.2083078384844,2936.034933970648,11.190625823090333,2939.919937705959
3379,2984.3448744193724,2988.0207790556415,14.700205226038815,3017.9890022140166
3459,3080.8513398945256,3085.4647084243707,12.22785690926707,3107.8938703329886
3462,3378.1010571929605,3383.069731822771,13.714872363870523,3386.3991875256024
3728,3558.1127920710223,3563.379651685373,13.274159847337904,3566.822313579587
5375,3886.060283452681,3890.3324751827854,13.016917180530202,3894.7329772889534
5379,4053.700211293123,4058.218128306201,12.344468839166238,4062.508776657431
5378,4068.243874739967,4072.5907241213886,12.487015475361206,4097.861654124441
5377,4079.785489786769,4084.0583886306085,12.513149582474673,4100.536009878303
5707,4190.114152339823,4195.148646921224,11.601021499260357,4199.229126280294
5462,4246.890112774433,4251.475802286447,12.053217692876647,4278.021623685552
5366,4261.060540423807,4265.272655483334,12.986336975072424,4280.681104421247
5453,4413.8868938672695,4419.383750836421,9.561486053814054,4424.449780546102
5700,4640.555866935214,4645.108245062116,12.98344010767247,4648.564028352091
5710,4998.142651744058,5002.61909656422,16.63013505662881,5005.431385204334
5703,5000.206053297177,5004.475077672676,13.244542668318754,5007.881516564571
5383,5056.1608419441245,5060.2433916507125,12.665624542861456,5088.036870526988
5731,5357.9293504588795,5362.544966334231,15.679791998466731,5365.550095033379
5459,5363.201658309174,5367.163814697347,14.22227683338484,5370.5717805687445
5456,5365.233367799231,5369.304300656387,12.964635318686975,5372.66530257624
7454,5699.989786852272,5705.186654516232,10.707729355991155,5718.692290819975
7720,5808.146124734766,5813.115062571178,14.290748576439343,5816.239043964499
7378,6328.286558550411,6332.572760079521,12.2249705718168,6336.951668005187
7457,6407.381558031506,6411.230143871509,13.813196759184725,6415.870786400845
7451,6440.57516634825,6445.2332532254895,12.73673732715377,6448.982620011368
7386,6563.047263958185,6567.099423553759,13.583854270774632,6571.390028276956
7466,6710.434508879598,6715.222081055078,11.48240459428658,6719.167639081738
7377,6789.701632464463,6794.195936294724,11.452556964836573,6798.094913011631
7723,6980.383067931404,6985.073423559547,12.659881376519335,6988.522292563213
7455,7034.514325713428,7038.471968188354,13.881631741336847,7043.101825652448
