775,328.98466713313354,329.5074941343999,12.848935856112584,330.0268842064169
501,411.49402789500294,412.15159188184697,12.150967814354479,412.7022009411711
680,507.64849360397585,508.2431308954297,11.128787923909272,508.8443134324574
507,677.8528775323399,678.4166385673341,12.317783042807426,678.9597909296455
663,780.8850520344761,781.5085240904107,10.60598403099356,782.1341591706141
2666,1947.6469797207599,1948.180410589822,12.123647400305586,1948.7322604364263
2674,2308.6261699482707,2309.147415998275,13.577036778604022,2309.6401916360846
2769,2397.9789938717768,2398.4847608027026,13.33082251294457,2398.9866377837848
2773,2574.7581588866306,2575.2790118696325,12.99221679045656,2575.793968867815
2663,2668.9190973378313,2669.472584050221,12.321827109781513,2670.0144120675304
2473,2751.461832187093,2752.136332152501,11.66805560396519,2752.7097295706503
2783,2758.8005786980843,2759.397029174134,11.174724261298625,2759.9957404086754
2682,3029.3504626810713,3030.002583957293,12.321778597225716,3030.5455601928543
2672,3297.581848998369,3298.1148137902173,12.448083464031702,3298.652280700483
4669,3747.5813794560104,3748.1016359004993,13.398673028199482,3748.60097139022
4664,4469.370369353132,4470.017359368232,11.792829693888894,4470.5846899523085
4659,4472.024802540377,4472.579744474563,12.056095504728047,4473.117808204745
4473,4642.307259173402,4643.015394985509,11.500168801769602,4643.597163225043
4657,4917.678199848829,4918.189961573183,14.160414511156667,4918.662435945515
6683,5734.890545864657,5735.4864363563265,11.348096216724157,5736.0776577599845
6661,5908.831760091071,5909.473487597073,10.586731855989026,5910.109433486454
6659,6358.970790769416,6359.506040763992,12.59114394379893,6360.036830730922
6775,6627.47632502643,6628.015787497773,13.054567909908112,6628.528284962592
6475,7128.3359538332015,7129.012312710025,5.473758583513073,7130.639699503739
