876,186.61482317775764,190.24537989006774,13.526475830538352,194.91237547483337
881,287.7943016171902,291.3672995146637,13.519417520143199,318.4141059538437
382,319.5898944931946,323.3667804971507,12.921374582130916,327.0744983455343
622,459.71455194191316,463.28843271393845,15.631066164995838,498.20801236852515
365,499.9180006237743,504.49789630483707,10.292560642769415,509.2247753321169
644,548.3159615115484,551.5593724854489,15.09786251959371,588.6542699489314
598,552.300245293514,557.1599919124637,10.443835254164933,593.6530051492791
389,614.1700443997199,617.6244878220965,14.238571594396918,621.0966819259213
591,634.4719419770865,638.4673236485653,12.01842133802403,643.7851194834556
595,642.9044722214184,647.1417728228612,13.485040503322466,678.1350762695702
343,711.8108538803752,716.464339215053,10.637056816995496,721.793563836046
399,713.7202810192457,718.3156512388308,11.35262740866394,768.5026876930744
400,715.7105851528304,720.2580382236204,10.945924578880458,771.4670064772557
648,724.2111564808259,728.3446279007926,10.966465678153384,773.6532960383569
605,728.4983079503189,732.0269420499759,10.620207149035192,775.6681737162259
642,760.6593291697384,764.3859734789618,9.314390759046132,777.6428836359217
647,814.8032570600318,818.4797902791701,14.12344935796641,858.483330146438
601,821.8704071696933,825.5273001453697,13.642407023345438,863.0117945513169
627,833.9898115615097,838.3464537730924,10.434615322829115,865.0500813317173
630,837.4037289232751,841.2891711472455,7.500796293411348,867.2930907153553
609,996.2577663103062,1000.0839539517129,12.057576905255566,1038.6618131360472
604,1000.579483534917,1004.4515902731271,12.81406590983602,1043.416588093674
616,1002.4077057345419,1006.3059701272801,9.218486819847197,1045.5235335038024
872,1024.5219307793702,1048.0582844612366,6.9117788951432635,1052.867670895412
390,1040.2069414844525,1050.3518778114315,8.182182612468354,1054.6575460714366
619,1086.7776720625975,1090.5197011085345,13.559597922718455,1094.935891944927
401,1130.074867046672,1134.2452413575706,11.1659845355399,1138.382134364271
370,1132.0149390680263,1136.0631065122266,11.146918994091294,1140.1883918156511
632,1174.4711621523247,1178.348666203103,13.507318405636811,1182.873235314237
640,1191.4178333609075,1195.1466585933595,13.887347415815192,1218.8776502503854
624,1199.5446598139688,1203.1692906710373,12.182425788427635,1223.370570673316
635,1264.3590519262702,1268.3274347026136,12.250748498791134,1273.6670347850916
625,1370.380299390033,1374.3812549521815,11.735791598517512,1398.2985439585248
589,1450.7731256436439,1454.6003248463217,12.994632615043157,1490.9402775542494
919,1539.520314178257,1543.2845423295523,12.398296330823785,1578.7540160932974
615,1543.2447861951546,1547.4683408380945,11.729468293663333,1583.4347860873697
655,1628.888747681928,1632.5308211818983,13.208776015533658,1671.260672495269
905,1630.6890824086151,1634.273220205532,11.99434018104195,1673.448220507796
599,1722.5202360287424,1726.5189003337723,12.319979683648421,1758.4674680940864
900,1749.619569702871,1754.2051472203582,10.80937826122983,1763.1101747485777
359,1862.7676485256468,1866.4567669623812,13.217223489302416,1870.0766248567213
606,1898.9340406939582,1902.5281982295053,12.64491267635248,1940.738364150705
587,1905.8505622132081,1909.1743709391972,12.705982230037055,1943.0410279371904
646,1984.5346311871738,1988.4035186681808,13.746648004864454,1992.9371936948628
2387,2044.2462985976333,2048.484153881925,11.63353421924356,2052.6258521925174
2370,2057.5043535687046,2061.494516208393,11.698351404495593,2066.5916825062736
2640,2078.9720711284335,2083.1752522463544,11.598242494352313,2123.1343541067695
2617,2095.03984200482,2099.3218798517823,11.278142989849206,2125.274328590714
2881,2168.4016879148785,2172.44460654834,11.812781260574816,2210.9079834419313
2607,2350.0958735561217,2353.6190227190837,13.742827168075507,2388.7544646127526
2639,2352.045308447145,2356.2549973507516,11.79126523997864,2391.0270695932904
2915,2360.3841526365354,2364.320971937531,11.452271669365114,2395.638802502352
2584,2436.869053518446,2440.5707937248426,13.742539793708039,2444.921111052597
2629,2441.083935621344,2444.5435144551047,13.835771801121501,2481.2156191337226
2586,2466.0374602711527,2469.5655806427035,11.879979126194526,2485.327140847045
2381,2492.81934177047,2496.594067095563,12.531807363068891,2500.3852087128043
2341,2503.8257205395857,2507.2084333851976,14.2053021332089,2510.5379093748443
2650,2532.135070052691,2536.42924963808,10.54620575247881,2575.3514489368
2643,2704.597564926118,2708.540642067929,12.827773269911354,2713.1929567506468
2606,2712.2068811656304,2716.128222263531,12.281982342937336,2748.494833369072
2614,2794.7807369547963,2798.5901523859375,13.347809351474536,2803.1878261788643
2641,2829.533812112281,2833.1793798255476,13.60414401255073,2843.2012281168404
2849,2884.317131155436,2888.505304803371,11.130894527479336,2893.72231539413
2338,2955.000103436714,2958.6006239351063,12.769663625657483,2962.171106543993
2906,2988.516778816273,2992.553470289896,11.833630262172402,3021.086105403896
2634,3076.0125227825815,3080.1142510724867,11.595941652132284,3084.995843450005
2602,3162.4368631489433,3166.401105351762,12.27142617034539,3200.8070936821687
2598,3164.306464994921,3168.177369913803,11.48004780387915,3202.9399724096947
2592,3166.251884660979,3170.0582420126348,8.450712996294586,3204.850424744417
2600,3244.864344099534,3249.0950789702833,11.136402355260664,3254.514659132215
2603,3247.1584739776304,3251.1335202675727,11.912856518519826,3288.6777678498916
2618,3258.5901331979867,3262.2121401320214,12.217780840057207,3293.4281475254256
2613,3344.858021883798,3348.3844424200593,13.371789637700582,3380.9860619624346
2878,3349.038760390224,3352.512686826014,14.047278314947174,3383.0698894811435
2879,3358.9347103797313,3362.3629025207956,11.218060147384062,3384.9255081779124
2619,3431.7947906259747,3436.1156497729676,10.794431980385776,3441.5204237652315
2851,3527.3785542395967,3532.1001161922154,11.334712673992234,3558.312770874993
2616,3708.5997581779648,3712.568119485362,12.29167491012486,3717.523684994649
4371,3739.5798230458163,3743.13047857064,13.036199335526854,3746.6128322412706
4593,3797.1479247730526,3801.1221352287957,13.637402776433497,3831.064090866681
4849,3808.20143092377,3813.087292464459,6.403895148423822,3837.9625947208106
4636,3878.2938042725,3882.320659508419,12.075910383413701,3886.9842362339555
4611,3880.4271291612613,3884.4523468781103,11.97390228994474,3918.3726343685667
4616,3887.5183832840007,3891.459871785064,11.814588309107709,3920.8896323349027
4629,3893.0833272651694,3897.4394358017103,10.47097203480687,3923.024413283021
4605,3966.432664884913,3970.3461746439343,13.883024867294179,3974.996843599241
4588,3968.4683988700417,3972.50237305516,11.816768470338006,4008.2232624915036
4646,4074.65894081504,4078.3012225488264,13.497118830863426,4082.9551424978386
4887,4077.8298704535346,4081.5377908126584,12.56203326229436,4098.0637451538105
4615,4080.4352879907597,4084.4191536885846,12.681803968261171,4100.408210862331
4594,4144.671827287639,4148.349468574181,14.05233584257542,4153.261818776828
4596,4148.460712361192,4152.347495869105,12.33859166074284,4191.105711439781
4622,4237.022253372733,4240.556304566684,13.877126074078916,4278.242787005691
4607,4245.462774553909,4248.643195442553,15.519276342133361,4280.831141073149
4617,4338.953327641917,4343.503462432131,10.353684125938694,4368.407753019226
4599,4340.770655305101,4345.401179165049,10.049693986394614,4371.089583405998
4881,4416.714608647544,4421.015077456269,10.63546396675696,4426.86221515187
4866,4418.762022631933,4423.117386808793,10.409148572912198,4458.149474714092
4602,4420.602931586801,4425.018622411059,11.54690994953653,4461.028225494651
4871,4432.301738915859,4436.3226758810315,10.90531573134452,4465.106726432743
4359,4474.764591696707,4479.211085496173,11.219364659829125,4483.456517511567
4621,4506.068410056455,4509.617681942073,13.474026829477458,4514.92315667202
4385,4842.55262357429,4845.646580622141,15.45681889323789,4848.8313842210155
4610,4954.710973186956,4959.284146921272,11.16990707294035,4965.015115065344
4872,4961.105846480182,4965.18716935333,11.478648687252635,4998.825845745194
4613,5044.130185088543,5048.297686348251,10.927947238425103,5053.5349700804945
4642,5051.458836906021,5055.385610827482,12.45866693084347,5090.69090867625
4651,5055.178491339176,5059.265817174472,9.293893248991983,5095.144199750223
4598,5057.909286953644,5062.159860448783,6.261538828722167,5097.335942220375
4909,5137.090347080678,5141.081019137477,12.01183331275164,5178.244890563918
4589,5145.401449690907,5149.145888185373,12.17573574856342,5183.0147775120495
4382,5211.602759695789,5216.106227846623,10.375298882391213,5221.658463135393
4640,5224.39544519146,5228.246759305629,12.644994535324855,5268.238711485999
4888,5243.618304076196,5248.036585445246,12.536721067436636,5272.906665250149
4861,5315.739355452102,5319.552185926931,12.964688714320085,5324.893952779101
4625,5319.72198559496,5323.196619406108,12.49075442029267,5360.871174374776
4586,5411.969988100158,5415.609516444823,13.376341494918305,5448.575312464788
4633,5519.172890670389,5523.261712602866,11.141041180972696,5538.464396181755
4590,5524.525647921301,5529.127911253585,9.939198241882934,5540.836221904586
6590,5592.622574416144,5596.164560416877,14.532902607065376,5630.541344645037
6637,5596.108066330136,5600.433147427362,11.358811664723785,5632.647232614208
6897,5689.071327146263,5692.233718754077,13.159712989808149,5723.124706543463
6397,5733.785809134777,5738.012654352338,11.601649582565107,5742.137126441465
6619,5771.2717546239855,5775.493289704264,12.291571211700242,5780.3004242775405
6624,5793.841734185879,5798.129879096007,7.0216492481211406,5817.493481334581
6612,5944.350785142019,5948.12828457505,13.213868603628228,5952.836327884994
6588,5950.084719096865,5954.14616113464,12.704540108640076,5988.655165373324
6650,5952.26645056234,5956.174383779362,12.283885140744108,5991.203814338302
6647,6034.987837006482,6038.676034259817,15.515031209193637,6042.889008297035
6641,6126.935661274719,6131.282611369164,10.768555821856271,6168.467328118385
6638,6128.923393625637,6133.147954780701,9.777989961671263,6171.0451115500455
6620,6130.722844038308,6135.0571580346905,10.294058886809639,6173.260192228196
6626,6214.721162570196,6219.26311422317,10.113166438341853,6224.734627167346
6603,6216.662813105562,6221.162548334384,11.515577893898293,6258.573838125408
6370,6287.485627835496,6291.386126349135,12.422434531779837,6296.280601589021
6623,6307.186432817752,6311.3174704670955,11.443747837971836,6348.546321466446
6347,6364.917400591154,6369.391128070367,11.010455671567389,6373.872087288037
6587,6413.435464044421,6417.161513833576,9.913610866151087,6445.531127992637
6585,6483.170962546063,6486.6240815427645,14.0985193131439,6491.274575096693
6337,6635.451265230913,6640.123047002277,10.605681752347122,6644.649177791098
6906,6668.551445874332,6672.220109007555,13.688408910185318,6708.949333042039
6598,6850.862363215021,6855.114346642593,10.990925595989669,6893.17640623467
6889,6962.909535021602,6966.485113490829,13.66467855011965,6981.292647147441
6339,6997.273025619873,7001.062889449136,12.941996564509765,7004.741931847983
6636,7026.17328472236,7030.352380296665,11.659725240357623,7035.540657822981
6597,7028.0660396359235,7032.228042936418,12.680255716413239,7068.32606997311
6868,7115.043844224068,7119.4226739444775,11.345618783613874,7124.591815252135
6584,7119.351490971722,7123.09746321216,14.966317218190872,7158.491901555244
6913,7208.787076966321,7212.543220426702,12.548231983360758,7250.464378532543
6863,7294.471555950639,7298.347656178694,12.899567861966315,7302.888043030266
6643,7297.062141114633,7301.373237866665,11.12402658389714,7338.593681084931
6646,7299.168522463016,7303.301706665827,11.069837003780963,7341.099275989641
6622,7313.174205097434,7317.453552348916,10.85003635848166,7345.602660916171
6627,7390.2643068860225,7394.367327951424,12.963602267830634,7428.350890307416
