1788,256.06415148171084,263.0543253036306,12.488043310074824,269.71468767151396
1786,325.0210628366788,333.0102920915023,11.75836736542189,341.86117093680605
1848,328.1279247768874,335.1834433155984,12.809307567739104,355.05549477795023
1534,331.76789567687615,338.61457164747816,13.365942430335206,357.5137315113861
1821,339.6861449101643,347.1133458634206,12.352432965967846,359.8527656009367
1798,479.28888725707793,487.48542603920384,10.875371241711367,495.8467916016649
1519,541.9215351868958,548.4558894069135,13.787043801544963,554.867656974626
1573,601.4907864365885,608.5606542513062,12.84026430193519,616.0327760076873
1517,670.1807462568084,677.4973897739309,12.715802053724818,685.2114160965288
1576,672.0416422805222,679.1932901877096,12.709925892761312,707.3623316736341
1859,749.8292126841392,758.073329071452,11.141346576549699,766.8070748547037
1825,753.3722438281325,760.2866569929894,12.987403219200624,795.5851204256504
1564,948.2259154221858,955.2397494221227,13.235937774065246,962.8878245450156
1523,1023.2348574527269,1030.5623963387807,12.281846626172777,1059.3071366424188
1541,1025.0441563145912,1032.315120188073,12.662241965981258,1061.7906992217295
1785,1030.6771403836856,1038.3331738552663,11.941652127576805,1067.7464960358393
1809,1162.3208036429148,1170.4547193348708,10.72019582809969,1178.2154946689723
1536,1224.57734441563,1233.3568174289123,10.737939732646588,1241.6345190094362
1570,1228.1921814218706,1236.0297023587764,11.888766712449966,1243.6751449645428
1575,1362.5032057422484,1372.1335921326158,9.922581320298024,1381.9324852509628
1666,1364.7848413831348,1374.0171314898214,9.226569925250296,1411.464919979968
1790,1375.4929540206836,1382.520587030798,13.347467263179505,1414.0069850962268
1906,1567.5850405985996,1575.227912648007,12.458367254880141,1583.5957639289572
1547,1571.4607226191174,1578.2360565442445,13.563831665169152,1586.9244036190246
1845,1573.423296292904,1581.3416180210413,12.125251578661075,1589.5089605955673
1763,1636.461359288733,1645.3151395123775,10.93557662023473,1654.4383974290831
1783,1644.0688224770765,1651.2369660827899,12.876740677218313,1675.1452977779527
1597,1709.198892942486,1716.3289363881133,12.182859173267637,1763.646198935825
1571,1845.8066039876578,1853.1909655365976,12.001398918474148,1860.1759528207926
1817,1850.0164697717507,1859.3160517405956,9.983543783692458,1867.9214937545557
1856,1852.0687953065317,1861.2013441544968,10.665393784094235,1869.792569095577
1607,1912.7151778004836,1920.3433481949735,12.455546092514071,1928.518149998623
1827,1921.9325361607841,1929.1053099218145,10.522685399707644,1941.9551254709886
1847,1924.4484062722981,1933.0735671866478,10.575321733396747,1944.2332622375368
3555,1981.6824435184842,1989.2230804530752,12.064430498940396,1996.9986826185102
3825,1983.652964136805,1991.0438474406362,11.682836018346881,2027.3815162384408
3575,2121.211389245731,2129.28359945536,10.890032928862118,2136.891540660916
3528,2259.8009263023673,2266.3941612670174,14.42535653026689,2273.8221289492985
3783,2261.56522058908,2269.10961375423,11.826392362526585,2291.8442920933194
3806,2265.2610809246694,2272.588073557321,12.60920186443312,2296.732584413958
3539,2326.4389538468904,2333.5311208067633,13.217147766309512,2341.763696654131
3577,2328.6386105846354,2335.3217979506894,13.414941218144106,2379.4063588642507
3569,2399.8101823691727,2406.2292710178,14.079765252101963,2412.399617223189
3767,2403.7152140312314,2412.166083768952,10.356647565819024,2467.8759423055285
3794,2540.771379739207,2547.4458295947666,14.079909403482086,2553.8720448424297
3537,2671.319151481881,2678.172579854467,13.0557318294597,2685.7613507601877
3895,2675.8460617178007,2682.513882862882,13.010654464500456,2731.491716955985
3592,2740.1713257098627,2748.451458358104,11.412629669665197,2756.2097173199586
3790,2742.7502029135308,2750.3856398656726,11.441620371714311,2758.1587487899396
3826,2744.6924501849408,2752.2090899661316,12.164054161856782,2760.0947971465293
3556,2746.9617800372657,2754.0886389824477,11.400838868320108,2761.962450091997
3611,2878.3057350098784,2885.16080649689,14.097147090971136,2892.680172173944
3777,2958.0765051285625,2967.3773601611792,9.034839747133208,3000.972340076821
3582,3154.989923213821,3163.3912941211083,11.024000447328982,3171.4436285506927
3570,3158.8950971096438,3167.1677248784395,10.293598852180825,3175.313286308635
3778,3162.6396672197293,3169.4677119711146,12.82321400928579,3177.1884074447826
3834,3164.631709194997,3172.347659528206,12.050714626556726,3179.561805020127
3798,3166.463269347732,3174.3459835822496,11.000470866629026,3181.8952477559087
3515,3168.2869848829255,3176.2263873775833,11.656923428841306,3183.686642755684
3520,3170.283295573641,3178.0658481362266,11.791302077753937,3185.4750842314456
3903,3225.194025048448,3233.257541720445,10.777065840229545,3242.0746463814007
3571,3305.220960566823,3311.6310320150615,13.741202012741628,3318.8392673555345
3573,3570.541853425905,3578.0476316766703,12.512838789737037,3585.9178438891395
3547,3576.3440399843807,3583.0901419376974,12.648072607466723,3613.845506249934
3793,3637.228293620763,3644.427932712287,13.119312703938869,3651.920895249249
3599,3648.639756219587,3656.0965626368998,12.002594015632987,3702.1932836875244
5758,3775.308740333828,3782.585096303783,13.258252590708409,3789.39564516628
5764,3985.0178638578523,3993.456513344396,10.47175654568018,4002.5769596065056
5564,4328.444024437489,4336.087703311437,12.315110185385029,4343.1906453443935
5561,4399.393886440527,4407.3870933936105,10.705813842087393,4415.173904669828
5560,4401.191829640802,4409.2652167456,11.326637674164173,4416.977460336048
5652,4409.148392276202,4418.447605485244,9.467218229282382,4427.315984495704
5508,4465.966948696275,4472.234010557839,16.119645219250604,4479.02534089975
5536,4534.371078600977,4541.509586320806,13.124485854664904,4548.958623747036
5547,4538.781090924001,4545.109852738243,13.92828888454604,4579.530067450845
5555,4540.831373863387,4548.290675078598,12.640750958333602,4581.941663673125
5586,4542.654424728919,4550.08396746495,11.837227618615662,4584.163461799975
5792,4603.144977813082,4611.031140431057,12.059741854554925,4620.249109223783
5549,4607.137359371535,4615.268662769259,11.610771420212904,4667.528699813156
5574,4611.715888745086,4620.149220544884,10.576614352783439,4672.091782104659
5571,4615.96253561724,4624.2649771348815,11.446774049107182,4674.101305624206
5781,4618.931153314359,4626.128147413565,11.733983878626537,4676.198732544956
5575,4676.757281443055,4684.38498121696,12.17563862911223,4691.565129332118
5550,4678.803490606185,4686.180636432944,12.31493183682092,4693.281693075581
5789,4879.426745457928,4887.060170318427,12.245249760013479,4895.298366187537
5809,4893.055676908283,4900.2092548232185,12.912220344214814,4937.548950649212
5595,4949.088216270339,4956.3439706706,12.30378776715566,4963.1118648255315
5582,5019.438241983469,5026.497679231415,13.191965239416257,5033.100442471941
5563,5090.470088967148,5097.373930292523,12.78426171452813,5109.907395630223
5788,5164.044523500558,5170.5652798886385,14.122989657981822,5195.424496366543
5542,5226.651983564552,5234.492930028904,11.198595612316101,5242.834867849054
5544,5228.462424288256,5236.292621864317,11.614842908170228,5283.341851036333
5568,5293.770229601052,5302.439522417421,10.260606134211345,5310.71735707596
5766,5370.963923715229,5378.393104612125,12.469667621495677,5385.6942909693435
5565,5433.115374919688,5440.162148553092,13.72964229435189,5448.039352371713
5532,5502.603831261491,5509.212346256335,14.146788373909121,5516.595845598544
5848,5571.4563049151475,5581.12152460683,9.548135806043561,5635.224930053164
5822,5573.699052265958,5583.069846403978,9.819998904104606,5637.840752066205
5576,5579.728988252333,5589.092186716504,8.544789674165376,5644.150626021098
7602,5638.131192290036,5645.3421956379325,12.853469232716842,5651.995365736832
7777,5782.193654721153,5790.169487664954,11.169739843619878,5798.7221821650455
7569,5845.29025176328,5853.365844758104,10.647520653418445,5861.816273663405
7800,5924.1984028256575,5931.2068680970015,12.743334909068738,5938.869182414377
7838,5926.129913992033,5933.379246278466,11.79972905547307,5987.149825601698
7568,6261.586468638882,6268.226467305662,13.503005028776586,6274.353738691795
7798,6264.020473428285,6270.119344385792,14.234743445289784,6276.088568068032
7558,6397.359540605611,6405.150084827156,12.177115900724155,6413.356468903085
7526,6535.1293421866585,6542.42896269219,12.464627157395576,6549.581357005785
7549,6537.079457987469,6544.266124612323,11.704033236953176,6552.731485429501
7585,6539.264408564614,6546.161002840329,12.346816988013801,6603.3673666760105
7566,6541.470440506961,6548.41653801233,13.210869531781986,6605.8760732871915
7555,6609.91964241567,6617.451331502087,11.445383022660614,6624.65708085825
7779,6612.017491248355,6619.242737634953,11.263182716811517,6626.404189030457
7773,6679.690748560489,6687.3078932590815,11.357378218911137,6694.721080234084
7519,6742.616691121732,6750.081075734285,12.969323534715828,6757.943966192416
7584,6744.655569603851,6752.338851204922,11.736912467139557,6779.3778646944465
7814,6817.2048075012935,6824.244528595183,11.993660956487654,6869.522903282268
7828,6882.196832862769,6890.061096990362,11.662112194600274,6897.547089246028
7570,6951.448145271746,6960.043527866418,10.706609731585223,6968.373902308709
7593,6957.556021153892,6964.123025882067,14.220525047521194,6970.6689592434395
7560,7018.59532448022,7026.123327381428,12.229353177789825,7034.325097023665
7783,7158.38053265367,7165.288263903565,12.791192764856442,7219.758707949666
7567,7225.321538585559,7232.510481064091,12.888199829739515,7239.206630655939
7896,7365.566395058019,7372.260033356977,13.969746521875747,7379.833898653008
