1499,276.0746349596549,289.37192669779705,9.281474513850767,302.84413435874677
1615,363.0948995426791,373.0752791621042,12.120907806500984,382.3864696195216
1510,370.8611537970713,381.47018536515696,12.191901124696164,391.3787303635946
1486,551.1946911637375,560.5752987877796,13.649411780078507,569.4588156702451
1351,589.0092609007996,600.2593601413846,10.807930403387887,633.37925915974
1490,835.1073324183022,843.1886166669174,14.454790409770602,852.8482749638147
1595,905.0854067183423,915.5548424307827,11.450796333621366,925.8380213115396
1739,941.3086797459431,950.12822149507,13.831765050324181,959.9739657892341
1494,1188.8695244578519,1198.3066854578537,13.00145242242346,1207.6874072113017
1361,1218.9553942993987,1228.5222281941844,12.221616622808755,1238.7160536654537
1333,1368.2634947860304,1380.1823543134765,9.61409323134227,1392.971169220999
1359,1445.9409407456828,1456.1322087064793,11.1437685730968,1466.262943782576
1512,1448.7697596417222,1458.4593024332814,13.15599397889196,1468.1105212092762
1478,1579.4373894687865,1588.4889700701367,13.279078938055845,1598.381880875212
1445,1669.5197528116537,1679.2377431453785,12.877196314142388,1689.970244192736
1617,1715.1968931882648,1723.3746374097898,16.001768103099227,1730.824386303537
1327,1727.8413246999178,1736.467210332179,13.884486887414289,1744.972924083783
1358,1759.152961567093,1768.4462674222564,13.785496030914624,1778.8113006229223
1485,1761.062656207609,1771.2778697847211,11.56858545839735,1806.4055735415116
3342,1938.9597318789422,1948.2938918480106,12.898972219597834,1958.6824886304346
3343,1990.5044272903235,2002.1497583215241,10.511693776022225,2013.8673939402715
3506,2162.8225850832,2172.45039443442,12.894331577819381,2181.3611374620573
3476,2272.4003372278326,2280.19209595768,14.967634449670557,2289.0
3480,2299.016583707028,2308.039916658658,13.138761942682216,2342.719040511819
3603,2342.869392282863,2352.3058118928484,12.936327839307115,2361.1655450731187
3350,2661.7415127093027,2670.6379347016427,14.303792463987756,2680.3915249219363
3484,2748.791929163814,2758.039991689688,12.68444438067298,2768.048473912325
3321,2809.5565081795667,2819.2813542594586,12.456962577546236,2829.8147287890733
3498,3064.3019771251384,3075.0877072223348,11.389011211222993,3085.5833073320086
3475,3070.734799316492,3082.083496132251,10.280413005959062,3093.0854073797996
3353,3109.436181015065,3119.543214945443,11.959772105403317,3153.0796786022806
3417,3201.778619305334,3211.3886945800127,13.215525853513034,3222.108549288656
3477,3203.7321773910694,3213.2643782131913,12.92566665986475,3243.137482194685
3632,3249.0192422818773,3259.4154727471036,12.113809909957103,3269.333403975487
3474,3251.119808479137,3261.243723638266,11.965218744492956,3271.114448660187
3347,3253.0322634979166,3263.0313807677235,11.618492566296808,3272.809358536488
3493,3379.5426636079947,3390.2395004714376,10.896944836024472,3402.243578258561
3355,3560.8216277631464,3570.1216366252916,13.461971927602832,3606.1351489834833
5472,3785.9305985143915,3795.4865153578203,12.630798231991045,3804.7368635618373
5348,3787.7795845719775,3797.3659565581515,12.149805791492746,3806.824130246166
5623,3789.931883400566,3802.2650521647984,9.6701352597528,3814.3040269617813
5607,3872.730183631443,3884.4751007548525,9.650043335591992,3896.2260158282734
5478,3875.4742520276004,3886.479847826535,10.071983364364716,3898.1415526796045
5590,3965.4038295369282,3975.3336919899975,12.830463333271492,3984.7460424051765
5438,4099.065512473319,4107.611542085412,14.335038889734838,4116.882486545586
5420,4103.470865710111,4113.3603114455045,11.894666892616666,4143.749705390852
5470,4149.865075070773,4160.187799914298,11.145987190374635,4170.770637670882
5488,4189.336539617796,4197.579299934448,15.129311953277952,4206.6698741307155
5598,4322.764529534373,4332.262035402567,13.176070284379099,4341.01351928801
5596,4424.9578176827135,4433.627619724647,13.911415761957572,4442.4995311098855
5354,4458.92040841145,4468.099036761329,13.879352543075251,4477.83959706268
5490,4510.579636687166,4519.521608280617,13.538611919383879,4528.526759418342
5349,4683.681483842066,4697.331325718023,8.261797504082203,4710.978991493441
5356,4776.431451295323,4785.124939314253,14.041743520028513,4793.857608480972
5581,4865.123380412219,4874.602698658188,13.23872469242173,4883.911168671795
5435,4908.822889719842,4918.086173281404,12.517116096901242,4928.84132731684
5340,4961.926334358965,4972.228791592442,11.86468005890192,4981.900931597643
5359,5091.100632880568,5100.436542743773,13.100183661230739,5110.887776066348
5630,5135.186335821372,5146.007770124846,10.759284546163824,5156.541464171762
5583,5170.748771442933,5183.3461719319375,8.843733045316355,5196.828363851804
5361,5405.941658676042,5416.320774522733,12.278113802087875,5426.47776489337
5600,5410.744649854124,5420.447839596289,13.398303868512707,5429.73188294956
5419,5449.201675078588,5458.313782906241,13.167930770986986,5467.950268617547
5347,5453.906047061178,5462.556104704471,13.875021001181313,5495.370199127955
7613,5514.872888620774,5524.437276152376,12.33223065022426,5535.519341253125
5475,5518.43953101149,5527.482416479519,13.709609746200112,5583.370309823192
7493,5586.015862690247,5595.196932330947,13.555184909311711,5603.921133546992
7616,5673.043759723672,5685.1707883078325,9.585351646708782,5697.3388034481595
7486,5677.76069717214,5687.27633772624,10.170446239540361,5699.256607095508
7438,5901.0137352343545,5911.08579002692,12.15085652125545,5946.1758229999805
7478,6057.314806554994,6066.578270349219,13.502382457616186,6076.848204660875
7489,6081.365809203343,6090.449696403718,13.22397022657079,6123.338529190821
7476,6227.344717791531,6236.290341555523,13.706358280210585,6245.256587304063
7474,6311.3366646266995,6320.491422908071,13.351953814644022,6329.489960163701
7490,6326.054798617124,6335.345102500407,12.434577464794973,6345.607782923531
7481,6484.073614233776,6493.5137085695815,13.105433596395557,6502.639813063921
7746,6573.05452092929,6582.575802387663,13.491865214595489,6591.528168299697
7416,6709.133420711969,6718.597636006463,13.815448037883685,6728.821527531368
7484,6711.159353591083,6720.328512539107,13.877109270770138,6753.005257873722
7638,6770.098016105042,6781.399786702764,10.770129026377937,6793.746584603012
7622,6848.15894632469,6858.052713982575,12.909679786104421,6867.460682147099
7359,7024.06568245599,7033.365185311866,13.338156945530374,7042.101459261315
7626,7130.619031642293,7138.240661489362,15.282497413393196,7145.921322653354
7334,7213.91662163684,7222.3061697927105,14.494756562965733,7230.576000635313
7329,7229.613570602949,7239.241604974533,12.209296231878236,7250.398796265002
