1222,49.161515909132596,50.37534698479346,13.216298196774494,51.5767714184615
1242,126.85795854152495,128.10722769504326,11.847980306435353,129.3860445640768
1453,254.22860862245125,255.46048804435378,12.57591388191897,256.71881727227736
1198,273.4745325033486,275.0233394914929,9.808916932986234,277.57757509570007
1459,343.0172078598558,344.21441880684586,9.939276394692556,347.1313420469543
1190,398.2431964079806,400.00134922912144,11.437001911178513,401.30525466146884
1458,520.7911544662953,522.1782626122699,9.235164447259333,524.641895492801
1301,543.7293895167404,545.3010417848627,11.96836965677747,546.5572420495499
1244,545.7524935301838,547.0826538034316,9.711122641580257,549.5918820095434
1279,726.8054555299123,728.517802754436,10.800212499906152,730.7295099155999
1375,768.8957914666792,770.504473239015,10.925972395483708,772.8297104142625
1227,903.7567886470633,905.4132811731438,10.519948702218876,907.9115700034521
1272,1204.9065698757638,1206.4875072992143,9.828170924997224,1208.887171160756
1455,1337.5831443403463,1339.0340203503686,9.925826475992947,1341.3303015809236
1385,1339.458239831259,1341.0176020647014,5.997676665361045,1359.8041053451595
1196,1363.1887306114916,1364.5025366951295,11.887625765709833,1365.815605917824
1684,1398.9277937052627,1400.5087946289311,10.994315250195937,1402.947983515051
1694,1497.0161328169195,1498.3820969665683,12.88303367526301,1499.5909956963303
1237,1639.577283844251,1641.2568185130906,9.970998418071094,1642.7019496090454
1456,1784.7868730094506,1786.013834246272,12.045746346450159,1787.2736894135433
3302,1917.3400375973479,1918.5028765167347,13.42287516059453,1919.6808340941816
1464,1971.5758739431758,1973.1263885176138,10.384221691936807,1975.3293971389821
3303,1983.72497281035,1985.3401407026192,11.665160294668603,1986.6710153762679
3370,2051.9758776377257,2053.1335457617033,13.576181664589154,2054.2816589936933
3691,2208.5635855431137,2210.034918999854,8.848112169608616,2212.6686591361663
3279,2345.7235488093233,2347.0837381096894,9.556365206488177,2350.089175558437
3189,2523.60717340446,2525.2555698780106,7.436538608727849,2532.347161722382
3216,2568.6991352001005,2570.271379297329,9.936867568815051,2572.8214253504843
3226,2703.731803173643,2705.272733091307,10.592524265093424,2707.8308672976227
3451,2867.8514829523674,2869.235795443458,10.414605788602133,2871.6266977190185
3377,2869.702861065267,2871.1584947629176,6.8449950697391255,2877.299221345571
3366,2955.335860861985,2956.5023927839784,13.780520322133537,2957.6479263761235
3390,2958.9988810265695,2960.2829173365412,12.443569080126204,2961.537375746971
3258,2976.638358760226,2978.2954195152456,10.305598198922354,2980.786476123259
3389,3034.8756954982987,3036.1553520763828,10.10906983722412,3038.8182288492176
3257,3153.7120672768965,3155.2665268530573,12.073420234680235,3156.5258375622143
3194,3155.9702327717023,3157.3172342195926,12.960911313335119,3158.519725930543
3229,3243.8309196475707,3245.302190951835,11.02927509307665,3247.5846189208273
3300,3471.1157471242564,3472.527146772668,11.880003586603332,3474.838351052999
3463,3648.5743192578866,3650.1641394139533,11.49348581170961,3651.502365353293
5379,3763.8009150179396,3765.286086950036,7.3453791948802065,3774.241029986001
5384,3937.5738136306354,3939.1017151032606,9.651228221112039,3941.720359525479
5291,4008.5010766331957,4010.0486861146874,9.635114708086551,4012.780048205122
5228,4098.535782540255,4100.063132484474,6.414636002788852,4119.6158185084805
5272,4503.6564230290705,4505.327915757801,10.676659922106884,4507.75230071986
5257,4626.853268982902,4628.138907147545,9.149596906554263,4630.543645600434
5283,4683.6819939672905,4685.403876818451,10.993343252495661,4687.760480112791
5299,4863.547462661633,4865.196204894865,7.089797528509497,4878.52677949548
5373,5104.926055191842,5106.202544231397,9.642677917879821,5108.614929674752
7378,5647.01062876374,5648.420160436645,11.107313557415239,5649.809877550876
7370,5718.691533507932,5720.196339276163,11.477217909290669,5721.523859128062
7268,5856.089226342583,5857.486994015239,11.758314254266537,5858.781056004845
7189,6123.8035533873735,6125.372334830708,11.302438842400376,6126.63116644696
7458,6195.882748901607,6197.197165155124,11.795777562363543,6198.4979067879085
7269,6244.911413952787,6246.1923266318045,10.061881774130189,6248.824008535671
7293,6258.597776424623,6260.290728860442,10.905165611127197,6261.6458753025445
7450,6464.151622382662,6465.367943256589,12.052909020883066,6466.72343373645
7306,6663.8295970536365,6665.417847030466,11.436699418719005,6667.745823510991
7217,6708.716918338833,6710.230745078973,9.678192717461993,6712.764086621232
7265,6843.963695968486,6845.539982541943,10.871873736022202,6847.813184925433
7451,7001.267242248,7002.451736664769,10.326855652047652,7004.898263805088
7457,7013.795968746493,7015.1889180370545,8.39666133867138,7017.362843995248
7235,7023.771699005616,7025.419647378108,11.106477549783337,7026.820784497344
7381,7093.191365890887,7094.374765956845,13.458800290112919,7095.558594041247
7385,7176.738119910505,7178.052556525452,8.98815964765822,7180.868531123671
7229,7248.638667011682,7250.280829832222,9.945709597140711,7252.64677078975
