524,300.17002829744587,302.3890303017559,9.63120575578713,304.75566147383296
446,336.5561755342452,338.4744899927147,11.829247285944101,363.4456163110022
530,836.2177783115765,838.0461657890432,12.727299040472912,839.9287263629018
458,879.3531291742224,881.009987028723,9.577877415112988,903.4210319463201
742,1173.577117425235,1175.1676541608472,14.76670598209606,1176.7416689040974
450,1506.8746806942029,1508.4841147538336,13.601240707031774,1511.6582895303777
528,1633.4561033610482,1635.2792640515336,12.646584707347634,1637.1415521891374
543,1696.512391214094,1698.5169132131539,12.2627863977361,1701.6015995409919
752,1872.7154835245071,1874.5171705818232,12.242544831135872,1877.874076758864
2524,2330.516787858106,2332.017267994548,12.503386185861048,2334.830643675785
2445,2348.4232419428845,2350.4726593754717,11.779243971077593,2352.4784551011967
2533,2411.485813004728,2413.2456849839746,12.47178369970628,2415.9182867810637
2523,2655.0238418446243,2657.230611572706,9.676843344260462,2660.4628470344305
2450,2817.3182139060063,2819.3232593192356,11.51187730062129,2821.2878426134093
2521,2858.0206112885103,2859.6227241131196,13.883376917869443,2862.7008266993253
2531,2886.6700631888857,2889.001839272538,9.440699440291024,2891.454829019333
2758,3220.6171381636655,3222.3613630224986,12.680100619160626,3225.721670414737
2744,3226.628263910413,3228.5218623063342,11.190222290825147,3243.4831351599573
2731,3312.6498977386004,3314.4270779549483,13.246999869502309,3317.245591445712
4547,3960.6316428395967,3962.233297710305,14.64122012909672,3963.880768064898
4529,3985.8740564468953,3987.5962005165325,12.958458418332492,3989.3361892673806
4526,3995.303533265138,3997.244070345527,12.465887842170986,3999.2171144386407
4455,4014.0,4017.031113574368,11.633826261251716,4020.57016444142
4756,4306.760174197056,4309.201901431563,9.914719772217854,4323.620771730568
4522,4875.687635725158,4877.426573197714,13.421365205229742,4879.134441703804
4544,5406.337029826147,5408.0703872866725,12.95494758836251,5409.884418625017
6542,5484.253622207338,5486.123002309571,11.748830015766643,5488.826125378227
6525,5900.24631668282,5902.241112627553,11.690170325676783,5905.525459344088
6526,6098.564348558478,6100.244185921811,13.537770112148872,6102.8663114478995
6524,6279.308947442186,6281.119273552181,12.304357930605802,6284.049235535377
6527,6750.739196635488,6752.229648515915,15.49288482401099,6753.745318216743
6755,6824.539078434458,6826.504998467541,12.3291836769274,6829.731863537747
6544,6938.38977347371,6940.113568277961,12.756220388184909,6941.899826265699
