1585,317.718459070978,318.15643900436845,11.405529602127292,318.82917727983966
1238,496.9093910318818,497.26304816838217,14.491548449387368,497.79252480382723
1573,764.7504769266985,765.1372090212651,12.652623126890783,765.7436395012076
1398,771.8886449939648,772.341729280129,11.27323153294491,773.0223370658709
56,1142.8584467093176,1143.2656970371406,12.421636031099267,1143.8834044225578
1249,1209.8682411672128,1210.2101075715732,15.06375229533475,1210.7194717834202
1000,1295.0019230633309,1295.4476031380848,11.37535444087485,1296.1172707619348
1260,1574.6344035310892,1575.0212877199017,13.37018024911241,1575.5951720036142
1810,1584.1137536788337,1584.483149379947,13.724493279918132,1585.0447625612371
1822,1673.8468555009474,1674.2216448828697,13.712454230611963,1674.7812045493108
1033,1741.857639296793,1742.2920977339302,11.709695172586601,1742.947361274294
1415,1847.1610709276024,1847.5829041944448,12.018418688289035,1848.213937300324
1255,1848.9647058370533,1849.4060639239028,11.46872552003935,1850.0762980490858
1832,1853.0817626496964,1853.4947399132088,12.27614511860659,1854.120861772937
54,2013.6831002665738,2014.0848723272538,12.794424732180806,2014.6845816909793
1824,2044.085813450191,2044.5344667060017,11.299971084352498,2045.2130899476529
2206,2286.689647687346,2287.0685114506546,13.097365471472319,2287.654349597424
2054,2370.901354736923,2371.2987210668853,13.052307026164494,2371.8865816113844
3808,2933.822153253344,2934.219918095979,12.745346838798238,2934.8219367316756
3835,3034.989449390785,3035.4519639532655,10.95313644007753,3036.1511320614513
3830,3220.624614935088,3221.128991495747,10.252437717979268,3221.8773926591025
2756,3271.919483508319,3272.3066117302938,13.117566862454785,3272.8915476712214
3003,3541.091841352417,3541.5118040291677,12.071950909506093,3542.1512571269845
2749,3634.6676382051596,3635.102695549782,12.40780470605255,3635.721091510804
4454,3841.119686692591,3841.4957075478032,13.482679876114435,3842.064440068146
5411,4181.817283565777,4182.164242079598,14.784494726893023,4182.683227439404
5552,4283.085586264931,4283.536991652575,11.231077333915469,4284.237270059382
4051,4362.832160392931,4363.199015952563,13.811292078103813,4363.7545712381925
5564,4464.792816945689,4465.215321638282,11.850356798192168,4465.862807317071
5797,4469.872182286383,4470.297598079185,11.8037686657602,4470.947639310307
5029,4528.87996840258,4529.242821757085,13.699774520250854,4529.802899319239
4996,4620.177690113023,4620.5302208071535,14.381070647075006,4621.065572451007
5575,4820.748772600359,4821.1683963861615,11.928006797452912,4821.811667005106
4070,4825.788762855501,4826.242016106915,11.275309048335588,4826.922523956632
5400,4925.699666242844,4926.069537606324,13.656300259860556,4926.63139815196
4743,5067.84685168957,5068.181684017076,15.961005407279167,5068.662414154031
5017,5260.727633383116,5261.116330392158,12.5751334656456,5261.726497778161
4206,5371.825905507023,5372.265108623037,11.156776439601375,5372.952846372101
5548,5449.115912266448,5449.485808973968,13.705904146975456,5450.043917036901
7024,5710.774093920085,5711.189586708871,12.3215397619231,5711.812312152576
6734,5713.89997614991,5714.254652319283,14.18989281269165,5714.795384826333
6752,5796.875817168274,5797.318711223894,11.201265832957812,5798.003509248957
5572,5801.219285384786,5801.564103375552,14.702738700772644,5802.093555048372
5576,5812.910149992939,5813.389393915252,10.47547773264057,5814.110879705279
7021,5882.868788491216,5883.342093267053,10.614302883512032,5884.060132703013
7017,6611.610258912415,6612.1097682777245,10.320946673727041,6612.853201662077
6462,6633.549007222305,6634.019005261775,10.82006286804519,6634.728144978332
7402,6709.827717922306,6710.223229623002,13.219711377427886,6710.803645949525
6742,6782.901930234148,6783.315106696538,12.397893473554971,6783.933997021071
7028,6973.715352390551,6974.140880505304,11.612298245761917,6974.801639999504
7020,7059.125397902238,7059.455198205663,15.372238184503956,7059.954340635235
7813,7179.674323466732,7180.157220190425,10.49337756475659,7180.888437214498
7398,7245.653027435265,7246.055507603458,12.994240538935477,7246.645995080767
