398,142.92597719557264,144.28807851506573,12.92967995329442,145.64486441399157
350,1671.711282226834,1673.1177526554568,14.50502838881582,1674.3358195848027
366,1673.6561296232796,1675.1527902619262,12.06790176313919,1676.563989746866
2378,2055.8693074174776,2057.155651664277,15.105798300456735,2058.310393178077
2335,2394.85825826154,2396.044178062365,14.756537196069301,2397.2166270925163
2367,3110.7479352272476,3112.0982575234884,13.406947976934719,3113.3699402377674
2308,3653.1211552629265,3654.559260487403,13.020580072871896,3655.892165117394
2327,3656.5721937960766,3658.1061040163854,10.936989152127637,3659.623325670619
2363,3666.7579440437034,3668.2196182212565,13.166590359708069,3669.5689302225246
4334,3829.4027667883183,3831.00191081956,12.042549882477969,3832.470459050677
4302,4459.667983415022,4461.320329904252,12.92446400750477,4462.609034642589
4340,4549.688551745955,4551.335132315333,12.792148512991632,4552.6275944967865
4324,4557.595138148057,4559.135980797226,11.4555245076163,4560.623789448394
4152,4932.604330429892,4934.0395649219245,12.251128710713349,4935.433693572318
4394,5269.4015063211,5271.172438368803,10.996385723070462,5272.792694787049
4388,5476.495233999233,5478.199249139661,10.571542239155026,5479.778104306422
6356,5649.174868006502,5650.434763543616,15.039448788079115,5651.591528769283
6309,6894.71813767691,6896.032183008188,14.022574670783863,6897.264856057575
6389,7159.426504146082,7161.064054394157,13.661637096891623,7162.346478674796
6376,7161.537609380581,7163.059436334587,12.19747660516468,7164.4817630673715
