99,185.36430467350647,188.00801947691647,15.22674452672532,192.79069978522838
321,230.1307461523705,233.40137949643744,11.258361729617414,241.40977432368652
108,305.1547884966834,308.14949363126124,12.550534116913129,315.5200323201455
43,328.27841560027827,331.4483196502758,11.383274278974012,372.6357459804995
1,355.7890715523521,358.40398565215935,13.741018969459164,374.8488957181845
152,597.2324603588991,600.0917561181061,13.06217707727949,633.466461709315
124,680.5631423322088,683.366567830299,14.703755083174599,689.9516479021809
356,772.2621028589883,775.0075818475119,13.135912969181218,813.514236000764
55,874.1575669226862,877.0648699195642,12.799832113407959,905.4307997086547
50,976.7200372242918,979.3960807383669,13.28706895175471,994.597027362768
141,997.7681678429724,1000.3857840311548,14.04768801884042,1005.7984001834512
20,1209.8063096977319,1213.2759763081142,10.972488506515216,1220.9965816338447
360,1311.06685988557,1314.0407284781302,13.270958192253232,1320.9350874137197
61,1328.657890013971,1331.2469453093722,14.88885687749663,1356.2192605187952
128,1493.1073428671878,1496.0023809005822,12.440747017673774,1502.9216654349555
325,1582.7273797692983,1586.1076722813611,11.668192115667297,1593.8282869304394
65,1606.5914927795807,1609.4787817749307,12.865435363203446,1623.4213273999435
127,1760.4218103831724,1763.425618788578,12.891903140407944,1770.7881499381858
95,1766.8470690254017,1769.523417915004,13.821470092241292,1808.213609474329
74,1770.2036504224714,1773.2032335981748,12.236884780849692,1810.1916765024512
2337,1947.0450954645003,1950.4611723708265,9.987618531665417,1985.4549631237492
2035,1949.1072730654157,1952.3817999724124,9.926635131253242,1987.887848036562
2015,2199.4798276861693,2202.5077106681892,12.1635909404856,2209.953231867108
2126,2480.087412988981,2483.21063389368,11.961207534166661,2491.206348306572
2153,2577.3755511239665,2580.287540181447,12.04120884932469,2613.603809645942
2325,2661.788271568871,2664.2809653764184,14.608774362298687,2670.7982169819393
2081,2670.2100763274952,2674.084408677564,8.780090059440502,2703.308632334947
2001,2712.8069938095387,2716.217721257784,10.779046979413998,2723.1464740257043
2095,2757.8339754423096,2761.0450495096284,11.13697734889651,2792.9946747525087
2064,2840.203047897045,2843.002772108824,14.073772933254803,2849.901292888411
2117,2848.70387781791,2852.3159949523315,10.291403888412948,2884.7817760777007
2132,2850.659499715976,2854.242470401698,9.996864524493175,2887.3076340582916
2085,2874.3099752705207,2877.00433917504,13.24055790588571,2889.4556261903153
2020,2990.186061771394,2993.4315380574835,11.598557081186195,3000.0910440177577
2368,3020.6275753922264,3023.5284753769492,12.613691534822772,3030.413260129757
2324,3022.514428503206,3025.265490455645,13.682431719025933,3063.5380448252977
2014,3207.0492645976115,3210.0357237194894,11.967732294352885,3216.945128694722
2340,3294.5525123055804,3298.095146899371,10.563904172752304,3333.721758587579
2086,3369.7103220212425,3372.3871448820246,13.518564227330403,3378.8060963241123
2093,3387.1403655344047,3390.005287315346,12.956448681334152,3423.46832008532
2029,3414.235440964599,3416.54435241153,15.759444954262504,3426.063986690261
2356,3470.5755043956724,3473.5504242244265,11.76061556902607,3480.684022279765
2315,3472.450337031769,3475.4476200338413,12.636021943895058,3513.2853085059255
2052,3477.404377837517,3480.3000674386853,12.943532811913604,3515.78141044613
2069,3500.5055117813827,3503.285181232285,13.245136160356868,3517.816702672396
4151,3929.5492475070714,3933.30665515356,10.022082592124724,3965.594441934488
4052,3993.4002965319937,3996.462854425329,12.211241145052393,4003.658154237055
4036,4107.515659379542,4110.481184721526,12.230913121077371,4117.773070968725
4125,4118.510239256484,4121.235282750082,13.823893128483105,4143.043499394672
4108,4286.841417412265,4289.555153291644,13.741050406788188,4323.3197757075595
4059,4392.8688668004625,4395.461390162909,14.552959640665211,4413.602491915373
4027,4467.621424159569,4470.2655495580775,13.262407751462362,4503.1142130841445
4071,4469.342232657034,4472.005932249205,12.865673159761828,4505.453728448052
4119,4690.701927206999,4693.04605611445,15.189839902784959,4697.841684177801
4140,4746.1095497040415,4749.462164980338,10.975254025059286,4780.726768288879
4361,4825.686406098659,4828.176550165075,14.143913767242832,4866.171692480402
4090,4865.616351649259,4869.436586993341,9.212800995243406,4877.047159665979
4031,5008.236179828765,5011.370111482464,11.212925695577834,5018.858054486913
4003,5045.451696483639,5048.327532366384,12.383713103364546,5054.362461281169
4094,5098.763411639348,5102.324415446877,10.088023890703612,5109.962305104148
4038,5100.6164037987155,5104.18262381358,10.640948391635119,5133.0073956658525
4092,5186.407361861706,5189.10156299492,13.269180804432107,5195.89747451371
4025,5188.7272425548035,5191.52282680881,13.532426793890494,5223.6028594343525
4043,5270.448426846687,5274.004967127227,9.824100127052127,5282.675505814836
4333,5364.242469991496,5367.374216787429,11.767880832350194,5405.949758128508
4308,5452.991752179065,5456.177221513141,11.530504988017697,5493.415784811102
6047,5457.8770140256665,5461.136552385028,11.776722590835845,5496.044805657733
5997,5460.1406036064345,5463.316445414055,11.682494124436714,5498.308282358498
6049,5461.907205189668,5465.070949449665,11.881422206689438,5500.490739915876
6142,5495.193796050517,5498.096410105783,12.381844217653121,5504.665372350576
6116,5540.740405491306,5543.580609804615,13.294294398609162,5583.413853185134
4358,5544.599304627368,5547.350192083183,12.9574596583634,5586.108246828338
6025,5546.647157187136,5549.366389002188,13.981144604112519,5588.282119270838
6115,5726.765210554794,5729.3227680239,13.969620380151293,5765.892970316743
6066,5729.381092818292,5732.430884190163,12.370882819157865,5768.074442387225
6348,5900.404920607935,5903.021652553945,14.965151391474437,5909.606620081898
6024,5906.378070879342,5909.0103086407225,13.987766821353333,5943.354784236727
6352,5990.24006360869,5993.078310166619,13.509229172885252,5999.749036631916
6035,5997.095674834751,6000.02675731814,12.26598454009586,6036.3784714914955
6128,6182.696789189968,6186.14909577525,10.890170985364387,6218.084120715679
6119,6215.349419557968,6218.240714977201,12.142817721309056,6224.264433834071
6349,6262.274939712718,6265.099478468278,12.903891219235772,6271.8272301299885
6059,6717.483383872532,6720.288441403608,12.906343912667804,6753.706317209259
6353,6800.331821497774,6803.249938079645,13.164006480832105,6810.346633732838
6342,6804.1126293222615,6807.278052526627,11.649107050430475,6846.442310552692
6030,6808.263735600374,6811.348157924037,12.273889794768426,6850.642131705753
6093,6810.175509473419,6813.192688740766,12.097979942459732,6852.506541242494
6299,6890.022069677848,6892.633688097018,14.118825231840718,6899.672653099355
6310,6980.424949428815,6983.526822728014,11.716319750330282,6990.946490444285
6121,6982.524644062821,6985.446979822355,12.93665695227813,7023.30547825269
6120,7070.553910353406,7074.081153594369,10.106050090502166,7081.893676014512
6318,7072.450699205925,7076.039425075581,10.322117259465658,7113.405564425385
6057,7076.619758852996,7079.442961219108,13.321560949169127,7115.947209338409
6003,7250.511814110952,7253.295104430055,14.142161935313718,7260.3179255984805
