321,183.5975359222176,185.0891510077814,11.576872868077533,186.70630401424623
346,275.81391638976396,277.13306387222286,11.170660656302116,278.72495744479943
1656,500.1177555758447,501.3879343276115,11.487805072637492,502.92900882113315
1457,507.1943200790178,508.3967999170233,12.730540817127515,509.8985065660077
124,649.2742056864522,650.2441191827628,14.830564172527039,651.4674111141114
286,688.3449867023714,689.5104251236755,12.725078711118574,690.9612620172513
356,724.0016913337325,725.4467150871762,11.06976359072378,726.9327784231567
1076,773.6976503361324,775.1328445959783,9.909391648781991,776.8989013704058
121,947.7172861068116,949.3582791770093,10.359837447571834,950.9304379545282
1890,952.0332927647111,953.2692203325976,10.843637481915415,954.8783621188151
283,959.489680578697,961.0171732352418,11.295651613365317,962.6376969011616
1055,1041.9776141207892,1043.0865060866104,13.446496501607156,1044.4180637155407
293,1140.5536332563115,1142.1656688344237,9.944616415926847,1144.0139380504372
360,1263.5456423991918,1265.0008808789394,12.58894826618354,1266.406484184356
274,1353.7037367389582,1355.3210824037565,10.541091660367778,1356.8827000221943
1079,1581.7868133505988,1583.0697454607082,11.08262450992984,1584.7170271134048
330,1713.7455720081598,1715.1022401414336,13.328881248412646,1716.435306205214
2354,1895.7214570382516,1897.1381824605396,10.978668200956376,1898.8313044413858
1646,1942.1868028072101,1943.4430332171817,11.330372670163033,1944.9662814817223
2348,1983.6108716294593,1985.0549375277665,12.321970347036832,1986.4590451964639
1078,2120.2826780590917,2121.5340044835916,12.747034827616194,2122.9338378209222
1669,2302.0033731376843,2303.1752120599986,11.662411771907271,2304.66251258694
3643,2304.0022283200474,2305.26601556365,12.241484303350978,2306.785247462763
3076,2391.820797462287,2393.0207754196795,11.482394250358315,2394.624688053629
2545,2484.3456638649254,2485.4964192553325,12.335288640443528,2486.9500281047726
3050,2570.232214161134,2571.454833614061,11.883643331840187,2573.061880392568
2325,2617.4757472041347,2618.5864521838143,13.590273032458427,2619.8665177065277
3647,2751.8886176636656,2753.0140848373576,13.160653388177883,2754.434864421649
2793,2755.801370459318,2757.200815180364,9.721399223911321,2759.0188286388066
3901,2840.1638817194143,2841.4932979749883,11.126222898850378,2843.1127957048798
3078,2930.10224577091,2931.3612059409684,12.414846769374384,2932.791081194257
2324,2976.793627455388,2978.0666528212814,13.184649315870798,2979.4343748384404
2349,2978.9752349515948,2980.241843119019,13.090315339440124,2981.602482565091
2795,3109.880077489883,3111.0650517122235,13.389914566821234,3112.4122139829683
2520,3112.0242937995745,3113.2599041036906,12.056182260745386,3114.794078822731
2804,3292.0670749551964,3293.358688125806,12.838078566482764,3294.741668642155
3645,3303.1631646530836,3304.434533073033,12.781472625607433,3305.8157613931135
4355,3693.7255321038565,3695.247813518038,11.374075439921665,3696.8528192867498
3918,3740.021680095447,3741.3546393774063,10.695635466122164,3743.041816389807
4346,3783.980952207144,3785.431951509254,11.108753846579008,3786.9334428667134
4347,3873.7741344773353,3875.29691484786,11.00688528430522,3876.787806372164
3890,3922.0555740727636,3923.293783626041,12.6491008216869,3924.6736625401
4332,3966.156140655959,3967.4519565769706,11.548938288093392,3969.043043344067
4337,3968.2023514407465,3969.4946989319387,11.06801205471679,3971.067701202007
3648,4012.26291666194,4013.4887636240815,12.821814325202567,4014.8866107740073
3656,4014.1990695240106,4015.364858810932,11.89580464195323,4016.9243820915744
4291,4146.060461845021,4147.328780810698,12.470727495035446,4148.662828648381
4365,4237.866232762119,4239.000809155963,11.769536849596424,4240.511705844443
5650,4369.927388128334,4371.197153552041,10.803060261911384,4372.837967926583
4356,4413.719860702632,4415.193227230641,10.289016851601229,4417.017565021647
4114,4578.514591083333,4579.572747983075,13.397127524830125,4580.9243106817585
4289,4593.493070716964,4595.012380948159,12.383130846395211,4596.457086098698
5055,4642.054955491251,4643.205794211275,12.478591035097956,4644.669899004026
4799,4734.207063348976,4735.219607730944,14.529242489807846,4736.497039005399
4277,4735.904198584747,4737.041606706325,12.830150450112628,4738.495039791106
4530,4737.967508503971,4739.062231536608,13.186374622347783,4740.462064983724
4361,4773.84726954895,4775.244255650044,11.975387496428027,4776.640449596001
4351,4776.250738203641,4777.537249027979,12.382021577441995,4778.951646423015
5665,4823.893728930176,4825.0507724321205,11.429576972555472,4826.6102903641795
4807,4914.140162811558,4915.351810037936,12.299027234719222,4916.820946631891
4283,5043.768049189021,5045.147310868392,12.775469538849922,5046.558216504405
4325,5313.878721805023,5315.245667556479,12.57031559098221,5316.750254611162
4308,5405.819683167267,5407.14846715772,11.61732522171176,5408.702948936638
6116,5453.262418515582,5454.423695109092,12.681531433606285,5455.868152528094
4358,5493.909041649622,5495.324168016658,11.378566761329774,5496.8077722794205
6114,5684.650848693349,5685.630160523656,15.077905391734781,5686.8577428583085
6343,5763.643489907095,5765.123637623159,11.380153287985765,5766.69081881403
6809,5904.089055677184,5905.246151120035,12.900265628636175,5906.676643168581
6352,5943.92258634629,5945.43370101086,10.906461080526931,5946.946577109405
6349,6214.078510234641,6215.493400705277,11.216017082499677,6216.92875229194
7051,6620.033980755147,6621.238371009712,13.242514065194042,6622.604522484582
6122,6622.410051009509,6624.058836167834,11.228069848589959,6625.632542237268
6275,6626.352597067301,6627.537031470279,12.331401720975697,6628.976917891694
6353,6753.61498097613,6755.129582054289,11.171452378143409,6756.645440573513
6265,6804.209058201754,6805.28798725625,14.536905444612003,6806.607749535624
6107,6843.905393702616,6845.3249649862655,11.527702069044928,6846.79673347527
6310,6934.086427210422,6935.514036113016,11.191844063120234,6937.084275080459
6797,6984.25684815057,6985.545646121555,11.400034347997268,6987.147762486112
6785,7070.0492000930035,7071.288052562799,13.03253588772823,7072.631700484949
7455,7078.874722621766,7080.249411922473,10.481284145957307,7081.953475682203
6269,7293.578200007268,7295.047707755939,12.50349556754574,7296.473261711066
7670,7341.761903907535,7343.066933613153,10.521612881025208,7344.801490013024
6811,7522.373936039237,7523.557475859992,12.730305640847327,7525.0221382600785
7921,7700.208580748501,7701.417554359415,11.59077244548231,7703.028616768512
