217,611.346620521501,616.2989361044395,12.025722797155025,621.1735430682933
68,828.9895788724167,834.0765421171126,12.17598787119229,839.7958456255421
72,1007.6050608601631,1012.4520799777083,12.249298562927843,1040.7844335883847
67,1084.064431482423,1089.0542270317753,14.588606715929965,1093.9261337520522
58,1086.1743611233237,1091.0745056150586,12.751235004754617,1128.4771084339925
62,1271.7524452009907,1276.2983884134098,13.545787120999988,1281.6266891971843
66,1630.1226574201885,1635.27655997816,11.319718641962513,1640.9872202345252
2061,2707.9037639460826,2713.202021933373,11.218097672302823,2719.5968952712306
2064,2977.4577522672294,2982.0399214469685,13.921884500589771,3018.219594428935
2059,3070.782676148805,3075.615623880022,13.603932630030368,3080.947499413524
2053,3703.660010188302,3709.2727697515775,11.132359967445236,3715.490154025756
4068,4327.645370647406,4332.323899522247,14.703822691687634,4337.2979100734465
4055,4422.082553758349,4427.4491137470495,10.95021353209255,4433.706046184821
6046,5685.84942789036,5691.261880878482,11.011289338340845,5697.480662913594
6044,6033.752408269152,6039.373908620347,11.62384255342308,6045.628259102268
6062,6303.818303864037,6308.516487236407,15.783085454065866,6313.469121740194
6055,6305.772072671208,6310.436050688964,14.632550986096437,6348.078839980806
6201,6364.413140033634,6369.0121867085545,12.704673314113144,6373.502909350126
6207,6633.743195904584,6638.3067336826425,12.673952962204417,6642.833378899541
