1792,487.39747517164835,488.16919964482844,14.407909623512724,489.0580657394168
13,675.5578358524355,676.4637443009373,11.082595352058968,677.658515511524
1275,684.5181037407143,685.191563277846,14.925770593832006,686.054153925698
21,774.8054909886391,775.5618104696254,13.292086846228928,776.5650046853201
109,1039.7983375775366,1040.6052265261035,12.910204050943497,1041.616090092873
1276,1045.4999656588636,1046.2433940955873,13.347335487324475,1047.209670091163
1286,1107.2803229198673,1108.1981407904268,10.748177231157003,1109.4048241595933
1195,1291.5759815338236,1292.4794406939964,10.531324519446983,1293.6534086769518
259,1305.0,1306.409918775482,12.346548318401428,1307.4634092628091
1289,1380.2913444956907,1381.0371149186117,14.007000081920815,1381.9554516980386
1294,1405.6762673857809,1406.3667926699068,14.30126662170908,1407.2734728871742
105,1554.7761966952457,1555.5458311158955,13.055043663826373,1556.553083220125
103,1580.0701281544996,1581.0151053058248,10.085022834035726,1582.275203433528
91,1643.0,1644.5928899025976,14.032194027114036,1645.5356478795163
248,1847.1519746021459,1848.0318871583447,10.61815133554165,1849.2367575253045
95,1915.8889396822112,1916.6064541664764,13.75525198835887,1917.5693482481668
8,1951.6367829775422,1952.442060254766,12.249412294223282,1953.5285701843036
2250,1978.1857883331336,1979.0567054200017,12.340093158498142,1980.1092871883704
2258,2066.721515463595,2067.459715513687,13.328811833502442,2068.45997436562
3563,2336.1738674584153,2337.175582136793,9.68750803327282,2338.4817646444762
2101,2485.667460217369,2486.404262231978,13.223975532313789,2487.3758350622165
2252,2570.5121435262986,2571.356460614776,11.922350096221026,2572.45745983863
2163,3203.122966618981,3204.128921431366,9.714138172182652,3205.3820121187687
2190,3464.685123671835,3465.4911155386117,12.263139197596239,3466.497974850813
5641,3741.5472398350926,3742.5904995281003,5.903337751416901,3743.6797107147863
4020,3824.255024188093,3825.108996152078,7.73594088383842,3826.6161568611346
4251,4044.563726374058,4045.3460309478314,12.574980379685284,4046.376629762695
4190,4140.6966625597215,4141.467786918471,12.560206632021885,4142.472754866193
4258,4224.542779998911,4225.312755825511,12.486773791885964,4226.342527844959
4186,4544.218018314805,4545.090083952381,11.450015000020109,4546.206188911181
4260,4636.279106282236,4637.113271679084,12.24806232569037,4638.1680871273375
4014,4642.090504239805,4642.920771041007,8.746732273209231,4643.978566461536
4091,4737.211165563298,4738.003732994459,12.299142077456535,4739.048445952196
4101,4998.293453096853,4999.252179393415,10.289815086988419,5000.519750531942
4102,5095.520611676726,5096.286651795093,13.09973348016671,5097.29119449532
4094,5250.198326547918,5251.123044860727,10.533473820753855,5252.353462352246
4099,5462.2427888484735,5463.037810120175,12.969976010844254,5464.0297298826135
4247,5483.455961954974,5484.185867555252,13.497083433587175,5485.1391479737795
4249,5573.5520893930625,5574.247900841741,14.080698319175053,5575.157479006619
5994,5810.106799535696,5811.043183932758,10.651396565865365,5812.255896286753
7282,5882.549649417409,5883.34941780522,12.202239526788475,5884.404554422735
6172,5999.057137106875,6000.143071539652,9.313480011544348,6001.502549795606
6159,6210.044334426576,6211.026861855117,10.937604898732285,6212.223107558319
7798,6289.609741893008,6290.456202685092,12.607408894443223,6291.411405414484
6176,6436.6690400545585,6437.429163151268,12.76555299476941,6438.431352501188
7273,6611.380247257137,6612.259844063277,11.481176187860527,6613.374576020538
7566,6621.789652721014,6622.790073410041,5.149310262699499,6623.8568746445
7552,6630.588869663029,6631.469945862742,11.781700870422124,6632.505905341149
6103,6699.389149892896,6700.1131893649135,13.574889466612454,6701.060346749827
5999,6710.643731436627,6711.476589525517,12.782956694605472,6712.547340306834
6154,6928.0,6929.562720340148,11.504036707959045,6930.749693079741
7781,6992.824452573055,6994.043649690029,10.324006601479832,6995.32112373305
7261,7257.429432693588,7258.15050077176,13.440400896219167,7259.114305157859
6090,7337.488906228901,7338.29947541027,12.280452933968903,7339.355225741585
