1711,32.163449154698476,39.52985984042197,12.266931045495115,49.065015935684734
1736,183.46537405766347,191.2221944560981,13.029087646292151,199.30996991045973
1676,197.2412133019489,206.30863187089548,10.54898867498306,216.29961346439904
1956,318.6816144735497,327.1046936764701,11.791282420205617,336.8925963867264
1182,336.91327888359126,344.4523597726295,13.165101793591868,363.24541305828063
1177,365.4355622024999,373.4735311869933,12.347058920629753,382.39655979420047
1991,410.58324872330223,418.54228530094355,12.09095193695465,453.2914287623239
1166,423.1384170344167,430.362019030406,13.207001306712161,455.57650462679806
879,545.4873090084888,553.0139206365118,13.404261316797676,560.833106328723
1970,603.3686587557261,611.1604490934579,12.328922078496884,633.4981225310313
916,639.7916153833361,645.3504659085078,16.84880160889999,651.4474401061038
1157,703.404150969187,710.395627976966,13.303778461157101,719.8070326403422
1963,863.0125223263174,871.339988485647,11.205233385809878,903.825745152517
1161,874.495048969707,882.1487878685756,11.709208194167358,906.6512108041856
1999,950.9366440282627,957.5796663107204,15.393081026909396,993.4225053879036
1974,978.978564940066,987.0290068808142,12.097458674532938,996.4295133279572
910,1352.9737323376473,1360.3255175090928,14.260521300170907,1367.5781959220162
1163,1355.236615022818,1363.0673129827462,12.24317521268693,1371.5755921249274
1993,1398.8231353208325,1406.5165840630707,13.171290949884538,1415.7653562385647
1985,1579.0308379233472,1586.5127916467611,12.900814586559749,1595.3432601805555
1677,1654.258447824549,1661.4768902708456,12.787822079029263,1670.6393309309033
1172,1671.0277002903258,1678.254617391424,13.020372234426533,1719.4414154626427
1156,1780.9118319123431,1788.406189747262,12.067336308924341,1808.1934843270217
1988,1786.169104876336,1794.3252741542938,11.361348426853702,1810.2407476313679
3727,1899.8772061405803,1907.1813892968223,11.691607222624427,1915.8970098090963
896,2009.8269619886755,2017.4737982445572,12.240646226836445,2073.1925733042804
3972,2118.519896419335,2125.49203732702,15.2210544130271,2133.9351524562976
3990,2212.1819907027066,2219.5237827737114,14.554042028093164,2227.8576692750485
3982,2395.4390194894672,2403.088403436545,15.086336107665165,2433.176593217142
3978,2749.0181975546934,2756.6192662087324,13.768123370584668,2793.7995295122228
3997,2774.1728217855853,2783.4662246827506,9.873681514346082,2798.7693306534507
3958,2838.8973522371302,2847.00615222481,12.276034001931555,2856.9961508119623
3968,3022.372449791955,3031.0036304541068,10.618311624685273,3040.99459484546
3699,3096.3214494090284,3103.1612308167378,13.010348098822998,3153.114850051758
5965,3740.983306121249,3748.1379441940103,14.038257073933055,3756.811808130252
5985,3923.9308983521837,3931.422645413689,14.440089812119636,3963.5863235355478
5129,3941.4492346338952,3949.5361255232037,11.095806891197022,3966.1223379611156
5971,4101.182324729735,4108.594712402704,13.402672416240257,4117.8576917554
5164,4120.015972419366,4128.0673055429415,11.412765981974085,4143.256834314007
5127,4203.387561680025,4210.294011905166,13.229077323515275,4218.898861296874
5967,4296.077001841953,4303.423054397105,12.922095268091063,4325.910598639582
5723,4507.778815338632,4514.435785013909,14.685276030744422,4522.238668594713
5124,4655.382378488679,4663.318630021011,11.609607175617493,4687.9678616725005
5123,4832.468832969602,4840.3482163679855,12.421719521327743,4863.25580199758
5968,4998.89783935141,5008.421424722573,10.54898223249639,5019.464620194963
5951,5001.447579725778,5010.333786059445,11.224382142329455,5043.349566530597
5957,5003.317895839737,5012.221009653827,10.203122215489662,5046.19597344276
5989,5093.006498151837,5103.373842375523,9.21926695816773,5138.154101000541
5963,5267.151528618202,5274.280287325012,12.665692920600703,5283.8970498400395
5144,5289.066875235061,5297.002929742347,11.575604652834091,5315.505559682178
7749,5436.672953411332,5447.088652107973,9.02967126395589,5458.821988903862
4902,5681.269100298498,5689.236740175525,11.238494813251227,5698.22337288551
7996,5723.103281483034,5730.096352116754,14.229517950926436,5763.765776389199
7993,5988.524742313282,5996.041348417662,13.945237019976561,6005.227109440152
7162,6078.872001139301,6089.085007452997,9.267617347949589,6100.79552174366
7747,6131.4690186803355,6138.272341351685,13.859938071074922,6145.745681567235
7958,6260.831246785942,6268.559941820393,12.886367950027264,6306.112097892059
7124,6367.152484259164,6373.598917127045,14.883168165149852,6397.438100406967
7981,6618.568599820669,6625.3851055044415,15.417167100052373,6633.646257400203
7983,6620.625056984397,6628.299804919005,12.536330855551245,6663.577565345429
7145,6722.777689899698,6730.170471845172,13.15136226548225,6753.173904808507
7961,6822.948722041804,6830.054367305706,12.70262405322404,6846.237488336878
7995,6905.8982085598755,6912.629266959196,13.85499465522078,6921.036416592018
7676,6952.753088217084,6960.326097549508,12.198798883474117,6969.560368805302
7967,6979.101312214905,6987.300097097143,12.01208991326773,7023.341175627488
6892,7043.384480826544,7051.549694002115,11.793086917510339,7061.8162549663975
7147,7180.643911723733,7188.232882724442,12.304499667898188,7205.959011066598
7163,7273.428531834682,7282.375889015702,10.112470446448938,7295.642461764567
7160,7275.381158385926,7284.228108806967,10.85544538281873,7297.654430059125
7997,7338.876512199754,7346.163235060561,13.488437506949666,7354.747976400094
