234,75.24848626547085,78.17221124529527,14.441218593396048,82.0241189915384
254,124.77811884002735,128.4362295851167,12.032583308823842,132.69297468781838
210,233.21321357045363,236.53443588980934,12.77025767152361,240.75877346293782
220,299.51157928161297,302.4257550540356,15.11174462415994,305.2096962573832
262,408.6256593935387,412.50485446797524,10.983625547410242,416.7123424547837
27,453.4118187021861,457.0905398629396,11.833943995310042,460.44866201451373
83,553.4162795573259,556.4737558233512,14.175423865935027,559.4393676338015
251,633.3222109174625,637.1784136358074,11.752465644370368,640.7175745110223
246,678.5484160263323,682.3368287498837,12.210471777547673,723.0892242978323
219,768.686006512758,772.4893469968323,12.53300041303231,776.6239952730187
34,819.6196455177138,822.5463598073977,14.031890241698159,825.7125454255685
222,993.5582019753708,997.3498418303257,11.413111794422228,1000.9596366942778
168,1128.5417870311492,1132.265298728386,11.567876326518672,1173.276612442433
65,1186.1209551012248,1189.3402278307542,12.368641700998047,1192.5222048451622
228,1200.6942285868065,1203.6170337386961,14.06353954650218,1206.4680461549501
175,1219.1842853240576,1222.3583455696107,13.11239495466341,1226.4991475104573
238,1490.2507601080868,1493.5439163240858,15.846087275845695,1532.8278851322978
187,1492.7756737324823,1496.0256648171085,13.018213000894683,1535.5629277851947
226,1578.6080055349867,1582.3862651669256,12.084312623809202,1586.4330863489301
271,1650.3099429587512,1653.38974745014,13.47301242963593,1656.3793179809782
231,1713.8325459992334,1717.3728147305767,13.700360773993541,1720.2897439064336
180,1848.4973638526153,1852.2978671518433,11.484091040804751,1856.665329035974
2228,1916.7902788753304,1919.5915011547545,14.336553070214425,1922.301773455585
2258,1938.3860142559479,1942.2199342510937,11.881166092489382,1983.2320103769669
2177,2031.0461189698192,2034.5090361559392,12.587788821313424,2038.6995783549019
2109,2081.487910925379,2085.5231527820433,10.641751853237071,2089.6232307530104
2221,2107.0017476196113,2110.033129863294,14.145536620838852,2113.9996751215217
2243,2188.42907994045,2191.408697906439,13.690056452656934,2194.4112323947966
2264,2208.588401669467,2212.436527307358,12.167640644369786,2216.5993856789755
2240,2244.936497783079,2248.252189150288,12.484336171970073,2252.877658461392
2234,2298.8836491894817,2302.515925284626,12.945433123134853,2306.6354105154583
2231,2303.058967541802,2306.249185651771,13.267330350948212,2343.391691672903
2235,2343.4392849815154,2347.198096136058,12.190983606906752,2350.428417277702
2260,2375.133230519735,2378.320943001245,12.605961113977868,2382.4717318121466
2197,2668.560293161574,2672.1188313680773,11.553945257544793,2703.144600838349
2271,2840.8627063995673,2844.437092005527,12.388982596323146,2848.4633104960235
2256,2845.011497944292,2849.334480634399,10.254848824430942,2885.7088329030494
2230,3006.020171424776,3009.5801278902622,11.981363208686957,3063.1030968335567
2200,3243.597790230929,3247.397478660361,11.477286971800305,3250.826917748822
2241,3245.803670529198,3249.320654464287,11.55397048479206,3253.262231002859
2224,3367.3035901513267,3370.550683764874,12.985393633279221,3374.789525999754
2215,3458.2519700603143,3461.1049840303313,14.381260124969902,3464.80138239676
2237,3468.856348573245,3472.5486839035257,12.717354725605885,3513.0684204324157
2232,3638.9410732467877,3643.119949944374,9.357083189813737,3693.5264921253483
4225,3667.7937295734355,3671.205613128662,12.037083517801161,3696.6093420934494
4224,3740.9711954023714,3744.5228724264784,12.34480022435921,3748.5318868055488
4263,3742.8687679199556,3746.3097259008014,12.719301270052137,3783.3279775857504
4078,3790.147302367966,3793.4233138390814,12.488425965621714,3796.6192951956814
4087,3797.6960160570793,3800.4783246441757,15.010055244500286,3803.133691327245
4257,3828.8805917236973,3832.5208794830837,14.605109634548048,3875.6004059382717
4208,3969.162545764037,3972.0221264782535,14.567114342994417,3974.809613200806
4093,3984.1940582221423,3987.5747516692018,12.439036262067065,3990.736779641313
4243,4008.8231006778246,4012.4971050507665,11.906824858427912,4016.7812601689634
4230,4021.657222646751,4025.0498797104688,7.045753855333664,4060.2254288107115
4246,4074.682991375402,4077.25719731835,15.712078401635136,4079.7875069320753
4239,4080.5515231399622,4083.6013640604,13.259104963713016,4086.57567137103
4161,4098.311942596842,4102.075479665411,12.558751152448554,4106.476525961599
4069,4153.149564378171,4156.314357066992,12.835089044263324,4159.42514635925
4234,4268.933116434411,4272.489042181379,10.745094559309903,4327.934734781617
4108,4330.467139062816,4333.595685096031,13.499628326135083,4336.643207705283
4182,4550.774128367067,4554.092787742096,13.546303206339736,4557.952040202399
4245,4574.1985517661815,4578.171225763383,10.826180714153187,4598.236526156372
4197,4661.699996344316,4665.238087892651,11.34856781024016,4669.374630600925
4198,4870.739390809117,4874.063839602923,12.452816507922742,4877.295151834113
4260,4893.318878446364,4896.151321598472,14.593427955344673,4899.922027387314
4226,4910.6469907598275,4914.371405609364,11.053628608871112,4955.996380646769
4235,4953.445787288475,4957.267341083301,11.074514951350897,4960.862210771536
4247,5090.568900559181,5094.441510120271,11.706498634786586,5133.480626569643
4080,5232.1498903710235,5235.261386982872,13.345030237345924,5238.321209770167
4088,5234.580130053543,5238.189762909248,11.120110018138925,5241.629779049176
4369,5298.670526626466,5301.471304224778,14.987711228384427,5305.328544861009
4221,5318.1676240711795,5321.565614149531,12.067546092185156,5325.060814154607
4106,5320.129732935303,5323.39554532547,10.739368352963773,5326.945761548594
4216,5358.834296875035,5362.601905575405,12.633929250755367,5366.8114094427765
4065,5410.269761733764,5413.559410892204,12.278227954843569,5416.806336577214
4082,5412.024204257765,5415.318148085461,12.34900766772225,5418.557164343891
6198,5452.712776931062,5457.119264724666,9.537977610619306,5495.540882829103
6203,5523.534469243277,5526.199073326401,15.777336317372773,5528.762137897775
6180,5628.557397561259,5632.343481879739,12.164443824709304,5636.403561243185
6227,5639.767856047955,5643.525183542036,10.841844455229113,5673.401318660917
6396,5735.419582883519,5738.305345895799,14.149450523111911,5763.267801245604
6246,5741.20178967142,5745.115177922331,10.589606558820977,5766.01415894483
6053,5770.18178156563,5773.261680465856,13.608175548230685,5776.648888455568
6042,5943.727729872869,5947.489952852875,12.082331809316045,5951.065961353261
6041,5950.050360266653,5953.416576257219,12.989024123104608,5956.691218255368
6268,6100.345976928616,6103.491522749193,13.217036363406846,6123.2834234002
6224,6155.15254023868,6158.3404185206045,12.942563294996381,6162.457662515763
6255,6156.886761975944,6160.03708015035,13.97631689703271,6213.316006021967
6186,6185.2586384306305,6188.364022325276,13.70422047530272,6215.944713346517
6085,6409.484357763358,6413.068659966916,11.965378076959396,6416.4741469606115
6109,6413.5757336381685,6417.301602797779,11.303734286624124,6420.88835938431
6081,6673.23057836593,6676.179893714347,14.32616888088685,6679.182201896285
6225,6787.645674976839,6791.510019680293,11.220433677194794,6795.902351265355
6093,6849.939333265767,6853.1907205673,12.095674533243878,6856.39764685331
6264,6874.784624193169,6878.134146243382,12.164037940811943,6933.489213015944
6266,6966.60034761653,6970.470770608203,10.448661843373962,6974.819980318875
6259,7068.743198088048,7072.277630143535,14.898100607175783,7075.972922020385
6241,7076.678219386879,7080.253278312645,11.918606427575128,7115.5185633957135
6045,7120.380242197491,7124.018167069992,12.159164127063075,7127.38023337289
6114,7212.5978932484895,7215.566788040188,13.307910614907241,7218.5524888305645
