263,91.0,97.25208599486571,12.322666905594778,101.16460816896668
220,135.0,140.65020335026853,14.352444567545517,145.55476349805542
183,140.0,146.23929611883682,12.227202788997033,183.6938791398197
217,344.0,350.2761508089309,13.193997651845606,363.16846530788007
293,416.0,422.3936070466411,11.49916200446956,427.57906052046013
358,436.0,442.0847093936897,13.626418366433347,453.26202085984534
372,440.0,447.18237864425106,11.316472992293479,455.8904393529828
209,799.0,805.3371945094189,12.195446849376614,813.0359159514417
266,810.0,816.2971763306793,13.307252935702937,820.0611103893117
156,1053.0,1060.100454436266,10.502239769367291,1065.793725438291
357,1070.0,1077.1074905465607,11.003638948307932,1083.2713340109271
393,1162.0,1169.3456588533218,12.096672852954937,1173.5310341976442
385,1234.0,1240.034012544744,13.460553407703436,1244.7873731156208
367,1401.0,1407.528201494141,11.381323047159572,1412.9178562747416
323,1440.0,1446.5668586565514,12.622112161051762,1450.5943278206278
318,1448.0,1455.492825906929,11.012015120155027,1460.1458152831694
292,1557.0,1563.2912105975824,13.215289864191798,1567.0726679880831
247,1610.0,1615.522379535323,15.089627539608351,1623.4870204281954
170,1750.0,1756.391096278841,12.594811152151426,1761.8764947132725
273,1773.0,1779.3074973527089,12.824777929659554,1803.6734572813123
2173,1826.0,1832.0620245743498,13.223626401189565,1835.9185319028945
2404,2130.0,2136.3612334628165,13.000556768118274,2141.751317932713
2184,2201.0,2207.3309748701326,12.28363405601791,2212.534219057401
2236,2209.0,2215.093620181002,13.283933428570737,2253.5557592540304
2210,2238.0,2244.287663896724,12.153611969060014,2256.0517474715207
2410,2447.0,2454.2405543678074,11.015943818631742,2459.0108530932816
2205,2501.0,2506.335283850942,14.000147499012947,2528.1804459259847
2175,2502.0,2509.2066488790238,10.382858838241738,2530.301243219646
2165,2522.0,2529.093154373735,11.620629521796664,2533.6200047594843
2183,2663.0,2668.3735665059685,14.780396988432326,2672.85432404838
2191,3050.0,3056.4343117549056,13.016636379884895,3062.4788614129952
2218,3109.0,3114.5742582715525,14.501439633948406,3153.7620072628697
2220,3242.0,3248.5614550442347,12.548942238323091,3252.6939272356162
2209,3312.0,3318.372044962372,12.8371238682685,3323.7267892807718
2170,3595.0,3601.2169596480685,13.65642211347638,3604.989671574337
4236,3670.0,3677.404288636021,12.017590831096124,3698.228612588027
4286,3722.0,3728.579432572003,12.572027841792726,3733.848542825276
4336,3822.0,3828.0306595465986,13.319189905334568,3875.8624698165063
4246,3917.0,3922.1161718368526,16.710754343250834,3926.673805400695
4364,4042.0,4048.0389694450205,13.810740238025478,4053.667934209902
4249,4077.0,4083.5233057516266,11.847195035895053,4087.621838090145
4258,4113.0,4119.037112921306,12.700861964912395,4123.7790501310865
4191,4377.0,4383.31883665912,12.250777663135688,4413.311791281729
4327,4464.0,4470.326320386999,12.39463199987916,4475.19249723483
4202,4483.0,4489.333330593013,12.846363060993225,4503.174738139267
4309,4737.0,4743.256310706041,12.359551916830002,4748.370043538711
4337,4918.0,4924.209624712951,13.215024809606573,4928.994098635734
4302,4954.0,4959.556339012048,13.87570968844362,4962.973178586447
4396,4997.0,5002.626090922844,13.934870702942295,5007.552599405398
4265,5018.0,5024.520033550322,12.382477347532342,5045.9881114265945
4288,5074.0,5080.355486672356,11.95557525455545,5085.677782269479
4189,5279.0,5285.231204432072,13.049605046380552,5313.308210132589
6405,5723.0,5728.648162951048,14.423418146162001,5766.066946683348
6365,5791.0,5796.157419709523,15.822406935205962,5799.232757261308
6400,5868.0,5874.020587906147,13.610005564926706,5877.698369774253
6226,5901.0,5908.067236821862,10.666042974863933,5913.829972237794
6230,5995.0,6000.596749656345,14.579034606464878,6005.617646203914
6199,6094.0,6101.127011541386,11.672993936461742,6106.92907340036
6215,6117.0,6123.0676486165785,13.629544394934051,6126.903117642601
6395,6182.0,6188.499488265751,11.920982074443016,6213.254438913559
6214,6196.0,6202.494754426764,12.786013200782275,6216.016912094243
6209,6197.0,6204.448850105105,10.536963190621007,6218.228775299808
6171,6464.0,6471.390617527912,9.991007676181395,6483.243585281899
6271,6465.0,6473.24870039279,10.788721228106722,6485.754650788621
6211,6524.0,6530.3744909321495,13.190786149549304,6535.5595503918985
6373,6641.0,6647.338380149635,11.809234827181209,6663.404172088299
6174,6693.0,6699.512163578462,12.066385537226363,6704.717180580664
6356,6735.0,6740.463937702476,14.654007197099293,6756.373676921451
6266,6801.0,6808.269753529727,10.621711809627069,6813.876888051826
6316,6970.0,6976.475359065389,12.08032075739973,6981.810450781267
6409,7061.0,7067.1552863204815,13.34176050518355,7072.313889833345
