895,143.2167785141565,144.39864235515734,10.2972742108759,145.8818050096381
896,210.23418866451314,211.4536061562167,9.775520697288144,213.0902832827678
826,643.9659291209341,645.1842507394888,9.249947967680127,646.7588507206692
913,830.750179228155,832.1965053467256,9.459018578469582,833.7743951925706
780,1098.8362399661276,1100.0236243607837,9.127957514490955,1101.644969967075
849,1371.7596116375134,1373.0217640944086,9.313354770414277,1374.578920743157
877,1546.8321929649792,1548.293915618023,8.393737431986724,1550.0014950477967
2900,2174.084340904848,2175.2950547105493,10.030507816363523,2176.84191459097
2860,2262.426903403897,2263.511345918195,11.337022767713126,2264.9270600931636
2867,2648.252454401085,2649.4898562087646,10.819507146414589,2651.00107176858
2830,2651.086998400756,2652.305998440803,9.420081687528087,2653.850419368826
2902,3198.3326780136963,3199.4061987184173,9.454584251018549,3200.97377293795
2906,3436.8786890348733,3438.301818550048,8.98498916219286,3439.9088134268436
4887,3751.3585613901523,3752.4410568998987,10.756522988675272,3753.940342138809
4864,4333.849851463909,4335.175199823018,9.771271297385384,4336.728071549873
4912,4603.958703390182,4605.14518542399,9.189015810691497,4606.862079478453
4831,4692.4266224370085,4693.533984106572,10.820988159927742,4695.042758265808
4898,4737.273466161544,4738.301637110923,10.32426746851185,4739.7890963163045
4876,4874.814879164768,4876.011536147017,9.377966844002199,4877.538631729769
6886,5957.717593661999,5959.087531338632,8.668111636474656,5960.876003112891
6850,6589.32699064689,6590.450322514907,10.193741641675894,6591.943340145775
6883,6767.34268557491,6768.415693644708,10.287549294332711,6769.964561849793
6908,6864.4798557402155,6865.546489139534,11.36627831101271,6866.981969852687
6779,7039.828121836387,7041.032920121581,8.593342449961805,7042.711292584698
