955,65.76042681856273,67.13241136281432,12.52674430030392,68.56646431684709
662,185.0,187.14446503188637,12.56614913029989,188.60736266544396
408,421.13135540929,422.55228225055083,11.681221010232532,424.1962249726986
442,484.73149229001575,486.28651547468803,11.252157614591098,487.8927892363962
926,545.0,547.16276017428,12.319187991267961,548.6550450992543
674,842.5980617523782,844.3264852652153,9.438335842997565,846.1496429507415
438,959.0587776390696,960.4798285623485,12.07938952546297,961.9975305687611
689,997.1066107491208,998.4993281980612,12.044569611490992,999.9380484879945
666,1238.0,1240.2036367272958,11.53252029522826,1241.7679311810523
407,1499.0,1501.3334527473896,12.140290358960714,1502.7840912336674
937,1605.8501314671676,1607.2043044349668,12.000645871130539,1608.6473928358294
2669,1917.7669962656107,1919.4437015479857,11.317148984943744,1920.9513814736572
167,1921.0,1923.0818864717085,13.41840313614117,1924.447487832458
2414,2137.922429229814,2139.489573208415,10.643201858480698,2141.282109100027
2423,2142.0,2144.2878672904026,10.701086855033127,2145.8983954182304
2179,2208.0,2210.117185917559,13.476463312611415,2211.481765002588
2413,2267.7170444420376,2269.138920465097,11.355061561623398,2270.7220131692716
2420,2305.0,2307.120415260191,12.533946103907237,2308.523181866011
2696,2554.665160575776,2556.403266837397,11.04204482419728,2557.913797525366
2927,2779.0,2781.052147668048,13.38686323411939,2782.423276875635
2676,2817.4933831844546,2819.0090278205835,12.15965436472487,2820.4927481100067
2691,2836.4555187953915,2838.0544778339845,13.556494029933583,2839.378678860991
2687,2856.056139455187,2857.5299777083596,11.437864164762724,2859.1062826725492
2692,2941.9122337220783,2943.221831994816,12.825063223519129,2944.5921412214493
2925,3039.0062643953656,3040.4035819913393,11.916600247398911,3041.9683702051366
2933,3132.068382882035,3133.359536640486,12.578362103992383,3134.7550994761996
2686,3338.869678647766,3340.218192072386,11.883281816884162,3341.7106482164527
2192,3353.4494301143677,3355.3457428765237,8.912464568582603,3357.2957419669883
2442,3395.0,3397.379926528922,10.327948160619698,3399.0668606221734
2690,3449.4408565324916,3451.078410735118,10.474187254373486,3452.791256963063
2685,3590.0,3592.3199744764947,11.662804910984438,3593.840732952296
2689,3605.0,3607.2476292044366,12.259188272087348,3608.7116147940505
4931,3765.1236234273233,3766.538715018548,11.929977099678773,3768.0269679637117
4693,3859.1338212681208,3860.3734577752016,13.57980427490254,3861.753486644586
4434,3903.7515093022034,3905.2592886743064,10.942115801926198,3906.9404263921174
4685,4077.568484385481,4079.035648305789,13.140345995317704,4080.390145642365
4688,4114.091538292237,4115.552078998504,11.88562155352521,4117.176594141523
4686,4309.73126030679,4311.13007992161,12.16487160479543,4312.627064581983
4418,4350.0,4352.300606092498,12.10365189032257,4353.801774413703
4934,4474.268164804077,4476.43502582572,8.881311233433712,4478.3484875632
4420,4649.016712868014,4650.456440689299,12.184254674947665,4651.93352660826
4690,4834.931597590654,4836.355999929799,11.441936669988342,4837.972896901646
4439,4922.0,4924.05752577795,13.204952076526956,4925.424143183906
4425,5013.216376719813,5014.338238051588,15.125154532905643,5015.52564678335
4445,5196.0,5198.33148838201,10.132942350753009,5200.097816808877
4411,5361.21214111359,5362.428032111754,14.237197783255318,5363.7336530253215
4671,5478.0,5480.052322873592,13.195844298197889,5481.425511191579
6949,5660.893686739499,5662.456202808423,10.37497185188087,5664.121252578614
6663,5757.406253217089,5758.625571615012,13.491441517666093,5760.146783165127
6932,5765.0,5767.010111766552,12.47748368933089,5768.425645282909
6691,5875.612009732835,5877.214951522162,12.797868581355878,5878.551585801278
6664,6003.736235000348,6005.19265752591,11.434684053559456,6006.777158574627
6427,6175.0,6177.26795159645,13.637095316002224,6178.59399912925
6676,6187.033521342769,6188.508020602713,10.549918432718227,6190.189625159313
6941,6276.623399649686,6277.81938623007,10.173697655407627,6279.116864927263
6939,6365.423589631564,6366.630810632893,13.625812141552633,6367.912437435816
6688,6454.717654417256,6456.267484810514,11.24600393401951,6457.8463912938705
6929,6543.0,6545.212761772087,11.865222990914221,6546.685728012452
6442,6628.0,6630.08312783712,12.497136411367098,6631.514916463234
6417,6631.0,6633.302142445566,12.596284210224168,6634.7892974074875
6680,6651.666017032888,6653.121526031403,10.873127466966123,6654.740491708751
6922,6756.0,6758.105387161186,11.492412651751406,6759.696146148528
7043,6819.5181600809965,6821.238354927955,10.4610412519455,6822.970745741445
6681,6833.0,6835.291142800756,10.975002907600178,6836.870695874445
6414,7145.153162767182,7146.21672735752,16.2844071766979,7147.341370700163
6675,7172.810477167055,7174.1176580701995,12.805753727131007,7175.521261738793
