1071,109.0,110.30720391885083,10.793367488437054,110.72067055771221
80,211.0,212.53838267210688,10.998532251666832,212.94413657411172
1541,223.00597195961163,223.53867351190428,13.076894063330423,223.87993936263513
1789,289.71338442668855,290.2589417987737,12.882299210402609,290.60536267477977
91,306.0,307.4763643391494,12.298575228135407,307.83922729641546
1277,310.0264530037882,310.5256285886057,13.955173246802133,310.8454166197906
1523,371.0,372.2437153234823,12.649751313775166,372.59650466034304
980,378.0,379.2515301707141,10.903716914593485,379.6608123826786
1572,578.1412628399262,578.5936483979689,15.39855029157299,578.8834612240427
1411,640.4398422786039,641.1270215404152,10.436267571177567,641.5546358524289
1566,723.0,724.2361726072621,13.660738614320461,724.5628531406824
1775,754.0,755.2777770443056,10.373305342986944,755.707986821217
1515,811.7303447464411,812.275727087986,12.926379689561065,812.6209666279511
1828,815.1097715713728,815.606269108228,14.030445771851271,815.9243414952361
1826,908.0,909.3488333809928,11.799500421257926,909.7270440863714
986,921.0,922.3157445943433,9.020322092334206,922.8104827347066
1528,994.613535569506,995.1582683393445,12.396403696527237,995.5182676977626
1251,997.5310676425493,998.2709874234263,9.533353024192063,998.73910156607
1592,1077.4832895033971,1078.1209569288033,11.525254584653823,1078.5081672367978
1077,1277.0,1278.228553202533,11.490211373508304,1278.6169444368084
1416,1344.7939256492123,1345.3167500706031,13.656548844387002,1345.6435308281937
1078,1367.0,1368.4094733067518,10.880475236610971,1368.8196297824932
1021,1370.0,1371.2500900497737,11.067366414384061,1371.6533203405536
1254,1387.602986665129,1388.2888100670896,9.577123265729908,1388.754784791818
1586,1430.714181403577,1431.3113857788721,11.624042606200817,1431.6953053435732
1801,1436.017724188073,1436.5754734053821,12.489630734596284,1436.9327856007762
1807,1438.017895245915,1438.5266056874323,13.693608776584588,1438.8525020563334
1920,1460.9986126165813,1461.517117152664,13.43465921936135,1461.8492950891916
1393,1611.109810284798,1611.6135537092825,13.828630664172426,1611.9362680463573
1764,1639.0,1640.2560713253654,11.031213751690517,1640.6606231251849
1911,1695.9268262099165,1696.4566388406424,13.08990652922331,1696.7975654444708
1766,1699.4188435735318,1700.0282644962012,11.302575423754126,1700.4231034784796
973,1729.0,1730.3178495580346,11.26408293917676,1730.7140378142412
74,1756.7804953693203,1757.3299355101574,12.640204591004286,1757.6829912969772
1073,1844.0,1845.18739710718,11.034184122610487,1845.5918400028079
1560,1875.8122119861355,1876.3313119114096,13.433065891094447,1876.6635292483616
1421,2076.453676042594,2077.0299467448312,12.472775875234996,2077.387741787577
3800,2155.0,2156.292716046228,13.486112879063482,2156.6236266219785
2974,2180.0,2181.3363371162127,10.798417454451501,2181.749610394104
3547,2222.604964998383,2223.170928329167,12.602898435116122,2223.52502920528
3604,2243.0,2244.2924857175403,11.53663672938946,2244.6793140005243
3912,2270.0,2271.4077885408615,10.412741148104903,2271.836368999548
3417,2342.0,2343.378188316523,11.461910006028159,2343.767538553533
3583,2395.925139555812,2396.4948803905163,12.315719205597253,2396.857238227922
2967,2446.0,2447.4192827084034,9.839616992798797,2447.872826518158
3895,2522.8514312273037,2523.4065034464147,12.961734283287699,2523.750801306555
3792,2543.0,2544.3412741865945,9.934387474600495,2544.790491351603
3401,2608.905010569503,2609.373423475331,14.768572315487697,2609.67559874875
3069,2632.0,2633.3203476138574,10.86802172444319,2633.730974082095
3271,2648.7870011983814,2649.3283625853255,12.590155354496437,2649.6828218633714
3538,2747.7068948406077,2748.221185649813,13.504461822878254,2748.5516466067893
3412,2799.0,2800.425475240906,12.228750543583729,2800.7904101017107
3818,2913.0,2914.1873295045784,12.316882002418698,2914.549653132958
3783,3012.033709870553,3012.570497803041,12.977344208218618,3012.914381521145
3566,3013.665036249575,3014.213324295257,14.051883803134679,3014.530911420226
2072,3024.864536351364,3025.5097256876356,10.88059377117724,3025.9198776950807
3513,3205.4711670129145,3206.024989954141,13.447050831729456,3206.3568617848705
3793,3281.8640283430063,3282.342908395278,14.765059015892675,3282.6451555703575
3414,3438.401570944185,3439.1402375824846,8.895528077579556,3439.641916329212
3894,3454.0,3455.4386158432794,9.832479026888556,3455.8924889067493
3242,3462.7379866997408,3463.401836263008,10.523288062061724,3463.8259144932267
3780,3467.456614801039,3468.0334651208873,11.000217909365025,3468.439156845743
3435,3512.6798568005165,3513.2965694518266,10.70296453849897,3513.713528450559
2962,3616.0,3617.2533815470133,11.717235280779166,3617.6342476191285
3544,3635.8237237467147,3636.35830869215,13.308731842997886,3636.6936297001985
3560,3692.553056141309,3693.0839733854027,13.119491220162104,3693.4241311935484
5262,4580.667169810193,4581.1950355381405,13.198639403190416,4581.53315352448
5774,4598.0,4599.236512171286,10.445778674832729,4599.663737131374
5797,4612.0,4613.43902095518,10.48878732498131,4613.864494104665
5819,4686.869835679305,4687.412040430848,12.809579405921477,4687.760427933358
5401,4778.564777407823,4779.080740416803,13.32605452519705,4779.415625537451
5248,4837.748499184089,4838.262612660417,13.281237951168206,4838.598627826613
5816,4859.0,4860.285636541454,12.33505842198894,4860.647426265083
4059,4892.743145232408,4893.270062417675,12.761489367815269,4893.619762773866
5924,4896.0,4897.273298557278,10.199805566868406,4897.7108262481925
5274,5023.88312752123,5024.503164920188,11.283036829862963,5024.8986876367
5255,5109.643266699642,5110.196626122783,12.258764763422146,5110.560667481236
5820,5128.817172267655,5129.4077235827,11.853779235501232,5129.7842024498
5826,5130.526777007619,5131.158293483211,10.840848277244351,5131.569949219304
5057,5235.0,5236.399659410912,11.177662449854918,5236.798910810519
4977,5244.0,5245.376325475846,9.925639017724045,5245.825938580802
4990,5246.0,5247.3982824234545,11.68933263937721,5247.780057629543
5250,5373.866795249204,5374.4491515804075,11.963698025378225,5374.822171475091
4089,5451.0,5452.493672142213,10.92408512352662,5452.902191238043
5792,5480.568291201491,5481.187943529239,11.10897648131224,5481.589663470311
5242,5483.517960590739,5484.109175703037,11.315941816665886,5484.503548301424
5778,5569.653546586338,5570.355287016152,10.85048922011293,5570.766576985379
5402,5580.866558915254,5581.379416709079,13.662479755664044,5581.706055610453
6963,5599.0,5600.34860712598,11.39630892450108,5600.740198597132
7070,5602.0,5603.273890912792,11.103145059558504,5603.675821838985
7550,5674.725056781642,5675.206710216985,14.475329330534107,5675.515006993904
6075,5698.760732282628,5699.335771665401,12.116405944762136,5699.704090240875
7254,5792.760744355324,5793.354854358852,11.492473763933582,5793.743169135037
7806,5831.0,5832.305265436094,10.462208973657297,5832.731819463897
7794,5836.615145442721,5837.30394332138,9.892986444843622,5837.7550404094345
7575,5931.838992460126,5932.380078637417,12.823481486152225,5932.728088449125
6086,5970.38651224713,5971.116548891829,5.760514775967247,5971.891253506086
7261,6100.747361025804,6101.261628701663,13.366117559331531,6101.595510051848
7791,6145.0,6146.223817773863,11.579574128516105,6146.609211686274
7558,6300.77865411075,6301.431318718912,10.797972694571545,6301.8446090192
7549,6444.030469271174,6444.584505600047,12.573330310061914,6444.939439198973
7583,6532.065744842912,6532.598860431061,13.06673809874578,6532.940391526558
7893,6645.96690587654,6646.443058432237,14.69264081982147,6646.746795345986
7062,6696.0,6697.2564812720975,11.468995563612975,6697.64559096812
7081,6698.0,6699.21182334605,12.076820533392917,6699.581349196426
7402,6748.550451272929,6749.220181727828,10.264418383036409,6749.654955254287
7773,6767.0,6768.260895601334,11.008269628209025,6768.666290593295
6982,6777.0,6778.402670924003,9.412757728541012,6778.876782497481
7787,6794.988145767984,6795.50665184459,13.450438896909981,6795.838440079282
7826,6802.0,6803.316380511831,14.99801827928976,6803.613932981386
7913,6873.0,6874.385463496059,9.86446125908846,6874.837865027194
7770,6967.0,6968.291518872981,10.068130077144875,6968.734768745921
7821,6974.697950152939,6975.375932793078,10.050346157623684,6975.819966989259
7639,7058.815629336497,7059.2651905131515,16.02497889855587,7059.543674335545
7797,7063.86636728677,7064.453904546874,12.050083915579,7064.824250297883
6063,7067.734819242582,7068.322417521377,11.918720777675277,7068.696845067813
7776,7161.546797559936,7162.1454402541785,12.163740513647893,7162.512325536912
7410,7185.860863411724,7186.482520204469,10.990499314797818,7186.888570671297
7775,7309.0,7310.4203855542355,10.133864724947749,7310.860760228515
7795,7337.0,7338.353758765701,10.717445201670193,7338.770154398566
7559,7374.0,7375.207615690913,11.006050050507511,7375.613092438426
