283,24.535529813430372,27.384668686951603,10.24922294110714,30.152494591311505
238,147.83293890204322,150.18631154499556,12.774505444848675,152.58397898917778
346,367.3650284728863,370.2235133700841,14.293867278429651,372.2531823720872
273,401.1750749825144,403.38061002356307,13.062609794936868,405.6821594224781
386,427.06319200758867,429.56046758280115,12.16705279217931,432.15689272020643
242,507.9109228844833,510.35034339496895,12.039821302572111,512.7550801995498
181,510.92554182900227,513.5388693501425,11.250324695458007,516.2144458681847
218,543.6480171694492,546.459923699082,11.794482835412763,548.9253934931934
532,755.1518381597065,757.4351475065199,12.786491116228518,759.6835515166139
299,903.6351044725477,906.303509240461,12.551305909925015,908.6359272550164
193,912.4229602484543,915.3698678269375,10.117833624233823,918.4447768039596
241,914.3320894566284,917.2511791969472,10.033346034570235,920.3209060908015
304,993.4611383697148,996.3847956098934,10.441513916789457,999.183045910613
285,995.3853189861272,998.3177241891681,10.419915705250858,1001.01104997393
392,1236.395362160979,1239.354239215314,10.793991381828992,1242.422397093121
390,1238.4251078925943,1241.2789599043267,9.044848921926496,1244.5123676628248
230,1307.994238019797,1311.3922833305464,9.090610045111628,1314.4271943885128
198,1310.2572122478055,1313.4643423279854,10.35886149291147,1316.4471069003987
239,1312.699494500705,1315.4740298231147,10.75015755405413,1318.5018656092407
523,1456.9983589717647,1459.4661861568447,12.756771301733625,1461.8686139103063
394,1623.9353169230399,1626.5757441040164,12.285515259391293,1628.8944561400915
543,1640.1228451325687,1643.0447978761397,10.957034930537628,1645.6776840485288
260,1680.8830737489418,1683.5320545505522,11.853212169531531,1686.3388303299253
385,1794.3116198034377,1797.089039160801,10.733076880637396,1799.8057441855206
400,1858.5169176529332,1861.2474903830569,11.035981401854132,1863.9798932137826
2258,2165.6195818061497,2168.3674974588366,10.360867588048572,2171.1610583075485
2237,2616.4374812836822,2619.02939970905,12.469542630865147,2621.4200803869307
2257,2689.8271727672263,2692.3045059824135,12.10376582058161,2694.7748218835495
2259,2747.9615382617735,2751.022660612753,13.911611682604816,2753.1377001956034
2314,2905.9543026179604,2908.3526389690865,12.212984940857933,2910.81906498421
2184,2938.880379410544,2941.1110429757823,12.942701626384869,2943.3852751574564
2265,2973.6262036454327,2976.4469119780765,12.157839732124838,2978.8356199226146
2310,3063.5255412691363,3066.476715647158,11.140957778856013,3069.044524201661
2558,3095.66357030517,3098.229938931857,11.479751073215011,3100.733673986881
2264,3107.9446394134866,3111.1028277923556,13.124406563604113,3113.2845691382427
2369,3153.691934263128,3156.452025016341,12.325572626016099,3158.8778509759754
2540,3165.7029138549815,3168.14208281063,11.70755521502251,3170.623801653913
2555,3185.45743894376,3188.089490096683,11.310911794362294,3190.6625548098013
2194,3198.0024612414786,3201.317091729677,11.543651400325002,3203.849392239772
2242,3253.164712303485,3256.127783314136,9.684628346572282,3259.238086709537
2336,3267.3572861890066,3270.194484156182,13.628187015965473,3272.229979533325
2359,3273.4442836601083,3276.375387286518,13.263523860649507,3278.5005239504726
2332,3275.596989818899,3278.41843302423,11.838416081496328,3280.986538422695
2306,3279.3691217682217,3282.1065542615147,10.934498237787283,3284.7287547597557
2303,3333.7319771553266,3336.416209984993,12.362813953267862,3339.1764679265016
2552,3423.712729780591,3426.5336246143966,13.31842865608248,3428.8435949272703
2227,3468.082437452553,3471.0594488853258,14.197358128866233,3473.167759341715
2367,3603.482169516753,3606.1885581437964,13.590961995473432,3608.3426219884145
2399,3605.4996928079586,3608.0628157436267,12.082442268064913,3610.5140863124416
4238,3738.0677867433064,3741.076813522663,10.625767011991716,3743.8163250762586
4385,3787.4556758191834,3790.4193821486106,12.564550423691847,3792.678149953266
4394,3840.012930480807,3842.4505382896564,12.590904021399918,3844.8347998596078
4314,3987.892025315714,3990.072870015661,13.154433357390841,3992.3147962284156
4192,4022.6520757967055,4025.309052497842,11.312637771037197,4027.957723773061
4227,4053.8836537063175,4057.4067051439865,8.69780308326721,4060.9586633456397
4380,4133.692223168014,4136.224463433,12.158726110050111,4138.66105347836
4315,4143.774680405655,4146.484127193574,12.139772733525424,4148.9616581236505
4546,4179.821364019133,4182.303524581937,11.712840845062152,4184.786288601539
4241,4457.789722203941,4460.590168237682,12.318834135893102,4463.104013907954
4373,4503.636827727015,4506.348395337153,13.555184371474224,4508.577888310457
4177,4614.700710792131,4617.19595644649,14.916463630583497,4619.142938399429
4364,4862.163594030165,4864.572404436975,12.782732755197376,4866.964732523335
4554,4890.183839412813,4892.312210894656,13.695623461373653,4894.397136150189
4187,4953.976317052082,4956.556423585651,14.327519613516476,4958.601672657621
4237,5006.9944809906165,5009.184926078759,13.15613192766929,5011.418859553881
4397,5313.708132504898,5316.383574846037,13.43928846998901,5318.620264061715
4191,5323.838989142369,5327.2186384000715,8.74588960796992,5330.511892720594
4158,5377.5489657796425,5379.570650871559,14.34533986668312,5381.655421504472
6547,5763.241352150614,5766.011141413686,13.051814267223929,5768.288093041198
6366,5765.5922118623885,5768.033721438405,13.231934718772914,5770.273282384451
6377,5808.081830019244,5811.081902199265,11.943268031186815,5813.551043216778
6228,5853.721718961263,5856.398523744828,13.6946468615221,5858.519014499922
6301,5882.335688213335,5884.608134901385,13.620660505631554,5886.870239195294
6179,5919.2330750032115,5922.090037985424,10.643852990027675,5947.927775344653
6397,6024.408676757446,6026.567838954442,14.159773417983764,6028.714364527351
6306,6037.2004501297815,6040.215971407421,10.19620937779195,6043.141778723025
6175,6168.115448752801,6171.226952805125,11.409822679249157,6173.8458467040355
6226,6170.57348723478,6173.527755938838,12.12522323987062,6175.841103641394
6277,6213.547200799645,6216.263310073585,13.991968680507153,6218.26973355409
6394,6219.374393097189,6222.232459791699,11.760402041917155,6224.688504754071
6253,6247.91992702744,6250.4299078349095,11.24490223541296,6253.016688082589
6267,6350.393451537793,6353.28114823798,12.721792996189262,6355.584826287109
6343,6405.529462408289,6408.402906308074,10.363926805871472,6411.180183382104
6225,6411.556965890815,6414.30637610899,10.837624384595266,6417.093028407178
6192,6483.408407392589,6486.202009569808,11.77742489453056,6488.677757820417
6176,6485.542324626673,6488.081357312691,11.898652298016374,6490.52934804566
6322,6584.441104926393,6587.518122510424,10.756339843364277,6590.1355913694115
6232,6618.442962466811,6621.549858312341,11.529733998105362,6624.188998053447
6177,6635.139315986005,6637.549995043541,12.438766388215463,6639.997099892141
6255,6663.506142232801,6666.179127914443,12.076827752020206,6668.615973515561
6250,6843.689651727395,6846.551585434877,12.216322598818033,6849.102411219575
6223,6990.085912507938,6992.361013209636,12.390653732608888,6994.930151685452
6526,7053.896127185256,7056.194496561768,13.012814126022084,7058.528660489422
