579,73.2704500795778,73.26035884942756,9.94682553844715,73.25034316212691
512,97.04358532246567,97.03586368441096,12.9992761978135,97.02819985046273
596,100.24567379646211,100.23676374481315,11.265446007192196,100.22792039372314
570,122.30015965234837,122.29143133781488,11.500010155206219,122.28276836335812
640,125.34355008757565,125.33491452187845,11.623524073845847,125.32634360194106
410,176.14545841690762,176.13717414255632,12.116414970867625,176.1289518842013
622,277.0492621195935,277.04198557923155,13.794427128762841,277.03476351097913
528,501.0478228591116,501.03961923199347,12.235527569396126,501.0314770171472
644,647.237083244835,647.2289058225151,12.274736689071778,647.2207896162981
590,1585.121061245281,1585.1119984567408,11.075587312594054,1585.1030035121464
2456,2305.498835454693,2305.491538381124,13.755611043441398,2305.484295933376
2600,2328.3547149269334,2328.345722971513,11.162834008758283,2328.336798329782
2485,2383.2053409566,2383.1974593125656,12.735376697164337,2383.189636670441
2588,2436.254822133361,2436.2466996834196,12.357811559380309,2436.238638038059
2445,2634.445224408797,2634.4350799414983,9.894625594195995,2634.425011415582
2599,2781.2559965191167,2781.247055923568,11.226959683356972,2781.2381822572293
2503,2877.230137468661,2877.221818415213,12.065760413998461,2877.2135616381174
2541,2930.1781357092646,2930.1697321373144,11.944409635144915,2930.161391474421
2462,3159.019309097058,3159.0114687968335,12.80253343595126,3159.0036871890193
2489,3227.4956893490594,3227.4882669509,13.523352375056394,3227.4809001167405
4595,4185.105117553146,4185.096087772141,11.116073105262089,4185.087125587987
4604,4241.4770615853395,4241.4689606340135,12.390607192934642,4241.460920326329
4443,4268.441256347845,4268.4318457139125,10.66620022471567,4268.422505527892
4648,4550.04374602475,4550.035920077516,12.826013613544244,4550.028152715245
4591,4554.219838910955,4554.209969290222,10.170168488229073,4554.200173553373
4429,4597.056861521772,4597.049195593529,13.093744500031308,4597.041587052349
4482,4670.181361204175,4670.173468809031,12.71802842336435,4670.165635496279
4534,4912.223756232424,4912.214921307827,11.361240797148533,4912.206152521389
4569,4957.011573036352,4957.003933290548,13.138618527889262,4956.995743993962
4445,5047.376437983125,5047.3661169007855,9.725308109874238,5047.355873081968
4580,5213.144395003055,5213.135908145789,11.827193815916685,5213.127484821053
4435,5317.397320303087,5317.388756540368,11.72098166068729,5317.380256885893
6423,6022.219822361361,6022.211514495643,12.082008686351736,6022.203268822526
6532,6605.227679381377,6605.21762276267,9.981059110683946,6605.207641427712
6587,6833.1415033769545,6833.132920039037,11.694250737747954,6833.124400955902
6488,6847.37187983461,6847.363117396456,11.455225589848842,6847.354420553827
6527,6851.163710800436,6851.15560843484,12.388444410249784,6851.147566723474
6502,7065.127951756415,7065.12022066323,12.983378076072862,7065.112547444931
