1513,122.19778600201087,126.20480256927702,10.00728417815817,134.98808605578344
1396,189.46516625699846,193.25161511237027,11.264763659610013,228.2002394048899
1538,191.2845541733627,195.06001911072178,10.979152564563792,230.64399305877723
1543,256.46011605331614,260.1590687555485,11.66442081762097,268.31974600898724
1664,258.505496543415,262.0223541032203,12.645317070609396,318.2699978094809
1399,326.10881037690865,330.1356186153317,10.781537982669136,338.034801478521
1564,394.6762621081493,398.39048051851415,11.72652756784098,407.90073874318773
1417,406.63663101143453,409.40410399266887,15.264761109955618,415.0456391176544
1566,467.364783766019,471.106078946704,10.984649247069619,500.36345403806075
1655,532.3755696775036,535.5016087585917,14.780811832033246,542.563842260504
1397,545.8735944925161,549.008007630584,13.787211523494136,597.351638821018
1886,603.9934220178463,607.5455153921758,11.277360175964718,614.4188878147459
1645,607.8284050614781,611.1606999062658,12.143387599635547,618.0288293482383
1425,744.4738315036437,747.4511437492281,13.816535427379229,768.2400828653102
1591,810.8872185526895,814.5065306271049,10.944709071515874,858.415706502125
1546,879.6054726104453,883.1157138823534,11.959688553351546,890.3640334771244
1901,960.5254679912227,965.0195988776015,8.888348408025458,974.1011154112409
1428,962.5599662295458,967.1111155261058,9.661276259870817,976.1242846635802
1898,1084.8868752858632,1088.4114803153973,12.474678315312966,1095.9265249275084
1539,1155.5398852500205,1159.2918260780384,11.743108030112406,1218.222281478506
1637,1157.4031795563444,1161.1575107881283,11.84091338990463,1220.7373060518698
1917,1162.7286712250093,1166.2181460515708,12.240903185386259,1224.9019935007764
1887,1360.6941951397755,1364.3040431253592,12.512620242804081,1398.0668520526401
1660,1362.5916229051895,1366.0237294394603,13.148241412127325,1400.5375617402042
1530,1431.6399909945042,1435.1478221669504,11.879853983824672,1487.874723435782
1408,1441.2873637031405,1446.033705671168,8.353417938588251,1494.670197607573
1407,1443.3106988605132,1448.1780017160436,9.397545806974394,1496.7547038011994
1260,1457.983810039714,1461.4350737932439,13.026741742142919,1503.2306588200645
1389,1504.6717447894414,1508.1190089386637,12.484650935395328,1515.0556376441664
1263,1536.117984854229,1539.038778735927,13.508720653472063,1580.8685052288583
1406,1636.0147785235129,1639.2846993002802,13.905450161135041,1646.6761631045326
1413,1705.8857994231046,1709.2501234258664,15.233679440279621,1715.7979624387915
1398,1707.8381132118116,1711.1153516154895,12.894416323266414,1758.0116669186255
1420,1876.5133056226782,1879.311673995072,15.335810704249159,1886.3470251849556
1404,1914.8963851268272,1918.533468072965,11.294070654211867,1940.7302561244032
3406,2050.68146455975,2054.380925318083,11.534988385514835,2061.531426157844
3659,2188.310688157885,2192.2300595964593,10.738016732202558,2200.9444741170805
3510,2190.529007132936,2194.2507259810636,10.750883278315104,2207.951099436977
3412,2261.621013146631,2265.2051616616636,10.569961721100917,2300.6135870989856
3569,2328.796472319336,2332.022077920238,13.688078984864642,2388.3911740308095
3390,2330.9637977480293,2334.3659040060707,12.090754736708126,2391.1604516918173
3667,2397.4799100900354,2401.2984007135374,10.891395214735548,2409.1490399631107
3422,2401.55146921486,2405.3617974928775,11.216712431910459,2413.157106371745
3662,2533.708223820197,2537.1981967869215,12.290632311579813,2568.3937143072035
3514,2535.837128267695,2539.227178788095,12.472135634352751,2571.0008313274543
3916,2604.715136473328,2608.292380126308,12.689336149511043,2658.1118447902954
3654,2613.7061914856135,2616.6319013464313,14.340272946415675,2660.7276434147075
3423,2626.0775925205576,2629.4806422598554,13.002459827443547,2663.130998716948
3258,2631.818616485675,2635.5448621390938,14.103166474367528,2665.4178664237575
3578,2684.015133130683,2687.2421334632118,13.137295295672947,2693.6092667792173
3395,2740.39119356453,2744.125468397372,11.188775567769444,2751.2880213471553
3890,2809.7798482368253,2813.246057260318,13.03917463334606,2837.718095849245
3409,2811.767895586298,2816.4335605173096,9.107428603262711,2840.0930407691767
3538,2825.3603615767847,2829.2627033811223,10.625517881403379,2844.1176028019963
3407,2947.2504309674046,2950.5742979775264,13.246651060210278,2956.6750718996977
3245,2971.5236442550104,2975.12364343366,11.744477096758077,2982.9319600405943
3232,2978.7170038510726,2982.3684840135465,13.419438745503045,3018.33179130346
3553,3016.8083304654697,3020.492205844402,11.8244191787011,3027.1672346310575
3581,3085.353157351639,3089.0122052210195,12.018885119925535,3108.190168029069
3368,3089.5552960513623,3093.4321430917753,10.280427834026145,3112.833890370921
3917,3097.3589748366994,3101.444296631462,10.444614009389186,3121.284446819175
3589,3099.184580835539,3103.2995558429975,9.599897677999026,3123.2063123138078
3563,3101.000377308063,3105.352530620505,8.887340193174452,3125.183529548207
3413,3162.4067673294103,3166.100477381814,11.74279249188073,3205.2054934864163
3644,3223.6898138340944,3228.17103540322,9.695182076404361,3237.984451828051
3379,3227.7730756522187,3232.2460194696896,10.347985066172106,3290.6408119693647
3588,3231.8090454564663,3236.2198441565824,9.957802699653499,3294.793682234119
3574,3299.5842580049966,3303.045360003202,13.08571599830388,3310.492699410556
3580,3374.267084157727,3378.409101814808,9.712424877048528,3386.9219384471885
3405,3442.4517198026106,3446.13772097839,11.251172627603196,3479.3375567713965
3404,3499.8864268194625,3503.3909916933208,12.262187091836612,3511.2368932535387
3901,3502.0249281519154,3505.3013640599274,13.082806651699949,3558.528692295401
3599,3570.9714869065556,3574.4220403553873,11.901327394083928,3581.647221976755
3584,3578.3880825135234,3581.583859129295,13.727421146933203,3587.9199087387
3237,3664.1079520824305,3667.3684066565547,12.810816953315657,3673.9926873718655
3666,3706.835676519972,3711.1749622085067,9.594071806483273,3720.621062488017
3533,3708.701899457037,3713.2265042265917,9.567789177660542,3738.2674736185018
3544,3781.1680740709858,3784.1469054422687,13.474998800914115,3830.511828019669
5541,3846.4129490106,3850.2459237865733,10.410025045585323,3858.0539252086805
5650,3850.0110567508023,3854.0337834351417,10.646210911678214,3861.750269868598
5393,3984.3639975174815,3988.4767952694488,10.19050860294649,4007.944035664367
5279,4006.1601170856184,4009.5903121063398,12.664487570042565,4015.877057204463
5556,4202.254007617794,4205.228234801587,13.926265869922238,4211.16788621663
5408,4258.246580536005,4261.568126986009,13.995771894051472,4268.448155843208
5896,4327.287544719966,4331.062746704983,10.5059570708344,4339.597443438917
5430,4396.6769165964415,4400.212684122675,12.699553480412362,4407.65961968699
5414,4398.661105257688,4402.241834683915,11.80335034756126,4458.636039316544
5372,4400.548216411895,4404.080453374885,11.842477881888989,4461.594539844314
5602,4469.899291003274,4474.1521126536245,10.255854256356315,4482.596339515135
5396,4534.592002447313,4538.464449986315,11.315900513937681,4546.124516038929
5571,4607.186361244732,4611.050094511869,11.821996270446661,4642.93841583336
5266,4632.798798587882,4636.336832736732,14.049054319864496,4647.132581514509
5433,4675.577398872852,4679.001254803372,13.475632702871437,4728.016664166526
5426,4677.824185926314,4681.164044497298,12.135873466672734,4730.606419441095
5656,4683.1873673802575,4686.492559108743,12.509519278863689,4736.943533780818
5600,4684.990695191175,4688.271337187071,11.978650002903406,4738.664278704036
5265,4766.026798231971,4769.575872372236,12.007677388576756,4777.543518434159
5424,4770.34882986959,4773.579418435463,13.382666206126956,4820.785669580341
5398,4810.656595112241,4814.437022456671,11.295905416467358,4822.974464249328
5518,4812.884431310515,4816.405183663379,11.645711197247602,4824.793208269179
5598,4814.952547089876,4818.398399296119,12.007305451875263,4826.584558072425
5667,4883.916277636373,4887.06090768756,13.662324269132997,4910.501823841008
5275,4974.280846610355,4977.568719922855,13.065036228846017,5000.659566125732
5401,5162.479230326128,5165.2315737851695,15.229933673457465,5181.148287199666
5898,5226.96955085855,5230.156214149507,13.787795076199052,5268.079032289313
5533,5233.381097933566,5238.156917584657,9.106351046499272,5275.280673375454
5527,5235.341849007929,5240.21911626168,8.615718840662403,5277.298055249296
5385,5308.268434857827,5311.370274706777,13.707953581358334,5358.0584431339785
5644,5366.59599323178,5370.041254916108,12.147701025673571,5377.126457454437
5410,5441.094518077838,5444.311814416731,12.564421659126115,5450.7524736507285
5557,5504.399763848666,5508.425623507867,10.322580896434259,5541.153609163113
7419,5836.5144485387955,5839.562190295543,13.851475650960534,5846.550302139015
7640,5845.648907224126,5849.106522773741,13.292230907580564,5898.234437751228
7519,5920.83617095196,5925.28690821599,9.837507932898205,5934.659495603338
7378,6056.70362664504,6060.352777262757,11.507801637332555,6080.831058204909
7922,6061.289305844105,6065.178573956923,11.169799922947242,6083.188812157821
7424,6222.193278229355,6226.056809925191,13.747332632164127,6258.147972446828
7431,6259.505129614131,6263.274573262154,11.454722563405097,6270.469252902525
7417,6292.147886872393,6295.233714547066,13.408600348804088,6302.70015995104
7418,6328.186307549955,6331.395720880719,14.026188948446249,6348.192871413772
7396,6330.030039024238,6333.540204110106,11.71425978246937,6350.8557790849045
7659,6397.689424034535,6401.550066384641,11.561382517283558,6409.997360308623
7515,6401.610212506303,6405.388870002179,10.787230926330114,6441.431984354868
7557,6403.387211502537,6407.1703222938995,10.708210954096007,6443.511918824783
7423,6405.311084217353,6409.023997322344,11.633320211289348,6445.558660986924
7612,6466.725604704336,6470.072086499821,12.817994133546087,6477.587289503122
7523,6471.139542217406,6474.4744503418815,13.0969512761577,6530.981309366953
7911,6472.898224450052,6476.468624787863,11.55335398114485,6533.244764089619
7402,6479.903424726716,6483.10007387576,12.589278042949228,6535.183554519524
7908,6614.242251613664,6617.04583588004,14.738715523813145,6622.666164237292
7656,6675.750472934545,6679.121760863153,13.122190543320594,6708.068702631528
7897,6681.628774450938,6684.586538093993,13.669609395912978,6712.917565161023
7913,6822.63450536149,6826.443328616278,11.45371300631342,6834.52076419885
7548,6949.5966361862465,6953.072803173292,13.27571679880643,6960.560394169501
7409,6961.52634538012,6965.413587616689,11.96677916632656,6989.685466539644
7909,6963.494518908917,6967.323091452449,11.302887977539934,6991.478928727228
7536,7091.382465997299,7094.517302131514,14.416817601128724,7100.582624374312
7646,7225.818126728789,7229.250457672422,12.912910852688519,7248.005399489949
7272,7251.594318868086,7255.450171115812,12.227285771109626,7262.447141380348
7604,7294.641261916476,7298.4069608208865,11.523932447072921,7306.4707409796865
7412,7299.007465904154,7303.191646204408,9.687543632903607,7340.570221049727
7243,7354.16119994378,7357.428142014238,13.162846145293091,7364.066503581042
7907,7363.761307275929,7367.558587252032,11.784727954380797,7375.685702792408
7394,7387.212750008766,7390.5340973323355,13.245226868492741,7430.994164693289
