1764,292.47577267832924,293.32251024899335,12.293332738876451,294.1443299026553
702,337.04287362499,338.23617875748164,7.74996465459864,340.6703281885741
1791,398.6531971529674,399.43402031845017,12.840358843124697,400.21543249790875
711,412.90987517612604,413.5846028395545,14.951207693239061,414.2532533423068
1759,482.3699010189967,483.1449356942286,13.744448224366753,483.8776781834844
1900,485.3509878920325,486.13923193468696,11.781517462531708,486.9940574049541
1766,548.4373857633647,549.3923961522414,10.174488269925893,550.3449986004981
717,648.2709700412265,649.049572668997,13.21721216206215,649.8115443375972
959,730.3008118364844,731.1851432277299,10.659532977768773,732.1289632650115
981,732.215867755786,733.1275534938466,10.76275818865748,734.0649387747319
989,734.2149370823573,735.1365779249437,10.696856723629807,736.0729615525481
1788,838.7156162307497,839.4752304624546,12.878475184030554,840.2677729410335
969,1003.944163515147,1004.6282076028311,14.73616921182388,1005.3036489731974
1794,1028.4051550027862,1029.15280572226,13.17946685298698,1029.916959638174
1916,1109.6069110637054,1110.4572108997452,12.136429301574442,1111.2990487940406
720,1135.0791504840495,1136.013736252703,7.49751552444227,1137.8611218368196
708,1268.4268279843507,1269.3495148710713,10.480435747642229,1270.295468296698
1511,1288.7358518552874,1289.493830996037,13.441968628664023,1290.2544246665466
979,1293.3231007933755,1294.3075762453325,10.252350876506009,1295.2884751459258
1783,1448.295753598857,1449.2165111628112,11.461465983099025,1450.0939370108367
991,1450.3618326935714,1451.2213161882457,12.088410531359084,1452.0517752788135
728,1517.3543895273365,1518.2742896298319,8.741214126850636,1519.8159662455791
692,1627.1408860937945,1628.2685614050226,10.188111862096855,1629.2277358326057
716,1729.612141094134,1730.3762795251869,13.283557902360664,1731.1419863402384
707,1785.1430830190034,1786.0716500951276,7.508555527848492,1788.1005681780966
1789,1837.5609781202324,1838.4255439166711,11.80844349617605,1839.2700447706302
993,2011.2433607523565,2012.1340623589422,11.952004421269208,2012.976694343536
3066,2095.1633257926865,2096.0845415655135,10.742128020077773,2097.0215107291237
3771,2183.742335547339,2184.4982909380974,13.625532671138945,2185.253277946943
2714,2185.5752657061153,2186.4127745031883,12.26265564444298,2187.2218082619665
2955,2194.476741199479,2195.4446642431067,10.693648228932865,2196.4111685298017
2965,2273.372058010052,2274.1181258908173,14.258512439425472,2274.8244507089325
2781,2333.096609614706,2334.0342130747445,7.179690287307351,2335.874339337918
2976,2449.451397751235,2450.212724144717,13.052853777317855,2450.984290376683
2987,2458.1201729435015,2459.0846512526696,11.300684316885013,2459.9758487167314
3770,2463.26083847805,2464.1279685018903,11.556803874087066,2464.99941542745
3520,2530.3906629202856,2531.174034327411,12.899892039266145,2531.9547494818257
3782,2540.364011944708,2541.1309523762475,12.399582301147932,2541.9431685429518
3792,2556.436581586181,2557.4729116918907,10.085584344569984,2558.382518088965
3794,2558.431448972323,2559.378119288345,12.158476484624344,2560.180294275916
2691,2599.252772521308,2600.2063468686624,7.6940621330766925,2601.8686174135332
2971,2621.693093625987,2622.483541082127,12.472305681581206,2623.2666478235574
3777,2632.465043537279,2633.256640747727,12.887255018303012,2634.0374008333924
3894,2644.5207351314957,2645.241921001884,13.970296417106878,2645.962817746282
2966,2707.64147510337,2708.4760469693665,11.713530694472128,2709.3310369788564
2696,2716.471743516018,2717.320694654977,12.051735438994184,2718.134590753823
2450,2752.3889809517445,2753.261480608764,8.922118295339208,2754.7874017836734
3889,2909.5340606070367,2910.410735646876,11.343098609864505,2911.2887525157603
3067,2980.1705510615006,2981.0087738283883,11.900904331535454,2981.855023905257
3793,3005.5541621076345,3006.4816656050143,10.697277004992667,3007.4309937821567
2712,3071.431080328115,3072.386936247241,10.552951811111319,3073.356049254794
2694,3085.5093915451143,3086.4490291073935,11.267705157383029,3087.3681202471826
3534,3190.2654090206634,3191.135779549212,10.969851626793988,3192.053344061733
2711,3203.247565417864,3204.2490040128387,8.321500662931578,3205.8451140035118
2713,3248.906946250965,3250.1243730531314,9.4282360210471,3251.162399689
3785,3362.5346301724076,3363.2797730515395,13.075017142520093,3364.0474045661963
2700,3392.4188145949065,3393.3062427749815,11.098673504322678,3394.2250685227505
2707,3419.848925963338,3421.1197563186906,8.611428607045413,3422.240317066641
2953,3427.687976395289,3428.502497247252,12.2713204634617,3429.307574900177
2792,3429.521128067267,3430.3328460453904,12.533192278849286,3431.133474133095
2724,3473.1454845632943,3474.0303359975624,7.7101037203052165,3475.8083636538963
2703,3520.715295150763,3521.5610711229365,11.796740139040747,3522.4285104501814
3790,3629.398151641549,3630.285002910388,11.837456194737152,3631.1435820450583
2984,3798.636177651699,3799.4955823772807,11.905317481539832,3800.3534570240126
5782,3987.8390652782628,3988.5530679021062,14.328682827807432,3989.2724217341583
5787,3991.7232578336366,3992.5425390662963,12.466189890419276,3993.377060797654
5531,4244.160719783312,4245.071255989411,10.794892980619895,4246.003864253649
5769,4353.438249627934,4354.348608652433,11.252328695741491,4355.232147162736
4968,4436.304111817901,4437.083111399597,12.281883886522166,4437.903111107982
5544,4449.414820686043,4450.191070434767,13.243087783578135,4450.951553289669
4710,4513.761177187488,4514.494106271363,13.70630828295552,4515.227827778709
5784,4521.623608737394,4522.460937130118,12.339357219973971,4523.272010657839
5801,4531.442823144855,4532.20452215542,13.696856402481618,4532.939810670494
4713,4556.227879257246,4557.11728841484,7.416831507357576,4559.137771387066
4705,4642.28171827373,4643.133437017977,8.02949739377989,4644.806171129273
4971,4703.6121236385825,4704.467870716957,11.393750621870058,4705.3319342360555
4723,4758.226000164753,4759.108919707965,8.16677930338073,4760.761945262464
5797,4778.350377804834,4779.359311897095,9.749935456295638,4780.380839650845
4997,4805.442490783763,4806.20345288402,13.643801366923611,4806.941600628517
5800,4882.438338404235,4883.146619240429,14.947757636072613,4883.8203752278205
4732,4956.329217384606,4957.388682776455,10.390800215560034,4958.319922618415
4995,4958.590525999435,4959.524309429389,10.567164193159396,4960.463425968666
5774,4988.7742186025525,4989.530171933779,13.540460920548211,4990.29186981214
4985,5061.253344069517,5062.076661121478,12.039052373527102,5062.913200484619
4996,5153.332803596933,5154.141576213409,12.185055989802535,5154.968092005688
4986,5168.851556119273,5169.601243543097,13.317262366626707,5170.348963839656
5796,5338.655473999584,5339.525411530034,12.384213945432892,5340.344111998215
4719,5599.452661423739,5600.2116367315075,12.670851586699493,5601.006619649666
6992,5688.194860185837,5689.004455582103,13.006213815855183,5689.778788631517
7798,5774.286510752488,5775.002482757661,13.908992490558584,5775.726556856643
6976,5947.61654814777,5948.435844840671,12.418977620645155,5949.244378005442
6702,5954.375597004042,5955.203316500548,12.026669338813079,5956.041456944808
6965,6249.277198918362,6250.128843106079,12.304482110611042,6250.947336815512
7780,6251.218626183568,6252.069387247072,7.7048178538232905,6253.9051807572
6451,6487.09860497328,6488.195962007891,10.521844626691928,6489.1342673766785
6969,6511.563055015616,6512.418852760847,11.37881861227911,6513.292077109155
7898,6597.56204173082,6598.40158964593,13.117548747373869,6599.189993309929
6988,6668.134826825457,6669.077270891304,10.936884757616161,6669.998112742395
6707,6675.472483826233,6676.446363793679,10.160833785382875,6677.470847005898
7766,6695.371098535661,6696.294958517194,11.30066549667478,6697.1914833845585
7796,6697.234080440674,6698.1554712801235,11.007197498239309,6699.058229959633
7785,6876.400320255345,6877.2150897374,12.062630257807355,6878.050572993676
6449,6949.637623878559,6950.368735269219,13.793269802856077,6951.1060248659005
7905,6951.43225909211,6952.176318392859,13.648909826094467,6952.914189866382
7531,7027.44836229016,7028.123860974234,14.987095212480776,7028.795848511684
7787,7059.791569241068,7060.536020908534,13.705437531295575,7061.271934263568
6963,7229.4568231497105,7230.322935505111,12.33666362789708,7231.143498228053
7782,7231.30354892328,7232.139645736195,12.662018872991622,7232.935027681712
7076,7387.509858189854,7388.30433839241,12.819088977026519,7389.088019548532
6980,7491.546710207246,7492.433054425891,11.496736074906462,7493.30765316479
