1376,48.20482030999297,52.40384756879628,14.906530551553695,55.88584334649342
1217,110.78848411462013,114.03011758693994,14.499791636819634,118.79732594402078
1206,363.8255530344673,367.50929137488396,14.099433794462826,372.45666366713857
1264,366.0264301444588,369.53029330313916,14.340769935469925,408.16971579760025
1322,368.1542730387025,371.53168528668607,15.025083585479466,410.81259827861754
1342,501.0580327146843,504.5406580003814,13.649645909096689,508.26391691283396
1288,633.3955042752766,637.4023022773152,12.503259825285939,642.3030449342901
1201,648.3883247224313,652.3327313008481,12.014462021665482,680.6036326359666
1226,724.1437109335233,728.1995854749024,12.983369374817684,733.2884579631516
1211,903.7711815647604,908.4688801622739,9.872760751830786,913.8701477082204
1268,993.5594232535939,998.0562959172646,11.025765983249642,1003.5510272050528
1286,1114.483144016866,1118.4444431690783,11.43781524766317,1128.1690310547285
1253,1190.1073510058745,1194.0956583249892,11.839190433628554,1199.3508805990477
1189,1265.6083994869284,1269.1398595226954,14.988646189904156,1273.8359957416508
1332,1355.4648986568834,1359.058357541475,13.89032315654379,1363.7443190933593
1334,1400.7900986765583,1404.3714812231347,13.75622131992581,1408.7987255284784
1328,1402.6531612739125,1406.0608018810176,13.380730790234926,1410.72423362591
1207,1444.2139384045624,1448.5312228623657,11.022030112497106,1454.0429720623495
1329,1446.4402939120982,1450.5419212348427,11.337477579555024,1487.8055983378908
1384,1578.3283601881787,1583.1434004853518,9.635373635997157,1588.2970408059314
1297,1623.635476490074,1627.3605902172078,13.76769909744592,1631.9644903619037
1244,1625.5306402516362,1629.302721024911,13.320498162791655,1668.0983627859757
1270,1629.5627920585987,1633.312494494806,12.053793076320542,1670.8950021012686
1307,1803.6867438891297,1808.2358357975625,10.202151925449476,1813.7126035070494
1293,1808.6691901850972,1813.2040465794023,10.0443295409133,1850.4796685482222
3228,1920.9895342222426,1924.4723518251192,13.041680316444893,1929.188447961841
3197,1988.995470620041,1993.0351265202628,12.457700877736317,1997.9182665231872
3297,2073.4595263311653,2077.362502934582,12.96575717045753,2081.9880728791695
3340,2120.907755960938,2125.0737260355004,11.560699836593697,2129.7453278065987
3322,2124.705469467272,2128.358140923057,12.646286288687426,2133.353021784769
3293,2343.4034047057767,2348.361954228615,9.976250186814616,2354.2344180131413
3327,2346.5721730618516,2350.4883768360723,10.44103612943159,2388.282765516488
3263,2351.792807742008,2355.2731993834855,12.52674879196482,2390.8181880318834
3225,2526.2505618610394,2530.301191500066,12.164003437013758,2568.4263851236456
3237,2528.2363466931997,2532.075441116816,12.162386075436267,2571.3902642826956
3344,2530.3184963238227,2534.1058613604473,12.461451913850647,2573.8358282364275
3190,2615.434094846299,2619.1850311116023,12.401369554018887,2624.337905997253
3294,2731.383674042796,2735.0678655117904,12.79280053383904,2740.213838440084
3251,2803.2373195888217,2806.302108283198,14.914603428746366,2811.169156214701
3285,2902.3338649866328,2905.444207011316,14.378752846960808,2910.2213362562607
3213,3063.4660668713063,3067.5768272017085,12.214907433733943,3072.564010563818
3343,3113.00029220059,3117.060323686717,11.747657053647744,3121.481105837398
3314,3334.2594530979145,3338.4880940769217,12.331322247915956,3343.773835849084
3209,3336.7608366168915,3340.552320824016,13.161876128649283,3378.1334543306502
3278,3338.757236636493,3342.3350142454883,13.687552957088235,3380.904345060012
3268,3355.6322605161745,3359.0629302314724,13.804154889856548,3383.1101008441933
3208,3424.2349436010027,3428.0977423488944,13.88405892567932,3433.2374430393747
3255,3455.154865704367,3458.4858609456155,13.659019967807101,3468.3311529142616
3372,3473.247952142132,3477.2589841990944,14.689413309909666,3480.744923667479
5293,3693.6736848458177,3697.4933555724856,14.322413154616438,3702.131911598285
5234,3695.629575562126,3699.457363501735,12.362396089826369,3738.3800915578554
5277,3710.3092671680315,3713.6204186997174,14.127037830671762,3740.9695750416217
5232,3712.8589925683073,3716.584798934741,12.402338189897534,3743.097925777537
5336,3738.7396119310456,3742.5721279352583,14.477632875733201,3746.2291539777448
5225,3784.160671890263,3788.107287206939,12.50438828280628,3793.0917388305966
5265,3963.8187299427204,3968.0185188224564,11.45080703964854,3973.379998301347
5323,4190.580189548293,4195.035718913496,11.240162167861413,4199.756650432125
5325,4432.344014239835,4436.341428414585,11.18138869226411,4460.249211413659
5249,4445.860446291982,4449.4610187740345,12.884084521979897,4462.489047048099
5253,4611.472693232842,4615.314539273755,12.506144237478733,4642.676815576965
5268,4683.789721449676,4687.545235474108,14.346781476952334,4692.280928253351
5203,4775.9151950627,4779.388898069215,12.835996317619685,4784.210747664735
5385,4998.037281483377,5003.002227151194,9.896317508238436,5008.115206511086
5331,5094.9518672321365,5099.373879694415,10.628801691286387,5104.350189306255
5189,5133.556860749008,5137.463981868239,14.943697746328718,5141.821119122907
7286,5673.419903541334,5677.328937879253,13.269298155184114,5682.302325831143
7263,5677.624627562748,5682.361531504986,10.145166641971118,5720.986851880745
7258,5853.51684785469,5858.3504862042655,9.898030202009757,5864.00452934314
7297,6033.351783997965,6037.411487432545,12.05789213696624,6042.723457543392
7194,6046.385639314826,6050.396176886783,11.718621675915637,6078.121403457914
7321,6168.443182404714,6172.439374142125,11.977287135229629,6176.687029441584
7388,6172.027877336499,6176.329100944068,13.269166203971762,6180.3104445101335
7213,6303.835325154813,6308.302300710106,10.777350105180702,6313.7653133142685
7332,6484.057972863934,6488.067289852131,13.10191798977488,6493.221571499868
7218,6601.2927200859895,6605.308905317518,11.34132196951849,6610.613946465266
7273,6603.148787093893,6607.156595994756,12.142717868917996,6620.211255312245
7233,6664.207611003601,6668.367101131896,13.017707977427216,6673.552174394879
7338,6711.21834237557,6715.108721053073,13.392573905944609,6719.193902780842
7328,6858.408526061588,6862.408681273119,11.279746595760823,6867.775291248778
7326,6947.179420290042,6951.3019482433565,10.674361169442458,6978.420975917404
7329,7165.231888092706,7168.4448029308505,14.75990727217505,7171.986279519642
