1404,228.50350525661742,232.4568308132542,14.09721845505264,235.84500495060627
1555,321.1378198872351,325.45525995418154,11.328426756696711,329.6887607029031
1644,588.7588105245139,593.0126336993646,11.67539402136537,596.9502012879215
1911,592.8128042583082,597.2422180004088,10.927554296760256,601.6656888800915
1666,690.7809844639314,695.0985304832816,11.380167306562537,699.2937834898469
1405,768.9169084053204,773.0988710773242,12.24297660339914,776.9283677439728
1415,772.5602571545843,776.1683084053403,12.982391508378749,779.8100665605
1254,797.1689380758859,801.0908623504924,11.845375304734906,806.4297945577015
1904,888.5382497881901,892.071906070651,14.242255659726412,897.2422068746496
1569,963.1259490562715,967.2335289558072,11.8850294069986,971.2108755104917
1387,1045.1901191963261,1049.14149487792,11.656819998576905,1053.0927129530962
1668,1219.0903927289303,1223.2738617993875,13.111763658520912,1226.8413394701954
1656,1221.2249521319604,1225.405922372107,11.766334275581483,1229.3291090813937
1919,1308.5189081067101,1312.3148712276593,16.69284847914966,1315.1925036772238
1395,1399.1699442997833,1403.516149819556,11.761028182931792,1407.7484934178322
1654,1490.83997477993,1494.562761834756,13.189669293304272,1498.4121675306333
1662,1496.810148689623,1500.4224807508938,13.355367024561412,1504.0365728955562
1575,1578.7365738704682,1582.5092896665067,12.562158374266826,1586.1315431090975
1573,1580.94278177108,1584.4660535963617,12.715657941374912,1587.957037848399
1648,1669.090557261123,1673.358970343438,12.83259458484223,1677.0451609233194
1917,1759.0023124749698,1763.211240340198,12.142998932256312,1767.1493126961393
1902,1773.1021762934745,1777.3041314438378,12.723118654214217,1781.1731559366547
1530,1787.2898977392258,1791.1617471660088,12.411226924266893,1795.8378535947425
1587,1939.1997177993221,1943.1618021074635,13.310385896676864,1946.6522973089563
1568,2031.2115207349075,2035.0631792372637,13.581828925176525,2038.645938937241
1647,2033.6104970043007,2037.4758143969036,12.384112283344676,2041.1478584114236
3576,2061.660182525197,2065.217196475406,13.081753233743665,2069.9564943580017
3662,2209.133729572807,2213.2955094123377,13.28545376131846,2216.8635398861798
3245,2752.68485342802,2757.0816888492823,11.766340122414913,2761.15171948714
3559,2766.647660480792,2770.553482068786,12.27745249311276,2774.4905913818775
3548,2841.4152428804728,2845.571556337656,11.783934732538603,2849.905640995296
3251,2934.7352250620706,2938.4422091845,13.431930165944664,2941.8209104221296
3378,3114.85641799339,3118.3926190024936,13.20282977515458,3121.9903906801574
3388,3205.2193144868784,3209.4688161058148,11.73257684327713,3213.6740011542965
3421,3378.7489226906905,3382.6009071570575,12.920949503515988,3386.0957297595464
3262,3408.1020140836085,3412.1813057473573,12.022371521417318,3417.45076481835
3655,3558.4544539985686,3562.5757696270302,12.115971527930752,3566.5145487588197
3255,3564.990999652932,3568.5739682916083,13.584164973433523,3572.2603104010877
3558,3664.703309510985,3669.4774919848155,9.607278944039079,3674.2232919073663
3541,3666.607892827744,3671.4676751679294,9.657627066747036,3676.126792512996
5901,3828.4498276620334,3832.5600926521874,12.534275038845673,3836.42969269979
5668,3859.4413413263455,3863.5459566532004,11.016011880161852,3918.201580772911
5575,3861.378159195535,3865.5094318444126,11.88400247237329,3920.460445969318
5399,4098.879693833824,4103.088739729577,12.751998786342543,4106.875138484117
5598,4103.2215834450035,4107.175940642913,11.51642768687138,4111.122463435947
5368,4189.091162540191,4193.154057645518,12.58698781646348,4196.880959785121
5426,4201.493460398177,4205.327389773946,12.952066136363523,4209.15278901132
5913,4203.313461529856,4207.087383420045,11.814242363374591,4210.9593928862805
5236,4310.949073166614,4315.432246647987,10.370514662399275,4320.90433741544
5536,4370.533154156885,4374.400494439595,13.22789424153456,4378.141885428852
5667,4376.750776707233,4380.512892181567,12.047995965614133,4384.477494887759
5398,4551.022593397226,4555.299681205398,11.516446915568146,4559.506761670454
5272,4574.103992127912,4577.577288379728,13.941495835251756,4581.027106882129
5555,4643.31674106146,4647.528332558203,11.769852081158849,4651.805161660928
5581,4759.277629429421,4763.128696968888,14.146836877058124,4818.330798820323
5427,4835.198646872956,4839.141857125028,11.796003426816336,4843.055221351742
5924,4908.516852596814,4913.045078104975,11.311076890743854,4917.415752692115
5560,4912.6719336229025,4918.059913751119,9.278063414558929,4923.281639688582
5431,4914.914203161462,4920.107709980469,8.980839218017577,4925.319953604244
5551,5004.871148305307,5009.023444559564,10.756207846423326,5013.209833712109
5567,5030.426189520788,5034.025710708887,12.61026636162036,5088.234997683269
5412,5088.842332070468,5093.121058286582,10.90910760374468,5097.248283497969
5404,5098.4209680607555,5102.061431195621,13.576548343021306,5105.685990537818
5559,5274.7866334945365,5278.46389457809,12.48685417642543,5282.222996434931
5524,5362.774724584542,5367.20188050083,10.064664588782938,5371.769673472375
5408,5368.459164864005,5373.04324585882,11.072559741874219,5377.391030108551
5897,5384.410572693094,5388.299909375311,12.817824421451498,5392.143048056973
5549,5538.964038123683,5543.133662598201,12.784291671254776,5546.983481062245
5553,5541.1975405635485,5545.265977808812,12.194379828746577,5549.27799395137
7675,5631.055952101573,5635.399687281646,10.440193850049289,5639.94620645662
7904,5632.951667691682,5637.388913736887,10.587268394092504,5641.842752495915
7896,5635.086646659328,5639.388479458763,10.650431337421477,5643.723478485028
7546,5720.227863614155,5724.319803183798,11.540033707735793,5728.405968384668
7906,5808.8818437504715,5813.01375894038,12.691050833174568,5816.67371159343
7576,5810.940996986912,5815.136503632479,11.612965566074406,5819.239075350842
7396,5988.736926602507,5993.067576192293,12.05636569850673,5997.05827661997
7258,6025.07045181563,6030.059509664869,10.25080600467322,6035.780015570297
7535,6080.968143027137,6085.1057692985905,11.535206175903848,6089.366876212928
7407,6168.958631697247,6173.012515640657,13.220825257034898,6176.707559130153
7671,6174.877627610478,6179.0280249853895,11.378473690468796,6183.172777902564
7385,6182.068173973275,6186.416263663957,10.832260031328543,6190.812221566353
7425,6356.624074054476,6361.154569116046,9.977869694540539,6365.652553232249
7534,6529.049165541204,6533.079675907194,12.379066886056401,6536.8338334502605
7378,6534.88901578244,6538.453793640418,12.478184364455199,6542.085674724017
7647,6713.098087989684,6717.262931046765,10.83851274457671,6721.708981340815
7406,6799.118876474989,6803.384282936116,11.594106291373437,6807.37786742686
7416,6801.371177359272,6805.280441086108,13.223954058281366,6809.150209622618
7663,6825.102460571951,6829.134668039137,11.664586334639736,6833.219618497611
7570,6895.584048570821,6900.3227983469815,10.06128029859527,6905.309589144158
7533,6980.846610071425,6985.433691465286,10.115935139663351,6989.948243793497
7615,6982.751365979493,6987.357225818262,11.121591363699036,6991.867619754938
7909,6986.780841069072,6991.20141670901,9.68368574928652,6995.613383174931
7552,7071.47692869256,7075.5337426381675,12.682788047150398,7079.322129322785
7410,7076.851451038072,7081.084303922467,11.326778382239985,7085.25843816632
7589,7100.526265704851,7104.551257066332,12.10478083049535,7109.844105574283
7563,7102.382821502703,7106.293634502291,11.396673440149215,7158.323405543275
7664,7104.088743868659,7108.133787158294,11.552460398870966,7160.616102723364
7646,7159.206014788625,7163.371868759013,12.10572191881142,7167.11056713301
7435,7161.194957483631,7165.117821345058,12.7579523082092,7168.820057013485
7595,7168.733578904448,7172.533865470651,11.986053880911195,7176.379441970097
7588,7170.464096141672,7174.320952836595,11.593363505101072,7178.125515996573
7401,7174.598088930263,7178.31136347868,11.899211548080025,7182.173903541966
7669,7374.4660634195325,7378.0136739952795,13.814533377476003,7382.853780496864
7574,7444.625800262851,7448.494237132255,12.201897761089667,7452.266543374377
7386,7447.480716447556,7451.454818874159,11.490068220271246,7455.408937122541
