39,48.807005237388196,50.430127065029524,10.830845571635374,51.403207150755335
48,138.6735708443417,140.1860776659758,11.566937898751304,141.1402874378305
51,408.9506587990012,410.47289216939225,10.434843686206781,411.53971677733193
2042,2118.543549302704,2120.2175110314784,11.081938679513275,2121.225297556828
2077,2838.5338672700386,2840.1589436661106,11.688164016737565,2841.109592229716
2031,3648.5477683882223,3650.130878422184,11.325745910911401,3651.1196269304987
2064,3650.8362244589885,3652.2471318000785,10.78233619543718,3653.258745913888
4033,3918.7493151916433,3920.199165937441,12.837025287237285,3921.06184858027
4037,4638.593220040129,4640.232436489206,11.225562444744483,4641.222233355383
6042,5807.223577021068,5808.4397227280115,12.813358280201221,5809.319708683846
6070,6168.838404209312,6170.38543716189,9.991019857295404,6171.532877496099
6071,6438.788249591314,6440.289365176774,11.37780731781046,6441.25534973146
