402,189.10764888476444,195.20861038630935,13.836672251770091,227.87732217110252
347,635.619071244892,641.3801201679704,14.622533928455042,647.7300788356231
401,815.8338638866455,822.1436725329493,12.450839893342424,829.3596575569021
384,1806.2667421720325,1812.5226589601548,13.283229714880514,1848.3214190689712
2329,1896.2014254254314,1902.0966257049836,14.21403015275708,1908.6277842338156
2311,2079.0950398299783,2086.218102008297,13.051976917541948,2092.8275583440522
2313,2343.4284250338046,2350.011782775181,12.753966854315633,2356.8231616312055
2366,2437.7814541817893,2444.0460797525407,12.006396745058138,2451.038107792007
2279,2808.079867166095,2814.5010101169287,11.383229040092502,2842.798258062785
2342,2883.318736466476,2890.0034519155947,12.647711633777007,2897.204362282871
2363,2977.9260310232726,2984.367919380387,12.283454934468736,3018.295354628432
2355,2979.955968476017,2986.5655971028805,12.11654434451403,3020.889809467563
2395,3063.880895461746,3071.466759004947,10.759771671858271,3079.425901699089
2299,3070.173818687942,3076.435781219093,11.91608840604307,3107.8370593864756
4317,3787.1540976738056,3794.362242063791,11.517547990719095,3801.9545292597895
4344,4867.717331614687,4874.0589820222285,12.758492392950522,4880.983988034115
4347,5404.07455654349,5410.533905396505,13.2304862911163,5417.442710554272
6391,5853.340234268699,5859.462677050902,14.121955467665243,5865.9162374620455
6360,6035.386575215219,6042.049708752369,12.16505216611591,6049.328098142046
6274,6327.28191898463,6333.028585646043,12.592900847843344,6339.640963509519
6361,6756.549790095201,6763.50698195136,11.74946147806943,6770.797311027649
6343,6935.766478972683,6941.385842353376,14.83864624315505,6947.58050145264
