524,196.20670891666845,198.5250996729446,12.806125167965902,201.01176478097833
321,279.8776007128094,283.19950399101253,9.660357225908367,286.5812860417125
332,284.05038933129254,287.1683028595683,8.793453010466092,290.6479180268211
528,465.66336767662955,468.03720798663676,13.069826944935546,470.3510808976239
187,498.1005737465148,501.0979631282706,14.066593172657672,503.12889129134953
223,511.23838776705617,514.0719734471132,11.195184165679848,516.8631896925378
380,543.5185228280683,546.2146423892699,13.658329980723215,548.4103365945181
254,633.7095953229517,636.47920375007,13.803011869225216,638.6988289213898
548,648.5571840153135,651.3138184135684,10.887998150140573,654.1366393351783
304,656.0923755715371,659.1765498277363,10.203470606233932,662.1517502522929
379,813.4195538865865,816.2330537114432,12.334774379628634,818.5510862728142
395,886.98534261295,889.02245449766,15.321177823299658,891.1354308270428
529,938.418046105988,941.072838050789,10.356705950644084,943.8667660970905
302,994.009906694991,997.142270636917,9.295771098633471,1000.2147987130129
549,1383.0470224206047,1385.3911627769846,12.732243896559627,1387.750217571316
235,1397.6469974989184,1400.5434521985171,12.350072712585959,1402.920905631244
534,1476.981227446434,1479.5105328235747,11.78601783007583,1482.0997492472152
234,1486.7340033010037,1489.2215511910294,12.176415244185133,1491.6566236661804
175,1551.6369146912623,1554.31583213474,10.532402247350873,1557.080232002775
359,1810.1583871486405,1813.2464888163477,11.212103597607591,1815.9224548097254
174,1848.4094661829693,1851.5275991175492,11.443957852033124,1854.0560067968468
2340,1898.3376579356038,1901.2650997587318,12.813873688204076,1903.5759498109178
2552,1995.2806710868351,1998.254911495725,10.341789159827039,2000.9794467502272
2544,2016.5871757363157,2019.214607114183,11.27045417637355,2021.8577898686526
2382,2155.214484275853,2157.4448608829302,12.53476175544882,2159.7290437721117
2292,2196.6999680933786,2199.2328307328935,10.930592874290246,2201.890757551669
2264,2207.964245262476,2211.1310673985345,10.286016369756002,2214.138551687953
2226,2221.5384454562586,2224.1199527951085,10.985997777067215,2226.801831328592
2227,2568.280123980907,2571.5248885655274,12.20885435192654,2573.962483156236
2546,2627.2507409643267,2629.579639614142,12.323414099750158,2631.9517696396783
2405,2794.132656105324,2797.0119813706624,11.448630350688731,2799.660304613734
2254,2856.7628542827983,2859.268642024606,11.792431874527816,2861.6998327898496
2272,2883.6366482815647,2886.4594324669156,12.18391190935245,2888.965578208836
2377,2920.1263101481245,2922.28752891377,13.053907153184179,2924.5384277529793
2371,2973.5778388046,2976.266587438157,12.268510149913192,2978.704105576497
2233,3018.163649183479,3021.200313573749,10.74001321247834,3023.8862859828355
2273,3117.4359260579336,3119.5484705939803,13.831293579829385,3121.664221979636
2543,3273.8155535951573,3276.2781849162343,11.904731143874978,3278.702282303658
2229,3423.475477861319,3426.2933584598227,12.286929815664207,3428.848262685043
2266,3490.3214391245533,3492.509475370518,13.669791350516892,3494.6695663237033
2343,3603.572905250666,3606.3569674092087,11.76545377294087,3608.9318307736958
4248,3639.59950441997,3642.1665378490825,12.379330777191942,3644.7133071402736
4228,3851.5799871491317,3854.1200549916957,12.404114043749937,3856.6526950529355
4553,3874.0075702351846,3877.112725634375,9.728953910211557,3880.250123500745
4189,3946.3019247686993,3948.5097761426127,13.390657931238575,3950.7081221566523
4534,4053.449466055489,4056.1058747300035,12.797008603701382,4058.348930270802
4235,4097.97711235667,4101.0162065985905,13.417386213502724,4103.103567299028
4285,4425.486461631293,4428.173647154056,13.139709406671686,4430.38618554022
4332,4448.168809655884,4450.478039409249,12.87840559789527,4452.744195919812
4207,4502.190527457397,4504.60678190817,13.880973523644872,4506.84470182464
4542,4516.178968953937,4518.533376090791,12.189410926046286,4520.92339451017
4407,4659.499914144204,4662.125473217901,11.430635379120577,4664.722466731918
4386,5188.450445089663,5191.125120208798,11.45436478332643,5193.755133810207
4401,5203.975177829617,5206.159157965096,13.474440170799026,5228.188545551377
4377,5234.380286810556,5237.273798009752,13.463452060008267,5239.421408354488
4176,5313.562512059224,5316.379473400413,12.120006566085335,5318.728531958404
4552,5342.060169751098,5344.212456766868,13.872110138482482,5346.330807763073
4237,5394.482138688545,5397.071090189335,12.22958337862485,5399.581836346148
4544,5417.322785381764,5420.128154215854,11.562934534264414,5422.769349688163
6271,5493.563332557208,5496.534374767542,10.977544732368386,5499.24353050364
6230,5495.5692773718965,5498.34164002757,10.168274558168253,5500.985359634968
6227,5528.202934503211,5531.027129630964,10.884700283842193,5533.787798825755
6234,5718.010199731894,5721.117380310655,12.65239075935823,5723.286163575226
6392,5763.821853107909,5766.504773030745,12.056837135963493,5768.9822024424075
6306,5774.789447563367,5777.117254039185,13.037284316635684,5779.464058012042
6524,5795.0828372452315,5797.482606920498,12.53796238211395,5799.91588771626
6532,5890.307067156093,5893.238720216718,9.7876321700705,5896.20649162314
6376,5999.70707379971,6002.113962610213,12.431926028762984,6004.606324596433
6226,6178.042985433067,6180.515152661034,11.719048890102517,6183.087861902372
6533,6242.925467659295,6245.505816116452,13.95637919304062,6247.561317675187
6364,6311.859473642687,6314.245840903968,12.207393473152473,6316.650057510234
6287,6393.353172463684,6396.269772709898,10.49448475930949,6398.973991947352
6403,6483.714718524998,6486.501773170595,12.21673194191968,6488.987074202079
6162,6757.486521446504,6760.347219506265,13.287007350017907,6762.401250539917
6554,7126.150753283249,7128.584383710958,12.588085441178274,7131.057451233728
6268,7171.26309719862,7174.097957747864,10.969677246139922,7176.841476489119
