512,332.43549329943244,337.4198968309626,13.740997490116222,342.90769929859727
516,614.5722638656196,619.4179121879502,13.247487246234625,626.2799486700007
87,813.4961633923868,819.0537369218749,13.907212429366957,825.4334292899385
518,1144.647577171738,1149.5417816991055,13.776183281898579,1155.168709038063
472,1229.8394602850753,1234.3937868477724,14.118436687017597,1239.6805512237154
695,1672.3390501299432,1678.3051044068516,11.973327670014683,1684.5594203428811
475,1686.0075336679038,1692.2965073596122,10.776183438701633,1699.1598196653424
2505,2028.8869428243675,2034.309096777377,13.971720423956729,2039.8042923924922
2504,2042.2326299454771,2047.4267612238082,12.723739194708765,2053.301695210459
2235,2971.6263263079413,2977.3413674704843,11.037855449874312,2984.5266565683587
2513,3210.3547247939136,3215.210446978083,13.465983031371008,3220.8390012030363
2514,3214.1041846378434,3219.0249971161743,13.446718819573533,3224.5653907835276
2222,3512.141800848924,3518.133653926694,11.852273802936585,3525.362420541046
4498,3670.626654761279,3676.450046916863,11.368997802052109,3683.0435008147615
4676,3744.298416857358,3750.315905932889,11.439327095068057,3757.173548405011
4506,3847.590615225559,3852.5614504798473,13.103875238351554,3858.1457279900123
4501,4098.693669910988,4104.0317589193155,12.97477125109776,4109.687681318853
4515,4470.256402031483,4475.361550202744,12.658036420024457,4481.350298183356
4482,4831.5520915997295,4836.4576847222625,14.38535910047753,4841.8439229218975
4242,5222.814063302236,5228.501471535734,13.097292996879036,5235.063414964255
4504,5462.278452593274,5467.2335893544905,13.05730539590217,5472.77695797032
6501,5653.835839009293,5658.521460220064,13.668228932599586,5664.581436242979
6228,6121.859953566186,6127.5728412614235,12.29207651802576,6134.321877808854
6504,6167.53174099618,6173.386390368478,11.744448165394493,6179.830754736484
6515,6184.457114287354,6189.575686623175,13.56710953263427,6195.272563919022
6490,6188.989196800187,6195.193010574532,10.951038515657702,6202.306011649669
6242,6303.0273092943235,6309.419704713203,11.334164480065116,6316.713849284948
6235,6308.2499868061905,6313.342676458074,13.980066662860041,6348.395529580241
6506,6630.796956484318,6636.373924406433,12.147387333579836,6642.566845116772
6496,7085.099990678539,7091.51573172827,10.391831537499874,7098.7521183264635
6236,7383.271994917894,7389.299642997908,12.53832131266527,7396.4486947415435
