178,317.7531244012305,327.49782113854684,10.918410384397454,367.81983211241715
1,322.2400698876512,332.1755973136757,10.210007109285742,372.20922476748984
270,324.1059447904185,334.0424984927736,10.10807446955955,374.12173022336617
1291,389.31700733996763,398.0648251669493,12.795466166104998,453.2679620732712
942,421.93899746815106,432.06629733038375,10.236046541879524,456.0047356870247
517,439.31410140508495,448.0866210072043,12.308738044471827,458.2320467996065
258,508.5200111929019,517.5384018388553,11.954441280120642,547.8875892344093
166,510.37948043738834,520.3628233256804,11.686535030752086,550.1063798033099
1180,544.6111263640213,553.4100282338379,12.90999656447034,562.6016586466887
191,767.4933363237125,776.0832608158527,13.258345612733894,785.9528240939984
496,787.1077805530604,795.047032298035,13.993336235589437,813.3962344901114
24,840.2430946351141,850.536200583907,11.307668039408217,861.9859040522117
94,842.072457351285,852.4215980096145,10.757175146215447,903.3868967372998
177,965.6229651090234,974.5893708459997,12.6846080628958,984.7306194319937
257,1031.6759209168622,1043.4072829164231,9.038493211047548,1055.9337789078656
264,1107.625020627474,1116.1983099079182,12.35598596758028,1126.1866979894185
169,1109.3841554554297,1118.1563114993803,12.351253975464589,1173.3018400713472
173,1113.5450128786204,1122.3740811741097,12.368560376965785,1178.12571978298
785,1164.8496119456306,1174.2731506632108,12.291652298244486,1183.7886449473694
506,1237.0051186663763,1245.0404150924994,13.662789904991303,1268.1969012849859
160,1298.2811442510654,1306.3033752642416,13.157441829145027,1315.7882013837404
514,1360.8722137072293,1369.0912698529564,13.421465273394402,1377.595307594107
498,1374.6895699390836,1383.1685571577086,13.536442255664694,1391.6804238950137
93,1493.2610829336008,1504.0302983317486,10.254978360812474,1516.245002927081
513,1511.753844645301,1520.4716849750264,12.809847260506457,1542.4054540728293
1174,1656.5581892479972,1664.5146206245588,15.02764992575409,1673.5323206757055
1214,1788.6068000593066,1797.4672861829408,12.640984907688086,1806.7604225762166
497,1891.1558364546386,1899.064445854401,14.921315571938397,1906.6655155396395
2788,1957.8395873841118,1966.2916245347467,13.269364077943273,1983.6290193080922
246,2021.4176845536222,2029.1291433777237,15.252775143546657,2037.9111417654794
249,2025.3361604385682,2035.188329959974,11.072810158514516,2075.488616840356
2007,2039.1294454314802,2047.2140158653142,13.139051877346608,2077.882827321688
2513,2087.5786474317715,2096.1943800023414,13.092353252264894,2105.0480286535935
109,2103.02770151733,2113.453852892526,10.845888405655224,2163.3319694069637
3154,2116.866250795066,2127.3534249795052,10.979833508141638,2165.9017707042044
2688,2120.899150352791,2130.3173401148756,11.44435324655026,2167.9958777932834
3174,2193.2601675824494,2202.283176728078,11.682272308224452,2213.1966135420093
2505,2218.803974700675,2227.3553362110742,12.813020774417394,2253.6080553403117
2027,2222.4054247483555,2232.217455877077,11.63357951032768,2256.046634183803
2518,2288.042103522408,2296.514763721032,12.557424705441097,2343.3706170653686
2178,2290.5125177618625,2298.411649504962,13.832733651918838,2345.9371623202583
2523,2353.635355206773,2361.107675537912,14.908863291538623,2368.4864756603893
3184,2380.4919478993747,2388.546721071541,13.827839729806625,2433.4124243418164
2787,2496.6580573698025,2504.5357156285554,14.016198405416116,2513.8378943185644
3178,2581.251781601272,2590.3770779701954,12.080297120478278,2615.4004368662213
3166,2604.5203864162236,2612.4794537329863,14.472671118846753,2622.1297055337022
2011,2680.992237552972,2689.588802552106,13.000123561451868,2699.697892293841
2110,2823.4405510190563,2834.2864796384647,10.606143801372873,2845.9222143109646
2169,2825.3471445949863,2836.1448595506454,10.049718276282308,2883.210061481022
2187,2833.987346144341,2843.436326575655,11.536254091327821,2885.7277365741556
3286,2908.4172667091093,2916.253915229454,14.908708537433016,2924.9658768692375
2197,2950.5568672626305,2959.0507600328306,11.113306669643613,2978.513941637101
2276,2956.2166907367914,2965.12056215789,12.72925350774824,2984.4099556551387
2273,3012.8696523541516,3021.4671524787286,12.67811569438948,3063.2738244718344
2508,3077.0715225164918,3085.554589658414,13.796256171447226,3094.2502379292796
2263,3281.0349088368707,3291.381323904743,11.344966387404185,3338.2743164042517
3185,3304.5265746723653,3314.326127453389,11.502656206706806,3342.711994185184
3292,3360.1979063115705,3370.262830015743,11.521880878820149,3381.736847248793
2255,3362.0735748341444,3372.1277864518206,11.200595667850443,3423.4895189098906
3164,3438.7989542572145,3447.3363600249327,13.219350775291248,3456.0600601520932
2785,3494.5580725732507,3505.1466650368725,10.265258471503335,3516.096341326235
3172,3520.9238313529518,3530.3471119257597,11.117356464895444,3539.8914905701486
2184,3538.0798064200203,3547.003255980681,11.851662870121915,3557.86381999962
2112,3738.8789809520863,3747.391120305139,12.68538659588901,3783.3748946841342
2180,3740.973216747914,3749.2366439060097,12.620200214105578,3786.1519121842066
2102,3742.58283670517,3751.005786508326,12.691905567321436,3788.2647252528495
5203,3783.57301193752,3793.4227539456506,11.833222084563001,3803.445348081486
2269,3807.3539197245755,3816.0093087714936,12.602957078415196,3825.941724947793
2103,3814.654502617881,3825.4983446480996,10.560544814291507,3873.346791745128
4781,3838.76998535202,3848.4464074426173,11.254399164349422,3875.8202900557703
4021,3938.773754353705,3947.4516576873784,12.0554243327026,3968.4451803221045
4785,3945.3911561414398,3956.0350805949925,9.999396364179125,3974.397319500562
5182,4033.730723228978,4042.450367115535,13.556152969276782,4053.3006103703287
4192,4079.061385344238,4087.41522230646,12.83563661687517,4096.961935204323
4015,4089.3781048785477,4100.066208380222,9.443129831489829,4146.2490096980455
4161,4133.333966344464,4141.271213103488,13.843766340753302,4150.501483930572
5047,4162.455891050492,4172.487304506339,10.232702600724497,4183.898099175424
5177,4164.744133322279,4174.381517522033,11.872795537625835,4233.042367657789
4786,4215.975496158953,4224.008469632592,13.71944776107795,4243.959008680005
4502,4218.079763368319,4226.618282507266,13.393571282736923,4246.231459421134
4188,4345.9195307368245,4354.211819732143,13.629336441236473,4362.782804165335
5045,4383.025639750544,4393.438602412401,10.118347295616207,4413.421510109068
4010,4463.313082213736,4472.423266350973,11.82375280626553,4483.1275549219845
4518,4471.668115435652,4481.006503814753,11.61326159405825,4506.090873917684
4523,4658.944538035929,4667.414002849353,12.986914476974745,4683.670347383063
4248,4668.5877059754985,4676.590102918741,13.758729737248647,4691.341943209105
4002,4727.425422702374,4737.138225137977,10.760927998881407,4773.1540857718655
4510,4747.100952570476,4755.460767642632,12.822804606035541,4775.697055250971
5154,4824.109183430751,4831.559157514129,14.489991448824128,4840.91061948152
4944,4835.3148386048615,4844.395919062307,12.40837062354505,4863.185110099225
4520,4859.225490799459,4868.2048816394245,12.513151603809769,4877.413575383511
4932,5178.404050005311,5188.119773625252,11.872327713530245,5198.932051337586
4938,5306.346356978446,5314.28786059983,13.774808525027431,5322.420488768062
5280,5416.457504181872,5425.3289666528,12.945371590254952,5434.409865955394
5294,5510.417572117293,5521.194739214141,9.957175024990931,5532.347275483824
4111,5518.090879404038,5527.057069129522,11.703913270375654,5537.655457016501
4258,5526.1518868317,5534.024253617025,14.193556773506455,5585.4009252284795
6265,5720.717084605662,5730.261105510392,11.882482209983495,5763.146248715891
6161,5725.439359471624,5736.12514833842,11.058442879623879,5767.9841053649
6005,5733.430422372237,5743.4524010507275,11.167951616042576,5775.941318086642
6245,5785.326171625035,5793.04150599649,13.915767522046643,5801.153217811828
6021,5915.215087001611,5924.260554481428,11.703640970763,5943.1544041281095
6099,6054.170062026315,6061.290119032307,15.293522127013778,6068.657333658459
6096,6062.509140675732,6072.283056525117,10.818986341471922,6083.744923029977
6103,6064.242239842561,6074.160969423757,11.191350950564306,6123.499772673118
6010,6066.176055878248,6076.008142172456,11.297628010949097,6126.015816869815
7161,6341.153087057558,6349.343216259512,14.281254508149997,6393.088400566012
6167,6509.703700543901,6519.3701911884045,11.068125494058847,6529.987174687489
7289,6542.908245542498,6551.290272668735,13.231352921485225,6573.383698373477
6259,6592.2445741979545,6601.415075134986,11.352271958374265,6611.027335763639
6102,6596.764493236079,6605.124266877701,13.6309870476363,6614.658980024991
7049,6604.533390013931,6613.454059725354,13.137248880138428,6663.224463368529
6180,6713.236500761855,6723.131552663729,11.192910866795792,6755.7904772797465
7290,6715.504666586145,6725.040602331164,10.477618990765915,6758.097077604352
7294,6816.640942978991,6825.018384032424,13.104512218117337,6845.474036875104
6518,6910.480503044039,6920.238337040666,11.124156377831484,6935.374165689384
6780,6912.287313969987,6922.119440565191,11.83622805676052,6937.488114113638
7044,6957.428890954309,6966.267319973222,12.372326369844764,6976.227143493213
6255,7053.162575411652,7061.134979306721,14.269257173750661,7070.473227173676
6246,7103.559910339998,7113.119045040049,11.416493054999664,7123.082701749531
6159,7235.416091285505,7244.39576173741,12.825920717238475,7254.7219195256985
6184,7237.30150397291,7247.26989617902,11.245726084626554,7293.273345378528
6156,7322.912212875717,7333.128172002096,10.381773003450402,7383.484322144822
6494,7366.697952217906,7375.466913252438,12.471509392669411,7386.234914658062
6006,7433.340376426898,7441.291081960772,14.407243050917716,7451.179467740606
7195,7439.165739590213,7447.341568282473,13.063108590233035,7478.250809897046
6260,7498.346855334871,7506.333548802981,14.298277150279526,7515.649810938222
