974,205.5983087147061,209.5194777534658,14.24619215439588,214.16774454997926
1921,294.74519560997385,299.2742905589528,13.411327774043919,304.4046430666172
1561,301.8861066098189,306.5650186904011,12.017680670027394,312.9873655641004
983,303.66388955812437,308.5117670040678,11.561575748009917,362.9706706024892
1582,308.8372887419641,314.11779341095985,10.643331612310797,367.9610942247485
1779,312.70108805948905,318.24511447412874,10.378008328230662,372.30211245241924
1789,496.282455429225,501.50299441528404,10.259609685613654,547.6272796651962
1906,571.7971103799892,576.3935137910548,12.200474194418161,635.5497002896792
1798,587.2953295245516,592.1439177227165,12.17930932086266,642.5297683840643
1903,650.773250943663,655.3519233287644,12.697568105616163,660.9449650011338
994,654.7540633819466,659.0012583093019,13.07994540791659,664.1669417337375
1918,755.5786363358043,760.3865192963895,10.607243985957094,815.4683331685889
1900,930.4243531765094,935.2965007132493,12.29813014582545,941.8533152121005
1780,932.9939428834392,939.2204053873226,9.373410840518684,995.8363184286438
1797,960.1949878945779,966.1338815357093,10.112939099974708,1005.8466712464445
1910,1017.1307455756072,1022.0023221434609,11.573948733344059,1027.871544100315
1775,1033.5637903519685,1038.419305393989,10.422367582672917,1097.744067264201
1080,1108.3177017429637,1113.4073746923705,11.687168020317863,1120.4286656104414
1778,1118.1875345981484,1123.222384314435,11.315583597239257,1173.0094589146677
1027,1198.92756840709,1203.5378519557444,13.25827008457104,1209.3657863963986
1916,1215.1289892140678,1220.191133408089,11.498068349250893,1267.5517108810934
1799,1282.225695954741,1286.0582203787149,15.327265694796564,1290.3366474811062
1525,1436.051053938295,1440.5224326007415,12.507082363138288,1446.330253858184
1578,1971.679835846549,1976.448334948107,12.398115652054825,1983.481209033289
3790,2010.8833187729379,2015.0821874871049,13.974532203943411,2020.8353900621632
3785,2024.8230421812298,2029.1588539020345,13.303955088379213,2078.650602366012
3006,2187.2574046472273,2192.4606954031924,10.514306126550998,2198.9758299985574
3658,2236.5318851589545,2241.0665481060582,13.3443387094585,2252.761463844606
3673,2238.7552711606018,2244.224813530825,10.695603068254597,2255.360329750023
3817,2241.7530076838107,2247.3060044779486,10.206415447619559,2260.8317430410043
2999,2281.174297370674,2285.165423591835,15.245131120587965,2290.5998194394597
2986,2284.7467060975705,2291.0962961454616,9.519417848837014,2343.1719940352327
2976,2286.7891975325983,2293.043217834191,8.16172705923245,2346.0020810838537
3775,2288.680951018098,2295.1175863678295,9.854593201095215,2348.1001800434633
3791,2293.1417351449404,2299.2245413913174,8.33565639951624,2352.493910101524
3783,2317.998942867535,2322.16710367789,12.708076515629696,2355.12713089125
3910,2398.0644644198637,2403.1982728970565,11.983837556374406,2409.8907300299825
3784,2406.5162397682316,2411.419621630081,12.010584261822121,2433.1807638958467
2965,2457.0121114214803,2461.250360826354,13.687051490879966,2466.330723376561
3773,2576.3269117325613,2580.332400289448,14.131771821232904,2615.726512226676
3583,2778.8416413341624,2783.1205419705498,13.579217029930692,2798.6708177337446
3807,2782.387534813398,2787.0873551774357,12.50932619918093,2801.5531090911786
3894,2904.8120729508246,2909.038633453235,13.207985282742783,2914.176856758348
3805,2938.5091021581557,2943.317834464723,12.251350225705252,2978.1172274423393
3648,3022.3537944483664,3027.14376641752,11.671274806162476,3033.7353711725655
2978,3084.78414360713,3089.029669594711,13.80488679468239,3094.1632387248005
3925,3099.5150858958605,3105.0591629600735,11.565571279540357,3153.2071150506376
3525,3202.8924882844403,3207.5226385729097,12.579859357173744,3242.9202655093036
3649,3216.8287370269645,3221.2426890539746,13.583128570020309,3254.603400346743
2969,3273.0500774929355,3278.4835012609956,10.861514976862102,3333.2376031939702
3765,3274.9335719846895,3280.3751007613,11.356838889620052,3335.8836095606634
3062,3357.1970868070775,3362.3239629496184,10.788102864401074,3368.7122026179527
3829,3374.656145893116,3379.3994487570885,11.813708592992699,3440.526423445016
3774,3467.6276888451607,3472.219654045619,13.342732675608495,3528.4986860408358
2998,3546.9244257702476,3551.3075969552315,12.994193769543147,3557.7438549356916
2964,3551.184972938242,3555.5607287482285,13.482833282795088,3605.4862197319344
3064,3558.427848304708,3563.3471580551327,12.004154817164054,3619.5628408658304
3778,3630.3808206910526,3635.010508739735,12.037662924108277,3641.727462926309
3836,3640.1120624989694,3644.4548015899495,12.748318220777826,3700.762683926921
2988,3721.6748528982857,3726.5540077386604,11.961978081058517,3733.1790116461816
2974,3723.595939135639,3728.4530821274893,10.85180515524702,3785.809799578289
3796,3810.0654163869594,3815.178294426,11.808380926052415,3821.906702401628
5788,3815.29634359214,3820.4145729394527,11.801377340409864,3875.8964577937086
5839,3904.097727060381,3909.523318876919,10.765146668874838,3965.840209566
5905,3993.6308107429304,3998.382313706649,11.45351545869231,4053.3852812878367
4989,4078.650699772066,4083.178230598119,13.012462514412835,4089.116608214519
5522,4176.70823090278,4182.294142779937,10.365859896950443,4189.559556744861
5791,4359.509154589735,4364.005629089999,11.813663344296982,4413.377198656373
5789,4370.376488745071,4374.604580654715,13.628615658214432,4435.621498139304
5820,4372.729357854503,4377.210654196908,11.580455524440447,4438.831167635552
5768,4619.409098918432,4624.010472540743,11.949947766689462,4630.704994668272
4980,4720.765876467868,4725.52462090235,11.977208027383616,4775.714923479111
5765,4797.183266455019,4802.486386472064,10.7922895704406,4808.923423197183
5907,4799.167964330444,4804.36945047287,11.42964767699787,4865.746390678506
4974,4807.587516838032,4812.333857846147,11.998663931116155,4868.8861322065595
4973,4810.149573724314,4814.292634765128,13.849262856757598,4871.754917702008
5018,4907.713967646463,4912.075226632063,12.5935673947167,4961.839441117326
5767,4983.250873017724,4988.439347993377,11.157616539321422,5045.261940740351
5798,5056.87786644713,5061.535193864291,11.944829108911726,5067.057763035148
5797,5067.454241969593,5072.053808450036,12.06903563587806,5077.646146426109
5775,5222.503892959799,5227.1022835174845,12.792216322518751,5232.451521431716
5911,5230.038226874559,5234.265839487259,13.93978644318184,5239.1784864919155
5790,5322.356379420426,5326.369483843147,13.00396232712919,5331.227921249088
4979,5337.692343599015,5342.292729506941,12.288628856360074,5349.0
5799,5347.216530222353,5352.140448365776,11.594093176605355,5405.746831272061
7525,5579.043676459323,5584.1654025929565,11.488736143523798,5590.2165184185615
7070,5608.805727942904,5613.4949232799245,12.882167762885803,5619.615553926054
6969,5614.093712782382,5619.198235782343,11.725973711620927,5676.966551198444
7774,5701.530901553401,5706.324052334156,12.362920765815891,5763.282431388305
7784,5795.326441872635,5800.285399383243,11.289759073077548,5853.46943805013
7775,5799.734954799856,5805.277048147434,10.47687979847729,5856.01884121646
7896,5836.6540664545555,5841.234984075356,12.445172633833982,5858.222543711613
7566,5848.169551755306,5853.079536695426,11.135667598923101,5860.13757825429
6994,5886.78590128026,5892.067394134722,10.940459624134,5948.021244742537
7894,5971.3480670658255,5976.067463590947,13.115442835389754,6034.607908896518
7783,6103.905843965643,6109.285385073013,11.02143557559986,6116.73432850426
7787,6161.364453383376,6166.110745710248,12.265144608369429,6218.038517298942
7789,6190.561695847545,6195.466397835274,11.903870457253069,6228.670705018121
7770,6363.860041091518,6368.056778064717,12.824402081927012,6404.185000170661
7778,6514.06035088077,6518.502948078883,12.363801233793238,6524.629726233463
6977,6600.868036563321,6605.528989273034,13.436609621258043,6611.534116781472
7796,6603.600293580588,6609.026708580622,11.964651985669512,6663.411257799445
7064,6870.672333179199,6874.613571387988,13.370935213286087,6933.606898227833
7832,6889.399131157485,6894.575327121746,11.897613764180164,6940.375218338432
6984,7051.805243539005,7056.006349497586,14.15943930581849,7061.89488308439
7078,7136.624659272789,7141.218379703457,12.662516094850304,7146.849880936228
7788,7228.99103515847,7234.429450902196,10.268370811860187,7241.513918522786
6985,7230.8542556951425,7236.336085111643,10.215049264129343,7292.788751888376
