1571,318.82512521076256,326.46141805985775,12.717535793857014,330.9869326197097
1256,331.51974458430476,338.3066668386765,14.136953146917229,342.4441584781724
1582,423.65778796205126,431.25016797236884,12.633299087577623,435.7937093751498
1515,425.45455295889667,433.03129168684086,12.895166100318038,437.54594710468973
1377,499.07388456949855,507.50273619999433,10.689763883747052,512.6692388768346
1368,501.1707836025965,509.41383296089055,10.830456796872639,514.575973686514
1383,503.4312946174318,511.3393011590883,11.182202011799076,516.461616210586
1579,588.512296445458,596.0575515178854,12.718819713631067,600.3963043052803
1565,592.5454268636491,599.5845131190764,12.475709413253439,603.8592616394429
1558,594.5596296202013,603.2708218061834,10.852967783423646,608.6064635594292
1552,596.6245751847403,605.2343178307426,10.35298313535883,610.5761803524028
1576,768.5049854916131,775.3868032295137,14.020582541831267,779.3093097281314
1237,782.6432246665221,789.5233768624398,13.140862388054066,793.8438170560039
1236,787.9227429257761,795.3312099832127,12.284187811153924,799.9809057987605
1578,803.9181250625884,810.0570491613571,15.628549953018457,814.8604501192419
1222,873.2313226606061,880.5731686541327,12.821105116745144,885.1442661527367
1251,874.9704164725456,882.3106492259196,12.8198128478451,886.892087072035
1540,948.6489138750812,957.1152362357841,11.331783041698328,962.1328353553849
1407,1038.8770851559943,1047.0203049383372,11.466259531542248,1051.9953137456425
1260,1056.593741802262,1064.451924284524,10.598271062475195,1069.5124366233276
1393,1142.0658695920458,1148.3133653522973,14.638737451645843,1152.135372340103
1586,1218.6540841608428,1227.3745609680946,10.426515615718515,1232.6734395837864
1387,1220.798682417711,1229.3592888828332,10.895875487084803,1234.428185455453
1214,1233.6301011214805,1241.3534971516021,11.437023191444354,1246.2349299878747
1379,1339.8814265693534,1348.176128790533,10.80641355415345,1353.8765026853569
1564,1398.4265883789328,1405.2014760551924,14.657676938737868,1409.0625895420515
1414,1416.0101432841539,1425.1793972434314,9.637763389776131,1430.7267800365653
1521,1488.6194148044815,1497.2312381692223,11.576943678146762,1502.4602137067986
1395,1503.0311676835197,1510.1855151439042,13.059983196132446,1514.5824927393874
1247,1507.774992427522,1516.0610638097248,11.39341792138714,1521.2950542906974
1546,1523.9618989324047,1530.5259886411409,13.52020969269451,1535.4963304012647
1411,1668.595776505608,1675.6103567598893,14.245297493552894,1679.5459435809776
1240,1774.6353971770297,1781.6005961848364,13.069459850512516,1786.0729330190916
1556,1862.3853011757649,1869.1678919811711,13.345161433800387,1873.3546215621197
1406,1866.3484293389554,1874.2555643639816,11.808619350256793,1879.2186631476022
51,1868.225504013317,1876.040813346763,12.143785008410383,1881.0212629277346
1243,1955.1459027057617,1963.1294795607082,11.108268793187808,1968.1254241720258
1402,2044.5668550774894,2052.5491448673797,11.346365823322715,2057.4609653961033
3242,2046.367475632958,2054.3854694154907,11.453166273851881,2059.275866723968
3591,2118.6900899747166,2126.060061280888,13.720150541413853,2130.125733165655
3260,2234.3101600594973,2243.427691469643,10.414353492645432,2303.1103588965507
3568,2299.0073390724865,2306.240326971153,13.791157664305887,2310.469411085949
3399,2301.0692533267975,2308.4263954521825,12.796570633183597,2312.8041313324443
3396,2303.018805771027,2310.266624023454,12.727283934469273,2314.703808661634
3227,2399.8155783146653,2405.577528763795,15.89190824328738,2409.2297623452346
3573,2423.5873442311267,2430.518269980961,13.006714647300834,2435.65207577021
3397,2478.2935132180214,2485.33667678097,13.71167556034004,2489.416107801435
3216,2495.092233145676,2502.1774274879335,13.162883486861185,2506.512311616117
3239,2585.705771198081,2594.417983674433,10.824378672305548,2599.822701546876
3240,2587.593735947977,2596.2481153927242,10.392611863790803,2601.5860241394957
3248,2589.4805395845474,2598.13794812975,10.024238865929746,2603.8077347936014
2075,2672.9536007576967,2680.193945896586,12.283318746245389,2684.7340533818206
3562,2763.5596336491644,2771.216520160684,12.741025923435123,2775.816824376198
3587,2776.2195298128454,2783.3276640798686,12.407987892959897,2788.4876686876155
3398,2944.581017361095,2952.4563036200416,12.18355192485577,2957.265116105772
3243,2946.3531656107552,2954.2372332792656,11.864504141024094,2959.0816554050452
3420,3127.624445616236,3135.090443543642,12.756100491429155,3139.6318813173584
3238,3130.1314516895204,3137.018426431856,13.27047523114935,3141.375748639091
2074,3134.7543480254612,3143.0706531486544,10.404302291551657,3149.281161846551
3525,3291.291117744089,3298.4801087180194,12.67957350093755,3302.9430140646614
3531,3378.7902209407634,3386.458742511755,12.408574949848079,3390.8747925715634
3555,3470.637840290686,3478.5476878821974,11.919346031357827,3483.4045425509953
3538,3472.806320937615,3480.363139103029,11.816656439287403,3485.159919672351
3390,3474.677633303291,3482.1839868834904,11.740781571545137,3486.9157619377993
3571,3482.6568382962887,3489.6200571668114,13.718648953679184,3493.8726599794777
3418,3504.086199058745,3511.103318434042,12.443269367220454,3516.3337317768105
3415,3559.0411342379375,3566.494349942977,13.466317944228976,3571.0223751761137
3256,3669.447050258238,3677.5541685129133,11.480789227609703,3682.560373555754
3232,3750.1149396542223,3756.3577207292824,14.57649357206193,3760.2971781154642
3405,3828.850616174536,3836.1215533946033,13.171345101785528,3840.320270522033
4031,3843.0329181452894,3850.379249723893,12.205070071720895,3854.8738369344446
5555,3921.3190719453964,3929.043559824399,12.202755031557988,3933.687071676279
5398,3932.832601135087,3939.3701522848614,14.328096952703694,3943.47335758048
3417,3943.4638903620444,3950.049287536244,14.083129901505611,3955.3928219575378
5558,4188.741797978726,4195.632679746958,14.465870896586658,4199.626159103516
5258,4205.017808809335,4213.431325826853,10.921449375890345,4218.653608137657
5251,4206.910581318652,4215.307689277395,11.089012407530195,4220.629322826358
5257,4299.866007063167,4307.417494851259,13.369437733375479,4312.180817567919
5564,4458.6820453152495,4467.387695923914,10.563220139359816,4472.977639374461
5573,4581.984376595223,4590.445768187666,10.796107585714237,4596.211973570572
5407,4638.535812910362,4646.199337687501,13.353444089449766,4650.568342905849
5225,4655.004208833913,4663.085554403023,12.001912052459103,4668.043673200663
5254,4659.287994534982,4667.464427835027,10.742636838345275,4672.810070950222
5227,4743.2990631439825,4750.154805590624,13.420016675031112,4754.353439035036
5367,4832.588978809546,4839.399107907834,12.911009079807583,4843.60524486992
5414,4837.574450393338,4846.181093819529,11.453335285999007,4851.384948307034
5366,4839.448000006569,4848.042471705734,11.13026028401463,4853.650492011817
5403,4846.625950555611,4854.029474469426,12.279129255715073,4907.915165557783
5413,4908.702673564032,4916.420183373614,13.09655263881898,4920.923176161549
5552,4999.1379552972385,5006.430869294718,13.973079114928542,5010.558071866053
5394,5120.141253601637,5128.140473713157,11.709549213236068,5133.781301910388
5534,5178.529421613813,5186.396166205471,12.147861484276131,5191.226150103527
5560,5180.491611604402,5190.267349313614,9.986652048084833,5196.267436163923
5550,5182.530175606317,5192.212882258901,10.210406171406488,5198.169802310164
5565,5192.610002455683,5199.305953596164,14.087375914765753,5203.456720323283
5210,5198.301313964041,5206.399936089873,10.870466258610923,5211.383951925837
5214,5200.0872114895365,5208.257345893884,11.23279041867623,5213.54973062795
5551,5271.011781955509,5279.49923551422,11.529002044821025,5284.763749350603
5245,5284.494729770299,5292.25859645837,12.218690320114597,5296.931797775439
5226,5373.768498719527,5381.234992409924,11.98077779887383,5385.869973286319
5559,5539.103702776282,5547.206104008962,12.022600287091839,5552.065340210799
7393,5745.617627866728,5751.34549904143,15.610572721254456,5756.492477943186
7233,5827.605126948183,5836.217761585418,11.25636603719205,5841.544144662054
7243,5829.471305959756,5838.0796741335,9.687165083915323,5843.863799544592
7220,5831.406663360759,5840.063049487508,10.301880964431056,5898.010377289624
7414,5903.3171513372135,5911.405785460722,11.6598221972233,5916.33230401036
7536,5988.305760993545,5996.213618817514,11.744672892908458,6000.998684823629
7575,6001.968665361671,6008.582544667704,14.356105285106587,6012.651563935775
7558,6095.713895583291,6104.4015378239155,10.745747792969535,6109.749549354051
7240,6276.065285406543,6283.491130201823,11.925087982020793,6288.199435021085
7570,6438.338155416455,6446.074595847305,12.46643049191793,6450.848560273358
7263,6547.416461374444,6557.172114033722,9.882589166297455,6563.485015921355
7372,6618.91914518573,6626.529206734581,13.39377720758345,6631.021706973289
7591,6709.349565586184,6717.566459685933,11.535281614967628,6722.423095047812
7522,6711.469135534259,6719.368349164086,11.400346622190922,6724.27215755612
7405,6802.86645474285,6811.273971471907,10.910078559468703,6816.482572671574
7248,6989.676049722998,6996.098967202394,14.719111200521683,7000.130952300444
7242,6996.212125207418,7003.19317342593,12.848420871323464,7007.601605367191
7584,7158.6299024542395,7166.544165932144,12.52301891286613,7171.076846518076
7417,7176.369780190169,7184.413060023275,10.79087779502206,7189.453726825639
7249,7178.256071610373,7186.257764947494,11.084983396961158,7191.342467483295
7576,7185.171477022736,7192.199257286231,12.479911911178586,7197.614301720962
7224,7265.234156905921,7272.598900824277,12.515806003476346,7277.181262836352
7226,7266.894935074871,7274.329018606528,11.937166762176037,7278.843937660844
7537,7338.506476169629,7346.21338208687,12.283705483181562,7350.860334901067
7553,7340.809790726132,7348.089046906444,12.321710135140743,7352.690570186673
7234,7445.530222971256,7454.018396544837,11.144874512836584,7459.294651042747
