834,198.14531326143654,207.41317657720717,14.950988709924015,214.83689214533328
321,227.85939304167633,239.0474685309413,12.52701374501533,246.04924243006337
819,326.7439200498209,338.3674791308783,11.814445083590842,345.9142527296482
836,330.6139869292346,342.4598908146691,10.255674706180763,350.50637302546255
583,332.4759571076832,344.3646864261621,10.967272594830499,352.4655700196168
318,408.287129498387,421.1301702161695,10.280434164016988,429.46722765998294
841,500.1645218012214,512.4244938206082,11.451762188709328,520.6779522787396
553,502.2497889110682,514.2265389263213,10.718281474932875,522.4501089076515
618,504.1824844941164,516.0669502083597,9.525244754982667,524.2629864270555
830,561.2103617636503,572.2696576802098,11.747715207508964,580.7998524275364
605,860.2206467508822,872.5032835820848,11.278337450198617,880.5208161866092
582,862.1687357833878,874.3556713384917,12.067159140394242,882.3881972565042
301,864.1494104894593,876.3643814989022,11.752437655779799,884.3636356952516
578,865.9475379258236,878.1940780917759,10.857513368409597,886.3046580977889
575,950.8232494102091,965.2067798150476,8.789860392088498,974.8960027747
351,953.2817803665515,967.2075877625545,8.441194846737668,976.7902671332196
559,955.3548823478401,969.2218700845576,9.01309713379503,978.81897781798
845,957.4826006380479,972.2406806923624,8.645919093014975,981.9190750312347
305,1039.9906439324423,1051.328151281605,11.850488450514998,1058.8606827428137
581,1043.6397695672993,1056.0567039794616,10.997805153390512,1064.3177162695029
569,1222.4224740763252,1233.4302208175848,13.223515990830025,1240.6055169267752
821,1286.1938015556811,1298.4752267733472,10.736936719723408,1311.2102339809078
820,1288.0456962103578,1300.3406979730514,10.907708340315695,1313.305505812396
844,1309.9263503137201,1320.4391872410877,13.741514145786464,1327.2309257992852
840,1317.9645560212048,1329.513081438197,12.074838498131259,1337.3134940125826
585,1404.6007814065777,1416.4910700923729,11.47441595800098,1424.3320764885486
315,1502.3365065266385,1518.2930463609084,8.162096245434586,1530.177949991024
359,1504.4602546361646,1520.3221645062529,8.889893603960633,1577.95361684875
565,1673.0594598427363,1686.116115443803,9.844360678561452,1695.0195692964564
567,1675.0656792904965,1688.2283407800057,10.831950906455937,1697.0143550626035
566,1768.6608205664293,1781.4644279965335,10.612977043604385,1790.131308961865
557,1770.4990000624578,1783.384217081892,9.898611194073911,1791.9832117519406
554,1854.2397172051706,1865.2578400327795,10.607594566805266,1872.9636338502278
555,1856.101563686386,1867.1593498958305,11.687458108419642,1874.8119165688802
2848,2036.2308642653438,2046.5998953251576,13.14099910767033,2053.5242832616595
2568,2126.3548638931115,2136.6173902937444,13.644996604901433,2143.422189380362
2338,2208.287615197941,2220.505732360203,11.811768485274031,2228.3855534471027
2318,2212.5387218772917,2224.1892064513036,12.377604626245272,2232.1213801485533
2833,2298.261100283415,2309.596935999003,12.73862834246143,2316.589171948816
2574,2303.199431033365,2313.5633464891584,13.136877942595774,2320.553663951618
2579,2305.0587774180517,2315.3177883524963,13.21296845927773,2322.23787452516
2564,2388.3699430601514,2399.100156271028,14.480191879668386,2405.3671766437787
2593,2394.7672468146075,2406.3424369694426,11.279153201088695,2414.0553507137142
2361,2480.322155732604,2490.1888271979437,14.819171829846207,2496.356903787053
2561,2486.4201960907035,2497.0756412674295,12.744172785961316,2504.027495574339
2565,2572.357184360549,2582.2413939592716,13.817196058934291,2588.7296098665893
2607,2838.147054515902,2848.49340828369,14.193955413920603,2854.6619292266123
2563,3020.5914215225,3032.543307199516,11.372290556829531,3040.441023556285
2570,3022.503077690951,3034.398305626181,11.366963647105766,3042.18856219299
2584,3026.471131402096,3038.0246563760716,12.060730872513917,3045.848462423894
2844,3259.907198666394,3270.039755913078,13.348889881148455,3277.8582949062334
2566,3378.212037770743,3390.068282183595,12.31489579045378,3397.3422245990364
2562,3467.735335999079,3480.483241383152,11.337346713263036,3488.444625699424
2571,3473.848631860124,3486.0409084864086,10.683586144805744,3493.8129983061845
2319,3558.150630783794,3568.115233853671,14.802977319289896,3574.1374135939495
2560,3564.35652209023,3575.02586707112,12.68226984933017,3582.1088966583343
2314,3647.9561624279795,3659.146378409142,13.533837500842093,3666.0812873274913
2585,3738.0754390248962,3750.1405735721014,11.621051657933217,3758.0183603103515
2324,3828.166368082989,3839.1888108062226,12.764193769913312,3845.881032776574
2619,3835.073669655104,3847.268463246664,11.20487591772635,3855.1961072768036
4577,3920.5802935885545,3931.3718264236245,12.9437491149827,3938.4491409018638
4840,4012.4550128625046,4026.417768684501,9.422054292279247,4035.7191542148744
4837,4014.4866072606574,4028.3188255240484,9.026291980711006,4037.7199409300306
4824,4071.59757494486,4081.483384960601,12.891821914068698,4100.852210401581
4847,4159.37430310345,4170.3911765852245,12.015953067747274,4178.8277522915505
4829,4192.247426514149,4205.376295994316,9.98357003499643,4214.072811990872
4848,4194.170831390485,4207.347491454347,10.702959488607352,4215.936559767029
4868,4282.878134318739,4293.195220978391,13.177351517206898,4299.828765691331
4613,4284.7472377112435,4295.336272187826,13.325190991877854,4302.312745558811
4570,4288.851930563044,4301.157951942026,11.034484754641337,4309.330809600239
4846,4339.86589039663,4350.4090277950045,12.405123696612621,4359.020877191387
4590,4374.0951970396645,4385.439862594846,12.356708031653215,4393.1126330459765
4830,4430.6810769938365,4441.535188921357,12.127749797311097,4449.840814020916
4316,4457.870400677367,4470.0531682853425,10.723772216961176,4477.996457648035
4839,4522.9565646876235,4535.309652527801,10.870557166852842,4544.763908251839
4826,4548.210511700394,4559.172121690323,13.757414102153469,4565.725373028817
4579,4644.849913725291,4656.458585712667,11.979414412000777,4664.431330265336
4351,4651.5742639286445,4662.383306689334,12.962243840344664,4669.448241849085
4586,4732.239497757438,4743.460393718517,11.538029316780252,4751.0198542676
4834,4796.773040993683,4812.367731864903,8.69015615345497,4822.390658623097
4572,4824.4857792145685,4834.398842994176,13.832200565432887,4841.016374267886
4823,4828.204940278758,4839.29996071487,12.180034579375315,4846.8152917883945
4569,4910.625627418236,4922.026500695373,12.61769563236619,4929.463005641162
4306,5180.278041945702,5193.292552038547,10.403786266362498,5201.928397991729
4558,5188.21361004622,5201.086368336613,9.362696096989676,5209.966539876996
4588,5268.272392629883,5279.156640256879,14.053300284121704,5285.701662134934
4836,5270.428298405164,5282.497227302173,10.776250377117401,5290.290558863133
4307,5272.634922640202,5284.372672291094,10.856658553012473,5292.154796651599
4329,5302.012570726465,5311.2975761730095,14.189368102821296,5318.778784474087
4856,5450.11893915332,5462.377381882141,11.771547755440611,5470.33895288939
4844,5454.062228956112,5464.245309446661,11.887543930438133,5472.229675544941
4576,5458.6280053169,5471.109191474505,10.89000962846879,5479.453545587955
4345,5538.364120497769,5550.489240651936,11.329166218684822,5558.389048900717
4849,5583.5380587974005,5594.604236103882,12.8827432502973,5602.684569864269
4867,5629.659390090356,5640.122279213609,13.027717598193835,5646.874492014478
4564,5633.855700039312,5645.112707141494,12.25386973069913,5652.612130904246
6575,5639.711194157904,5652.213762705868,10.08493743450746,5660.866957519867
6567,5722.372345018478,5733.3148664420405,12.62849034858283,5740.583037745683
6589,5807.86640580961,5822.175034995298,9.41227705108082,5831.713879153366
6308,5812.136608095949,5826.2346152933105,9.592126987343729,5835.720063746425
6857,5814.048136803827,5828.242366858307,9.725449140454586,5837.717606037028
6568,5816.048450264217,5830.209378478915,9.888504193212254,5839.546756128309
6848,5818.006540821436,5832.080721891132,9.417313011567748,5841.535619455987
6820,5943.314748657416,5953.2798648793305,14.621839177324347,5988.2717169495945
6353,5987.610218581621,5998.327800225438,14.309992173286682,6004.775720728326
6557,5989.857229588717,6000.324806717963,13.353355273475268,6007.254194832477
6555,5993.556465394963,6006.479558901858,10.436390143869096,6015.177568937369
6569,6082.28605191203,6093.005172026052,13.259113682299013,6099.830060531622
6827,6172.556437712982,6183.522496567346,12.683070299747389,6190.749639312154
6577,6178.37252271003,6190.072652768959,10.940271339823909,6197.867357448453
6595,6260.095839554217,6272.195469019539,11.052394611782171,6280.047795445052
6878,6262.073536379662,6274.439488316205,10.968825522209475,6282.593005267581
6564,6266.57103443639,6278.126801832528,11.57627061086086,6286.094345184854
6850,6303.861677644054,6316.3521070512725,11.438789264951886,6325.519100741142
6562,6350.81093014471,6361.413129952892,12.953731396759391,6368.102706889668
6581,6352.711972258959,6363.183017289025,13.119290488551757,6369.8152575753165
6559,6441.977391487051,6453.532051774836,12.019920991498896,6461.01890898215
6566,6443.836704262912,6455.314448623851,11.902788204333852,6462.838850141496
6583,6445.779425486158,6457.1475510301225,11.902289640777527,6464.739081372514
6837,6589.035119296556,6597.34649348874,16.30237757696616,6604.1395517966075
6344,6617.997227973559,6629.3800831944045,12.589263201201996,6636.352603051439
6819,6688.123741618733,6698.611926364173,13.084429431598016,6708.111149896018
6552,6714.078682995208,6726.428477294721,10.700256394496948,6734.752716666814
6554,6716.207747055131,6728.330799139999,10.31116155355748,6736.603122627594
6847,6721.942516613584,6734.003407761281,9.944500287545818,6742.246037291843
6828,6771.482966952758,6782.345242917792,13.003309501526909,6790.928446417003
6556,6797.979038504913,6812.210407687066,9.35182977807231,6821.64550066991
6579,6800.799950350902,6814.142960579051,10.623670712549176,6823.713411277159
6570,6802.919319498832,6816.053275405372,9.953120936164689,6825.676171968231
6572,6982.371669156515,6992.112891977445,14.790772183427244,6998.323778637863
6323,7068.29913227291,7080.150317026901,11.663501533787828,7087.741708249092
6558,7070.650453523302,7083.446013634242,10.231317563366572,7091.926819973565
6573,7072.959470393481,7085.302360436842,10.723181451005887,7093.845147263204
6571,7074.713792654988,7087.17695669818,10.970686036085386,7095.800682155494
6582,7076.83013870086,7089.056561905002,11.58206923134079,7097.589262752519
6576,7250.405670188892,7261.299887763421,13.223806387121629,7268.196431042934
6599,7427.926532984775,7440.324938938771,11.109805360708565,7448.232541122395
