102,115.89499873421336,120.01885562445551,12.213791019585493,125.36185485276945
159,145.87522165988943,150.03034209575023,12.606371273000756,183.6168445485334
390,148.67058528660084,153.13363643171198,11.690635158242376,186.05779532340247
108,201.22196347663743,205.19917624170773,13.652975437991618,210.21571812197735
19,210.4655284685325,214.13635460171525,14.52275279407066,218.84009379371778
396,236.6789473203512,241.24299680901936,11.437565419896197,273.60569849049756
267,326.21760654428465,330.5695331171261,12.30763250363763,367.57392531512977
93,346.7001799944201,350.5066202625114,14.077920593467539,373.84747813034625
3,384.32970730344556,389.2067126614973,11.305277700863474,395.3620255355048
154,389.25671695489206,393.2636139696888,13.887752033726082,398.27680477187096
18,397.64987451573495,402.3408524412818,10.834854421657301,409.85372093783263
378,417.2473378163991,422.14513479825763,11.040113264819425,453.36950099993675
366,425.6109234017174,430.3828590776849,10.605348979803539,462.5751700967758
23,443.1252757271759,447.379812104523,11.040653004481188,466.26469989743447
177,505.9323017115717,510.18464374809776,13.016401940810526,516.9437543898877
395,512.9738963484867,517.5164309759712,11.771971813065651,548.5048946410361
163,514.7479128956485,519.3319319610536,11.259361623075728,550.7277519290811
95,566.1794530209055,570.3606690838207,13.08524334132761,575.7941804443811
59,654.8223006390674,659.2875333915702,11.84078539894394,664.9917647685659
389,685.7395624057096,690.0152669277127,13.296145801920366,696.6680746403579
22,744.9318503581737,749.5449212400088,11.32269862142997,755.3106184557937
66,750.9701579853344,754.6379421232482,14.24592178578882,760.6667240217249
15,835.8573249386336,840.3303104835544,12.184112996049869,845.9666898177986
78,839.386669966765,843.529859022145,13.058314954215628,849.9561421160035
83,841.1707514048261,845.3362463300385,13.614775118899464,903.3167560364608
94,846.511915941088,850.0342325378456,14.874643287822181,905.5759923599782
100,911.7001614584202,916.4747283870898,10.681539661829614,922.5707447223458
399,1046.066740800709,1050.2370404802205,13.612124794340954,1083.1171423227345
17,1072.4535977749342,1077.3007149644093,11.828118916753853,1087.982456715057
10,1113.5254485424632,1117.5993076984169,13.347838623552438,1124.0736964156451
54,1124.5519308559099,1129.4859193382156,10.171272838564695,1173.5973084214065
8,1157.8454635364728,1162.0695154033324,13.47063383727534,1178.3518218344843
189,1259.656030195863,1263.440115439427,14.610417325899446,1268.211467955206
105,1318.0431041041795,1322.2456031931674,13.046100121901835,1328.811059100601
169,1495.2883473417812,1499.0653062862973,14.803750231468543,1504.979004623512
150,1564.0666534807676,1568.4310584348927,11.643200469163467,1574.8270218186015
97,1677.0563169820612,1682.1460774689233,10.40074018846508,1689.8999261261736
148,1678.8809767321525,1684.0910063545557,11.337747302405887,1713.4050332672086
392,1699.5480321613647,1704.165443820216,11.172816039163918,1716.109633537685
156,1703.219601036854,1707.4328354506943,12.59263184452507,1718.7581877465882
132,1748.8626557611128,1753.151204125577,12.201213775846668,1759.8113216758254
4,1753.0688156927667,1757.4174492394952,12.438873938709602,1803.2785022510755
377,1768.0018435757715,1772.0241961007089,13.912356311271877,1808.3231402167312
248,1785.6104487790428,1790.1052806874943,11.564725966142362,1810.4493102374627
2163,1958.5691958411028,1962.1295217972781,14.466142034446678,1987.9450231375085
2168,2039.9937623937344,2045.3538642841168,9.97866932673131,2053.2253013154145
2260,2042.0162681489326,2047.341594115307,10.095055806486696,2073.4516524111255
2021,2126.7267837969816,2131.401607965655,11.928110612644868,2138.301661249368
2258,2128.6121576595147,2133.256840605106,12.185581946060552,2163.2291703976093
2179,2138.537827065761,2143.2879396641533,11.758206096849378,2165.562192943529
2410,2236.7657284851243,2241.149198913441,12.335501613983567,2260.0489012010485
2183,2408.571293659428,2412.3656412332316,14.377418386634105,2438.155509406775
2105,2486.752099283148,2491.41718304589,11.219587591065228,2523.4566049890955
2402,2492.6329814678543,2497.1540533710936,10.974646616531134,2530.098682401503
2384,2495.853001593041,2500.2116605778087,12.150356927718956,2532.0959148915667
2267,2581.8735363474775,2586.351827315923,12.163653261007594,2618.262575865185
2084,2634.3120664118537,2639.0131148156397,11.833941140052431,2645.090076177868
2175,2673.702666702964,2678.2162955856156,6.991899324631896,2718.67482291495
2391,2847.478898139316,2853.1068106131265,9.389858487688779,2883.3717503629796
2083,2902.0234547828995,2906.2260442770635,12.157380674460287,2911.5839138013994
2385,2936.5007032932676,2941.117829422317,11.697113478572001,2947.820121003267
2022,2980.8174720963834,2984.4841013346654,14.693158568960268,2989.238857352814
2142,3060.3224832076035,3064.548963681291,12.953076382689185,3072.2803948812216
2062,3091.424065648458,3096.473804689004,10.015576922372796,3103.845561752421
2114,3186.6964452401876,3191.3356952662616,11.426877131416127,3198.5852654722203
2181,3209.5746722354183,3213.5400019761296,12.739103533777968,3246.132677169053
2178,3240.4996682484616,3245.021667943036,11.382907892602251,3250.9985292474453
2016,3373.1165624899863,3378.177276198385,11.014723632910915,3425.3013077438945
2387,3418.401927165263,3423.341628692198,11.252981962604139,3429.9107550289345
2151,3422.371895646788,3427.340276351421,10.536502288980845,3433.8412606527545
2158,3499.9299510183855,3504.02236014281,13.316499375667721,3518.225270214464
2080,3556.036599566112,3561.275318910701,10.200575121661437,3603.2162427922876
2017,3593.0902381996257,3597.5085966617535,11.276465236038394,3612.047203053991
2160,3677.597906210018,3681.619365106418,13.31644145133055,3687.8501237035553
2009,3683.7836174630315,3688.4272412696037,11.953725976415683,3694.3929199577997
2063,3713.774814548608,3718.4503171857173,11.269611615960299,3724.447414826666
4098,3721.0053569636752,3726.3201622061383,10.026639125280909,3734.3604535222607
4255,3745.4553616348794,3749.38672321866,13.939495016818778,3783.4396150465695
2192,3765.6049404163114,3770.106708257084,11.287842316361042,3786.1121826687636
4013,3771.655961172652,3776.1649294889985,11.598740330274605,3790.3468839698776
4144,3862.7709383025986,3867.5217863113303,10.953028757753584,3875.81133641229
4101,3948.223167405139,3952.0497120755867,13.793881664353899,3965.9228577608333
4109,3971.7704509800133,3976.2520173437774,11.972903506876701,3982.0419516191464
4095,3983.8400143172285,3988.043299367653,13.174053788623226,3993.4811429551614
4018,4038.8178967627728,4043.122880064375,12.093166798382269,4056.0639071887963
4097,4042.341069603122,4046.075040131562,13.88815654315603,4058.2272892314336
4173,4201.1882093071035,4206.451204866353,9.664490233376101,4232.969639010697
4256,4203.1336909917245,4208.413659192967,9.435433029705221,4235.426322717436
4372,4205.027407948517,4210.347719492729,11.194377975054577,4237.583108806528
4167,4286.210131549076,4290.414969389868,12.533630412944667,4296.788222679946
4180,4379.497466022592,4383.424016042902,13.334974083502363,4415.820515366321
4391,4557.338856880115,4561.389757174384,12.865937357664121,4567.815948075124
4190,4737.455686501726,4741.577426902595,12.354535077203321,4748.024044027764
4153,4757.239259797696,4761.240809565083,13.824296432460619,4773.241845959521
4194,4825.98442451334,4830.106970093363,12.353937220807763,4863.23817896132
4147,4850.479494306478,4854.601161929866,12.856626512185299,4865.426405406146
4193,4918.046191339733,4922.085819521198,12.752601538941096,4953.525328720013
4389,5007.4916260946675,5011.277089381666,14.69827804760323,5043.55528277849
4383,5042.472238546383,5047.1296404706645,11.04059240166027,5053.133355556905
4257,5099.685121961588,5103.627685318415,13.500740102072548,5133.66992764985
4015,5166.6237239588845,5171.259793862616,10.869915149177402,5178.485865565223
4105,5168.482217979332,5173.1983733545,10.942566381492702,5223.104008146559
4026,5258.890066178292,5263.212497745769,13.072549262157626,5270.0008431451315
4394,5307.757573781034,5312.235886228725,12.269638144288017,5318.011731940733
4008,5370.110911874103,5374.498663151604,12.12697546474816,5405.907086755016
4169,5371.985079545036,5376.303474934939,12.749686931957688,5408.234991887097
4009,5455.393136097836,5459.1277557956455,14.279696747276233,5465.2035121661565
4003,5461.070383060142,5466.155873177805,10.521713788407808,5496.2167372294625
4143,5546.616271400919,5551.383302185395,11.697183350701428,5558.578008479364
6392,5565.782338154089,5569.280511334203,15.417682241019131,5583.458975501983
6184,5638.451521848737,5643.098402699303,11.839745262284323,5675.915608618408
6002,5728.66630732525,5733.221145390116,11.35838412318606,5768.067947660723
6023,5801.332344653793,5806.075634464501,10.885442667014862,5853.093401608461
6186,5834.920654022198,5839.138018657743,12.95830104760591,5859.655818281631
6191,5908.747499808219,5913.496148402059,11.47818357250098,5943.196331974849
6163,5910.725712602668,5915.410277174507,11.97277854218801,5945.665355823893
6369,5922.988994076783,5927.535957594415,12.132760241900472,5948.161062861203
6165,6006.37565939361,6010.194672904563,13.54310088751258,6036.0588558203535
6004,6069.085637047325,6074.083785533153,10.036071460920846,6128.0879250109665
6020,6071.299520677932,6076.297500911362,10.216326781193864,6130.19478333021
6102,6073.098345189064,6078.188317345683,10.624162553633925,6132.179105728927
6024,6074.952548828366,6080.042087695188,11.053107548231488,6134.143582401838
6021,6151.540503702426,6155.313225831573,14.400779521128586,6161.789173249166
6157,6372.577437803361,6377.23481273156,11.165212717469434,6398.098293561282
6381,6537.056554446136,6541.221871095268,12.514713211615495,6547.9219478319055
6158,6539.406035315744,6543.578180512632,11.995505934656537,6573.290494183121
6063,6606.747383091854,6611.12141272814,11.630704672918194,6663.167862275296
6150,6626.717977086748,6631.1789127682005,12.253145146987103,6665.620504613283
6265,6628.605017424047,6633.148308154282,11.275369426463312,6667.798932357052
6164,6719.067016298248,6723.191769810114,13.563509806309801,6756.073485279612
6403,6814.392811774885,6818.5860250800315,12.66570456239736,6845.934175793637
6068,6865.9560328350935,6870.287201319528,12.156152155667769,6875.859413270985
6010,6883.597040672917,6889.160617459816,9.601210876553763,6896.8498684749775
6058,6885.657209636663,6891.222964092628,10.60146742187541,6933.354926671062
6190,6895.8402668412255,6900.280902525511,11.698047807629784,6937.937586624994
6389,6897.783185698609,6902.059985165075,11.74729522687679,6940.093242348259
6256,6902.598330121085,6907.345451243456,11.324374229105088,6943.757258725735
6263,6904.380988845593,6909.195234990991,9.274826302390695,6945.7270415860785
6162,6906.233967667085,6911.213946096198,7.12847447620328,6947.561447696538
6018,6964.225307392431,6968.484945245538,12.308837762863437,6974.886563943942
6014,6965.940735525322,6970.295581860889,12.528464497202295,7023.3853152657375
6148,6986.812367561892,6991.296668929188,11.99608044739348,7025.970036105878
6169,6993.269714832677,6998.1564160785165,10.210457277835744,7030.36981310439
6012,7021.670422652198,7026.183213095554,12.063943346055966,7032.316628409568
6160,7076.404201767552,7081.062020748271,11.738735585560619,7088.552179418774
6371,7078.794944855544,7083.170991501703,11.96619829445715,7113.531210139957
6134,7166.057113247525,7170.394520142156,12.329279986874116,7176.778087026009
6006,7195.266947676694,7199.27962794363,12.576898001526178,7205.57771789584
6013,7198.805571923425,7203.243822196952,12.184897598670373,7208.95022598655
6152,7223.106891052914,7227.214610709361,12.797237443072106,7232.502585512756
6147,7247.144289537066,7252.109446703737,10.310052585304492,7259.587142528226
6395,7287.275836162449,7292.138186142329,11.155286922388253,7298.206751258656
6170,7289.018976413182,7294.029095201952,12.040385624319073,7300.005896283482
6378,7347.225797750392,7352.298231095184,10.161339873365964,7359.932787465332
6144,7368.342520009897,7372.182275988395,14.646522816327746,7383.492283504028
