795,191.2411331936365,194.17000612351254,14.359074972643993,197.06796465832713
970,296.0504468165036,299.4727339800106,12.463248674322088,302.8138183562815
698,371.4215881479494,374.5815683380842,13.05567282336218,377.66716766348094
987,390.14097062859156,393.22770091201255,12.983943007584857,396.3239528202525
982,396.8454305640224,400.5254825391996,11.454827896702625,405.4176172477305
709,479.4474341929158,482.1699701184014,15.052934571885727,485.05091400667334
274,506.59228979201987,509.4595783904983,14.763897828619623,513.9520208682566
1765,544.2790302874906,548.3308440174075,11.305301096372597,552.1432883699467
197,609.1082663106854,612.1400504824798,13.349226213434081,616.9347674712984
729,641.1215796410193,644.1683031788828,13.267290204933953,647.2479661185065
1782,723.443302527941,727.3187320127721,11.50666307236254,730.955526172631
1778,848.6950057480245,852.243241922553,10.936828948090694,856.8400935782178
1787,903.473137542525,907.0760302776084,13.357314169466942,910.2489170144523
718,928.1383391465288,931.4542986488027,12.138940904951365,934.7471494029278
1540,963.8427484593725,967.5463369788928,11.854696097401423,996.32990291248
1064,993.6378807568362,997.4108507341514,11.810497608634478,1000.8571691313454
299,1047.8771759752121,1051.329171010769,12.20985775863808,1055.8941039422405
1766,1085.999098370709,1090.414092747105,9.853045430279654,1094.8337764287928
727,1371.4749297189435,1374.591774032899,13.18723444781836,1377.807405643577
278,1515.631826301998,1519.2310817361727,11.863098920759143,1523.8162526264182
958,1563.5369580696724,1567.1932219639289,11.622392114053925,1571.6385807802487
1544,1565.3608156389073,1569.0079666291774,11.46774702371063,1623.4075246884934
807,1641.23871115219,1644.4883392281783,12.794208696158183,1647.7401023308137
1059,1652.1388731433924,1655.0451627302461,14.07513687377983,1659.0
967,1654.3097483228346,1657.2522977627489,14.236921880352154,1713.3662846051852
281,1679.9305594683842,1683.4388187044108,11.849257701361601,1716.2764311645303
290,1684.5797762236432,1687.4847450877373,13.481951856340215,1718.438885786894
1773,1739.5504494124004,1742.5703379743584,13.550615277677105,1745.6465289675705
292,1773.731525523372,1776.5689921653538,14.875393615337359,1780.8303343069172
1532,1809.9201952382027,1813.4839668900356,10.986296926723771,1817.8942665156198
979,1821.273543058294,1824.5399148147471,12.641431336770982,1827.9695299170628
2290,1868.6718878939255,1872.2563517520343,11.782480834398035,1893.1900770621899
1801,2005.236915256994,2008.5385524362166,12.513560601860378,2011.783409365519
713,2014.074071945422,2017.5397416178027,12.4328333111518,2073.358024967247
3000,2196.428866896189,2200.369303789498,10.107732487259398,2204.9524188575915
2207,2207.739612169083,2211.46522205205,12.3219203183376,2253.456853700026
3766,2253.3996226363383,2257.2128493687655,12.56917596395923,2260.686054733908
2725,2532.444301655124,2536.0120938225236,12.143048651938967,2539.578512897957
2812,2542.581237715892,2546.1776372435575,11.731381355710436,2549.867675433598
3782,2558.58491650575,2562.099280075547,12.050918841617229,2613.534095787229
3080,2643.6045185397506,2647.2443519243748,11.172463239846786,2651.885408862681
3066,2737.3062793535346,2741.1230295588425,10.955191865202682,2745.685069551631
2997,2739.2282642944015,2743.019470134051,11.799210758087135,2793.0952536400505
2299,2849.2146139094,2853.182321753107,10.387026536295128,2886.0397681179747
2977,3093.231234286768,3097.1235181248353,10.079694777778045,3108.606827234588
3794,3166.3365686147104,3169.1328330732676,14.466864396933946,3172.023290611048
3548,3243.7648906607697,3247.5609205466044,11.739860139005236,3251.0630100255216
2712,3263.909991143107,3268.0060602708763,10.353312425909625,3272.0997558688696
3056,3445.643281416795,3449.4657090834703,10.678764229193115,3453.4656441995894
3538,3486.7454567027785,3490.030055869705,12.517243939735911,3516.026772154301
3544,3513.4792604849226,3517.3261553761245,11.314721070737328,3520.993592270251
2983,3535.266381811392,3538.6021002350676,12.96281621445649,3541.9151564662075
3777,3547.0830694352535,3550.2924552766085,12.387547044330633,3603.471227754282
4281,3657.0643857577784,3660.3342717448536,12.1852553297986,3664.7865739589047
4305,3671.9042125899537,3675.0313191356668,13.99521125874022,3693.3103991211033
3774,3693.545993652118,3697.1816691532026,12.285638819976205,3700.481606727318
2994,3726.783857634794,3730.4273692301963,10.699706992292537,3788.0212758486805
3767,3783.4594419061773,3787.09593752241,11.938315057352925,3793.334628677514
4731,3815.493214627911,3819.16160974114,11.477211789951436,3823.841032860949
3546,3877.5402985424116,3881.075588883456,11.746564638057727,3884.678611610297
4975,3963.6591395723995,3967.478367545989,11.366179610150684,3971.0181194819984
4704,3971.7818309769305,3975.152343808276,12.047655655989058,3978.4733218473916
5769,3996.2787211201944,4000.1519491830013,9.89387483206507,4004.978528285606
5912,3998.2057957706998,4002.112894254775,10.976353934018773,4053.2954149538978
4961,4053.57264605705,4057.2756338574036,15.326931296260566,4060.048584871607
5070,4260.84508393956,4264.223341796764,11.838583526640615,4267.6733820642485
4976,4345.58282834794,4349.114919093363,12.227687822968816,4352.500336250356
4960,4447.963749172947,4451.322044558657,12.286857759837556,4502.939942185253
5795,4505.937789955903,4509.20318782707,12.890463028577793,4512.594349892724
4711,4514.725666419347,4518.265400040728,11.792812493177877,4521.78061352522
4717,4516.515449640173,4520.019227710466,11.4125402132341,4523.52902915456
4718,4530.402452657819,4533.5326706676915,13.133497836552285,4536.688120185532
4707,4532.249223777824,4535.3360141062885,13.789236656855318,4539.201851096778
5066,4534.001015448137,4537.157971918278,13.796629075884022,4593.713304920284
5784,4594.204772164437,4598.388502360445,10.578574748096047,4602.531938794343
4814,4605.285264587315,4609.465254533,10.967616735741524,4613.345279867605
4454,4609.473747432274,4613.368967871111,10.24705543460465,4617.286841423944
5772,4612.728616238915,4617.144744295575,10.030764588756053,4621.450023773879
5796,4614.698744840074,4619.144564204568,9.525834230142857,4623.358822598734
5082,4616.780787759203,4621.178149522741,10.718984653720987,4625.24686535155
4967,4702.279816668585,4705.477846392893,12.84951267535592,4708.645381360849
4987,4707.43343896332,4711.464214365708,9.910549400661793,4715.42734522201
4963,4773.898659636156,4777.550025150055,12.231513673640231,4780.917894372332
4712,4785.669491401342,4789.037733997891,12.193737078495062,4792.3119854725965
4283,4916.362931175099,4919.090915132502,15.078630431691494,4953.367997642505
4734,4977.118470656249,4980.4976162680305,12.56152133126709,4983.981744121558
4978,5061.9077801628455,5065.091220898531,12.792105236651976,5068.358559092971
4709,5074.169777173655,5077.446255075729,11.943772507279709,5081.859752620083
5797,5135.947317732165,5139.516609164099,12.522002450164432,5143.060643062826
5068,5244.280512909307,5248.145863069328,10.8292384591445,5252.068408655062
5668,5314.009190391895,5317.557739152447,14.586417342780765,5320.282065858206
4301,5371.3347547921585,5375.416155685172,10.422803935357356,5415.621368167105
5786,5403.86721943279,5407.4978657415695,13.208591165940495,5421.829881038237
5764,5436.401992367207,5440.264633126593,10.49128079076682,5444.868454225099
4303,5459.160323529131,5463.1421047906415,10.703575365382346,5495.751018291308
5911,5493.770245085929,5497.561017791704,13.025261626646412,5500.860199212495
4705,5500.785370871438,5503.621917418406,14.2248672172271,5506.779623727508
6300,5546.335990016107,5549.219178425909,14.2482450974843,5553.271726704803
6790,5600.775807056536,5603.632111723137,14.929114788869478,5606.481114606897
4973,5673.681682701552,5677.339573406246,13.186875590713742,5680.428967525557
5779,5675.64984321271,5679.0738409954265,12.376069130692263,5682.325553704134
7769,5770.139588670876,5773.441465948489,12.220320997825228,5776.955596961116
7788,5799.303842519,5803.22699961437,10.26780568587523,5808.613816356121
6974,5855.744223349086,5859.456857553199,11.718981227338942,5863.105871098167
6961,5888.437920602387,5891.513693326101,13.281107759440482,5946.047307414014
6959,5961.097328610892,5964.26149291739,12.677910668330256,5967.442989477385
7547,6123.653793833369,6127.369096748866,12.887450788657038,6130.9841821272785
7787,6213.873292568662,6217.537175276942,12.24194474726475,6221.052810361314
6995,6244.859110565939,6248.13693095201,12.07153885090755,6252.60910074076
7068,6303.576636348314,6307.180906615636,12.886629444303631,6310.255337580888
7780,6314.679037322537,6319.2450073922755,8.985800056934105,6323.7450668252295
7786,6332.6378030489905,6336.062874998702,12.555438348855402,6340.566726325904
6967,6420.307517615105,6423.46165261429,13.045093845458078,6426.613186644282
7776,6427.211579221398,6430.30624207658,12.88415924736604,6483.064813745479
6983,6483.388339929369,6487.056885570598,11.278563612190986,6490.606228030401
6705,6494.172332398647,6497.4972748064965,12.889343820706282,6500.911862490944
6989,6504.562584279485,6508.145495120139,11.830354143651126,6511.665415255374
6724,6588.075991348404,6592.303125662699,9.615039485473833,6596.4902489149845
7083,6595.973855750675,6600.015850035156,10.226819526857557,6604.2966837619915
6993,6603.851726949622,6607.439476081199,11.808324799489972,6612.212831460677
7791,6693.18063565704,6696.177227951141,14.089665880237682,6700.781165057022
6709,6764.58984463215,6767.526787302356,14.051937121129093,6770.530961341076
7053,6779.86046701787,6783.101911393234,12.540931443321266,6786.387273750314
7799,6872.9945302305105,6876.443356321236,12.232581808919937,6880.839648909311
6693,7044.0373375915315,7047.360315461415,11.888105659749623,7050.808650071873
7084,7047.757865632896,7051.510137879637,11.732812911914953,7055.217074526001
6994,7055.594923535293,7058.357488897235,15.071609341355831,7116.25555350873
6204,7091.896269064692,7095.388640238102,11.85150602336633,7119.291233085299
6726,7142.335122983202,7145.420032950642,14.1434335281449,7149.345650775601
6699,7144.065957506991,7147.145194785302,13.543212823873395,7203.299263921972
6996,7148.369242023489,7152.093124705059,11.476922564715707,7205.607027134486
6990,7222.460111272984,7225.580292101214,13.670185089799714,7228.625952270252
7060,7230.437275111642,7234.102109248812,10.713626291286028,7237.972246193105
6973,7232.299441259833,7236.086174128791,10.349773447426767,7293.608183600891
7532,7322.807038458656,7326.001285308762,12.697389906705489,7330.524607446287
7659,7326.273246180326,7329.5084009844695,12.557782948330965,7383.141168760074
7774,7473.4710594012,7477.463428399405,11.62430220607519,7481.082078936994
7544,7476.289783036537,7480.096476199273,12.149879859614304,7483.630069184894
