159,97.75400907724908,102.2850715520737,12.514543242886278,105.89759532019438
390,100.1154047512172,105.05601274463947,12.309517387608073,108.92435916054876
262,108.9696535554376,114.0870958242543,11.36887890790799,118.16719984352989
396,198.35190739608936,203.356092699327,12.005989758486624,207.16020819201265
357,200.2424660701444,205.22657505886335,11.972376726115101,209.01265007676503
267,279.8148420481012,284.29922930710904,12.548315950695068,287.96089234413466
371,287.4171924469791,292.1853652015646,11.841294132391539,295.99722778066337
181,372.1813890578434,377.44712200392894,11.25380032861489,381.84204240475833
392,1632.4087286682811,1637.3324776770723,11.149361537818917,1642.7371625765509
2333,1837.4093130713425,1842.3915933553133,11.910464800726531,1848.003060718418
2183,2378.917697051665,2383.361062560888,12.721073054582074,2387.1083649175707
2401,2618.194747659518,2622.5692050733883,13.461392110713446,2627.597919047032
2194,2979.972114347337,2984.5331145660966,12.931700109732443,2997.681074775606
2407,3012.981811354688,3017.1275486416407,13.876879445025704,3020.425379025325
2326,3191.09707515397,3195.4075256789515,13.256328128649415,3198.8584286623964
2275,3521.034053436256,3527.1799518787243,8.77566151555382,3532.1837681382253
4255,3701.990455817598,3706.2993807456483,13.380464221031115,3709.6991762361945
4353,3723.6891483230092,3728.3862488100353,12.984259607034755,3731.989295697615
4189,3794.759754166493,3799.5280381974103,12.519534188524016,3803.22415840349
4338,3820.2831430803467,3824.449592754642,14.374423129354303,3829.0556441523913
4390,3885.5586959928773,3890.0764358099564,13.264435395282085,3893.728107970327
4173,4152.782352058623,4158.470028932242,10.191800020626536,4163.039427730164
4346,4903.292228519748,4908.406014231917,11.614533180419032,4913.132774855903
4383,4964.134603793456,4969.075302545646,11.73980266914763,4974.353765229631
4356,4968.470966284997,4973.260846439395,11.783600655835231,5019.304221322041
4261,4983.960839555629,4988.295190695774,13.879868109949998,5021.644179686356
4403,5060.888508645217,5065.396495229306,13.17598766821116,5070.796380053445
6360,5436.6368972898945,5442.446155282508,10.651162184024292,5447.760551297702
6392,5497.549099031342,5501.237357099902,15.715248818860886,5505.539669774988
6192,5592.717840423251,5598.3363178867985,10.667893508247886,5603.95763526883
6248,6053.97112253349,6059.360011831462,10.21082361149754,6078.002935635206
6189,6071.354502508974,6075.31622635595,13.948620428657,6080.644559306965
6261,6140.341009051465,6144.490297817677,14.097913771618384,6171.4376370057635
6317,6228.245160860359,6233.051557656997,11.227391759339236,6254.563412046447
6394,6500.274270619883,6504.53265974961,12.808339338129608,6517.714198438059
6171,6760.349342454804,6765.202178593973,12.599572215482386,6769.780737495307
6400,6862.460902763221,6867.18683820301,12.558887429456615,6877.288885082505
6173,7221.917107767913,7226.170951869013,13.4296471064972,7229.456023723503
