1065,65.053457854687,71.50369080936908,12.86736051219606,93.21904783032564
974,145.95020453534698,153.4916156458089,11.387710930182271,183.26593169223912
709,286.99318740499007,292.59250801614814,15.346531435620982,297.0454062723455
994,318.8727946152378,325.29063014453584,13.880695394958927,363.6489320750849
757,366.4811428197189,373.2776847053022,12.317620914837903,378.83698201064067
1060,412.47539435168443,420.04270729950844,12.329200393270707,426.8363669700184
1017,518.710993180403,525.4224138689402,12.738706596259869,531.912734382368
718,727.7949606275478,734.5612359560288,12.229221840657384,739.9825853407907
1045,768.778251029871,775.251619679591,14.47355194067906,781.425018158025
976,795.2833397329194,801.5502459666105,13.092652406073572,813.6542635362078
1049,859.327288381429,866.4816647948778,11.584158908212785,873.93445062877
983,861.7273688506893,868.3133785873898,11.635991342528774,906.6171456030032
1058,1041.7650850148984,1049.1159152489472,11.99740275119914,1056.1418359213658
989,1073.7121310471634,1081.004696820962,11.20036314550509,1087.1451537313876
727,1118.8938133919578,1125.3344807668952,13.516907278161924,1131.6981467814467
1071,1309.1480461572992,1315.6126812187522,13.578092002812884,1321.7174633402983
1055,1327.9082465003185,1334.2391328579436,12.939015753384176,1353.595114767618
1050,1426.035362138293,1432.0995457799988,13.95855028934426,1438.5030142224803
1069,1498.2206684229695,1505.5279974832174,11.823777332280368,1512.6411034814432
988,1517.1319366279085,1523.4327806097604,13.120660645941006,1536.2218754034423
723,1646.8437136711766,1653.1361497387825,13.693693935241058,1658.9825397276522
985,1670.7510915476635,1678.0298425629364,11.51811236507201,1713.354590602463
961,1766.9120007775582,1773.0358725125254,12.952059952658237,1802.791204278013
2989,2132.5977045974673,2138.1805808567988,15.185389944274585,2143.933230110822
2985,2151.377336934454,2157.352603806858,14.21870679435135,2163.6381246681003
3053,2303.5621451650873,2309.3658484295815,15.369179917367557,2343.55918343981
2993,2661.3061069934192,2667.3625869366715,14.591151313157763,2673.3618785980007
3072,2666.769322416581,2673.510376022202,11.093487175138982,2705.692905619287
3086,2751.763382572957,2759.3204032926483,11.401084532132844,2765.9311078069327
2965,2754.3619782235583,2761.1562629467767,10.899450403636472,2793.2773892798746
2712,3063.9482137687387,3072.2301541455677,10.638270205353399,3078.980399631743
2974,3208.0662655286724,3214.414593220476,13.801823360889305,3248.5473399534867
2972,3210.095801109725,3217.0742761934353,12.110510283766311,3250.6856550802445
2999,3389.92197549919,3396.407090264074,13.090993304929029,3423.4020977860755
2987,3469.358647638002,3476.351978320973,13.173221336978056,3482.8400140336967
2700,3517.801505746652,3524.032034077703,13.659568138204106,3528.942988928906
4995,3656.3612514054603,3662.6084308686904,13.78970035546431,3693.0588212906073
5078,3838.4290807412517,3845.1473198222866,12.279398501362977,3852.153946720034
4976,4107.395911236848,4114.553718040923,11.282523631883622,4147.8155317459305
5056,4193.687210250448,4201.171224728605,10.892714847500462,4232.997459735158
4817,4416.665295823856,4423.565630294578,12.505691935243528,4429.126698928769
5082,4464.456546199839,4471.502413070406,12.477199117900025,4478.540841278593
5059,4468.561497818676,4475.080584816198,12.677666514689781,4503.381697752253
4967,4554.739829553996,4560.269730296554,16.133277603463103,4565.769667095686
4734,4706.991984911371,4714.011871368371,12.585988865697779,4720.803821318776
4977,4819.017060955373,4826.150854224528,11.362485339496223,4832.897270312603
4978,4825.76690031545,4832.378315306792,12.1509841626313,4863.1240049156195
4993,5272.950270146812,5280.494317640018,11.56524067947629,5287.960334681088
4805,5317.613721372702,5324.193749300012,11.732415883123874,5329.6590173638415
6987,5484.132279219736,5491.389639191103,11.227823876021247,5497.256570749986
6972,5633.158598697996,5641.069739271344,10.823868866021842,5675.855292851368
6991,5638.979326037164,5647.081378469413,9.860638798740027,5682.170418289118
6980,5901.005332544305,5907.504154255345,13.398566828665892,5943.4847392628635
6695,5959.613580789644,5965.572351789409,13.645282986079373,5970.516277807954
7081,6087.184531420416,6094.515028681217,11.78698983232953,6123.3170822284155
6963,6092.539565916045,6099.031628737859,12.602660154055034,6127.837127663369
6970,6114.917566000425,6121.035787029152,13.159328919232498,6130.042131586047
6715,6248.998395025427,6255.283671866794,13.027944829066108,6261.868116725678
6989,6258.7300054007965,6266.157256991509,11.278649093138574,6303.507075438897
6988,6263.078774078902,6269.388363629782,13.670466593332774,6306.106948049469
7053,6620.777146699522,6627.446919973621,12.796038174510661,6634.039448825414
6977,6641.172341112943,6648.393278171249,12.570818162941496,6666.0141743734175
7080,6651.693219824,6658.444086359653,11.990252161761008,6668.165844925143
6976,6737.299592895612,6743.458194968253,13.520254974894076,6749.888286223819
6960,6807.310793715957,6814.261133034505,14.053127623945407,6846.094056766462
6890,6870.722898089793,6878.166110416039,11.744531762598694,6885.166934085449
7075,6987.200868327588,6993.129926323237,13.629712877958763,7025.631148875144
7060,7068.614473251184,7075.055410854135,13.958320637538685,7081.209046053776
6713,7128.013902189561,7134.284418877717,13.316377821515188,7139.535688673092
