509,859.0157101825937,869.114844635448,13.099565253392594,876.4182257607364
517,1309.4058890497142,1319.3981487132567,13.575866051258979,1326.6966756700601
507,1763.074145125251,1774.0546277997091,11.544317615983093,1821.1156138662259
2782,2928.7411764588646,2937.271688539134,16.38575371420803,2945.785605751302
2510,3288.8325734422497,3299.4961438449045,12.33448689591743,3307.2552878933852
2513,3738.4380370627828,3747.3924635575054,15.61837307951689,3752.8089917948455
4499,3829.038926603904,3838.319649922199,15.049318847167324,3844.9588533238352
4506,4908.669562432863,4920.420176909056,11.232943780557253,4927.9335039274065
4510,5538.711681615265,5549.053416436628,13.267673164343009,5556.200920711861
6508,5628.881565720801,5640.181117170786,11.070009593918815,5647.647950924638
6499,5808.967015942336,5819.221235014391,12.59926170240469,5826.563952276852
6778,6259.086790157172,6269.220303791131,12.988480325175468,6276.449243395914
7047,6400.219012190063,6409.143551505339,17.250628285656106,6415.436613050562
6509,6528.605286544104,6538.195668952987,14.442682493393512,6545.116501246789
6518,6708.9730232558095,6718.460854795099,14.283928116164779,6724.305104934177
6781,7248.919967567055,7257.389725584113,17.06560203444026,7263.733017549924
