790,106.14235502935959,111.39288038756817,13.474411898872273,117.99781240258922
1061,306.7563029871351,313.00305733364246,11.173485637284484,321.6220250917286
784,329.9077944411787,335.3074982311762,12.643081626351565,363.0058147987528
534,451.1032131463242,457.24623264298464,11.171252555525937,464.8467326928856
533,522.207576986246,526.6172850008467,15.712353374802369,533.8040569162306
813,609.2512948686575,616.0333154652528,9.742755451740345,625.1300264534724
1079,1206.4617449429388,1212.2598938362796,11.344719886788686,1220.9042813804297
548,1231.657533201105,1237.4004113024648,12.30551856375962,1263.4527763629508
1902,1762.2272451227823,1767.3913090610372,13.925242589503258,1774.8001690034198
3051,2208.1935667009984,2213.2780246468906,14.124969972868325,2253.405789677441
3073,2466.148340410244,2471.5513417210423,12.933047161002468,2479.9467532256067
3906,2475.7365113050205,2482.0385703277566,10.260205267643677,2523.6135051964416
2809,2634.3531181615267,2640.3364063476533,11.912699672383855,2647.8435673306208
2800,2708.032597081027,2713.195425261711,13.916723418666681,2719.4667127901203
2803,2836.5461370698345,2842.5455564096233,11.718237213717043,2851.6385248516312
3921,3104.840389202959,3110.5426555857416,12.720251542291038,3118.621490602199
2537,3121.731585567252,3127.0372573550667,13.01112951075446,3153.094739835325
2522,3124.476333106976,3129.5754935121736,13.472718032864105,3155.499384868825
3066,3182.0626362237067,3187.4826593939633,12.433820774038685,3195.8808878513178
3059,3184.0007136129616,3189.4913024036946,12.388516496428654,3243.3972357695247
2804,3232.9240484319603,3238.2544643380916,12.584538557210843,3245.9738460503263
3058,3284.456079809984,3290.4589270309743,11.610238834380208,3298.98034452573
5053,3751.518310710308,3757.362412744161,11.330688200172558,3766.10321982917
5060,3990.9137786768424,3996.504758832474,11.603867425080988,4004.670346638002
5079,4180.664969644863,4186.4903002343,11.659029026994551,4195.1481242524615
4534,4287.124492387178,4292.488460128546,13.347587270329846,4323.275570180383
4785,4396.902398071487,4404.061205976615,9.82099246771885,4413.515634347291
5055,4445.291034569614,4451.394469176565,11.877523259853533,4460.217811848842
4542,4471.980785597272,4477.112415777179,13.3799482064625,4503.602223606227
4783,4560.656629837684,4567.168017560914,10.317986670948777,4575.9089513853805
4522,4667.351666973343,4673.391778583146,11.80652291206449,4681.049284949704
4803,4674.6074628312845,4679.277118044644,14.529528058719524,4685.113108199561
5913,4815.496774258262,4821.1760471710395,12.146280789281157,4829.429077688201
4792,4887.3659313953485,4893.3625759311735,12.045203745970808,4901.799168847857
4519,5010.333501380101,5015.112396900148,14.456201210795502,5022.235650822142
4531,5012.74487563138,5018.220814370307,12.908148342940049,5043.3991329138535
4804,5316.444374649143,5323.058831420192,10.08149846371008,5331.418213422695
6812,5565.099491145809,5570.046193272487,13.870193840665175,5583.132365896799
7059,5608.593298292051,5613.57932869986,13.153259124958415,5621.635004689325
6536,5908.961202527453,5914.193337557453,12.851303211638331,5943.18902440136
6530,5983.786084105012,5989.292095719882,12.635977255097144,5997.397357712557
7068,5994.380367197872,5999.539462408357,12.900577313004666,6036.159441311338
7062,6451.722220330392,6456.547970220252,14.434291574627121,6463.965714423148
6794,6455.739197589048,6460.316673473316,15.677849332670117,6483.288464489045
7076,6617.349335283699,6623.05121532015,12.576015851392613,6663.489459073326
6543,6632.078699016828,6637.476316820324,12.372881427677964,6665.830049484848
6550,6881.236308218279,6886.456955494935,12.949342177348331,6893.94155792792
7053,7156.345417178101,7162.051314354236,12.7830509234278,7203.402425616142
6551,7177.470507022494,7183.0047557269845,12.692296857093655,7206.064690743722
7054,7232.463202648095,7238.173491289509,11.874285513865113,7246.671243060022
7074,7241.347067554459,7247.231243524314,11.438608235057343,7296.007412801093
7913,7247.090166746288,7252.202468463751,13.191156277824145,7298.152759543478
7907,7329.389740978136,7335.287792180912,11.308678135311078,7343.7769602730805
