913,295.67715326106105,300.4991628728933,12.136562320160246,305.6789778107402
404,500.62779379922523,505.3700622105755,12.7183114130803,510.4210630985823
915,563.7836129842897,568.5682928838443,13.261273718025945,573.2930285113092
136,754.7158295715313,759.241830878946,13.60582974823136,762.9072645225881
620,889.9416086671657,894.2008678398948,15.509291692639314,897.3723845308748
144,980.6682183694752,985.3442076445065,12.086376008826662,990.8120932005096
381,1252.603187731601,1257.333379508772,12.136373856383706,1262.3026291801757
639,1254.3024895398744,1259.1030595429775,12.470242072471747,1295.3390294127505
140,1439.8971041091324,1444.5350910459454,13.160175167798027,1448.54043898979
1331,1442.1288378739866,1446.5878420517276,13.169728901779253,1450.413052693978
369,1506.6459046634236,1512.3623291550634,10.984454748779179,1516.8913062441973
394,1508.6307721891756,1514.2937317872575,10.31431634500105,1518.8202206221238
891,1637.7245998817252,1642.3307567549168,13.264293037136078,1645.9083947319846
1147,1641.9310560754277,1647.0676756711398,11.889390537871408,1651.2265623795574
640,1708.586704154172,1713.5560098606622,11.89904247402312,1717.7676170314298
890,1979.605361787882,1984.132126650297,13.056522988606485,1987.8739549540878
888,1983.7754314688793,1988.4068136072715,12.571884102969584,1992.2857581871356
3171,1991.4691082476602,1997.3071975295557,11.881085337252326,2042.9986175530082
2635,2113.606923239475,2118.0673205208336,13.691672567536465,2121.602212705553
2378,2317.6736585353874,2322.3151506054896,13.240692328628272,2325.9671100506307
2904,2321.3323907728677,2326.003009898166,12.693169953615593,2329.88597164147
2622,2391.140877743509,2396.153184946458,12.101622036088171,2400.0842984873184
2918,2597.8259451651434,2603.285087541006,10.930086169790242,2607.8096287240555
2906,2599.676065217309,2605.242037067439,11.401861734670074,2609.716225774348
2389,2860.0063752910282,2865.028717983834,13.264241975561617,2868.8433453541734
3180,3215.250554947683,3220.4456951495813,11.114280571137247,3225.2462124488143
3177,3342.8778251370236,3347.53981817769,13.51840019086171,3351.3177161780336
2857,3344.734761621592,3349.2687016616824,12.944263981675942,3353.129617622104
2902,3476.2951650254777,3481.109644541665,12.606677098083725,3485.290159940332
3170,3619.0755944228736,3624.4325685456824,11.800296019498496,3628.717675129222
2638,3813.9326426601406,3819.214549643594,11.337542390235113,3823.5840994758837
2641,3815.806411954198,3821.0391552520314,11.13929117288378,3825.345858748972
4899,3819.6334662092995,3825.0690876283484,11.58828244217901,3829.4807889454137
5335,3881.6969943802455,3886.5865679659887,12.125671641006923,3890.5590997215963
4913,4092.8075104201043,4098.27543165976,11.129873378642491,4102.71834898785
4903,4164.289303586765,4169.43698711017,11.447064796129181,4173.792993720372
5163,4219.592035154575,4225.121128449933,10.50232109829723,4229.643514787003
4916,4286.106073278513,4290.562167218449,13.900179536372681,4294.15714175061
4882,4359.330491975691,4364.435616595539,11.15498112112026,4368.602410884209
4848,4361.089850968403,4366.219283906076,12.171031624882065,4370.3502477379025
4150,4641.383799972577,4647.38945439008,9.457123853564113,4652.668012696157
4888,4842.521000970858,4847.414727437463,11.953029747306326,4851.578229524295
4627,4850.549259009834,4854.3185834727865,15.732367938546522,4858.767585170666
4380,5045.516549861457,5050.045028683014,13.520999377142944,5053.858192250002
4885,5129.037120096785,5134.28220784517,11.5907329846226,5139.801163351226
4635,5183.618279187154,5188.465054640304,12.063702675046715,5192.490241873014
4641,5308.079645441323,5313.402402128665,11.932733335285926,5317.667547333805
4381,5310.180542169107,5315.180829270838,11.289231809226457,5319.515293310831
4143,5457.859760764582,5462.162818201971,13.648985822307825,5465.7731312165715
4915,5512.037301504203,5517.1079309171255,11.83585005176983,5521.129610028218
4132,5529.874959230236,5535.016767809768,11.843409157227791,5539.986451257711
4151,5603.365859316595,5608.551625481593,11.782171666878844,5613.743402943174
6918,5667.0645436818195,5671.58220054568,14.15294301116377,5715.170439508005
6380,5716.017078194893,5721.557592945447,11.382646293264678,5725.745130849011
6898,5945.503781309179,5950.456759467552,12.088917416855868,5987.124039856285
6147,6259.855475296899,6265.085020791266,12.150249635841428,6269.264390332448
6630,6265.856718736751,6270.297892857392,13.67023543215889,6273.983760128532
6913,6327.526684318615,6332.585758260039,12.892124447320862,6336.498372694156
7321,6477.742686925444,6482.065633748029,13.183781698869554,6485.634996279707
7157,6554.423184068518,6559.514627199064,12.393991446734578,6564.735809897695
6915,6599.942384143275,6605.390739775939,11.511885381330169,6609.570343993394
6882,6743.329679496563,6747.515353147844,13.658896513419375,6750.955179545085
6390,6873.4143502019715,6878.176165930678,12.753182009012134,6882.036818262095
6896,7015.866238251544,7021.370215223991,10.775831747549184,7026.011443505952
6384,7211.71206743412,7216.418149585617,14.938579424891651,7219.728093925231
6886,7279.94102697244,7285.185031081717,12.140105250565554,7289.4214195201685
6902,7283.701150811915,7288.327405435039,13.378645942700329,7292.057524545107
