119,291.8599448948097,293.23410895950616,12.463877268594825,294.34301935609585
804,323.0992304537762,324.42797923476434,12.975168483419845,325.52943015947886
353,367.10818700169386,368.3721074930911,13.983439178690919,369.37736555462544
541,417.59474064183274,419.043327100566,9.505339052750696,420.9636899032003
529,592.9499073022865,594.3820327535935,11.73048408298185,595.5823368536317
1051,597.0287588103469,598.4271482876417,11.941013653348666,599.5584541355304
1914,682.9284580132573,684.3580311432166,12.101163702106454,685.5383466315222
798,864.838769827748,866.0750582871788,13.4415780312305,867.1047158690677
355,907.7932730831312,909.4687531416724,10.092945112351929,910.7803770717846
1901,954.8571397731489,956.095297551813,13.816259124083839,957.1072338817247
274,1048.2865453944285,1050.028876766947,10.06005921263152,1051.465406960815
795,1134.7020331067017,1136.0566747413843,11.887438366177202,1137.227081088603
1668,1137.516059319106,1139.1883610016966,9.628396921300723,1140.6500546144853
1654,1222.716399946015,1224.120676035028,13.05655212732663,1225.1884161886796
294,1318.7310573720697,1320.0451686231243,13.460211203599988,1321.078289600748
1066,1404.9216018001043,1406.249299814928,13.217453090502957,1407.3049939032262
1059,1585.0112054436454,1586.2304083322683,13.396333595144544,1587.2651314924283
310,1807.170466350949,1808.5772729993862,12.805193448053252,1809.668139412381
337,1896.858296219473,1898.203118302359,12.593250982589927,1899.2800697775172
544,2039.5181237812542,2041.0362358085213,11.271321333520273,2042.2489749652702
799,2213.6221827168715,2215.417799520415,9.836179318972071,2216.8870028804763
2119,2399.0600715556225,2400.574028461145,11.901105588204596,2402.498588239989
2349,2527.106056241492,2528.398424197127,12.996940483494997,2529.449489738885
2351,2707.12537036138,2708.3823270416037,13.516597804285249,2709.3934165588107
2114,2752.025722808958,2753.2421683876787,10.521356553286674,2754.969842497631
3081,2842.9361409308185,2844.163041384662,13.14130671174482,2845.215481379207
3908,2942.886275771402,2944.0910809720303,14.57523052301524,2945.0442281283254
2279,2944.789557276497,2946.0994142089316,13.577638308903351,2947.1218568036434
3071,3024.779380283771,3026.0890415308536,13.89790753161701,3027.0897797315315
2320,3066.93999239123,3068.1792828589478,13.581675613579373,3069.1979710169517
3896,3203.507846961643,3205.07775678657,11.637306062561558,3206.29788065088
2293,3477.9015101992736,3479.3679859641843,10.654760896653002,3481.440403169573
2797,3568.9098151714734,3570.2186849586947,13.178816270679881,3571.276613328606
2288,3662.9103163732398,3664.3297201453124,10.702052287809781,3666.3182467675438
2810,3743.7015555358284,3745.125950339541,12.291975714638326,3746.25252093532
2298,3745.9907363763064,3747.4916540692043,11.308583503420163,3749.5890361195384
4332,3787.578225794538,3789.4015873974363,9.074793675848003,3790.912603255859
3070,3839.94306668013,3841.4507375843405,11.431818379324563,3842.612829614839
4798,4020.6675570040015,4022.3825465767136,10.461954505866993,4023.7327975005687
4129,4058.5953298045984,4060.084467810078,11.457209755982174,4061.2944747461306
4540,4108.975817360857,4110.393813190129,11.745920059473642,4111.603924823192
5063,4195.004937751823,4196.378840413257,12.448848373500699,4197.494978103326
4525,4198.999336719401,4200.396501151577,12.837180851571775,4201.519510279824
4278,4200.999434702617,4202.501923663434,11.640565665512469,4204.3399517208645
5074,4468.298838632993,4470.089088613286,6.481225583321023,4503.151354976802
5641,4645.098061970794,4646.387746903201,13.034496149251373,4647.44919548825
5647,4739.154707067974,4740.548125947581,13.033712536322435,4741.708017892706
4347,4778.780645341258,4780.223373876309,11.238771272901152,4781.429983212061
4357,4866.871537427066,4868.312940502609,12.186394141741864,4869.485166113483
5901,4914.784144004742,4916.068459853454,13.645801583709568,4917.090946029319
4303,5227.263834239947,5228.502411556827,13.379609130361095,5229.532678516455
4282,5407.717060236369,5409.253774354457,11.688260296597328,5410.443811179026
5052,5460.755498599301,5462.0669495491065,13.949040891572126,5463.069183164835
6293,5499.457775381873,5501.077441634798,10.530125710107015,5502.371606132143
6105,5632.964754041328,5634.242622530028,10.450841049205424,5636.025597882549
5061,5722.963489146573,5724.392771474542,11.826029209335085,5725.595427062968
5078,5729.694965627343,5731.025901797704,13.400036716220768,5732.065527867247
5893,6098.9951390704155,6100.308367632028,13.258685600134484,6101.346725782169
6324,6126.84492168677,6128.262489240943,11.862360366674457,6129.4150223592305
6356,6129.16339708915,6130.415159578923,13.607853328547751,6131.451047924188
6795,6266.086036339012,6267.518439355444,12.0356090412782,6268.687626054353
7650,6270.697975224505,6272.37086777583,10.268919541031355,6273.799999681137
6271,6272.555891195404,6274.260671888345,8.441478800193467,6276.579303491723
6270,6542.541198913998,6544.192186892342,9.089703242680487,6546.10747085027
6282,6577.680409160911,6579.270710999788,10.568509247113669,6580.584402105677
6806,6803.25457944185,6804.547824767082,13.35509906755007,6805.589941382727
6789,6808.978090126355,6810.183401549049,14.263167583840998,6811.154073435522
6521,6815.142870907666,6816.558430597291,12.499510332097886,6817.699915506355
7063,7254.703754028716,7256.22409982437,13.010016332035402,7257.323469499489
7657,7343.107864306304,7344.54334264959,11.634991315985951,7345.717924665645
7892,7345.535306837039,7347.095723248705,11.143727504795287,7348.327019236228
7663,7434.949817314309,7436.291685771794,12.57739722197011,7437.387682941307
6534,7522.852512520466,7524.167208498157,13.508328263887446,7525.209604837674
7900,7525.186695454999,7526.58747217762,12.772764481127412,7527.708611633623
7643,7526.981090400921,7528.37654916308,12.466506313384137,7529.534490635777
6809,7613.130528101461,7614.407251290512,13.420118690198018,7615.452725386574
6787,7794.70503620387,7796.137337576305,11.54342718754351,7797.344199475379
7904,7883.190686723965,7884.464856273442,13.436391551264567,7885.459422510776
