1533,66.4546145834764,76.5553778832576,12.922772282175853,86.56102915074909
1521,68.28880375418134,78.33775654714603,12.863545899149127,88.3071400110405
1657,138.74640021858065,150.20385776873078,12.08729212127813,161.0784598918143
1535,326.8304015102312,337.5472609224713,11.70898213787337,348.1188509813328
1641,334.78140208448264,345.2812203301632,12.386039122046695,355.77787921235955
1569,370.00822435434077,379.32694167584805,15.281593014883537,388.9461948203126
1573,522.918377765135,533.5834080317973,12.288365651564424,544.3866888056917
1552,551.3450264065096,561.4383515549426,12.423501806906549,571.4088989170992
1568,948.3364546694847,959.2839608544048,11.597306752812006,970.0730525099389
1665,955.7837178690145,965.3114221975841,12.561713226455195,975.0893025814768
1656,1055.4048811196592,1066.5571157230559,11.975606976366398,1078.7442059856023
1668,1142.0394439229276,1152.0398904547317,12.81044150702582,1162.1027289012968
1564,1176.7662615332995,1188.4884339201076,10.948336257451572,1200.8471921319654
1667,1849.18736249818,1861.3369196036947,10.290167755262749,1874.148868104633
1512,1851.3367672770369,1863.2694534490188,11.125544193513749,1907.2260161713043
3522,1857.323531809147,1867.182464552421,12.489361733316306,1909.886406840891
3673,1962.5461581156153,1971.026780322339,14.461008417243223,1979.5467543292295
3656,2031.7877739822065,2042.3498037836073,12.28523051522649,2052.68756301379
3664,2391.243152967246,2401.1687626956973,13.593589484547355,2411.870868011552
3517,2570.6412564113325,2579.129113061131,16.43915174405621,2587.8667685933456
3667,2595.101592319247,2604.111428136252,14.618744000980744,2613.986940953113
3654,2597.2026062518257,2606.3599493804686,13.987786933705248,2654.970527605345
3558,2711.031197315866,2720.506894697397,12.931446566451074,2729.7901440302303
3646,2756.9910702795346,2768.487528863139,11.13742704585886,2780.8604863850032
3513,2860.358650113262,2869.5931916759027,13.721196055400105,2878.7061016138978
3527,3026.1914299578607,3037.155728637983,12.305745048468976,3063.6506609682383
3546,3299.8462487824695,3310.3072721655253,11.355977043383858,3335.5790455221686
3536,3396.8960776565264,3409.173861300326,10.379570076421775,3421.493479833442
3520,3413.356753596213,3423.3344789824123,11.956055882468377,3434.7964741173787
3556,3592.4270856757194,3603.5643509939396,12.046458179789138,3614.7057344954255
5517,3828.454144853362,3840.260665118138,11.388251167668825,3852.9419702923838
5520,3856.5800707169265,3866.205074867512,13.101351676840913,3879.503334425473
5660,4188.547031278496,4197.469578188199,16.13656617785532,4206.929445610951
5584,4190.799369810034,4202.20223100566,11.21265719635671,4219.722422090532
5565,4233.315247825375,4242.203292728094,16.737556037027453,4251.995359341754
5567,4379.4461866382135,4389.182159003658,12.669576341203957,4400.61802536761
5578,4594.20675191523,4604.355826902349,13.638292022419785,4614.985485672647
5571,4638.843829688441,4648.276656903644,14.230774403624666,4658.598724975103
5512,4641.034972758827,4653.139999874942,10.77163254607879,4695.048094709571
5543,4926.805486836125,4936.319930555915,13.231574380313084,4969.931223053638
5526,5223.982590567262,5234.190144624991,12.863947092320648,5244.071873449349
5568,5268.6415359850935,5279.313683850806,12.16807916008818,5291.362788951875
5569,5280.131677707464,5290.315781741061,12.623610179328761,5307.387980452987
7569,5548.160485618379,5559.076368467311,11.273479419431963,5570.987276473024
7546,5914.904466960619,5925.131923838896,13.215498757432515,5934.952831327768
7543,5947.58275864955,5957.402595772018,13.519926605757593,5968.783524370511
7521,5990.903208006446,6001.250634618345,12.333554219253474,6011.128800901711
7657,6078.9354488013605,6089.584877534752,12.806928785955916,6101.511809383824
7666,6090.775756492829,6100.46021010597,13.129439225033272,6126.1393999565125
7536,6170.771017811048,6180.26411731217,14.090462535160253,6189.318828949718
7542,6174.439669420175,6186.340974580354,11.036305033302147,6198.213214840556
7653,6376.4658682241525,6386.503097494992,12.678070276838561,6396.681659908702
7578,6558.530575156648,6567.235286822588,14.299676455728472,6577.572116625597
7585,6759.773637687679,6770.079998474719,12.246537144552475,6782.115377090356
7651,6798.4428135601465,6808.468259635613,13.91976541791283,6817.889045705304
7648,6978.676357954498,6988.4117865417065,14.129197559278472,6998.8352939756705
7650,6983.19225492004,6993.370406059995,12.646296172946352,7007.350135520953
7517,6998.669616296647,7007.285367295155,14.350626050676953,7015.839652231659
