1369,93.50943619905335,98.0901940620548,11.618678452331412,103.63283254581403
1387,95.82635874079249,100.47271956935295,11.573199503721307,138.5882048326836
1366,183.6203139698198,188.08298541933203,12.283008632403558,193.51103332604725
1497,185.97765139075383,190.0158969557462,13.656406607763046,228.48309743567276
1474,453.4836177815253,458.09481400757727,12.124960134677844,464.3255321588426
1359,456.00705798700466,460.0432778093744,12.0456498542691,498.05722287073155
1344,738.0162228065649,742.3185761570313,11.884946021530354,747.7843521235773
1391,858.0050802470728,862.5442629740465,13.694120768689066,866.3409356735582
1367,860.5324710173663,865.0323799041987,12.127758992464043,868.9638945941307
1417,1018.6958604875143,1024.1384782624598,9.748082759989206,1038.37326611035
1403,1020.6598100055054,1026.1152992727607,8.115353371693422,1040.833731279125
1393,1176.0481433220607,1180.2194232454906,12.468271333710707,1185.6783868104849
1370,1218.0230035986704,1223.4560836780267,10.296431647958066,1228.563428946689
1493,1273.6368649052417,1277.586467465432,12.933360703620238,1308.5799901565936
1418,1375.4416075386912,1380.3900992671943,10.145283119544258,1401.916029404436
1482,1713.7495289587357,1718.4307624781106,12.078894125545718,1723.9417961147706
1398,1715.9090212485585,1720.1912445618289,12.436962414319792,1758.6460104610962
1404,1758.1855643636475,1763.3344263582899,8.343008555203816,1769.3133509287836
1448,1803.5320053958167,1808.214438513532,11.187441306326955,1814.4370101299403
1414,1806.135149209943,1811.1386044858891,10.51193065478112,1848.0065889153104
3426,1985.8508279222995,1990.3780404529555,11.244427251403499,1995.9116197760382
3344,2086.7069650525573,2090.6129543654897,13.351004750568203,2118.7747332426443
3346,2165.6082051676717,2169.552855928341,13.414855176238264,2208.3135296366045
3402,2208.1092573120936,2213.0634685421064,13.255192008631727,2216.899628181891
3412,2297.934825092261,2302.5708067164705,13.799481609299498,2306.2662333260864
3364,2343.991859245651,2348.3079369641036,16.44983716276298,2352.803608321996
3440,2368.7819158152865,2373.2686763929364,11.871186451372841,2393.673838211357
3401,2482.3472031687343,2486.3999828129636,12.861866558699917,2490.271801032226
3446,2552.6815529100927,2557.5268495275986,10.900046220813485,2562.9927397694746
3425,2568.5603094833186,2573.0402730594683,11.448261772922645,2577.651101908869
3445,2705.601775480486,2710.2733814772646,9.61928660287777,2748.8759682085483
3399,3063.973637141919,3068.2012157665363,13.767913111678444,3073.151339599501
3417,3247.8426437947764,3252.3624107292935,11.476322430640298,3288.602409427179
3407,3379.8508016243727,3384.023025745349,12.985926428591393,3387.9862618435295
3409,3467.7439669913924,3472.003688389677,14.758908142973056,3475.623688019345
5347,3784.0979458768866,3788.514524644322,12.666159132647934,3793.7017196550755
5354,3806.7494836102974,3811.0756386208523,11.462252569737448,3828.621295538186
5393,3827.9873339489473,3832.1343903225334,13.840553577360962,3835.7747015073755
5364,3898.5773594392713,3902.1992051314587,14.073016236098777,3906.910399120091
5356,3969.848031630202,3973.529704511985,13.705272089493397,3978.673815924412
5394,4187.712967912729,4192.487843081721,12.638656979144981,4196.386305563476
5427,4277.910813242679,4282.385210107724,12.773799462383316,4286.218625108514
5496,4324.479667353211,4329.064625758762,12.609996968396915,4333.917779031401
5745,4460.554569763792,4465.240022680094,10.89743764552697,4469.715340768359
5399,4593.897967974087,4598.332758198353,11.356618411475166,4603.773426344573
5392,4642.29110193493,4646.334541262313,13.199316674206125,4650.272553071849
5368,4864.048669241502,4868.329518011676,14.223568996525824,4873.497363880017
5396,4908.398745771373,4913.272115114863,12.12631705055785,4918.020841721536
5409,5268.188188530452,5273.111415925169,10.732910968230652,5277.644578659504
5380,5270.573756525235,5275.483640341647,10.30556744641265,5280.147616895871
5341,5335.989370744204,5340.140508801954,12.32204167754697,5345.081844613232
7372,5450.65378492026,5455.238249674293,11.771188894020083,5459.596960564995
7442,5525.109568627873,5529.19559879858,12.153586573664716,5541.977268693385
7422,5673.7256065243755,5678.113359539924,12.533408810768298,5683.045910501765
7474,5763.77224388937,5768.281085226569,11.836954258000393,5774.081051364834
7487,5765.739931700326,5770.135359218245,12.671512857991589,5808.803611839801
7390,5810.2190868948655,5814.602465486459,13.201097840052002,5818.829934669678
7381,5859.883418034601,5864.16885715738,12.063317827033535,5869.592611322637
7407,6528.2830495506205,6533.063626525202,12.878736829163929,6536.989868716256
7397,6574.005025548584,6578.4167007588885,11.837768666764418,6583.966881903656
7483,6578.04891655046,6582.023893372342,13.112840159316821,6620.474148792694
7360,6579.9991840000985,6584.18290891163,11.581118413181242,6623.970819593559
7403,6617.874119281142,6622.421211941833,12.99833147744459,6626.6199674808195
7475,6664.101897907619,6668.423225547624,14.113203125367413,6673.618343696875
7465,6780.776652613675,6784.480768141805,13.528333540516334,6801.003838523369
7396,6797.906703157258,6803.075299068227,9.737899330981536,6808.232058030621
7476,6867.339031747534,6871.215710495984,13.190126949449953,6888.394764711571
7430,7049.19636922395,7053.264464663579,12.032776193302675,7068.170808536958
7482,7113.683545670798,7118.0346071907525,13.73356177505679,7123.179129574599
7364,7121.4260494185155,7125.014150346142,14.887728987209945,7160.465005122432
