402,197.07475557393965,197.45400313896116,12.165847408072953,197.83325070398377
341,198.9039452839784,199.24320854670646,13.977147274199812,199.57330938312424
360,325.9842212134441,326.42204310630524,10.61740883227811,326.8565999816062
380,327.86776737658096,328.3120198740937,10.193035567190911,328.76466893781316
563,400.07803505369674,400.5160164197358,10.534393386779845,400.95399778577615
578,467.82842204733737,468.34052199624364,9.241313188471588,468.8397874049416
1305,631.8896114620793,632.2487690904971,12.663561728483836,632.6131111377721
608,670.9138749329376,671.3499654592903,11.001162526615927,671.769363681504
603,741.9583008458403,742.3754597504459,11.258308008890348,742.7852787039071
307,877.8205355963917,878.2807521962395,10.62171983339266,878.7151326994272
329,879.7700792719309,880.1718035771731,12.596849875876217,880.5380751491464
843,882.0205884980666,882.3758050167127,12.988889209095412,882.7310215353598
324,952.7678900179056,953.2659666136011,9.194020534313326,953.7678001682171
397,1015.8377518164791,1016.2875664700488,10.915095093103492,1016.7102717205842
559,1158.0829920084768,1158.3939465786173,14.837755894212979,1158.7049011487586
1318,1185.6351675384426,1186.0370927243016,10.695965725989495,1186.46845798146
828,1567.5931038137949,1568.0680502342416,10.962923865042727,1568.4889113168092
835,1705.5521018526322,1706.0261025797565,11.757657133717677,1706.418516472548
602,1710.749386551205,1711.1254884548318,12.18510624057909,1711.5041366106093
316,1843.7521925817775,1844.2138982313845,10.820557088984804,1844.640296610692
556,1846.0890425894202,1846.499873026248,11.23058953850311,1846.910703463077
353,1922.775978044075,1923.2582216758738,10.210892580561971,1923.7100791378484
2136,1981.7819915255586,1982.2396740458046,10.944564509294542,1982.6612411170233
857,1983.912674177962,1984.3174923966872,11.744713142021855,1984.710338773619
322,2063.1090388557304,2063.497904608334,11.864937899651006,2063.886770360938
577,2119.568640827774,2120.0352642651505,11.979869760153848,2120.4203993374276
2354,2188.7545881556644,2189.226129641047,10.666530212684338,2189.658685300099
2387,2397.9934449710827,2398.4209257734396,10.810439150249456,2398.84772323669
2575,2468.1949576039424,2468.548071156459,13.06624447870989,2468.9011847089773
2395,2470.024130156289,2470.373786589627,13.195432905055346,2470.723443022966
2596,2533.737667453238,2534.19483780997,11.05382660985944,2534.6122378804425
2581,2603.793136087047,2604.1101166699355,13.92349821068966,2604.4414894281413
2139,2675.9462855123365,2676.307418027453,12.979413872795451,2676.662893864125
2569,2809.632734949728,2810.112138683288,10.847403478084544,2810.537481763341
2563,2811.9112677673133,2812.2847960469812,12.808251912742813,2812.6450222540684
2553,2815.8019833685535,2816.208830345709,11.308521690386048,2816.6168295636676
2340,2817.67187825485,2818.0604021499885,12.658378596989914,2818.4248933816734
2571,3231.78249349404,3232.162318777332,12.152886274922873,3232.5419708123773
2367,3292.606488187935,3293.039920441098,11.285410774487346,3293.448755183417
2339,3430.581610057521,3431.077829037879,10.944045872233287,3431.499416087112
2586,3507.8629846915287,3508.2536372532895,12.111549374240127,3508.6345850464563
2579,3514.214416076666,3514.5883865538553,12.33751936947497,3514.9623570310455
3326,3531.8074316786724,3532.219914044563,10.861694942259627,3532.644697472055
2303,3637.685349816395,3638.179796886733,10.295483319673501,3638.62794175402
2316,3711.1912850411713,3711.5675136609193,12.263468975385965,3711.9437422806686
2833,3773.845381220661,3774.2322803482048,11.898440767302747,3774.6200511575216
4868,3915.68495109368,3916.102488114928,12.359156131534622,3916.475803894488
4137,3919.163758758863,3919.5534403176207,11.84009841432072,3919.9431218763793
4824,4120.618778545543,4121.106220236165,10.676267405487776,4121.538381386754
4590,4191.196108513068,4191.572529224971,12.257210775166929,4191.948949936876
4607,4193.067841414559,4193.4594165621575,11.782841771819141,4193.850991709758
4344,4194.963745201671,4195.338847539641,12.393643148613528,4195.711124516687
4817,4201.145057144012,4201.49513950243,13.179378780440436,4201.845221860849
4309,4330.0826395246695,4330.4450898022,12.72965780958256,4330.80754007973
4582,4331.9842933523,4332.387458448108,11.450026167084985,4332.790415431667
4816,4333.795605478717,4334.2021890598135,10.728564661972449,4334.632243605908
4398,4337.847742964663,4338.249117748432,11.262236844708974,4338.658793736387
4362,4339.680927925219,4340.078577238363,13.39220024347152,4340.423096280945
4554,4405.806375675804,4406.177355496425,12.461262765193691,4406.54761235505
4588,4407.972336608669,4408.353563974056,12.114204490879636,4408.734428273434
4320,4534.578143474145,4535.039027874173,11.946292089582949,4535.425245452929
4576,4538.791811678688,4539.218810930752,10.881904901333394,4539.642805447133
4572,4605.667710334177,4606.095511639587,11.84108598746769,4606.485160698029
4577,4607.788644742268,4608.2003363597005,11.378452599363245,4608.605828052499
4365,4741.930496608075,4742.380124814636,10.496895222627403,4742.819670785905
4555,4810.821679776927,4811.303803452169,10.287203953991556,4811.7523089962
4562,4812.77925171278,4813.218871802265,11.117274751628168,4813.633889700899
4343,4879.014256590909,4879.411086649668,11.626810782355282,4879.807916708427
5318,4926.811737699963,4927.125103835155,14.561824467324712,4927.4419506709555
4580,4947.933541350268,4948.294720671617,12.63779472400047,4948.659805570265
4579,5033.685600149919,5034.055686442537,12.103511072802988,5034.436887234456
4568,5086.845515407976,5087.289375831368,10.820555397497296,5087.715774277331
4148,5088.720258242145,5089.143765127195,12.088314518402035,5089.525445137169
4608,5155.839974761816,5156.303896779227,10.590536531661197,5156.739556293941
4840,5224.5497990782715,5225.001488437721,12.610766135882757,5225.367355820894
4316,5229.168730529853,5229.567319395263,11.575506508925745,5229.965908260674
4373,5235.685593553677,5236.0141666895215,13.455300892177517,5236.357070058456
4869,5366.770656974167,5367.145661967622,13.465261228999983,5367.488311688818
4340,5435.730626279593,5436.137304238889,12.650163183365072,5436.502032182637
4586,5502.624488990935,5503.060071696663,11.469556312604338,5503.462342532622
7332,5740.1242525937405,5740.523567104592,11.554471176387258,5740.922881615444
6564,5843.878109771043,5844.275770984726,11.510676890400472,5844.676604754092
6364,5845.795678429673,5846.1771763928045,12.77949602284727,5846.538213165905
6584,5851.08357818833,5851.493781266145,11.247765449514127,5851.903984343961
7331,6224.128255298616,6224.494168529704,12.609186041802912,6224.860081760793
6821,6259.611775367985,6260.078808818951,11.623366491218311,6260.475756468278
6313,6328.52323488996,6329.000623617869,11.921037826398411,6329.3876593838095
6567,6330.6445209918675,6331.063155264342,12.389364011442503,6331.435560821374
7325,6374.081637332306,6374.515007820077,10.646474866500649,6374.948378307849
6144,6397.655380383653,6398.100271158128,12.310130943193029,6398.4750736705655
6366,6408.118735815792,6408.487434878355,12.513913037579854,6408.856133940918
6348,6467.031623539532,6467.451019953358,11.001209962304697,6467.870416367185
6611,6473.651155592884,6474.016446079406,13.59340190952528,6474.355865750556
6860,6752.682255719391,6753.140136997267,10.232860775983523,6753.591024398841
6577,6754.6251862200315,6755.077727849062,8.895986276628724,6755.596373883631
6133,6811.600864840584,6812.0401312898375,12.643368139473518,6812.405055252745
6142,6813.625835652691,6814.037971860048,12.841189089458126,6814.397274100192
6847,6949.996251402128,6950.445169257968,10.291430955754182,6950.893490587217
6334,7088.048742588028,7088.500703253365,10.208560965124953,7088.952663918703
6302,7090.071432867998,7090.45808555113,11.932848799988339,7090.844738234265
6616,7158.802911719814,7159.237627595969,11.286259764042194,7159.646431584394
6362,7161.0064004820915,7161.378880385841,12.386891103346487,7161.7513602895915
6349,7162.721518025145,7163.0991459817515,10.735337283601845,7163.528929218557
6578,7225.573232221751,7226.056068739462,11.404880725090202,7226.460620800738
6345,7294.901057823711,7295.357389703234,10.468130699632473,7295.798143467046
6575,7296.7766299137875,7297.201568953052,12.013362744728044,7297.585630277428
6849,7373.149773118464,7373.5384241953,11.87149163070534,7373.927075272138
6132,7432.948088177093,7433.380473005358,10.934664743227014,7433.802421744921
6555,7502.035705963154,7502.4643665225885,10.763453516725349,7502.893027082025
