1100,167.2047661293396,178.3363819469087,10.799765221307137,210.07234828427175
1098,229.79178453981356,238.47361835680047,14.114363774677672,246.51220197735003
1083,348.79524082492725,357.1251528028655,14.227979233446014,365.023745810977
822,903.3605005509518,912.5816617414137,13.184120710322428,921.5030246533178
1921,924.8571443629187,934.4710587428186,12.018792752695893,944.8897134747829
1112,1063.7821550922433,1073.2374729848816,11.705460838749964,1107.492287478252
1922,1107.9913599985719,1117.2514300553769,12.685660947526662,1125.948170169819
1099,1110.0252472236498,1119.0386664615487,12.500649782500496,1127.8193116582063
1093,1524.43466106409,1534.5341943938845,11.449313367379267,1544.5375190896486
3103,2709.917265154559,2718.3588270682317,13.865729883943576,2726.7838697545294
2848,3333.271877905234,3342.230276974606,12.4351304804958,3351.2096588410277
3087,3337.1042914024615,3348.240256945539,10.641512034655035,3370.0
3090,3390.430835025724,3397.6589264095146,15.645943491268092,3404.7898284868315
2839,3665.55904902734,3675.4732006663194,11.871051880520332,3685.178203771071
5088,4310.583122222319,4320.3106243449165,12.232169907155834,4330.836397445756
5092,4557.553407706437,4567.13827540094,11.705929431803389,4576.75097437375
5083,4627.072657639376,4636.579780652626,12.70793840796214,4645.689305209834
5929,4766.735616726906,4776.0672934940985,11.433547458073818,4784.76030524558
5096,4917.16697411092,4926.520632024881,12.786367135559763,4935.95466339666
5925,5040.699706537086,5051.091134178332,11.087128090888301,5061.224103852589
7926,5748.68917110025,5757.342161772715,12.661631768377699,5766.089578986007
7108,6101.153753779553,6110.138798065886,12.599803138724816,6120.203204839712
7086,6283.198183098771,6292.174303834481,14.25593319200551,6300.355186451119
7088,6638.7096459337845,6649.355555645513,10.847946795010879,6659.914656919311
7112,6696.671780120629,6706.262409603817,11.75994014858479,6715.722408689583
7087,6767.17260820853,6777.140341858609,11.664960019171104,6787.056093835574
7089,6934.479546974273,6944.434426917619,11.537706125450196,6955.259955670289
7946,7260.05647413866,7268.155491885655,13.778791957010585,7276.216932251331
