176,285.7842796122608,292.0138508851768,10.254866466103344,303.2562583181071
244,377.02168617572335,382.3640928219712,12.041856058747614,388.7444970401622
157,641.5377187230993,646.0339440954436,15.26690944245791,651.1477172051985
5,828.1248993567616,833.2494888958822,12.373787281883951,840.8055833267251
22,854.5337604650849,859.1347862025218,13.764173683672212,865.7309884669298
100,1098.105211275295,1104.2678179199784,11.023165940546939,1111.211130278405
160,1184.8390977253623,1191.1221342823553,10.115736850598024,1199.7617470098864
170,1457.226650113557,1464.2434248277498,9.594665078588509,1491.3835525916138
1279,1723.6312332345085,1729.413925385654,12.09037818585335,1736.979748960783
18,1725.4848349329652,1731.1910511825981,11.446309202034028,1755.3583184061613
262,1822.6396543088422,1828.457446831598,11.136792960512754,1835.0288278401217
2100,2082.2184874509385,2087.4350295989875,12.75356449584625,2093.2398619748606
2020,2172.4388356787117,2177.4450527689537,13.593992639710548,2184.5191756408803
2096,2268.1098565399275,2274.493377471948,10.640497345927347,2290.06292829045
2011,2354.3363860994577,2359.261075766114,13.261218161992835,2364.8938322423214
2171,2717.9946162327683,2724.165944609767,11.458459270016062,2747.956999301321
3294,2982.683470364088,2988.110394949383,12.800386424882191,2995.5912373575993
2095,2984.620505494738,2990.0171220861534,12.040050501698023,3010.442308235393
2188,3096.3300191880717,3103.126430415896,10.276525322172043,3111.8957870931067
2105,3255.7416326504995,3261.544819661518,11.677541908266964,3273.330490813295
2189,3257.5726882572594,3263.351435433115,10.24829741608289,3276.2175686191235
2017,3341.8620709979027,3346.529061181585,14.734925066439313,3351.839831862364
3284,3435.8231160904693,3442.014992163973,11.54685396736904,3471.135810241873
2097,3799.9023166496254,3806.1370438895124,9.947484822635595,3813.3913289048774
4167,3978.8220835170646,3985.175350930005,9.191219209688878,4003.878981499506
4003,3980.7183300974766,3987.1367646480257,10.354558986300486,4006.1902236874266
4099,4153.20009032582,4158.375666284358,12.762488675190328,4166.114416105735
4020,4603.736307879484,4609.317345036593,12.364200644158112,4616.751106550195
4112,4694.328665978748,4700.5272099622525,10.75299378118731,4708.920273949402
5278,4696.221003597692,4702.42189709674,10.876656735316478,4727.555435433282
4183,4782.683142474083,4788.0054725771315,12.870798286031683,4794.1898634632125
4014,5535.022454098194,5539.382674046143,15.15793801220699,5546.280085004631
6093,5954.10882996172,5960.110295562645,11.059086840043783,5967.892522287122
6263,6319.133677964189,6325.368451590738,10.023626247428123,6375.634702661224
6106,6405.718216695782,6411.067903113764,12.059271969533688,6448.376930655184
6168,6409.932164027912,6415.4890225963745,12.110314246865306,6454.258428397032
6249,6683.30316907696,6688.584987721722,12.42681507717142,6705.36650627001
