1218,264.66893707317644,266.4789059911664,14.293808915818227,269.1704602616556
45,300.97565321351226,303.3456063421024,11.300541872636277,306.1806922521492
1369,447.79368985143293,450.1581029213957,11.390160813602089,453.0256251450515
1219,897.6840123568364,899.4913633421314,15.004245128648677,902.0685019786675
1213,1081.9032344663801,1084.2863951662318,11.458411429017042,1087.0566037601398
1371,1330.1192882873759,1332.090093040001,13.196765357811934,1334.959781324055
201,1650.1142462552234,1652.2591753620961,12.626883248200821,1655.0846578346134
1517,1784.175247722323,1786.301564459287,11.611844157312714,1789.719111401581
1376,1963.3525892411146,1965.526734986854,12.229817211812474,1969.3508569753062
2043,2515.7357225129767,2517.5638272548626,12.52427235937311,2520.7545600685853
3233,2882.0497007119584,2884.4327106345163,10.812884316387157,2887.2734715485094
3546,3581.8562981902705,3584.006345170299,11.916633993849636,3586.9214445778293
3231,3692.6168219894066,3695.079466634561,10.279581871512542,3698.016126456477
5381,4030.02905583475,4032.002628059831,12.824240780933572,4034.9935489363643
4205,4363.529642770833,4365.283913974953,14.117940844359175,4368.050923070987
5375,4407.387599099151,4409.525708636035,12.37015042336889,4413.192989873661
4032,4712.54611494904,4714.288022113722,14.506516057181386,4716.961208568422
5213,5131.813292908795,5134.174238671508,14.055282630645,5136.927531131994
5387,5215.671571889043,5217.457998869551,14.99320264354399,5220.579072267399
5526,5470.327950525324,5472.400122189201,13.21393894087928,5475.144988451784
7219,5942.73364478448,5945.311584839862,10.050411667783642,5948.804310003053
7381,6193.794224781256,6196.071784386134,11.770195101612195,6199.062037039728
7541,6370.277058824494,6372.319490201578,12.861442616837705,6375.068107399745
6023,7138.467361382939,7140.488559451878,13.457524982887419,7143.561308433345
