671,138.71834032889538,141.46646894605388,13.413723745709355,145.05914794845367
684,187.09302988669333,190.3073385476408,11.466001262244196,194.19286112365535
879,189.32937670689958,192.2543859100419,11.955666324149183,196.59066332577683
894,191.43269261367865,194.47258760369536,10.69042962720048,199.3131822846715
822,193.51910290869264,196.41983954248758,11.077399211008267,201.825102692667
856,220.05188800007846,222.5779850226032,12.361021196844963,226.6842973927045
855,284.1521061814726,286.3818857220908,13.122701526774152,290.13574136591
861,365.7736315212522,368.5055714769076,11.472000896495892,372.25419545976655
835,567.0531460152638,569.5380962493383,11.508721621269054,573.6329061936558
683,742.2624346198894,744.2628394370464,15.517738904129555,747.933146117564
778,768.8497041174969,772.0895450983775,8.90029434163634,776.8853086551931
891,908.581709042976,911.0447878393621,12.937057354982963,914.8769488067148
767,925.6558302168422,928.3279211452045,11.546363861908285,932.2188692909994
836,927.6900931855608,930.2304060502377,11.782194325262353,934.2447921725046
885,1284.2275642664783,1286.4324693621707,13.332338302310934,1290.1521226036195
474,1353.3290963725883,1356.4106740904472,12.474587618126023,1360.229690425224
688,1374.462410527183,1377.057544136929,12.629195228965038,1400.3760164962043
775,1580.6091909788713,1583.0853395248726,14.667150905912388,1586.7742642763167
777,1758.5346495446986,1761.2749563932832,12.136186682907942,1765.2017464615262
883,1848.8985421688385,1852.4193631347682,9.30433805187538,1857.0232050753068
2819,1922.8508159187859,1925.4890635581546,11.244168242774998,1929.5935213328216
2915,1991.3544070181465,1993.4238915943863,15.311289451872366,1997.0394681952737
2841,2017.8745831156189,2020.009491144742,13.66898053415054,2023.916762474178
2677,2031.7003786571977,2034.4839009749803,13.338185604744671,2038.2536124304781
2775,2075.7092032032206,2078.116670290182,13.816718694269467,2082.7567355799633
2910,2078.1394938311614,2080.510404994168,13.148872423561903,2085.885244032097
2896,2165.741172284885,2168.3046134416077,13.243462655892888,2172.095717693837
2835,2253.8351836346037,2256.50280966215,13.127596883612018,2260.1946816896652
2661,2389.098632074097,2392.0437165323383,12.216348592042628,2395.9909055025164
2889,2457.643779708415,2460.0377954376986,12.989060138274079,2464.0227562512605
2879,2616.991897481007,2620.0538774137976,11.221892143298186,2624.132622814065
2686,2633.92016929735,2636.543146808692,11.394973320742832,2640.72157461051
2673,2887.8296718837055,2890.47754212869,12.05663954226812,2894.6286957569173
2687,2889.7114114109418,2892.2489722176942,12.11943721959019,2897.645479733531
2779,3001.450712524272,3003.539878892456,15.092339929073825,3007.1458629165086
2884,3063.7750767743173,3066.40667354546,13.95865892679101,3070.065129357625
2913,3243.690325418273,3246.4758045690796,11.919543300291565,3250.6480131703956
2878,3245.6601509277098,3248.301097270353,11.832807401331646,3253.068332160924
2860,3251.8856347712176,3254.3448010244,13.240693637321295,3258.7106561529795
2679,3468.672629566589,3471.3898362415507,12.424866140891702,3475.204188726458
2667,3470.68851761,3473.2286666453633,12.754772658362175,3477.9928352335182
2653,3516.4864526707024,3519.3946742692974,12.458552071980503,3523.2234933641503
2660,3518.6874844164167,3521.4675068654337,11.27278102288297,3526.0096014220867
2883,3608.213649311129,3611.029229977654,14.595032637940328,3619.2335978034953
4910,3620.0926785956044,3622.2908407147593,14.073773816557885,3650.2012274927274
4681,3738.6073201610966,3741.4730416677794,12.615202343361593,3745.83057142516
4887,3875.6404175861167,3878.1864704072636,12.716702633415725,3882.1764119554014
4844,3879.74475627092,3882.289834838156,11.973728955744958,3886.2188984387135
4885,3966.453048054627,3969.4967866898633,11.402761054717772,3973.7922797050464
4873,3971.1766429896693,3973.5698108462243,14.651640984436868,3977.800982190515
4842,4058.0223659150533,4060.420166205705,13.962592789501315,4064.200045126302
4682,4100.676427282166,4103.396336930885,11.767248976946544,4108.1094234789225
4893,4278.7426587612745,4281.600934946007,13.111780205738256,4285.693202732345
4834,4324.230263321552,4327.27917811628,12.985897018321472,4331.087410515079
4677,4326.298926809236,4329.085630296942,12.59353298379236,4333.713224346158
4889,4353.206091501018,4356.088759365761,9.981092370030003,4360.85508333151
4662,4417.200627841191,4420.041001111132,14.131957728272374,4423.893277784824
4897,4423.085848117952,4425.58459052335,12.338353464981632,4430.161926835359
4912,4459.388060722906,4462.300384008452,11.751221884086453,4466.120775904585
4884,4596.423605924416,4599.450124892134,12.865384591372095,4603.10217086576
4661,4728.829846527842,4731.516211728499,14.272538882671316,4735.248847328941
4875,4774.128963336013,4777.141413658728,12.17393861354232,4781.054549532927
4691,4820.735406222403,4823.436905378579,11.368060267704575,4828.181572057412
4835,4981.887375820215,4984.0514428253855,13.551233274708483,4987.966979541747
4473,5045.085443408992,5047.618059185631,13.363503652452247,5051.234313913747
4686,5068.902731387056,5071.447253696832,11.84149729903445,5075.699142598088
4657,5137.607490666295,5140.301811464651,11.248236183913747,5144.210953323435
6691,5583.5133622725925,5586.315402355631,12.670438887412114,5590.120483626255
6905,5718.742237045622,5721.541869423873,11.676427850930768,5725.966507749162
6786,5898.804610875071,5901.52036231868,12.261840060431435,5905.663226370157
6690,5988.6612895743465,5991.503086363583,13.360386439222793,5995.158162342966
6919,6123.758011730683,6126.357281691431,13.89095262431094,6130.14655798553
6689,6170.870859698892,6173.55943042226,12.681479552016556,6177.20913704772
6770,6213.217357176552,6216.207491325779,13.982281885472487,6219.954516555746
6850,6215.952003190912,6218.2635784755485,14.639120525660323,6222.2120700532505
6678,6353.090376659482,6355.50000938967,12.618251706690751,6359.265530424283
6880,6495.383718802877,6498.375996191751,12.850965902907436,6502.044206640307
6688,6530.793138746013,6533.460879657904,12.562214065439363,6537.777834239133
6669,6619.128239813701,6622.109007650623,10.538242788558104,6626.208139320338
6680,6621.439280602865,6624.032502144112,10.539475389561163,6628.880241772554
6675,6888.647442681855,6891.495432930185,12.560247607770975,6895.692779819045
6910,6946.594709295326,6950.000829407625,9.032351801637242,6954.83171833644
6664,6978.5261612354,6981.307874810232,11.493473568763248,6985.216537044756
6784,7023.545809062829,7026.455267067804,11.083756673676657,7030.7314846154
6481,7113.311388349065,7116.5454129737545,11.209353936240122,7120.72342350017
6825,7203.6562992051395,7206.486218589929,11.567740934697799,7210.218691713139
6693,7248.701901988939,7251.349387524436,12.709536448935854,7255.22277391233
