1773,58.61769455364196,63.52636807776078,13.178473189232456,71.104354317276
1765,66.9533188844489,72.50957978790922,11.502537530802252,80.92500934829741
1871,68.54188133808844,74.35651248073444,9.93473109715781,83.11024865551333
1828,79.527421652805,85.47377181435016,9.918603195875225,94.17335410086459
1793,94.72844579351798,99.18669129027877,13.73829617072773,106.40722924584578
1756,113.68102373919803,118.2554091547402,12.857558740187113,125.5910027525216
1842,191.51201743551732,196.22931043193446,13.316544119803103,203.66893031926384
1836,195.55759858769738,200.55793034116937,12.681908297489661,208.13510618566588
1776,271.91084895970056,277.35386310382,11.084772171122149,285.77632523962393
1500,309.3335780719973,314.4581802769824,11.775861226814124,322.16722094964655
1499,319.5746658006474,325.4728201301086,10.728170602004104,334.58779507066515
1853,350.03674352407836,355.27251959190943,11.909088917973275,363.13921801476505
1781,352.17658714641345,357.17915064180266,11.513131419878311,365.4705579497361
1814,436.4563764216423,441.10994275361026,13.400529396289588,448.10652620791564
1916,451.5020631738568,456.1012936142078,13.98831941684365,463.02026716529883
1898,460.5132823205683,466.4557420467524,10.128204410816998,474.99908769796235
1811,488.52193022841226,493.50941279464854,12.84783564984652,501.1021030098299
1790,566.6295514816285,572.0553306589126,11.995749888918159,580.1137096460501
1815,569.4548694526279,575.1487907591576,11.228308956025185,583.6515887834989
1914,648.7452270559621,654.0223025343304,13.830318891928764,661.7777572046257
1830,651.4203716069077,656.4019070416034,12.863132142318511,664.7222842460528
1822,691.1266375187295,696.204692109949,12.17425787650014,703.8279960307455
1789,749.5132753582316,755.4068505061819,10.568535414120287,763.9776642592645
1883,977.4510864831933,982.0642236499896,13.804723507843338,989.3067061318314
1827,992.2427492892978,997.1500333823128,12.376666094343525,1004.7182869209196
1508,1042.9791205462952,1047.2351587042688,13.796357396807563,1054.0155896208178
1774,1064.8328287776876,1070.2514311670354,11.268638876560281,1078.4498488503216
1878,1092.2024537775817,1098.2137923667538,10.743396088797795,1107.013223623001
1882,1140.5757259003842,1145.4445686905178,12.859496419762321,1153.1015280832764
1810,1163.9486335181327,1170.3742254541432,8.73914994732736,1180.4129846941116
1849,1192.1413165962822,1197.027967813098,13.04291359593851,1204.4324471362982
1869,1195.4959471338414,1200.334638148812,14.060195164797348,1207.623438220753
1796,1377.5602014513402,1382.1206812804664,13.206924274487514,1390.1284615838092
1839,1407.3476915638905,1412.0089098073825,13.843134637711788,1419.1314458575455
1823,1455.5132025504877,1461.4062737191286,10.553702481645063,1469.9616793000393
1880,1510.478450515656,1515.0867227284796,13.33653234765546,1524.025585942332
1873,1513.9608085810564,1520.1162674470936,10.99571572355208,1528.5805773896946
1861,1549.390649275764,1554.4286037342779,12.794793481878015,1562.1315265862413
1794,1640.0781461196798,1645.1043787377,12.841364071428949,1652.8859746190349
1846,1681.4655741644829,1686.3581970831865,12.952220238022827,1693.9507946126519
1799,1799.486054064425,1804.4107674517347,13.296962905648904,1811.7902265274374
3826,1870.5113456071397,1875.1904474520686,13.503194320954709,1882.4760366730648
3891,1926.369153629165,1931.0148089866257,14.385850976425036,1937.8927336106012
3801,1947.2886286591774,1952.4530204834589,12.243041559911195,1960.0922807108116
3804,1964.1924064242835,1970.3275331035904,9.499324313043113,1979.5180058447986
3876,2073.5814647507896,2078.1667273007433,13.779741263891047,2085.6051283429792
3506,2108.5031206968315,2113.481108599477,11.877149728347533,2121.071412150671
3840,2153.3308756652964,2157.3442320441845,15.075063572493383,2163.957769050033
3868,2260.9428025678244,2265.1735012363447,14.60204824751007,2272.028359310336
3904,2381.6201022746454,2386.287599009213,13.985768704897804,2393.29363730971
3836,2445.0553757993757,2451.141968020145,10.022572203855566,2460.1545984393188
3863,2495.628249178872,2500.586279307119,13.116420704854741,2508.0379246957414
3870,2501.967393548137,2506.4596098011616,13.415647211470993,2513.560612213924
3359,2569.6052765171107,2575.090379860844,11.466577733905979,2583.0415283840853
3847,2582.564588404364,2587.1133847425253,13.237186618003255,2594.126701396152
3888,2594.100401438476,2600.044274705778,10.809373473013062,2608.922503310259
3848,2596.661472958959,2602.2157524506742,11.298373217754461,2613.2814792674694
3853,2607.771570042414,2613.1657798842148,11.966116554228355,2620.9028662100945
3816,2696.0012558597473,2701.101159946296,13.03138247130468,2708.0552381347484
3856,2754.6315759699705,2760.2499943873945,10.907723058436524,2768.6883895033784
3811,2762.989417469109,2768.3541202737874,11.759362490555779,2776.0994106102135
3774,2769.598849470325,2775.409403883887,10.060180238729929,2784.1190872040133
3860,2773.240718204405,2778.048527793479,11.82781767902539,2786.406730198205
3918,2782.1544155818374,2787.433694053393,13.195152191873172,2796.3998558022
3859,2810.46620415738,2815.3129487159486,13.162680330672218,2822.748998237333
3896,2938.6647431117,2944.0257285324083,11.809312787117605,2951.9314900375284
3864,2950.073446830826,2955.007465848945,12.613063296670957,2962.632683766343
3855,3088.459315938264,3093.031422715459,14.067369401756034,3100.0378225283384
3852,3111.112093918387,3117.3886389936984,9.438327802913978,3126.671017425243
3882,3152.5286263849816,3157.5450070044376,12.931717086567712,3165.115817457501
3807,3212.5674797526676,3217.5106323276023,12.362658993139274,3224.800379297484
3871,3217.851439976711,3223.127105359564,11.144785709147579,3232.085771367035
3758,3262.146557356717,3266.128006302198,15.138752233110845,3272.6749323189356
3877,3324.5471834419996,3328.603226930873,15.017848764119456,3335.1379647748136
3766,3351.140257666469,3356.3958580529525,12.261394509696203,3364.1439896699276
3814,3379.434635308232,3385.221029638234,10.518629941770598,3393.777087679572
3812,3408.5383398953345,3414.296494129633,10.746774546123014,3422.951100465921
3837,3410.997858591666,3416.291318183221,10.816865355762062,3425.6510813748496
3850,3577.1584232642485,3581.426438478582,14.162760671496894,3588.1168430960633
3873,3593.5442036882614,3599.046502660028,10.002689926932764,3608.495679413856
5897,3616.702093051407,3621.3838232609746,15.389957675342824,3628.04026360139
3342,3639.6667049323173,3644.429778689735,13.446161660101435,3651.8163267287
3501,3649.5760534939623,3655.537151197179,10.829827714934464,3664.098450634921
5824,3680.156213763669,3685.0063877291673,12.29115077470338,3692.626760611384
5882,3793.72987811891,3798.57440002977,12.983183981054376,3806.0815476753355
5863,3859.716731229774,3864.288191991763,13.481851003503671,3871.606556618214
5790,3901.9719710066106,3907.102632338438,12.128478517169402,3918.6700917464404
5795,3913.7893707736093,3918.5641890957836,12.954326821418624,3926.942281967934
5815,3922.7150675967678,3929.2835196507726,9.660231564979776,3938.7301375916213
5886,3924.8078315726793,3931.319735242386,9.194994752535496,3941.1619152088865
5883,3971.9017351035673,3977.427697091243,13.577174647871061,3986.547670882896
5834,3985.423429506067,3990.4278562898244,12.195693322726717,3998.0321635109362
5895,3988.621316287118,3993.452285661249,13.716496008434632,4001.0158018151124
5866,4066.5554738535557,4071.411200695853,13.162236725420142,4078.7765187560435
5852,4105.928229248242,4111.217007837124,13.32678635472326,4118.4059132740285
5853,4227.0226639677,4233.000486464318,10.490593300132124,4241.907239480677
5820,4280.123515653848,4284.602072767192,13.76708614547537,4291.611158760017
5811,4327.706273518314,4332.223356507787,14.878416980387026,4339.021419870051
5907,4463.541119222287,4469.000726103492,11.582489570681933,4477.002027947966
5868,4473.313237396789,4478.139771593295,12.394633482506483,4485.628692835064
5888,4481.334089561129,4486.270649158685,12.199647022357494,4493.963266154585
5881,4494.458984768591,4499.186523815004,13.562668962302798,4506.463823753017
5831,4506.851139254268,4512.395669813082,13.450357322945298,4520.354824665598
5917,4547.79515219489,4551.66252882278,15.711731476013462,4558.013019658672
5819,4599.8730081311605,4604.406366439799,13.692259488651178,4611.772223994084
5906,4620.708308785632,4626.417335637536,10.595842866829932,4634.992090070882
5875,4710.550183281465,4716.353452756033,11.098114645304143,4724.799769508902
5499,4717.832983252329,4722.440540172012,14.699020600928808,4730.564948797195
5506,4719.5880267401935,4724.163073611691,12.86076700554288,4737.875661798204
5842,4747.202972280871,4751.466584904318,14.36973496802507,4758.25092703427
5911,4770.576287979163,4775.157802364616,14.497368350228214,4782.063699505696
5799,4993.51048595826,4998.079618690865,13.51334173384299,5005.310588938454
5862,5024.450332153144,5030.1876504845095,10.223315067301893,5038.751976382862
5913,5071.4598167353,5076.030403399314,13.430689250117915,5083.110573077793
5809,5077.394222539264,5082.327909367737,12.603122553645008,5089.86378003639
5901,5138.265960615553,5143.392969730796,11.826266539323061,5151.091238872529
5779,5140.05683007595,5145.168456629035,11.873023372777906,5153.357040658123
5770,5181.787640726874,5187.279260221066,11.201266339458932,5195.382578324676
5788,5216.242204489026,5221.4076816570905,12.085125370669093,5229.0035531576805
5857,5288.140775740667,5292.632064456467,13.9309985278903,5299.597675803551
5833,5310.957575108496,5316.489245489637,11.034771470037613,5325.000401929085
5878,5325.332495937589,5330.200597669949,12.135879136826391,5337.809969952194
5851,5346.3327057115175,5351.3640439784795,11.538126066748312,5359.131835852021
5838,5373.401867576049,5378.304832023943,12.626120905984582,5405.934895704965
5910,5391.841827034435,5397.0459303422895,12.06912536882504,5408.740980507421
5891,5406.46794014254,5411.154673072395,13.210089871237814,5418.418306353809
5921,5412.021169953773,5417.384960314562,12.376773886488742,5426.139199975286
5791,5414.647081915503,5420.037075685681,11.228623389063856,5428.688738142838
7772,5452.54391334021,5457.241890965819,14.779213195070298,5464.150465184998
7814,5467.56655456874,5472.3952733602055,14.248356964612443,5479.488099559059
7773,5487.541002667507,5492.175784745107,14.093453356089755,5499.054184800787
7878,5496.228363712767,5501.466423394639,11.400040457782994,5509.439353921849
7859,5498.499735168633,5503.367191217649,12.38926630377217,5511.949358519037
7776,5577.272240654607,5582.3769362924595,12.448353634921386,5590.018662944184
7911,5637.435023308221,5642.406052362114,11.979694356243973,5650.0295895093905
7851,5648.551539996129,5653.070328452783,14.795631975852675,5659.87863406355
7838,5665.695304231759,5670.113189411006,14.121718904630962,5692.988766708161
7855,5731.4134208629785,5735.610693280453,15.09707621581016,5742.546337778279
7902,5794.665694088357,5799.519883083763,12.868767636523742,5806.912737781656
7513,5798.35902662401,5803.168280584582,12.890012175974979,5810.770566570007
7871,5831.7919829255015,5837.172604164587,11.734448674548048,5845.2129065884665
7842,5895.888114428901,5901.1758200182085,12.385710251360074,5908.908291013982
7809,5906.507706782717,5911.416296431852,12.71936092909842,5919.10197721809
7812,5915.76150892442,5920.355075324894,13.45800423766428,5927.505431452309
7817,5930.560717214927,5936.1940999144035,11.636961163412746,5944.468633659592
7879,6043.665273772901,6048.324058419132,13.83834298189562,6055.344696923389
7767,6090.2748972974705,6094.609479179497,13.632469479061664,6101.509498849481
7823,6100.942750144063,6106.076483108779,11.749615878911623,6114.118346436676
7813,6134.508501278251,6139.108000607492,14.04058128527676,6145.9586202773025
7870,6225.4538632605545,6230.0539187087,13.017611610184534,6237.125266667882
7831,6237.424249812227,6242.143225719614,12.62235355279039,6249.550639460227
7835,6404.510577487413,6409.041581795591,13.938146803874492,6417.74459224825
7843,6411.524763097786,6417.298762454889,10.344103988018384,6425.875423933663
7818,6479.115449681934,6484.254459041642,11.45489621974953,6492.072408351154
7508,6525.776688968348,6531.362351511207,10.184497971346428,6540.524408252729
7886,6613.702207525057,6618.519327727391,13.482530351339022,6625.812718137141
7808,6638.153360547765,6642.253265801871,14.58998847080221,6648.918060859946
7890,6644.513614347437,6649.009154891785,14.949855276887233,6655.94784038636
7762,6727.968393433553,6732.269979640697,14.50192740917751,6739.3925177964775
7811,6745.094836990745,6749.21108964566,14.444664267217037,6756.045937171455
7862,6775.767306448345,6780.506836231778,14.974995123177193,6787.10356792701
7921,6854.564607558376,6859.479332407706,13.258254357503473,6866.941538483109
7826,6911.362486123577,6916.108731589214,12.442482750827214,6923.759816741569
7866,6969.436214250867,6974.074870837055,13.511356252310506,6981.498187409899
7864,6977.33614838953,6982.082715594841,13.048945370449553,6989.473329726316
7805,6990.436004584976,6995.552489542397,12.188475281976055,7003.144260404506
7821,7044.419083482886,7049.40319983521,12.240226226316832,7056.9686074474885
7848,7048.6013903425965,7054.214141820218,10.93911718653586,7062.7824349246075
7509,7061.243163525021,7066.141524501651,12.936746763941779,7073.928523808072
7888,7064.157853762744,7068.550158776177,14.099795863899859,7080.007158066673
7916,7102.541969367009,7107.23081065706,15.333245357141827,7113.916881386682
7830,7114.472725847591,7119.126655266753,13.696884551115527,7126.462237137149
7861,7126.640345583769,7132.039012193625,10.983267548652162,7140.103228571237
7874,7186.185374295587,7191.096859996205,12.534567324644655,7198.749993670615
7839,7209.437494357534,7213.193891977118,16.406780843937018,7219.517124723376
