729,116.04319804808141,118.22564739613615,11.086851516556688,121.87641074425734
730,127.41091911493055,129.46068943652438,11.659917398318415,138.60829689892125
703,629.053499626699,631.3001326585959,12.167927829078389,634.9222463796071
695,779.2036324389156,781.2167844779657,12.319522585687311,783.2956735716089
715,832.320698602147,834.3825583334899,12.310385996075446,837.6980322854535
724,879.9432801262371,882.041802713682,13.082860966712529,884.04082841735
814,1431.612451245087,1433.4575343454699,14.364918056156297,1436.586334181998
717,1509.2788403915083,1511.1934122804926,13.284001642693228,1513.0828510048707
727,1554.7008977157464,1557.0703096134241,10.882890087790539,1560.6372589180662
2451,1924.5808575977221,1926.5739053887958,12.709063738994718,1929.6634306320504
2724,2014.3724256754256,2016.3087254639381,13.041882209771122,2019.6290640622863
2711,2138.3859033189824,2140.5407138983232,11.618194032020314,2142.6520033562956
2697,2377.1785394834037,2379.1014065346812,10.373016043045977,2388.2108506442
2693,2411.0651168670684,2413.2204518729654,12.65523633380123,2415.3400522836873
2718,2471.648976913196,2473.5281807739775,13.72911598319008,2475.816206553641
2701,2590.898962272793,2593.2156872250735,11.186773315843103,2595.5264497268736
2729,2751.2371246667426,2753.532897425324,11.552614972350511,2755.7882404534607
2694,2857.0368504089674,2859.0146426171827,13.408875429775623,2861.0145651321886
2707,3220.2477599701792,3222.2259844854343,13.060596714965486,3224.2316656981857
2698,3274.641537089708,3276.5630652331038,13.71349919001601,3279.956531825327
2716,3505.7216581710672,3508.2737694735542,9.577094635390583,3511.868404213676
2725,3579.219115856777,3581.288053319585,12.636726027244942,3583.4451161406387
2717,3672.952610195646,3675.3142859452023,11.077191782139687,3677.693296876541
4814,3770.176992034317,3772.31950147876,12.130226056710123,3775.939617547703
4728,3848.9492478112893,3851.122406269886,11.376659217845063,3853.3878542276334
4808,4127.379386699011,4129.329034452634,13.126477631443917,4131.325061905581
4701,4208.561215666367,4210.376888071458,13.738942207111695,4212.242230253716
4718,4230.123314494543,4232.086377302705,12.515823223284768,4235.817362296828
4449,4637.170935614622,4639.540581656418,10.936299283331124,4641.926933721728
4695,4660.311767836308,4662.4090192838,12.424335234661008,4664.439286451798
4724,4756.457403606641,4758.209443902379,14.312669366079234,4760.049343567537
4722,4899.163806824835,4901.34124890875,11.096257336066133,4908.572255702492
4698,4941.9582148507025,4944.156728826897,12.269075326183401,4947.792488922071
4702,5000.276344977122,5002.188950087572,11.37946385476217,5006.24110736405
4725,5019.15610744742,5021.359671436929,12.101113265417979,5023.607779514084
4692,5380.179176382431,5382.247121559426,13.013356940417232,5384.2630796286885
6719,5884.294223473631,5886.2769020323885,10.703854216764652,5898.282574741727
6448,6070.402264211502,6072.388955261297,12.80172115175765,6075.244383160806
6699,6369.044133522535,6371.053074909042,13.235850923242651,6372.979673388494
6716,6387.015147944336,6389.308714405551,10.775657531336748,6438.507798057222
6720,6637.388107615601,6639.394485762858,12.611067501159813,6641.412366459397
6709,6738.179914658591,6740.007262684047,14.608663788483135,6741.841384461265
6731,7233.167278123345,7235.065212876383,13.080686048160429,7237.92034302496
