1639,242.23225188718195,246.53133283617635,12.126716615240262,250.39348194004256
1666,245.40381311624503,250.08319345294544,9.924386221655752,254.30720311458947
1543,334.1543360754488,338.4961287991099,10.761169160740135,342.5712109482223
1538,335.93686218059963,340.37110405116726,10.094203768910438,344.3575118882671
1656,425.7181540811288,429.3678170939338,14.391001937556439,432.6546456535236
1643,602.9094834029324,607.353868368016,11.093373893465033,611.4896156006247
1532,689.7730359836142,693.4491073888789,13.18120173058045,696.7404551315304
1512,695.2545712447986,699.5495368812193,12.029339077861597,703.4291397061895
1638,1051.9379252796803,1056.2934048839443,11.313420775029035,1060.1867727116141
1376,1235.3840160238776,1239.3356415334968,12.712461877590217,1242.9560472119651
1374,1333.919443928808,1338.1430666213357,12.040890932037719,1341.9327573885948
1398,1872.0833376282972,1875.344002454141,14.553059350199932,1878.3474955847385
3399,2051.1334053275928,2054.4398947365194,15.411864790657729,2057.3385345474503
3520,2222.3968615073863,2226.1695962721724,13.820496409558194,2229.6689898997297
3374,2402.0378109186604,2406.410712198797,12.011311674707049,2410.2529766328776
3400,2419.0611465713014,2423.3792555483024,11.195478427500134,2428.9739993817743
3390,2583.23267622487,2586.386612718151,14.994715536525897,2589.361326759624
3519,2671.6456897009225,2675.246209046598,14.258131004890874,2678.441388008684
3642,2674.396400395425,2678.196310223401,13.22193438474305,2681.56682715305
3534,2761.946410691366,2766.2875439496593,11.398261845068712,2770.127811980526
3654,2763.92349912647,2768.129986362078,12.248949280462975,2771.872832369877
3371,2948.462131247325,2952.1854365171253,13.704443659287854,2955.498566228535
3414,2958.4840950369444,2962.464763282201,11.671027393606416,2967.444037160505
3368,3392.723649831922,3396.4565428624405,13.878911583170703,3399.7945395882134
3670,3484.56412488144,3488.2508303481386,13.651772348168915,3491.656145058945
3659,3486.4511741001656,3490.246934646712,13.241204134630825,3493.6437892325025
3658,3751.2471098940514,3755.1974147278247,12.303517642898674,3758.838968962735
3652,3753.528427991142,3757.5113470015694,12.666778728061686,3761.1348527750083
5660,4114.038331224855,4118.204252753518,11.570517691145483,4121.988153200941
5641,4203.3448918342665,4207.475429665842,11.738937115365854,4211.179602992877
5533,4469.77043288834,4473.11213297178,14.271405681550478,4476.102952590209
5519,4561.690585287072,4566.013217836211,11.909350806487867,4569.907676273741
5528,4651.858170956976,4655.4949607603785,13.956155667406986,4658.8692499128865
5529,4653.604080140211,4657.261870595966,13.303692272267428,4660.606561104618
5635,5100.468981491876,5104.098092454304,13.495497861082896,5107.456451604395
5510,5105.37274992531,5110.032967766138,9.787279278530567,5114.408508069973
5634,5282.276823759837,5286.477039648927,11.771706518024386,5290.305377903533
5520,5370.438380296513,5374.202097823259,12.790333291746657,5377.674856868591
5514,5556.879182930098,5561.452947682875,10.583914082254937,5565.633476191501
5539,5560.154691397881,5565.0786262337315,10.16738484979839,5569.438340722357
5370,5639.771841972051,5643.3488728552,14.008206943685071,5646.563676143785
7555,5819.9402741111435,5823.344486033897,14.831523180291592,5826.361241468696
7652,5822.676425456947,5826.29996764327,14.03215659887688,5829.553164752139
7540,5914.564183512688,5918.3838165864545,12.873625154469401,5921.853736054926
7389,5999.753639912922,6003.28185102723,13.88730051039062,6006.485393589919
7536,6005.822378203906,6009.384049851883,13.845074378723753,6012.695609910628
7667,6094.105555611879,6098.340004292668,11.341227274734056,6102.319323316511
7676,6184.76113194544,6189.396787648107,11.112598000779974,6193.626907873556
7670,6546.200672144692,6550.449571218677,11.78789847499189,6554.307036518057
7527,6630.476247871179,6634.334146590488,13.112069928480699,6637.784034826163
7530,6724.644115191877,6729.074826571381,11.385502917183327,6733.13880968666
7671,6899.730963675874,6903.199613645751,14.218249370884658,6906.296469298873
7400,6916.251227447598,6920.208232946808,11.85613265181526,6924.84007790445
7520,6991.584070952426,6995.021762343429,13.819333132822015,6998.192644595199
7535,7444.326936014674,7448.046955591384,13.353791965555029,7451.321077251248
