1779,187.49341879919197,194.03445510000222,15.190781136683356,199.87804467654644
1575,189.69780419917296,197.27895079149152,11.739338840473668,204.39974555810625
1793,269.9756353695253,276.5277705569263,14.064079335727486,282.76079283656867
1534,325.7587737081783,332.4239745178636,14.670058586423801,339.99092821211724
1557,330.2077590650439,337.50722436862424,11.271871849578568,357.9286872196294
1792,394.2103434407721,404.09519481163676,9.047213160378494,413.8907571320174
1807,396.3523582799797,406.204563818649,9.04382423820642,443.3307037112068
1809,398.3853953810901,408.2888421775881,9.657160846296737,446.1985912717891
1556,400.4283811711152,410.3152197533921,9.866748073539236,448.31246121296607
1524,402.43885308932903,412.34304403897653,8.981562521015174,450.3572423088201
1588,408.2167081268532,416.45477099702435,10.798034237700891,454.44963073189
1799,532.9501289160589,541.0655452329012,11.43950125056604,548.7409046533933
1776,682.6302823745733,690.0413955987585,12.301233353323392,711.9790778796201
1833,808.6221367120992,816.2713664455144,11.446685374760687,823.581001744313
1610,948.0360475369444,956.282463820256,11.18933603689709,964.9195704137229
1594,1088.7017704121645,1094.581795251013,16.017175306641587,1101.9151583666314
1585,1153.4309424252858,1161.173507332297,11.81505174193674,1168.3900061947002
1525,1222.9428294301695,1230.2033104748891,13.6326715300473,1236.8332471405733
1590,1224.9481352640694,1232.4192341712142,11.43224826748077,1239.6764034946336
1772,1291.2882652486694,1298.2818967014732,13.59560902823571,1305.9422517147775
1555,1295.631834850617,1303.3922411896524,11.361393195140415,1325.7646444827283
1567,1297.4596055875868,1305.2448293265716,10.45792828390999,1328.3794351684417
1568,1299.8092995677948,1307.215887018663,11.160589064353955,1330.500002230297
1904,1301.5174543060389,1309.1578991772383,11.430505697908654,1332.3821159532604
1563,1360.64087446615,1368.387921239175,11.080823253104615,1376.7122916376695
1543,1362.5025445753554,1370.1692045123482,12.172721618205944,1411.4959060724377
1580,1498.5213357722898,1505.4508894445712,13.591800631636422,1511.7638581304209
1891,1506.0619187478642,1513.3417633181805,11.700345378664005,1520.4317285839059
1548,1636.310106248877,1644.044243703944,11.520916779204386,1652.898609542649
1912,1642.7080240560836,1649.403248384789,13.226452915668345,1675.3255048003025
1916,1644.8436872388615,1651.3020476098407,13.512255512317273,1677.8494028596774
1839,1646.6130593993064,1653.4866555732015,12.666425848010753,1680.0580086235998
1571,1774.3596112712983,1782.137914075909,11.325925841195613,1789.3847285919521
1547,1843.438266264422,1850.4194035380558,14.136862148175943,1856.7287071446456
3836,1917.562074004506,1924.4411864001493,13.440497158050261,1939.4243568966779
3782,1988.434947982112,1995.2563127305932,12.999490986382977,2027.3814195977948
3773,2052.8880286483436,2060.422038672321,10.995281618735588,2115.331004146126
3536,2119.4101651351375,2126.0528666799464,14.204634060902293,2132.0605235434273
3535,2257.862225775111,2266.44478778244,10.100991163272806,2275.986872424181
3568,2259.8236907263054,2268.39632996515,11.606910923107145,2291.4645325508714
3663,2262.1585875734277,2270.271330439708,10.700224950108382,2293.83871658234
3834,2263.9864073404733,2272.2062944951676,10.663137297021965,2295.8947246544294
3574,2330.283863566284,2337.278268634275,13.19005226259072,2379.299102606487
3573,2332.2457530154866,2339.029725007406,12.3712074830673,2382.0283431529538
3788,2334.0478334988375,2341.178752815874,12.87711759110621,2384.3620280915648
3798,2336.20853968978,2344.1183205083817,11.234224717799151,2386.460179095808
3824,2398.9740516522725,2405.3283251720777,13.919542133361299,2411.4303706921773
3549,2468.209556837989,2475.4040247656776,13.31178008764406,2482.2570074002374
3534,2470.0354396935995,2477.473387984787,11.953938810553785,2484.426144191162
3563,2604.388436090189,2611.573501492135,12.461453867518681,2619.7961528585734
3767,2614.381338842522,2622.197044309609,11.690211591547866,2643.277606368503
3779,2616.120189745041,2624.029294132732,12.257666057234003,2645.6964759229163
3585,2671.352006040577,2679.5010316993034,11.394665197786386,2688.838132035796
3799,2742.4278283684584,2749.346555344707,13.040467587834808,2755.9489551916417
3775,2744.136684674082,2751.056245241755,13.001197325872438,2757.692865520463
3553,2878.954598450807,2886.079508864959,13.525429938592662,2893.8501401740473
3825,2953.4988539020273,2962.1501729182787,9.883271785955444,2997.664735803165
3805,3020.3193940862616,3028.0756324350573,11.8503702990803,3036.561467681042
3569,3160.5628845635515,3168.188576355621,11.967879111535662,3175.3867837285507
3543,3223.6800777702706,3231.3425378539696,12.30441117534806,3239.7490297484387
3577,3292.448063150456,3299.585440043444,12.799442816819834,3307.886923604446
3575,3294.382949411672,3301.3664144352997,12.98184561608518,3347.489657501276
3521,3432.158918095388,3439.3710422976274,12.374238600722478,3446.240155954838
3821,3501.5234356769306,3508.4992997788368,12.564765663613299,3523.2978407674195
3533,3582.5550411654226,3589.2950774381884,13.092981368011959,3611.210311091087
3603,3706.320842467156,3713.4605812161044,12.431140105841715,3720.167957649436
5511,3844.5733050723684,3853.407394173902,10.234299134883674,3863.20779996021
5771,3846.567385116536,3856.329668791907,9.266290358698122,3875.651220382547
5514,3925.781467508455,3932.2537287382183,14.092554434153227,3939.651734479632
5799,4258.355409378156,4265.277323169232,14.1478247648907,4272.715872402522
5563,4271.556924830189,4279.287165319122,11.091508444332524,4318.111520570963
5600,4338.995672067032,4346.053285439649,12.94862121642393,4354.059277187451
5819,4465.455065757891,4472.118049570365,14.44072473562242,4479.579930390801
5780,4536.495976313447,4545.147497817756,10.059292835812784,4579.651667051687
5577,4538.459856238833,4547.121296407207,10.781594426123307,4582.011221327882
5590,4542.323776792317,4550.074518246979,10.969254473731825,4584.135914744049
5774,4672.236451681922,4680.484373883917,10.608476464786587,4688.047117515336
5762,4741.145196511538,4749.025197938638,11.730331022937548,4756.59512676192
5570,4750.673243452364,4758.294756074477,12.202571581193924,4765.512876319344
5890,4879.614603040512,4886.400364564467,14.10438177710805,4893.668333543014
5558,5021.9627899663055,5027.672581914079,17.180574019143016,5032.734894997666
5564,5027.995603875665,5034.464458666251,14.160919157538899,5040.622488435661
5830,5155.59185480886,5164.4283202073675,10.104217790505837,5173.88937449487
5545,5161.494044798131,5168.135001148869,13.77325451041356,5195.442285944197
5561,5224.557304010851,5232.1337901030865,12.812240668520126,5240.3486211977115
5593,5226.668039754346,5235.296340112196,10.03141712753523,5283.685637832527
5657,5228.694079358845,5237.1998383425425,9.431669029911962,5286.143939871457
5605,5232.158104045871,5239.33310937679,11.757656590522831,5288.610525260395
5809,5237.931856205945,5245.502957738396,11.774595102017924,5292.480986301384
5776,5445.050270530677,5453.107548031599,11.71574615786755,5462.009499117443
5574,5503.061822851494,5510.05458546925,12.771088195073018,5517.929855261706
5510,5504.823832353975,5512.108911893046,12.345837953734723,5547.682184917389
5585,5569.428365971189,5577.395664098945,11.399665939955241,5585.701873194335
7580,5571.674705557152,5579.554906448895,11.935163231974935,5635.270039529283
7655,5573.923326331044,5581.343757827003,11.409407280823881,5637.792353411167
7565,5577.97806982667,5585.4168053580015,12.459016743152961,5639.960124588083
7777,5646.4421286759325,5653.110169565908,13.422198414896984,5659.342042587431
7835,5654.493667160711,5661.561891993989,12.458048030751229,5668.212188482762
7585,5709.252957147893,5716.337420007496,12.575277889664651,5723.0590994354
7807,5851.37311643834,5858.46611337022,12.352662015301672,5866.238339357021
7522,5983.324530343797,5991.486041890276,10.92185270206797,5998.913641177675
7549,5987.108101721191,5995.022861484129,11.299197294160226,6002.510119299772
7562,6122.042648726664,6129.328263818336,13.438718692765685,6136.87383322953
7609,6123.835916126519,6132.0884249891915,11.616661905403676,6163.5628728916
7603,6192.825945010094,6199.074243672919,14.997814694818919,6206.215921643817
7539,6330.343944442094,6337.34643961583,13.461641405128404,6343.832944053937
7785,6336.019550588325,6343.468780929831,12.749757293594325,6350.494061086363
7556,6399.492938217768,6406.034890082583,14.257395131150652,6413.907471986764
7584,6403.205351980781,6411.231670582406,11.076190964911476,6427.014874297289
7834,6412.767898739067,6419.361051482416,14.072267086997009,6429.388446138899
7571,6466.427580145972,6474.036966049251,12.172683964193705,6482.573145767971
7821,6476.15213854495,6483.27063005667,12.86527793299551,6522.114766069378
7530,6537.456250073424,6544.339959807488,13.096829585130335,6551.570444468612
7587,6539.605437806917,6546.500402433343,12.928211649469254,6603.0324413528
7543,6606.797939471305,6614.115633674842,13.103081743979487,6620.986270525625
7570,6951.2944238084965,6960.131865393447,9.777634020029312,6968.549591142697
7651,6957.197819946656,6965.427871357281,11.642965428768331,6973.104942068128
7848,6959.051314769889,6967.211452097186,11.502341554856095,6975.066024031367
7912,7020.235534401156,7028.095913889881,10.631776274197675,7043.434847687946
7772,7093.349963303486,7101.476245042224,11.376529703462452,7131.244726350686
7781,7095.2057207695525,7103.250267569472,10.599372505340565,7133.680988473159
7665,7158.595430711487,7166.174937587865,12.482599121188155,7174.563120657146
7588,7296.980706406645,7304.465767557463,11.844808204804819,7311.538423164569
7796,7303.06891529718,7311.164625872278,11.884578723022956,7318.766819252378
7828,7305.131558740888,7313.085112828361,12.128087767521007,7320.563104911174
