1109,53.62491407018816,58.01086256028239,10.206354676491685,62.30377991690784
1045,153.27597767157386,156.63821696456256,14.707647579033294,184.47202063076926
1068,158.7335761236812,162.35476369115074,13.568022402650012,190.14725893552819
1763,204.11556353157172,207.29395246418255,14.483915235863869,210.4978455201065
1921,208.62323822610307,212.3556331172644,12.935507733537404,216.02752925186243
1920,210.34569383755806,214.14732787286283,12.877007344454078,217.77167565743363
1079,235.29254818108,239.11217690137832,12.389129115014638,242.80998364995668
1039,240.18784007297793,244.01236027229902,12.23406243951589,248.03817460854313
989,244.246137889697,248.00427347462715,12.23687447063373,274.34678446891496
1845,318.6517975233719,322.59600660955607,13.706047238122894,364.33141168335396
1072,409.3460878628782,413.446098207241,13.953467050469348,416.8790715549067
1103,417.1849807363012,421.4534721199414,10.67085858426309,425.8826744534724
1914,454.21324519729194,458.2492867970156,11.420946470374947,462.0737546740906
1090,500.98709167161763,504.6153337387852,13.990086472512528,508.02918345402196
979,507.00635850239894,511.06576275055943,10.968425195271516,515.4538901918348
1007,591.0435964177378,595.3328296452823,11.72175026246995,599.2892874338728
1794,657.1500354137711,660.514694267548,13.792906893709375,663.7635397736765
1856,678.5967652444185,682.5262542819278,13.240884310142759,686.2897778873751
1046,681.4204285195736,685.5688336991602,11.862517252658705,689.596524957525
1866,723.8672985893484,728.0427128955283,10.808651846774419,732.1977695626229
1035,768.8533258846943,773.355964386202,11.14645413802929,777.5768239212896
1113,773.136974041563,778.2654564692663,9.86873006151585,783.242093427313
1853,775.541513008945,780.2933947650124,8.582505082011421,785.3461379495451
1786,836.375371589733,840.0018827322391,12.28925570093704,843.5837558363105
1047,887.0190985112653,891.4479264060667,11.059977835810539,895.8624355992242
1782,923.9628815535737,928.3602886698934,11.046865056238708,932.7000017345289
1792,928.8286804809734,932.2711449893058,14.11676718357402,935.6968976372212
1778,1024.1172267965621,1028.2870144395904,10.86414998833399,1032.4145230927927
1883,1025.92409916483,1030.210440386671,10.844604464230544,1034.3815636961142
1001,1043.4104017858222,1047.115611683226,13.642166110604986,1050.9559047178332
1028,1052.81622802934,1057.405281441266,9.848223521813889,1092.2883661210037
1770,1102.6866042053261,1107.0112481044216,10.13151128185142,1111.3947536438961
959,1131.0553737193623,1135.371805573925,10.368681265544014,1139.9572022573273
1032,1132.8688080320362,1137.278280714755,10.053116912921073,1174.528277166129
1014,1136.6749899066904,1140.0527474689989,13.208980924206248,1177.7397182255104
1898,1207.1928141633118,1211.2370097866312,12.581536003145374,1214.8524450234443
983,1221.3476069489798,1225.0067865718188,12.701271031067755,1264.7268056803505
1075,1223.371509952454,1227.0698028182137,13.167615723678454,1267.7818160647537
1020,1225.3603278433757,1229.5231068397086,11.456341242079972,1270.0815052005962
1067,1227.1928076009403,1231.263056834615,10.812004051566646,1272.1575745027026
1054,1230.6889328520879,1234.421094339079,9.06334312200106,1274.3203810846628
1781,1287.1335481988365,1291.3938423670725,11.206066898196324,1295.520068189307
1895,1289.0505133786762,1293.2915868909643,11.409312348319187,1297.3718125254168
1890,1290.8608599978738,1295.1372011470376,10.997966696377725,1299.2301542640234
1096,1335.033755072659,1338.4906366576429,13.993248391839641,1357.1828706827062
1791,1376.0055677307084,1379.5886057859034,13.314882001430636,1383.2142113597376
1891,1378.6636502468027,1382.3371348049282,12.555685330467579,1385.9840011900703
1085,1404.8600111368746,1408.4657537532485,13.638547924477846,1411.9981720054607
1051,1431.8444783270772,1435.3177030606412,14.13122237167639,1438.7185903863444
1016,1488.6392156407132,1492.5332312640658,13.893160425084952,1495.9159973581623
964,1502.9081382678119,1506.4209773909995,12.777644969219834,1534.531076179729
1764,1553.306010117693,1557.152155855914,12.579827734808571,1560.818737618859
1000,1584.9457118869745,1588.5513999621767,12.955618287531335,1591.9991173007604
1009,1586.857037969025,1590.4090834749468,13.04494080109358,1593.882953882335
1091,1669.0183460643366,1673.2116605894648,12.949110255034263,1676.870437781307
1050,1670.9628171681466,1675.3785665266903,11.326499307877397,1679.4906772473248
980,1672.942267702307,1677.1885383398892,11.372630479668123,1681.6770662396777
1884,1732.9678217807964,1737.0145368810677,13.190356255656017,1740.5717080244722
1015,1759.0392313312739,1763.2163953500142,12.108737362032251,1767.0207401847288
1867,1821.4312740647706,1825.3448803891774,11.469209776020385,1829.2857348449145
1838,1851.7393556014363,1855.6271620474852,13.8797558584369,1859.1289628533661
3065,1858.5475035992997,1862.1275523615143,13.817827771374967,1894.5847841386685
1798,1926.7438761785686,1931.1874516244688,10.485907404897134,1935.5255567935417
1788,1928.652535785947,1933.028988955292,10.218328009663344,1937.771481945699
3015,1944.9109755369836,1948.5920159123323,12.847331528003442,1984.4681497208533
3014,1946.6890593584574,1950.299294223823,13.556102825071301,1987.4244794096887
2963,1974.590981528223,1979.4305081510267,9.648400005562126,1989.7441997293256
3938,2012.2986809361487,2016.5569358581731,12.51605536194743,2020.3840409980469
3890,2018.4342889456698,2022.1324755301937,12.221836923156678,2026.5056847602764
2994,2036.063268038382,2040.2620531186,11.127117941369566,2082.565799766519
3085,2118.5820369621147,2122.3107667128497,15.429082805550689,2125.502557993302
3080,2121.1356075227623,2126.3123970931556,9.159997923510565,2131.3386064007345
3088,2134.9011510380296,2139.0943934974553,11.149312897660705,2170.748552743286
3907,2185.259528321519,2189.5368205912146,10.940517586975531,2193.7756556075956
3956,2194.14422666975,2198.1261992228992,12.032736144106016,2202.0388353045464
2990,2211.5904600269705,2215.2484867834473,13.755732921211939,2253.9516545976644
3107,2234.865788988742,2238.5721716000094,12.468330831034708,2257.091629626575
3064,2240.5257670747174,2245.048276474122,10.274889418283074,2259.405858261841
3782,2269.610625074413,2273.236271557875,13.575145544239785,2276.727445622956
2964,2307.0796508760714,2310.5575294025925,13.522753774422618,2314.096586628306
3017,2310.6046175224337,2314.4967313297366,12.184427607847454,2344.375427077778
3869,2377.5706019678755,2381.343722176695,12.903383124467343,2384.979359808972
2961,2495.742185797305,2499.406623977689,12.09445589578713,2529.271570842689
2989,2497.5605654710453,2501.303324010181,9.512737244328491,2531.394613306429
3878,2541.372351886948,2545.3965781150678,11.437356886971559,2549.229632832489
3879,2547.9764552641795,2552.0608684347903,11.357616646573167,2556.132740992182
3063,2570.928745640804,2575.0950429352015,12.005101859550035,2578.91105633841
2965,2572.8271624852923,2577.122962927294,11.311364992934793,2581.355640448139
2971,2602.5333057252883,2606.0973093067214,13.148428112387526,2609.976531072757
3880,2630.508950339971,2634.260846405798,12.429181522073389,2637.988744098577
3769,2637.340894923714,2642.288758044482,9.667341397969155,2646.9695781680243
3947,2639.6325057082186,2644.353176317573,10.431507381193391,2648.9811347428595
3887,2643.6715876522,2647.453344181445,12.100917708418573,2651.21622094629
3789,2724.5476165463074,2728.1131545398207,14.524309007699209,2731.375080251437
3058,2752.7705516696437,2756.41180535422,13.114309822801697,2760.025654925292
3069,2754.497653445119,2758.0941063570212,12.510793405254665,2762.393932431198
2967,2768.731596928333,2772.216191295739,12.85520093313175,2797.4096846523653
2974,2838.978708279069,2843.2012922609806,12.33482746371129,2846.991314071345
3011,2863.5667460851387,2866.5368825608152,15.590413663505949,2869.667230936063
3030,2939.812206251097,2943.3852121663995,12.902067847362183,2947.194551955764
3073,2944.0170837144483,2947.4234657100883,14.255094651906873,2974.2577618733408
3772,2990.0164457395194,2993.6151606856233,13.677588533777888,2997.1071034449756
3931,3004.506261302745,3009.19825943277,9.835835742702791,3013.8326708745253
3860,3024.302719983782,3029.0436250492535,11.103379459838862,3033.513827513357
3082,3026.8038244634727,3031.1114378675275,11.08331881447145,3064.3668663740073
2985,3028.8795160112236,3033.3118162276246,11.186576231746626,3067.4294222393123
3895,3083.4503092143796,3087.4758672769053,11.066330610508045,3091.4711285428675
3925,3094.9155948012913,3099.1004802741313,11.171118457243852,3103.075888633855
3774,3099.4491635880063,3103.459647553726,11.999199432440012,3107.411019976247
3047,3114.980726412443,3118.585870899194,14.116945264892662,3122.425626856274
3026,3133.2240027101393,3137.4694904293465,11.583972170367652,3154.2942409692573
3020,3144.1708783322147,3147.5711061504708,13.702261043428,3157.686591145462
3798,3172.298591649068,3176.405310200226,11.284493525096753,3180.405104095292
3781,3177.7918820992313,3181.449493907794,12.242707891574245,3185.067045390346
3049,3198.4336519123326,3202.5004057931656,12.020916781768644,3206.1606039201324
3089,3221.33470073724,3224.3539237279183,15.424752184311851,3228.0202790676826
3799,3258.7134627440396,3262.1032815887897,14.034581001429556,3265.3577749132837
3796,3265.5053122076088,3269.5222183904507,11.582249968129478,3273.4134149099573
3832,3267.3410956386642,3271.3884811306593,11.891924661456358,3275.2132593188344
3844,3288.8320309464175,3293.245841889224,11.376932222867515,3297.5695158146827
3078,3313.442774135492,3317.443211225204,11.422501574589466,3321.7161348721106
3904,3353.19266554586,3357.4609777195396,11.198114799230982,3361.5638878771874
3945,3357.9773341121877,3361.19782190911,14.631738678837227,3364.3569148313304
2982,3382.8024067091806,3386.4565023858145,13.446191033478408,3389.974817670414
3117,3386.506702218344,3390.3427511598043,13.203707393410903,3394.0706373440407
3111,3469.432194028049,3473.5447404207084,13.029282326728243,3477.0938311516775
3010,3488.6392345510008,3492.213319132273,13.489934358551206,3496.0021563548903
3036,3496.4853001138636,3500.1120212407445,13.329309211622393,3514.59954121134
3805,3538.966002369349,3542.493046774206,14.885248289475884,3545.617937943277
3825,3540.726252356087,3544.3463908030863,12.73121777852047,3547.86776027378
3847,3561.930554036773,3566.173628635291,11.60614721583067,3570.180015063891
3059,3571.9362656870608,3575.3466191525154,14.052358868951048,3579.137858237933
3031,3591.4835770635386,3595.30342736987,11.86017101960898,3612.366717343055
3044,3593.2572280036575,3597.05474223164,7.636661183255716,3614.3062358521056
3881,3635.009047655626,3639.008849046602,11.909506511893493,3642.9921275471224
4973,3653.108761310469,3657.2328479912967,11.836885155035834,3661.2793288407374
5941,3723.390865542281,3727.3193225985456,14.10918645789717,3730.6952038764193
4992,3742.7616545885967,3746.5247865561923,12.85925615799389,3750.1364012304934
5104,3744.502929667554,3748.3298420672445,12.02345721523442,3752.242265123589
5032,3828.6839128119905,3832.2977251244724,14.02682804124056,3835.531733654056
5038,3830.5863875704777,3834.044039301043,14.347130900901588,3837.4236125841053
5028,3834.981955530561,3839.378908108478,11.229408733915651,3843.770694186981
5099,3836.8549016006773,3841.1214645134514,10.03599599171109,3874.429163952357
5832,3891.7711989913564,3895.5601777207235,12.331973166966375,3899.416150876454
5892,3902.760453323766,3907.1126658783755,10.951615714381253,3911.2800341035254
5795,3980.8192834063375,3984.109452523415,14.028116025956614,3987.4200507065702
5042,4018.9248443818974,4022.3961420806445,14.043271314039757,4054.8674004212744
5082,4099.037741042248,4103.206923628909,12.939773812043992,4106.762712488223
4977,4109.050991734187,4112.189595850193,15.366219578634654,4115.377067078646
4981,4110.787339897488,4114.125551529032,14.406228506487322,4117.898630838459
5766,4162.234953566563,4166.452938600055,11.229156465560973,4170.468384212398
5911,4169.753253653966,4173.279738930364,14.19333509740011,4176.617387741341
5894,4175.708633725144,4179.408703522835,13.235740110956637,4182.993705415608
5948,4177.51018642559,4181.373813651639,11.75162116518446,4185.251135856448
5047,4192.715853731249,4196.418563254664,12.905895876426367,4234.426442922241
5036,4194.61876715608,4198.3479087764945,12.47367496221022,4237.870978468755
5061,4286.927296590002,4291.500947961462,10.562144880001798,4327.463870977362
5022,4288.862000281778,4293.375857417936,10.555925120925332,4330.018195915434
5839,4371.485289499725,4376.065391346427,10.59944042054179,4380.502621123114
4975,4378.780531277489,4382.268061356628,14.05300690730423,4414.482611872532
4960,4384.63221546594,4388.341379120528,13.228476140758927,4417.766112407747
4998,4392.504473044627,4396.478807790384,11.929272744676396,4422.223127395122
5018,4396.920467903086,4400.387035383545,10.121923623342253,4424.093263990686
5897,4434.1254589542605,4437.601427189638,13.4234244002119,4441.083806210954
4962,4463.271920728497,4467.0639083640835,12.489060039480526,4470.960318090395
4993,4468.531853440164,4472.20013374282,13.130587375182085,4476.054344891818
5836,4476.084912698064,4479.482324109731,14.267013181345938,4507.532261250134
5003,4492.7976805298695,4497.212419542533,10.708991079444873,4510.040281809168
5100,4550.778608428107,4554.473254891714,13.839773453829451,4557.909333166838
5065,4583.937989708524,4587.011018135088,15.731841564965986,4590.526883197268
5767,4619.013270287882,4623.055990362802,11.14596384554959,4627.044061337971
5023,4641.346849684546,4645.4806111376865,11.632763331706423,4649.391605745541
5080,4643.240102473066,4647.248131715496,11.656289565165311,4651.535403622522
5077,4647.950391094657,4651.555345525549,13.312477885484162,4684.809838654871
5882,4710.377111042247,4714.080284935161,12.347349573205829,4717.77047019294
5110,4729.134439388727,4733.363313196805,11.793503301452398,4737.161834728786
5024,4826.572658124027,4830.258759368662,12.890374563510603,4864.522365164904
5072,4828.301690978789,4832.001837150883,12.741400103259535,4867.637469140968
5075,4851.074952092697,4855.137965999849,11.736412080265419,4872.403213339088
5793,4896.125339104201,4900.365752022706,12.575998674298033,4904.123158755295
5888,4898.207354132654,4902.394540974699,11.16674213587226,4906.456885025958
5769,4954.336984177497,4958.180022546023,14.809165950257452,4961.38014254461
5085,5001.239947508135,5005.331112470461,11.779662445482122,5009.452320048926
4968,5003.322233352699,5007.244860457746,11.222515277448894,5011.824990694475
4978,5007.191621271054,5011.1307732345695,11.972106474605146,5044.45574689897
4969,5013.20702258234,5017.436697451149,12.167658992393525,5052.738409715509
5872,5066.790400636335,5071.081440971605,10.506804733426971,5075.358544978007
4994,5088.743661291647,5092.593968620601,13.85823838338911,5095.848857986044
5064,5095.546631212461,5099.44606571123,12.674260744078305,5103.434374861016
5067,5097.496667964525,5101.281647286896,11.64950444060533,5105.78576650392
5063,5114.523642248467,5118.054344825827,13.303608707802862,5134.494573339269
5789,5148.829982251661,5152.151550207813,14.525524785656195,5155.375982751333
5768,5152.372176306971,5156.123981954494,12.412970499913724,5159.757299002346
4985,5190.037134295786,5193.441268613388,13.616527125613421,5227.974352143282
5040,5272.5203505966865,5276.477286109491,13.74987071472819,5280.023235707213
5053,5274.577805576046,5278.532059698699,12.75006517073258,5282.784727700842
5073,5359.009807319658,5363.030079879587,12.987871350221418,5366.673350285414
5900,5431.607186778463,5435.393600585342,14.189312097271248,5438.665680964792
5798,5433.64163861033,5437.216072523362,13.702166826785449,5440.525046627072
5778,5437.473659214439,5441.33746252202,12.53340472899685,5445.359594285253
5014,5449.162311951345,5453.2967254684445,12.127499105552243,5457.478941546761
5057,5451.160776584358,5455.432538157397,11.359546760026886,5494.659984217858
7026,5455.660931821992,5459.1546655076,13.185442720794798,5497.824298574015
7104,5464.004202954024,5468.3679013788915,11.237585235222477,5500.2220961768735
7040,5465.984816669451,5470.278432374528,11.328442801958884,5502.278519081313
5848,5469.808245787727,5475.2239196174105,9.268303321590883,5504.270261837093
5869,5520.865955076213,5525.207956115211,10.989246505566095,5529.206972582753
7048,5540.467935452919,5544.219399525571,12.404597335675573,5548.157211066431
7073,5556.318777252916,5560.088203207859,12.750253863470743,5590.313426167719
7105,5629.067303724956,5633.2595785598705,12.654700014622165,5636.864159306945
6985,5631.04751504367,5635.300606099824,11.820224431684062,5639.370057477143
7853,5634.03915469851,5638.022143311652,14.4357182840943,5641.93381096868
7044,5641.263168919555,5645.057015987397,13.015378472279597,5677.373507564454
7113,5645.26634406735,5650.329360763589,8.893446844264503,5679.566058596275
7077,5647.209053839661,5652.408633351536,9.089686161717905,5681.8114639640235
7792,5692.78776959355,5696.245438795248,12.937006118880117,5699.631911106516
7837,5722.019435170694,5726.085809200325,13.552517612034778,5729.482048711322
6981,5730.741734919315,5734.173542997597,13.579680316348416,5737.674658114343
7875,5778.413340714421,5781.654141559692,15.0333759752643,5784.76145279012
7777,5791.697259075701,5795.219041706647,13.497411124759799,5798.819615595343
7035,5808.760816302979,5813.166943267051,11.489978997426013,5817.286244780667
7071,5817.168372085886,5822.302138192218,8.47480864825302,5854.258151856354
7781,5881.774042412375,5885.207872623528,14.051805543406577,5888.536084804843
6963,5901.093339535051,5906.273045211631,9.713580768515708,5911.198932888182
6957,5930.690285208484,5935.056141132087,11.478893321106723,5945.030933575896
7906,5961.681439651327,5965.529155655828,12.183657131892767,5969.315629309975
7025,5992.5993318885585,5997.0385010707905,10.973571449408121,6001.529421167907
7047,6016.5910091832,6021.027183804781,10.56237422134415,6034.546389167988
7926,6058.692433086034,6062.138093754323,13.741212247577975,6065.523285144238
7014,6094.786179889813,6098.054474215312,13.96329482404012,6124.1606355894955
7849,6168.695877055676,6173.018469141716,11.257620299105897,6177.002643872128
6979,6178.444012733358,6182.2851900699125,11.75175634166886,6186.335609585624
7870,6240.596251509222,6244.498784555404,12.555442576635041,6248.296394338616
6973,6265.414635224727,6269.339135630773,11.83960742039674,6273.522942645742
7794,6321.51574494492,6325.549678765049,11.635594565559412,6329.639406366798
7042,6349.328155455209,6353.559000381459,13.593963299807147,6401.928447036927
6982,6353.282890428156,6357.38802614156,10.067829715470138,6404.139713823317
7776,6415.50752212605,6419.105406748464,12.383551569090624,6422.6887459649515
7887,6484.226929788419,6488.280093230472,11.46068893948985,6492.208295333528
7076,6534.72279703284,6538.119768328744,14.649547069455068,6541.577918599777
7062,6542.952245340021,6547.034605652145,11.841379354873647,6551.518425511894
7910,6593.05754688145,6596.507851147836,13.802029091507798,6599.902006878079
6991,6621.013357440417,6625.016830684573,10.911100207123923,6628.962055896292
7905,6680.799225646574,6684.439970612312,12.765404367767939,6687.950374773793
7939,6772.598528431498,6776.267622168457,13.091766317780904,6779.901310752237
7783,6865.937683378224,6869.303645957937,13.362745912695768,6872.575563739503
7876,6889.008406268559,6893.13327695668,11.77885809674514,6896.964906446218
6990,6893.259660158057,6897.166320887489,12.746646870127394,6901.090529768786
7085,6911.3339578684445,6914.581362773029,14.75467970861171,6934.72090216227
7826,6958.1665455252005,6962.490280295575,10.71904981424965,6966.743677945648
6993,6978.813191892416,6983.23551173395,10.59881643448183,6987.609618141952
7050,6981.2301387159405,6985.410630649465,11.83669179367821,6989.757539219146
6970,6983.197926117302,6987.286817359026,11.495233706486216,6992.200992443564
7111,6988.9980858173285,6993.319493660503,11.336113289033612,7027.493104564252
7001,7001.324440468354,7005.322026634809,12.645791772760907,7032.25273286405
7869,7044.496580248261,7048.393713541533,11.435486294233602,7052.303467024036
7095,7069.047802975475,7073.204297213148,11.935697882283986,7076.969322502477
7107,7071.085399128701,7075.2938308881285,11.31154777133939,7079.280596648538
7080,7073.001149598627,7077.139553452737,12.0068876514864,7081.700356912855
7030,7076.732910334038,7080.202284953057,13.500235681087085,7114.493694821755
7032,7081.003654415316,7085.10491846365,11.615038836490296,7117.443015699525
7784,7137.314095887602,7141.49927173662,11.602224928589301,7145.581402028581
7930,7139.115909174644,7143.326686945022,12.245580043824035,7147.433237660899
7919,7140.957226446557,7145.093221578313,10.382837019831967,7149.331979995014
7075,7163.3904212970165,7167.141453581321,13.370619386096898,7171.033195760016
7916,7223.434322385332,7227.549538422548,11.458741528464413,7231.557270966153
7782,7225.441895752615,7229.368651108356,11.153018207541182,7233.321063929202
