1109,215.0644502245514,218.48916984592913,11.418315235713358,222.5258720799789
1700,354.01974461367195,357.0060661389407,12.090263377490276,360.5500949267538
841,418.63256334414666,421.6240690241884,14.382897370196083,424.7619717850391
1929,434.1728556702318,437.23643770104405,11.66850782259625,440.91833722796446
1103,658.8574696610485,662.3976330385044,10.961568060926076,667.5790639936693
1955,703.6870425855354,706.1944579309618,15.31190820169353,709.0501096376554
1699,969.315698760655,972.0393824771371,14.276233208032,975.1538415158557
1113,1039.342604065518,1043.3172550825634,9.111913923073459,1048.0107551290687
1104,1195.5809347747881,1198.5388511901338,11.962374185681163,1202.062956362325
1947,1250.7325978856493,1254.3036701420344,10.636813301812776,1258.4128320266213
1934,1252.6125631179857,1256.1829794108758,11.33431097765477,1260.3119133820262
1084,1384.3496416514538,1387.298128742348,14.508773461049152,1390.3752273245113
819,1660.615442930423,1664.2513073264458,9.667483441774886,1668.471086117357
3938,2213.024002744394,2216.3430750113953,11.407984096463299,2220.0792278676
3699,2503.161984999084,2506.1355240724824,12.71427888490827,2509.6415813534372
3098,3180.273979632323,3183.4673014129467,11.70989505985417,3188.6400281098495
3103,3265.2950084021677,3268.1785609457775,12.246788538959846,3271.6783011044004
3089,3385.416412265713,3388.4372320625776,15.767368482893826,3391.246141182517
3100,3452.7918109736643,3455.469056787943,14.516817207289137,3458.556237037451
3936,3592.2912804689536,3595.5094933476325,12.083833376612827,3599.212746522227
3707,3594.2129452485783,3597.3707695494677,12.168970837432374,3601.0044996605466
2833,3730.167679102582,3733.250381676489,12.557383759596064,3736.5340274562964
2826,3732.2063396488898,3735.4371491267034,11.447283314123672,3739.2579689632803
5088,3812.9898333369606,3816.322904145907,10.927985689296598,3820.2761437128643
5684,4035.2532698592754,4038.4771713728933,11.691756872251071,4043.058286669623
5113,5524.23357138281,5527.253166976813,12.614022253229132,5531.627014576445
7099,6352.544379218271,6355.529639114529,14.171813874655452,6358.661521524453
7694,6375.9588106098245,6379.098576763464,11.805529045169948,6382.653096947736
6845,6628.498146895067,6632.275749909645,10.064985091444452,6636.60474468362
7092,6776.143147612153,6779.300896991844,12.000073259529517,6782.80385302938
7100,6973.408740646806,6976.356328129868,13.747724792163172,6979.538872630196
7111,7180.124318075544,7183.519283624618,11.532406200053417,7187.419024419056
7095,7251.356274665525,7254.3593963019775,12.50033417270284,7257.8359975282065
7930,7317.542458453911,7320.555540426515,12.703214844102499,7324.849251849815
