633,291.6239831780119,300.4188165069217,13.814483161499695,309.99535690504587
891,572.4474604880897,581.5156790292045,14.08150738745969,590.50702103613
375,751.7062612826268,762.182683720719,12.666226707358721,771.9964711071755
901,831.6578759809727,842.5409156752957,11.129371987795778,854.5250328159864
141,843.7508375373139,854.011212079705,11.582438837301765,865.4520059319894
895,1110.416312958579,1124.4271310374156,10.687262044144628,1138.576607863945
392,1247.2818011423012,1259.4078382214839,10.301756072543036,1311.4536828710973
398,1384.463319223714,1394.3584945750904,12.404310538070247,1404.3243216290014
372,1450.5850365025256,1460.3053920982147,13.021051182834679,1488.241389191556
650,1517.390727404201,1528.0442070755935,11.669370887912777,1578.2907352887842
915,1523.9690307693998,1535.0462340720603,11.612642641784682,1582.974133731152
628,1568.0351146472938,1578.0749922629855,12.578190244188391,1587.7545430940743
886,1570.236275496463,1582.1047232730566,10.870296595834281,1593.6634263974386
133,1587.7660199661555,1597.2096851354058,13.84104995215011,1606.511159179158
134,1649.278081029563,1658.4908620559224,13.141809437623017,1667.7863727073927
402,1839.737973771064,1851.523516795998,10.797868193643273,1862.7460794569374
631,1855.8085886916554,1866.508645172908,11.920511089628581,1877.394605178195
623,1858.1886351084154,1868.2420768936975,11.875523717717641,1879.1907332870367
156,1863.0636102505343,1875.218915720248,10.132512955361967,1887.8005990630945
906,1989.5717372941772,2002.3535518531407,10.404609119346839,2015.5831314936936
640,1991.5597540362794,2004.2522702174315,8.80690846516168,2028.0908216557254
2380,2463.0722088369703,2473.5104467309293,11.643135244249544,2487.197984329558
2146,2473.116790139819,2484.214076760302,11.009634436560104,2496.154761908509
2149,2796.35741742596,2806.0846370723752,12.895567355276615,2838.1418752292643
2638,2875.809689863031,2885.1195569236215,12.969370182327893,2895.44954406952
2636,2946.5278964672457,2956.072001648935,13.397969187793837,3017.863458573828
2376,2952.962139327246,2964.2871636767713,10.981382694077572,3023.9737399061396
2624,3010.910041717368,3021.0653748996583,12.13860774210255,3031.0746157229523
2914,3149.0162021102747,3159.0612940010305,13.022141596857242,3204.00716043011
2140,3290.9234955483284,3302.257977132538,9.988330864090903,3314.342217173413
2144,3292.7290919110465,3304.186740561079,9.709335650619137,3316.1283101580284
2385,3417.4431571152595,3428.0224361100704,12.279121174171554,3439.490481595984
2645,3485.504275555966,3493.6130478658993,15.161177563112279,3501.658372547577
2627,3764.8867989903356,3775.0776876935233,12.01176905114152,3786.126175603682
4403,3959.5334689287665,3971.1322074948976,11.514925613764436,3983.149229499063
4658,4028.7131265033886,4038.5421547058413,13.03920133710998,4098.254052261885
4636,4163.743223273038,4174.327401910856,12.068666187010194,4190.433522608437
4907,4174.7469993384775,4187.341229056949,10.61287285228509,4199.671563258722
4626,4244.10006513251,4253.405366764734,13.932972655190957,4263.570335176028
4378,4428.23297097713,4439.1565425737745,12.20075168229298,4460.8839706949575
4384,4443.8037178381455,4452.365643832059,14.576288124101369,4465.0984945761775
4623,4559.866572948553,4570.252317781303,13.189494306066237,4580.271651449132
4149,4640.454612295908,4652.452190037805,10.584072942518558,4664.078343103226
4141,4775.103793857834,4785.034028846246,12.242946844071652,4795.899959569212
4379,4912.776057608316,4924.201002155118,10.415125449648452,4935.557465043784
4369,5045.766304253617,5054.620960953398,14.246288782995997,5064.448122344368
4624,5055.292990781718,5064.576080363115,13.535290224285966,5088.384283096132
4650,5103.778106578991,5114.17186636059,12.73714204860991,5124.9129156606205
4148,5114.928190844943,5125.453933854639,11.693134867098879,5178.008530312167
4644,5239.526873446999,5249.336928851431,13.705872492021475,5259.631028711192
6638,5938.365633886803,5950.28425344167,11.017026452686022,5990.80806931612
6883,5999.655610852844,6010.347382460037,12.152350009725593,6021.218758485454
6643,6133.752801481117,6143.325617405944,13.604775051803356,6153.691568828224
6373,6747.5396490641415,6758.161072064071,12.56442853489365,6769.508203979639
6644,6759.0643278728785,6769.188162750118,13.30031095610568,6798.374704920696
6889,6803.6173108888715,6814.341780975165,11.64400840537032,6824.69207457696
6380,6872.021460167415,6882.4358754671675,13.007720164433993,6895.388811690779
6384,6954.138496982209,6962.551263189792,15.410504416567488,6972.149255700446
6374,7032.893333783853,7044.321070161823,10.494946252970434,7072.540448238023
6618,7158.8238272634035,7168.133407270725,13.10835615656672,7177.38156935637
6147,7291.909149974735,7302.538394285862,11.663743529413207,7338.137596541753
6635,7293.7397097483135,7304.295319351568,11.934522369619492,7340.734319384977
6636,7295.480695952131,7306.084320849566,10.568067020962099,7343.109330526622
6650,7434.419901215735,7444.307159979047,12.824369227234854,7454.318950637612
