633,34.0,35.53059852878853,14.215553340313438,36.119171435896675
471,68.15701714426442,69.0142219729365,10.820807782234832,69.78945451357365
469,111.35745429613344,112.19379542617821,12.006783717203733,112.89245399339704
632,148.41868173834126,149.13790093618854,13.337498806481008,149.76685261824542
505,261.52402277336216,262.41004722487037,10.496846129485922,263.2042090922769
473,291.61820704134027,292.33568079821544,12.923269279806167,292.98479226739113
431,411.491245370206,412.3296480288242,12.738920679740962,412.98815297752907
437,432.5786032515839,433.29053948653484,13.528304006588067,433.9106203410665
440,501.3095356207244,502.13035872536267,12.36526163123707,502.8087626733695
559,554.678397991162,555.4272228435377,12.632501516591086,556.08691762879
576,611.6280370497133,612.410572673742,12.893992485863656,613.0570404661054
630,684.2778268666895,685.0636162914572,13.18192325460307,685.6999909802446
409,745.2990751318489,746.0032551539358,13.60631153293899,746.6197809690667
422,800.5890069700561,801.2958996046422,13.643624047757292,801.9107393480567
419,831.6714921239972,832.3450593886786,14.310580657253233,832.9312440103707
642,882.3018465489711,883.062742420279,14.733622332561655,883.6320961148032
601,952.2207216624629,953.0100499699663,11.693491931465717,953.7274269825757
507,1357.3774728643127,1358.1169472817512,13.329389559933839,1358.7462816013049
638,1518.876515013921,1519.5872819339031,13.832448086038022,1520.1863879477694
623,1613.5838495214516,1614.3320589533228,12.80615205730043,1614.9871067983922
443,1684.0167003277998,1685.1882853318498,9.555396298588535,1686.0607713866525
2432,1840.3157074178093,1841.0645546638452,13.487681809135962,1841.6865030777742
2546,1898.232240964431,1899.0159967441236,12.876940170520472,1899.6674436094258
2611,2294.4779738084967,2295.327067473519,11.323522056764492,2296.0662749597145
2443,2304.5195192139404,2305.4474026167613,10.391947982565197,2306.2544796283487
2551,2668.2464921947476,2669.1826050106074,9.50868395334143,2670.061002948221
2628,2673.4567222604396,2674.4418905784946,9.398455747549704,2675.3361462797375
2655,2841.5539649514426,2842.1939935451624,16.664659937284224,2842.697372692432
2620,2941.3282092390064,2942.3627734535976,9.734928460947842,2943.215829195571
2428,2949.395626906029,2950.1922560653325,13.43033273779062,2950.816860270794
2574,3157.803922516887,3158.4864223716804,14.612681227972713,3159.0589891480986
2426,3201.4382183998814,3202.2053494717375,12.738018841241491,3202.863901041909
2637,3343.570643584422,3344.4324977167616,11.767117397601961,3345.161214027632
2596,3439.6375776340187,3440.3934371505457,12.880071166472984,3441.04582426663
2565,3463.5830598040325,3464.3041093330744,12.949777935365548,3464.951892048009
2493,3499.9502768997327,3500.7875339450634,10.10962201125232,3501.495707360276
2556,3516.496063683988,3517.2155094792865,12.88735695294345,3517.866429783535
4481,3757.449094722295,3758.2708351041474,11.747259725144687,3758.98492864639
4408,3847.559281140028,3848.5191474489757,11.02014928337785,3849.232670310223
4441,3860.4899215027103,3861.4553656536013,10.677232931839505,3862.2017692837208
4414,3877.4296453207307,3878.2978633796747,10.519860837692965,3879.0895446493328
4413,3987.6838573444415,3988.511879147918,11.321941316357691,3989.2396164464344
4647,4347.439810832344,4348.268354698689,11.564179875189199,4348.993753507711
4562,4464.720909134378,4465.347802363999,15.156217714087363,4465.901280973704
4635,4619.622117105496,4620.406198615866,12.284048802114775,4621.089892856291
4552,4642.2779503458305,4643.132329689863,11.678024204985148,4643.850656879593
4416,4903.3719401502685,4904.221283237041,11.707148409877322,4904.937823423863
4473,4910.780236053124,4911.568779404517,12.1744729436152,4912.236909214794
4618,4932.688251427465,4933.351058785504,14.143867768355529,4933.94415272884
4494,5109.443073231251,5110.1846375821315,13.474292642125244,5110.807204015232
4407,5182.496099422447,5183.444903878377,10.89586554586159,5184.188914287123
4426,5361.389479689925,5362.246654900602,11.27230652114783,5362.990836430179
6425,5433.581433728657,5434.465236179645,11.04385745508738,5435.226247742601
6412,5477.8307671372995,5478.4273121773285,16.168002768646815,5478.946154388627
6414,5541.859686249229,5542.774715266481,8.561920469736874,5543.470638024118
6413,6187.517965716944,6188.180297359641,15.103173036931846,6188.735719871735
6649,6262.419260576869,6263.130673934898,13.539011116019507,6263.750264408448
6614,6295.555863732308,6296.306497504234,13.164808368355738,6296.94369951083
6404,6441.5751587021105,6442.445542976467,11.561357341260718,6443.170765523786
6641,6533.3498453548455,6534.347148882604,9.959495086479253,6535.196121306899
6430,6545.332032465504,6546.092331902842,13.109112829393677,6546.732241133766
6651,6554.381814252557,6555.088066335415,13.22035398880718,6555.722591123168
6559,6610.577482991377,6611.416930821702,11.65595695967696,6612.1359859859
6465,6761.770734197857,6762.484980399408,13.466627718691536,6763.112988171127
6568,6865.63499421229,6866.4934139042525,11.579002344804215,6867.225823491717
6618,6875.345625684318,6876.073595201672,13.131349674722752,6876.712420799693
6483,6893.312121389574,6894.143576054124,11.297850503942021,6894.886075019378
6429,6902.3063590036945,6903.134972042351,12.959749248320264,6903.782256349172
