793,186.33223844180756,193.28005975614175,11.888470070333392,200.34398158919223
804,188.16337507022362,195.11188832605612,12.626574887982551,202.06085889457523
1078,381.3825449321097,387.50553977061446,14.549106868657667,393.66045349243115
1083,567.2954709386634,574.507462866094,11.968409785991271,582.7727237958168
1920,1263.7783165323813,1271.393395274405,11.713523527658927,1278.7189638639254
1059,1267.7444850868576,1275.2073914602981,11.891385959833022,1282.6526254610774
1075,1983.6870767822406,1990.4063656387068,14.473494593809797,1996.4095456674766
2813,2075.747247694458,2083.2235093874665,11.214405065806595,2090.6198430789027
3062,2077.7075332456166,2085.0007179863333,11.567934176107423,2092.446931709697
2798,2349.6601050550794,2357.256811082383,9.539040509708142,2364.8748633955433
3056,2368.3163731932527,2376.1886762943395,10.110119843196667,2384.988258088518
2545,2704.1803980462196,2712.0985008288526,11.511510051316296,2719.522539837481
2786,2886.0461013164895,2893.3610477844136,12.06233649141488,2900.437406359961
2801,3246.114518510777,3253.1988317258706,12.400051792159118,3260.1067501003654
3055,3712.751958242569,3719.284169834027,13.034678423157029,3725.8720087711754
5056,4165.335710087547,4173.496032058105,9.994594906406236,4182.470076953913
5063,4234.066227344373,4240.579040795224,13.867161922446998,4246.596321134778
4791,4775.931689107263,4783.387730091549,11.63325325099564,4790.83576752025
5061,4988.127989050231,4996.196605599699,10.386712269521,5005.447739413021
5078,5043.653125264979,5050.319421730103,13.581174446455435,5056.488209598927
4529,5045.564180456152,5053.068029678564,11.569421148861649,5060.460058644567
5072,5066.332931594304,5073.479564084676,12.015629440252575,5082.30854450122
5920,5074.310063058568,5083.230634222987,9.718838454468298,5133.551709777835
5892,5076.176778109338,5085.253534449698,9.274738404639022,5135.985685162152
5922,5164.3446376581815,5170.384207783666,14.336739884767235,5177.954436733262
6791,5673.890529514268,5683.045742827387,8.76531266225947,5692.334814030826
7075,6216.667331849243,6224.104619089073,11.805419553606917,6231.290619334221
