819,134.270348454698,135.4032812934595,10.41933500800578,136.95953292760453
842,322.8969588493446,324.0136837090451,9.375807829042234,325.5434375284981
891,377.09960283003574,378.3160921212365,9.75738925995566,379.9216274101981
825,403.33110599856894,404.33183500851663,10.36671298880369,405.84724346875413
905,918.7045048662823,920.0285406389181,9.496174224674537,921.5348215441468
872,922.3678867753115,923.477845042316,10.166789990965176,924.9455921004179
776,1184.3694204570593,1185.5031548758436,10.151905735353298,1186.9742163037242
876,1274.213735650369,1275.1688507598476,9.794213676586756,1276.7095965393548
840,1390.3829290617155,1391.4830320968201,11.083149228608619,1392.9285712524456
860,1551.9615154941653,1553.2789089826424,9.060967865847005,1554.9667203826702
856,1638.2630880474144,1639.325907440777,9.22277564716925,1640.93226331015
831,1814.3549965975662,1815.5056901764958,11.050134764587671,1816.9824254041769
2914,2082.197735586328,2083.2413905455332,9.407282553411596,2084.7830623098594
2823,2273.3548848300834,2274.46151859005,10.561800693023338,2276.018857440554
2886,2378.0035402563276,2379.193890804903,9.040236945096517,2380.835589629435
2830,2442.1989112043934,2443.1840861986266,9.476781544196262,2444.729841915632
2921,2537.0285362542877,2538.3894723986905,9.563005924886768,2539.9904547206975
2918,2581.644959134887,2583.0200420957053,8.702588673664804,2584.7167903627883
2912,2802.443379103294,2803.543706068627,11.104271046412457,2805.026884869934
2898,3093.038062739177,3094.1797771071283,8.773955482910921,3095.8730122466004
2859,3175.882867242204,3177.053209762332,9.264508066221056,3178.656030616666
4896,3714.1735643464617,3715.433251789381,10.104438228443124,3716.982559673606
4920,3983.124226792527,3984.3965716422213,9.989566586080652,3985.9420393626656
4877,4422.293272210998,4423.393479043835,9.639141321572692,4425.088603875825
4832,4515.9869103329565,4517.195571662534,9.98396850505282,4518.704931432287
4903,5143.990595140974,5145.150223023962,9.575563138534282,5146.740827326611
4874,5232.307929330052,5233.339988297221,9.65271654612565,5235.042034535884
6788,5464.423215731709,5465.51898999283,11.336966972449382,5466.942525306906
6900,5979.2841964285,5980.325417233892,9.901415064216394,5981.96602185432
6829,6168.844449698456,6170.2007807438895,9.241336986918975,6171.820182867385
6913,6222.239404800687,6223.240789376633,9.758223408501252,6224.853646133503
6825,6252.046924241066,6253.2295391258795,9.540966921259972,6254.884499139966
6895,6631.788469248456,6633.057586283504,8.452082824361419,6634.7151121810875
6842,6947.755524886177,6949.042875013947,5.43712934478354,6951.07843584256
6838,7032.366155803966,7033.452931305165,10.186445109000926,7035.023775558545
6882,7036.010162806469,7037.206292387507,9.7171680821326,7038.771799842475
