1589,78.9994957005843,82.30797698963315,14.617317168296081,86.24535344319622
1612,144.145191950354,148.34284817172846,12.49884854425217,153.61267847383476
1596,275.87110770287796,280.00355279325197,14.95800429528468,283.8803612197362
1543,299.652815891599,303.60222332718166,12.574025649539571,343.1573232231446
1537,346.3150474025129,351.00525933339856,11.285325436953054,356.29746756618715
1513,421.69638918412966,426.10745707065627,10.85829261253766,431.56057321880695
1587,431.87028989335454,436.0931895166553,11.379239972123399,478.97442926494244
1601,479.92751748358086,484.34764229481766,11.71171396139674,489.2453633238905
1597,683.8769995682734,688.1681580353971,13.570550385758745,692.3165154318165
1557,752.0995843758731,756.4888632117262,13.478903668248812,760.7306628829904
1602,754.1896178540078,758.3054048294968,12.683681637659692,762.7221848932355
1441,819.8219890784161,824.2525654585494,11.740902343103416,829.3766154589426
1590,834.2696150743357,838.2883777117679,12.987950406818209,842.9500274430044
1610,889.9772800570955,895.046130679341,9.948154516022717,901.0274097490724
1415,896.8254035620595,901.0562070538809,9.10982606805819,906.7940258017619
1636,968.2125222046703,972.0117147182768,12.656033585235786,976.5936628568371
1617,976.8642875217388,981.2737071835585,11.12160080700519,987.1636696048031
1548,1093.970977513992,1098.0166863934785,11.708929152280552,1103.0865340429839
1437,1162.3810670435043,1167.315638470445,10.227129921403323,1173.127029323672
1626,1164.505699875574,1169.2699031210145,9.225818021242533,1175.007007244395
1607,1228.0429161416253,1232.4517322427703,11.523314294415451,1237.2871223354073
1565,1230.040335531353,1234.5015914905616,11.716814253029273,1239.6548967172291
1635,1241.36807788796,1245.1056641158737,13.33256637101465,1249.6197416157477
1595,1363.7388360447312,1368.0555786934437,12.030171953313817,1372.7539060929948
1569,1367.3925806996087,1371.5525328659894,11.300666161756102,1376.7388595112
1529,1380.641899941937,1384.2824832289377,12.87862233450531,1389.2720128840756
1561,1382.859482008701,1386.572769267115,13.60924008147441,1434.0650902386521
1593,1431.4625753347325,1435.3758378096302,13.538537652126633,1440.0268019029477
1606,1438.0813154639657,1442.0783344728886,12.274835748777942,1446.9722107699733
1578,1499.485013644126,1503.5748160262735,13.153349694603428,1508.0018832232172
1562,1503.510159133053,1507.2323345267864,12.978747565265305,1511.4574451954973
1611,1509.257004236442,1512.6530117137181,14.91300363875939,1516.7179368848965
1564,1567.8404504759023,1572.354705768755,10.80631241097562,1577.6284718060442
1519,1580.721399009746,1584.5105829529562,12.624601170742997,1588.9876952085594
1594,1637.9153238954602,1642.4959773181517,10.046642088088383,1647.9911627415154
1599,1644.0275605176482,1649.0150624685052,10.66399830618065,1654.7212516055836
1553,1705.870172141199,1710.1028166851659,12.073834538260368,1715.0352532307732
1616,1779.4989449236264,1783.4491316363126,11.958576311050157,1788.3770627109832
1554,1784.9863837518533,1789.0972754297186,11.730955801100274,1793.9877071059987
3531,1841.342130754358,1845.1137252261788,13.181843734366746,1849.534880031033
3622,1851.1928633327648,1854.0720192718993,17.38801590608852,1857.4354691577403
1588,1976.2093779397917,1980.5330717179495,12.782983681662989,1985.400238995831
3623,2060.9559215294294,2065.5401336349955,10.96966621660881,2071.7569907537686
3619,2062.852589125343,2067.388091243482,10.610184987524805,2111.346574107057
3444,2100.9961689090633,2105.3875673645025,11.75708667986748,2113.881482753977
3609,2112.080640966413,2116.257762482024,13.078317711219187,2120.813978565093
3625,2180.0399438498484,2184.5287147480303,12.004864395816302,2189.2860210556455
3583,2184.1593030684853,2188.142792219957,13.222714078833913,2192.736650265075
3518,2190.084277354775,2194.188864072648,11.599599207097596,2199.174054791795
3632,2248.022192021217,2252.332352468445,11.907416442475787,2257.2760066750297
3587,2252.0808573021714,2256.491221528007,10.935629080321805,2261.719255058182
3586,2272.5869708081736,2276.2828080315508,12.838162771409523,2281.7035677574327
3441,2301.2145003202086,2305.1617442726733,12.04451241246364,2315.1545045441226
3573,2315.6961559009533,2319.4820739537163,15.014591895492906,2323.9531630852853
3602,2318.1526325439268,2322.240365149674,12.046913759823394,2328.079828289325
3610,2524.1015986877683,2528.471020250898,11.740639481442646,2533.611121953887
3596,2587.9337837858625,2592.372178123343,11.872896040317691,2597.315372562018
3615,2589.862280385436,2594.1587305770636,11.546397532360785,2599.0283995550767
3617,2816.105922169316,2820.263186721494,11.877361465345754,2862.016444989376
3547,2860.488717182973,2865.307549186922,10.84256265905334,2870.894582586815
3611,2862.564671951506,2867.1434081447346,11.418573800037178,2873.6516705132685
3427,2865.015715678431,2869.1621939681995,11.880553744467429,2875.8559262061117
3439,2914.337226956126,2918.5268278213725,11.839727683277301,2924.0219415489755
3636,2927.989393197208,2932.218226837799,12.555844272745547,2936.801075988828
3515,2930.3331402123526,2935.260216121217,10.263706921488478,2941.0147482159764
3452,3063.986759387584,3068.3750726638027,13.299517855945341,3072.6901727333657
3603,3132.1775190078897,3136.5742307712035,12.403955622060929,3141.4576708011123
3588,3134.474666977936,3139.2436477177994,10.581908927132204,3145.003512768472
3593,3199.5316474511114,3203.560909939293,12.141193836246188,3208.2638712196094
3558,3205.506317962387,3210.1917761892364,10.404300255882301,3215.64967110021
3589,3268.0015258413646,3272.3951045319327,11.655262259036126,3277.5453034587645
3560,3269.7965416242737,3274.2593681127755,10.123210795962777,3279.4647015391056
3604,3403.9531610355875,3408.0587101535016,13.70869319085614,3412.5182022387385
3551,3409.6677695150947,3414.2527740221985,10.69437911971829,3422.2656272311
3567,3411.5874184954882,3416.1248369513874,9.409278300727648,3424.472337063648
3564,3413.5387150902748,3418.0656150529326,9.845270983609756,3426.556660776171
3557,3471.678095677394,3476.052383387355,11.981955527260572,3481.0819458804217
3600,3474.1108872287864,3478.4316969997867,12.210437427651158,3483.359858394023
3437,3495.249721831179,3499.15014801946,11.170863864540792,3538.6861247053216
3421,3497.356857664273,3501.242785983019,12.525850274988354,3546.039537751307
3578,3539.5991404599527,3544.4388598517567,10.508341174436156,3550.080609131304
3582,3608.1103022330326,3612.2523441992867,13.62243069448591,3616.5541648577946
3591,3610.195644032762,3614.101226999826,13.76078054055265,3618.331679522695
3431,3616.4658473247987,3621.166386842107,10.092026319574511,3626.891316239502
3565,3690.63284492026,3695.232086551087,11.102729213978936,3700.9740474469445
5600,3692.5173720802363,3697.069622945631,11.727160350515334,3743.0762821629246
5562,3748.339053202964,3752.2492177115914,12.938394543389412,3758.727366267963
5593,4016.057862466689,4020.0999547095307,14.08524944671814,4024.458200409597
5611,4085.9605855433774,4090.1302888932814,11.906506711512474,4094.923731928582
5550,4088.266056255416,4092.1463227659287,13.360608384237036,4096.801012058226
5596,4090.194398897249,4094.276926428138,11.666409213516381,4099.109042472544
5624,4093.5259448342554,4097.536365993536,12.599325791418893,4102.380152927558
5617,4097.545356156281,4102.031441471355,10.565603247562663,4107.467143856386
5549,4162.754604398139,4166.47287388866,12.815478691815047,4170.957565147534
5524,4170.070284551724,4174.461495578754,11.331278378640697,4180.405900471098
5619,4171.891128420778,4176.273869232406,11.027210050649437,4221.518052136393
5609,4219.917049373155,4224.172245468754,12.720658783916113,4229.0456563161115
5629,4222.0059333817035,4226.421005309286,11.00220381443463,4234.212253891628
5574,4228.4430653253285,4232.124224867507,12.721606498592061,4241.021296809007
5635,4355.881049068472,4360.241663478644,12.661259215946071,4364.828263861077
5517,4358.0037449505035,4362.307754899541,11.44781919575716,4367.273744678659
5518,4366.5695610101175,4370.4341788834645,12.49535656105114,4375.022826981014
5597,4496.110918169383,4500.44460162975,11.803352672689568,4505.591219499546
5598,4497.923029377718,4502.281405794764,10.272768191183324,4507.387296693515
5604,4502.36594428736,4506.413934703701,11.525773172315445,4511.20335452802
5615,4569.673593594224,4573.596819749697,13.044173479293722,4578.088697238788
5454,4615.264693158339,4619.201848591296,12.191374084424845,4624.286294145108
5667,4628.149690107219,4632.476824231972,15.361108677916583,4636.1670413476395
5605,4642.445706635754,4645.632165507143,15.5181333339231,4649.364684923769
5532,4834.279647478262,4838.2530634322375,11.894626680116303,4842.953151448628
5601,4836.646897578726,4840.206846400324,12.403862974741795,4845.265710816452
5440,4842.788164663031,4847.115965715832,10.845126583655288,4852.412183811858
5614,4967.632818370952,4972.144439224813,11.540447187028825,4977.455678316979
5595,5036.306666435404,5040.608452157826,15.41585328694948,5044.384495247733
5651,5105.671829641316,5109.5449154515045,13.409183499844243,5114.12369878504
5589,5129.245662207419,5133.525692305878,11.752976008461461,5173.862198875321
5572,5243.413627362105,5247.291216069589,12.051115365792018,5251.881356428468
5432,5310.62688528902,5315.0927192714125,10.643541378833786,5320.45059855116
5636,5385.413205035257,5389.380108231853,12.140492212633676,5394.290284173899
5610,5511.932440203379,5516.270131891296,12.189731019023917,5520.891982743033
7579,5515.998006347718,5520.407888471202,10.283440644044425,5526.158400913563
7609,5580.236431684054,5584.00529142851,16.218058268870212,5587.6804045928875
7652,5582.371220508081,5586.312967664864,14.002086160712992,5590.495439789464
7614,5584.433604057045,5588.295431820508,12.830941665395821,5592.751535088871
7578,5586.540193246135,5590.267336188987,13.263640310489492,5594.5528002691035
7603,5652.717509372906,5656.4142788984345,13.530374690514584,5660.561306136763
7601,5665.033866070578,5668.509275891014,14.538805987862812,5672.669238128116
7445,5700.434328842552,5704.114132892531,13.914102495940682,5715.197141430569
7530,5806.022503730134,5809.337685861165,14.334381722816541,5814.472732830907
7638,5854.029769912512,5858.510948046857,10.930350797235539,5863.751400944117
7637,5855.891766914453,5860.335375927149,11.200108390972787,5865.616480011016
7440,5857.747631303361,5862.2719201405,11.072557131129969,5867.525710057893
7660,5874.9404281263905,5879.337083745111,10.773663093732676,5885.448115139257
7567,5922.208060275134,5926.20911989261,12.2832554327302,5931.135889339221
7620,6123.380513669141,6127.57795842787,12.059879039079082,6132.551686554346
7559,6146.052662486163,6150.41076146355,10.934235932800398,6156.288914793087
7632,6147.919000856907,6152.229839247384,11.699789001881744,6194.070057343842
7611,6191.844023680129,6195.5213208121595,13.870310551032986,6207.875818434157
7571,6343.022063302961,6347.014536629942,11.840812490649649,6351.872938731051
7556,6395.719910308052,6400.416924739051,10.648186165513435,6406.051616302817
7625,6462.659992299333,6467.185715833213,10.707165376065154,6472.477652404197
7448,6633.739866396525,6638.033942159478,12.062959911606685,6643.525869085829
7569,6668.129234964859,6672.517448390749,11.866886090547773,6677.20499159977
7553,6686.790295334943,6691.343384271655,10.45329760642286,6697.499099215777
7592,6736.083319657448,6740.300253592386,12.677390910726546,6744.776462426955
7629,6738.374402299327,6743.004929515109,10.362920308459906,6748.570927435252
7544,6805.538698742415,6810.073506306367,11.207114718094363,6815.280863489214
7599,6822.1836370292485,6826.438505179801,11.358693085293629,6832.307580266191
7605,6823.947626041811,6828.188005860798,11.737539179237821,6871.289127534627
7606,6939.410795455965,6943.554869362043,12.299383494316288,6948.228641256873
7594,6941.2472318241225,6945.297529034834,12.664013764861366,6950.521264943707
7610,7007.95059069833,7012.097212388536,14.071128107815918,7016.207956848936
7582,7010.01806463198,7014.1151347348405,12.49300577288841,7018.819066022651
7547,7223.2424395001735,7227.067406315044,13.328205621069074,7231.559988142176
7540,7233.045462498704,7237.532497764343,10.828335433697573,7243.497871527373
7587,7281.706275433945,7286.099023260846,11.09264128901107,7291.273115530223
7422,7357.350867681193,7361.097570224303,13.509356866462237,7365.410194202719
