998,160.34125788682235,162.42894460610367,10.527337672017465,164.500017635391
1589,166.74057134362246,168.12493549443903,12.267882985746953,170.56040858618877
494,180.45086385590827,182.46294499007232,10.694503402633558,185.32712566677807
470,387.06900128100483,388.6105541373239,13.554176763215386,390.16879421778026
1430,478.6880290927092,480.3952859049885,11.974849170604585,482.1629770841072
1591,514.2132087764513,516.0076910835596,12.028222739264173,517.8007813991156
1429,532.295737576188,534.3113645809608,9.858776708862507,536.3814047463899
995,534.7630550209536,536.5221811943825,11.096502584936797,538.9920019533753
783,619.3128888827074,621.1230512181623,12.262737416718187,622.78198429743
76,747.7688712224884,749.3893470850991,12.643753325384615,751.0097450529883
1271,818.4285198281374,820.4195406477663,10.384396395792152,822.3302030688563
1014,879.4369240325116,881.1654290857027,12.238394351841293,882.8951156894714
475,888.3407028444176,890.1258014726403,12.16768443360163,892.7263439438644
509,921.1953874002413,923.25335517751,12.919017233602998,924.8642005024878
481,998.2023674740749,999.6456900900522,14.414319596040674,1001.1002560726405
1261,1000.85061927672,1002.5604126845869,12.20631556826916,1004.2608094285416
1610,1057.1179785094776,1059.2555091484487,10.163250825613465,1061.3725091147055
1605,1156.8495254706581,1158.4080402945908,13.58440837024344,1159.9189079597243
489,1237.3867407074122,1239.4431636322238,12.24161765761547,1241.1508067585542
1029,1324.668120258912,1326.4679674785193,11.535006896239953,1328.2771112085004
667,1343.027497276461,1345.0526625283817,9.797996965021568,1347.7809793957572
684,1520.9475721110018,1522.5075554716807,13.169150545372043,1524.0697472801348
1265,1542.4616546049315,1544.2958331013842,10.510431485071708,1546.2524876255527
1031,1584.6572105407358,1586.3318024671742,12.590084420014414,1587.9286965862746
86,1721.5494053187815,1723.009631708307,14.9349382193563,1724.4031485449595
483,1802.3274827749826,1804.1351440446197,12.226611343218494,1805.8089669978403
480,1862.917553889781,1864.4799810174945,14.102971123453436,1866.007494652262
1592,2047.5051208377017,2049.308021038672,12.50060372303138,2051.0096270383547
1425,2083.5318338291495,2085.208158510282,13.322472144828732,2086.7758416741362
2670,2149.1975715424096,2151.196284636462,11.208763774259989,2153.0433922817742
1422,2202.9073554815545,2204.409764092945,13.911300870292648,2205.982210071495
2671,2323.995395441285,2325.5821032182375,13.812526184812059,2327.081356005767
3602,2493.5162569094778,2495.225835028651,12.756870849259663,2496.8827984238424
2508,2674.356827493608,2676.107950936201,12.496050954527009,2677.755929478129
3594,2681.2801434753005,2683.1058961013196,11.44778370662403,2685.5475569601817
2485,2798.3742610875893,2800.059358732953,13.257739847024816,2801.6795532870847
3862,2860.1372800291697,2862.1193716280777,10.246694990182277,2864.071959769887
3601,2877.735372013277,2879.37315844776,13.253587439857586,2881.3258850668158
3274,3160.521571370812,3162.317959342664,10.952402174339163,3164.1835398747517
3012,3292.918325760763,3294.324857513644,15.617098715944943,3295.67463053494
3599,3573.6984952027997,3575.3140548609053,12.69677664626328,3576.9348940324476
3040,3577.419068063094,3579.169173396947,11.669765336257926,3581.6962162792242
2785,3583.820099439392,3585.4675606866613,11.126171475085762,3605.001799120012
3430,3608.365395534506,3610.3252197740194,9.255104443484745,3612.745604716504
2216,3621.590848704987,3623.397545465097,11.429597150298859,3625.1983513996906
3428,3797.5159380993946,3799.1669222344735,13.63828674183617,3800.731539663248
2227,3878.101864606977,3879.4769333650415,15.393937760484798,3880.8408221897953
5002,4022.1444442540005,4023.545838867618,14.325230633001908,4024.96496096494
5030,4040.427596214846,4042.1488981014786,11.330003808063802,4044.7023650216215
4516,4048.243980072473,4050.1278838289068,8.77575594489899,4055.4708547273076
5043,4116.213825158562,4118.014519839801,11.666509105115566,4119.749802330191
5593,4128.619662462268,4130.128794191695,11.495538508441696,4132.757699961975
5611,4205.606488668664,4207.351165097856,12.4569421278825,4209.005107621432
4483,4238.742313682565,4240.363886288344,13.11069331234708,4241.925820685295
5599,4372.727447044247,4374.4683917905295,11.911626036585535,4376.168921158813
4496,4403.814106553511,4405.335366477891,13.296994478757174,4407.725295578181
5275,4439.655148420319,4441.445344591604,12.358041921641862,4443.224053810153
4224,4508.05951539511,4509.330867218537,15.812547670636953,4510.629930882557
5027,4553.234461894143,4555.174462006811,10.799923195916174,4557.1222088875775
4488,4598.517336508383,4600.2114241037025,12.757341364679883,4601.83358722936
5276,4688.358682289656,4690.09015449552,12.00880112773247,4691.8135727593635
4221,4701.661984635937,4703.243200175164,13.82869985685078,4704.79725281525
5035,4749.079224652058,4751.211933328691,9.694336819815922,4753.340604516834
5605,4751.11126604112,4753.238643540807,9.475523706709977,4755.288504422708
5020,5275.999254067376,5278.039051570756,10.671887160073187,5280.004470001218
4659,5301.408761513486,5303.334483732633,10.15555759522213,5315.201516375786
5273,5321.645667847419,5323.081124636289,14.987883694329375,5324.485086870394
4777,5387.195952790335,5389.098116147666,12.529248186483633,5390.723865220733
4481,5494.1213578359875,5496.055619966656,11.326027311354203,5497.966658678585
5422,5513.705834788405,5515.085409725281,15.305386969135744,5516.474632820736
6511,5581.446805482568,5583.263463950744,13.146071297403179,5584.823290735124
6525,5664.1962615229595,5666.0661447388875,11.351126152802024,5668.68857417405
6516,5736.422441029227,5738.39247291523,11.757356567650108,5740.19320661317
6662,5840.16404029459,5842.215615886032,10.13865650121266,5844.237464995041
5430,5861.492257917777,5863.2197855005725,12.717552151066316,5864.867211890466
7423,5873.903243819497,5875.336044144447,14.220256345821031,5876.774084145301
6671,5924.955386095362,5926.596414523477,12.975085615142428,5928.211519420751
6093,5947.838306981826,5949.228790997181,14.843288882412367,5950.642612986135
6480,6038.407988143806,6040.039414614156,13.516031873056194,6041.563646920967
6494,6069.583826572624,6071.348064883165,11.638499607966635,6073.139738365731
7593,6093.768603740875,6095.491054164847,12.382823427392381,6097.171352810371
6518,6197.852732528534,6199.547288873146,12.529788917049414,6201.2034274384305
7030,6262.476541446142,6264.07929705927,13.47864408064614,6265.658141105453
7000,6264.690970359281,6266.337670999646,12.493146832485634,6267.914336183908
7010,6266.469306836163,6268.099068690641,11.77513266956512,6270.585946458122
7013,6364.748921064959,6366.516692911946,12.389858342733024,6368.2318471305125
7435,6376.229365819578,6377.646029720318,14.898566644560505,6379.002330505557
6500,6480.401291272885,6482.280286927827,12.470628853173006,6483.954462755486
6089,6488.0005033561765,6489.370012308963,15.15275710401915,6490.777991300245
7044,6539.9617122901,6541.231350184616,16.575009855049235,6542.506207818109
7854,6546.605582873722,6548.40169823776,11.874167552999781,6550.759715049118
7277,6669.330209600347,6671.19394577881,11.510931793134676,6673.046617071113
6682,6746.342604172242,6748.28348115655,11.486839634081996,6750.101952166514
7592,6900.552157570166,6902.155758908823,13.680203350326519,6903.688088039207
7424,6944.743265006206,6946.401810693263,12.063004406968828,6948.093134519793
7864,6992.755295278715,6994.3828152921305,12.405889117691332,6996.061227014382
7599,7084.450047449943,7086.22916597546,11.843346771268953,7087.956178065109
7605,7086.224586235084,7088.007462520442,11.525262998863166,7089.727823709987
6504,7174.3820705547605,7176.273095542006,12.930025648002582,7177.812960923338
7274,7300.816392618719,7303.0860547466855,10.185119518886287,7305.187690890086
7430,7393.579786821114,7395.119312959092,14.195400615046323,7396.593745853087
