890,151.80055252066725,159.01947153677295,13.294014415150281,167.01664798549774
624,154.540332621436,161.30263039986556,13.805252468933224,182.87781373478825
599,211.4252231193879,218.32304578241195,12.691243002134229,226.3194337844913
862,231.19385555890017,237.56809737232138,13.250337333571963,274.5800803194797
655,267.2639817819353,273.60435368082665,13.798785586235914,280.23383454896356
611,328.42285803416644,335.0025385629614,14.202845962812017,342.54290448273167
619,336.5585812385809,345.2472806478009,10.043588190316932,363.17495840408725
604,353.38923983481294,361.3977483916163,10.418714812871254,369.9446073154721
565,386.3243973957897,393.4790091194493,11.526804184699321,411.0
908,436.1626922148907,443.25926834497784,11.509493776456052,458.6414053921419
606,445.7251448907309,454.18159564486933,10.838671873212549,463.1933596488174
614,448.61577351484357,456.23423106279307,11.028364799945566,465.01973381972056
615,453.5517970395152,460.331941998552,11.174180312917413,468.58932962182706
572,484.3299413666192,490.55024012952265,15.520165792840812,514.0
603,510.5608811055746,518.1735756879635,13.105815628524569,525.9725931805466
623,593.0959288412893,601.0610851336689,11.845027329276268,635.4826801766394
589,691.3972090673832,698.2500362471964,12.7104650508249,706.3867458801595
634,780.5651834512995,787.3921179475105,12.782896528681515,800.8209564326681
857,811.5259179488627,818.5590103911424,12.133303520162816,826.2009937973338
602,870.3171870916011,877.292917462832,12.556331039596099,885.514416710855
630,873.2278577020089,880.1550800358284,13.071715975799755,904.3542448178551
612,971.5363298680556,978.3177509395135,13.085252991994718,992.7694080135592
600,989.4381057687793,996.1519837920118,12.924177755602202,1003.1371254535343
878,1059.284373131173,1067.0028680184403,11.079477051884597,1076.4247497666572
581,1062.357156355326,1069.3540589310344,11.808866974787302,1083.1047699032122
910,1132.3547244621607,1139.3304240946275,12.542564486393081,1147.5747514960337
590,1135.7160273456993,1143.3757816289692,11.737669385818364,1173.1351935521616
559,1255.559640737422,1263.0138289361978,12.972210845734287,1270.2177472698206
583,1314.4899879509726,1322.5048906626994,11.361506272580062,1342.0
643,1332.4618172613016,1339.131984400189,12.83174381026841,1361.375592606404
563,1356.3048316828663,1364.1721518235736,11.58534351315303,1372.3440817317296
596,1423.430538737678,1430.4336269822284,11.970395042756401,1456.1233228445171
595,1426.313365113367,1433.1403399937524,12.020702324740133,1458.7421985008034
618,1439.552933873365,1447.3456122061175,11.567735716318333,1465.1453948816131
620,1442.3857084497424,1449.3676602370622,12.340394057618568,1468.1979410613826
580,1489.0732507533392,1496.481607973978,12.365554337906527,1516.0
625,1554.4391038133626,1561.4444648591484,12.201621525341066,1569.943352149904
649,1593.3378384699663,1600.2072994121336,13.026061072740138,1625.5255750852102
588,1596.5148944500781,1603.1032753914515,13.97622566630223,1627.907643496874
839,1649.4795243963913,1656.5669796006418,12.14820767786488,1673.9696732804744
576,1717.4275261934076,1724.2950007131515,12.531014268360448,1731.4035169559581
556,1759.8639059347288,1768.0211091574358,11.286467962063417,1784.0
609,1776.3024098899214,1783.0993359336396,12.405056112765273,1806.5508499565742
637,1857.4999694981104,1865.1310013865761,10.384496139046117,1894.2397227560416
652,1926.4547247871458,1934.3548201063195,12.735178353708822,1942.488054756273
635,1956.466388301296,1963.5734070984404,12.935878603802077,1987.8709596617061
2906,1959.3472547244774,1967.288743622262,10.309224802407833,1990.495834834334
2822,1967.9362279829525,1975.186548920759,11.777759967692017,1994.0170462703088
2595,1970.4339234106405,1978.0431207188424,11.123786880377285,1995.8756358332762
2871,2076.4485692701705,2083.1396149595553,14.330364404359225,2089.781196087878
2640,2095.2296427624483,2101.5805052746196,13.577581919621329,2108.4877167672316
2632,2131.63168303013,2140.2251951375574,10.445332868969635,2162.7943342944664
2857,2136.4197257946007,2144.189700472054,9.506644197481931,2165.2806085421785
2585,2144.672091241793,2151.3068144274,13.850177848866945,2172.211047539691
2638,2147.6293029437193,2154.506905367468,13.026467755443013,2173.9710969627067
2893,2152.337757261153,2160.1910051271884,11.091866169601238,2177.870417093543
2845,2264.5151810560983,2270.6510105870025,14.448846905711216,2276.914687940203
2820,2492.523682533136,2499.1832304323984,14.203632238649194,2518.0
2842,2556.4062959404064,2564.352090541923,10.690443462541515,2579.0
2577,2649.4496683173593,2656.447532522969,12.342915976508971,2675.0
2827,2670.5139173811144,2677.5014601307225,12.672078453394368,2703.2055551197946
2614,2682.353878142417,2688.602829401316,14.569907842178631,2705.601814605629
2584,2685.4801211778467,2692.0564634542407,14.352266357454168,2707.962581440183
2846,2706.7276309849453,2714.0657696047806,11.827810467901132,2721.789407692465
2564,2758.467411128793,2765.0502921315633,13.072045063859038,2796.3094059097057
2637,2860.364500556984,2867.240546134345,12.219570857397931,2883.2020423801205
2587,2866.2680835922097,2872.1828852578246,14.271568639017099,2885.630784043392
2578,2906.2467300426288,2912.3234640639857,14.536146249614847,2918.5978061174433
2615,2940.437082566694,2948.228667086578,10.593086649947434,2964.99450808961
2570,2960.486652608691,2968.2515005781925,10.968862454323041,2976.4010275820565
2552,2971.28272809985,2978.27877203472,12.221645596162688,2985.746317977745
2874,2973.427242956083,2980.095263739204,11.816871328461426,2987.469120392581
2597,3021.533560513336,3030.013431614053,10.813529366152006,3039.363534034134
2586,3057.824139780888,3066.1872836648,11.067320308690308,3074.80954002778
2825,3092.828732735853,3100.4350251907854,11.181546032322595,3118.0
2573,3095.5067730624164,3102.520037670989,11.885277353191372,3120.337796308859
2649,3155.3392601914325,3162.0679952822743,12.72735649242256,3169.517034763318
2602,3178.4677261594384,3186.366978903647,10.504204013393991,3195.8386275878893
2611,3199.751982246924,3208.2131511423045,10.316247737071855,3246.851197205796
2652,3220.2846973359024,3227.050106803609,13.218167143428897,3249.3533136661663
2831,3404.6569415347017,3412.260408504949,10.785963300243562,3428.134805963695
2580,3465.241618978844,3472.238595744667,11.886505854013821,3491.0
2839,3485.302536906572,3492.055994726434,12.853946486356799,3500.1481963357783
2575,3515.445243504023,3522.009117654253,15.80124478251922,3527.880075132819
2579,3560.3982331898214,3568.255696450684,11.129876804990317,3586.0
2593,3574.500885133554,3581.3765444215096,13.515925477530052,3589.1109393203446
2852,3577.406985164689,3584.1202612650036,13.714053643305153,3603.0219334500807
2605,3594.4836311843196,3601.364827239101,14.019408312702945,3611.5395910324437
2568,3716.3185704490843,3723.3402435350813,11.917277456826888,3740.0
2634,3754.3634677687583,3761.3992993012516,11.770511886845584,3782.8316854395457
4570,3875.3405864167194,3882.4640262407747,13.145297712100227,3889.932069639275
4882,3877.3524057601567,3884.1531265388808,11.78994295583607,3891.655445835225
4627,3935.5502465512295,3944.0054543973015,10.046388616943904,3953.7333404361348
4617,3938.3219789359396,3946.0573625135717,10.461331336625912,3962.9513881094144
4854,3991.277980102635,3998.094792914906,13.13562873059168,4012.158386201282
4579,4051.4549182409296,4058.590228466632,13.016415278503075,4065.909543042987
4889,4062.387678612667,4069.0377072532365,13.20984830728645,4075.9436367488042
4647,4207.47464186086,4214.47991141219,12.610639406233,4235.862172973598
4569,4229.284394663877,4235.515627926048,13.364661627976536,4242.320492992704
4632,4288.517594815616,4295.641477864924,14.995066831162035,4302.992464695907
4633,4293.252246869506,4300.047384378548,12.032335969638707,4323.294307729548
4630,4296.370840936187,4303.5600321588445,11.765271398718461,4327.269852634351
4861,4393.725366929644,4400.1006159691615,14.259672318405949,4407.528833507581
4601,4471.368347873343,4478.230577291812,12.556070655724085,4505.86510675811
4561,4525.44840235115,4532.498942815351,12.385530853339066,4550.0
4615,4551.608639599991,4558.4741605049485,12.47403679661347,4566.666697656432
4828,4592.489281321625,4600.486271059095,11.205618824250323,4608.779554223092
4645,4594.50520751957,4602.3645929586155,10.861962752518632,4610.5391255365885
4613,4653.5821869963065,4661.442724060231,11.214179179197322,4683.19863745455
4553,4663.444616003213,4671.117923440683,10.681273229007504,4687.79229733533
4621,4774.381672298582,4781.211684519238,12.820597566714188,4788.158490127159
4865,4837.459100331424,4844.397140277064,12.060991844805756,4865.900482628512
4572,4886.297232236042,4893.380478765508,11.321615658472123,4914.0
4646,4889.234579390304,4896.0577765860735,11.888360695815042,4916.43615721182
4652,4901.413944073656,4908.165250221422,13.186123333777077,4954.567982035107
4556,5020.440224465011,5028.233039639584,11.687314866065794,5036.497608135984
4629,5027.464778622879,5034.1857693985785,12.256975024193329,5043.150042572946
4875,5035.484706887952,5043.07685285054,11.155251114710635,5051.13077714238
4635,5157.653981918774,5164.3854268289015,14.430103182973962,5171.824136583907
4637,5197.5800218625245,5204.491268200206,12.125344961779145,5234.851171958625
4912,5253.421867641932,5261.156095294467,11.000648225590258,5270.347725446379
4614,5282.63941228931,5290.366798215344,11.325297980664017,5314.269912038399
4612,5311.285677746366,5318.529159565299,12.14930000635775,5327.446626971825
4581,5313.267635699165,5320.320461425439,10.507782998770615,5330.042722938212
4823,5429.345630950118,5436.060329765253,12.089203141699851,5460.0
4649,5462.304371606784,5469.070356783682,13.07504067428102,5493.072107758152
4609,5469.244484770293,5476.167345200101,12.198472975521135,5498.118006989629
4636,5509.39797553851,5516.1470884531,12.871508349504243,5523.29992186139
6831,5514.425542217013,5521.439072067647,12.741308023408406,5539.0
4562,5518.383970138908,5525.539019044869,11.720013716536968,5540.754752390113
6827,5553.667698658911,5561.427265245325,11.628939916543588,5586.198300726292
6570,5566.3573525303555,5574.098446781542,11.113337789663893,5597.236236490824
6658,5655.473331886712,5663.301136507387,12.158662374558252,5672.85469701595
6918,5738.388537496393,5745.467640174666,12.341157458291931,5770.1845934858575
6901,5791.448469024224,5798.2338817140735,13.018917241180434,5806.225326508676
6869,5793.290632437742,5800.170522716633,12.458956849539625,5853.3366371519905
6657,5905.599672474245,5912.194782949812,13.206684527096064,5942.787053939016
6840,5932.425380034112,5940.373214709329,12.33363297421125,5949.5532213664055
6849,5987.983580044835,5995.387847705943,13.953238454699648,6007.912534625995
6848,6044.361065623235,6052.176659845783,10.496569534250293,6060.603455537991
6644,6087.418989949524,6094.433264819232,15.486744044630221,6126.846294356947
6626,6181.454108044979,6189.468740867502,10.388686609856709,6213.110966249036
6623,6222.200758247916,6230.172349613159,10.551324847033875,6239.022851480004
6924,6276.321707694423,6284.481776755487,10.008864841807192,6307.799401942216
6637,6437.204449005951,6444.3133889329965,13.560454871000115,6451.994807286377
6922,6510.34280092547,6517.582722889477,12.026438781119031,6573.16731923574
6565,6570.574509316071,6577.386112868986,13.696841600460983,6584.101739059593
6622,6618.911068772691,6627.099622840374,10.7879831913993,6636.010600130668
6892,6648.457230326858,6655.056465329743,13.080024790526778,6669.362210099958
6830,6719.972704768986,6727.102982595297,14.684039246906456,6746.0
6656,6811.430488891198,6818.4678240452195,12.486819836084894,6826.506117132599
6595,6818.39554087249,6825.4804274158805,11.600300430749844,6845.519956677214
6593,6905.806342678924,6913.447897066406,12.493560345241535,6933.27786873089
6879,6956.893099154657,6964.303959481738,14.123835746744128,6984.0
6634,7055.3108557558235,7061.39455705792,15.069875586023779,7068.57571306722
6614,7150.19746213447,7157.274902571119,11.92238766454235,7165.901609190968
6885,7233.6976340892015,7241.4917013507475,10.723571374446944,7250.721635399296
6650,7272.582527243341,7280.267114491805,11.02058634713361,7298.543261442215
