1123,168.5552934082132,175.28314841616978,13.282090638034353,183.368624404997
1121,271.6081895660291,278.5074552206747,12.813122141153293,285.5085354977784
1113,301.8153255141935,309.56577694450937,12.220208755357616,318.51999898084154
1122,369.69855225553874,376.35494698744856,13.683129119416424,384.79821572637957
1106,472.61268291300945,479.33693798535967,13.603164088962178,486.167786702371
1096,523.1621977104769,530.3513422535639,12.292830118617573,537.8225493205941
823,556.790460251307,565.2935477808431,10.897154440609722,574.6500778513865
818,576.9788403593503,584.0539594212304,13.554788668559766,597.3929352424864
1089,666.1550095756012,673.4838236693303,13.264423937445052,680.8468794021494
821,936.7691281377699,943.5367315731869,13.940437190192235,950.1924905716569
1138,970.2283206593696,977.3743446222795,12.946271149007547,993.1636753560307
1086,1292.74796746383,1300.5638130101015,11.564338483602345,1309.9426248506786
1107,1348.4826394286824,1356.4806671120891,10.788171527844348,1365.8877210376381
1056,1538.9391876036818,1547.145544276541,11.291465855112746,1556.6052174759418
1141,1578.3546288759626,1585.006342694241,13.251474767864124,1591.7706408796719
1051,1742.6960634335794,1750.5152195977869,12.036495072876587,1759.3381820721966
1066,1759.44518570135,1766.207494215268,13.672995774855977,1785.305808505985
2863,2091.76951564433,2100.4464702401347,10.68362218921044,2114.9863106888242
3116,2207.129017394464,2214.3608267700893,12.985281573563677,2247.1289371573816
2867,2263.753090457571,2271.0031230182863,12.667727536688645,2279.9199020285337
3086,2429.082050340017,2436.1319277981656,13.216369418598218,2443.4785692531823
3119,2440.93284034591,2448.0110955513333,13.101802094015987,2455.3527822389333
2861,2453.1769939968754,2460.562398393815,12.634997562785406,2467.6798574019904
3092,2459.1300224011366,2466.361321016865,13.059717914465768,2474.675232382114
3176,2630.5342374839156,2638.032378865441,12.149398013687518,2645.861817074957
3066,2757.868974040797,2765.3608091432975,11.593594222918412,2773.239183602907
3170,2925.689145113962,2933.352051131291,11.471469437968196,2942.4420558813904
3076,2960.4581652105458,2969.254892401405,10.889445579777146,2978.1585256771755
3111,3016.741722559874,3023.391352559043,13.59578874273058,3039.5573632249657
3108,3068.6978514762004,3077.4408741727016,10.566047922979923,3087.7484485351024
3133,3520.5825359552446,3527.3378864946,13.65610001751233,3535.718394788822
5113,3779.8126428126493,3787.4176725342563,12.128398683955696,3795.969502155701
5141,3800.358307379496,3806.2468723129277,16.116366195222025,3831.388741693569
5149,3923.300249688419,3931.2249472146914,11.949751920631769,3940.8850439875255
5084,3931.0554624953415,3940.3491699455144,10.31391780229819,3963.1185387676423
5120,4021.48045810463,4028.2154637503527,13.144712506786492,4035.1909353849746
4826,4165.780684540729,4175.159963666469,9.97103538016385,4184.638776392599
5114,4210.397051499429,4217.015661774991,13.249036832506464,4227.335502822259
5184,4301.284678520067,4309.2859593933645,11.279767955923607,4317.429512560272
5080,4377.065447667503,4384.240079392042,12.331636037057512,4424.872875805693
5179,4547.751891127159,4555.328088065235,11.772000051468675,4563.093131626187
5169,4559.800320880582,4566.017427655275,13.996198073714664,4572.399019385666
5105,4734.739831797815,4743.006682367071,11.313144598052466,4751.995971391356
5125,4758.037161239587,4765.1364356216,13.075481875686338,4772.398303519425
5110,4926.887440652889,4935.258557807709,10.201178944305099,4944.864921634932
5071,4977.7409905472105,4985.281353045424,11.492498336958723,4993.973626251148
5127,5038.831558401774,5047.221486575949,11.51999473860534,5056.806516200219
4879,5065.570989652095,5073.369733873386,11.812879356601005,5085.448981705579
4873,5147.626362484145,5154.471363936431,13.948169102668425,5161.125518758927
5135,5181.88640294971,5188.089474350734,14.998116960060006,5196.209173478158
7156,5455.108897364286,5461.384698145057,14.383552057360616,5468.959075448935
7087,5630.001930907304,5637.082263011157,13.500019892234084,5645.785639001035
7089,5705.674918038392,5713.165358023579,12.77640010126157,5721.633996332165
7101,5719.413667426298,5728.122734781316,10.947993844071647,5745.671033373898
7146,5739.185419069903,5745.047675385973,16.132459913612376,5750.984406693149
6898,5779.66444033555,5787.451710936025,11.451134146195496,5796.385854007375
7110,5991.05140587084,5997.532591211332,14.147790369841378,6009.009464649629
7117,5995.742049099905,6004.007477552152,11.539125655478204,6012.478341291491
7097,6124.013671984681,6130.324208058561,14.331060715887778,6141.541552903388
7106,6138.96953872973,6146.089645963048,13.297662427470724,6153.214597155024
6859,6224.734269215362,6234.009296250479,9.504841353301945,6244.585384569674
6881,6322.237834659487,6330.555850379006,12.220291423819813,6339.64700694816
6844,6675.530039220216,6683.319737828171,11.137091917392848,6691.387893651374
7126,6699.982500514512,6708.458516521138,10.42731790818998,6717.808964714299
7144,6930.651070887321,6941.158155590383,8.48263685773028,6951.742198648094
6860,7033.83094103007,7042.1100993454875,11.055698567904445,7051.861327564709
6835,7039.991288691547,7048.221336035286,11.683215508768221,7065.7451846613085
