1118,1058.1586933354859,1067.5051011270332,11.650053559085771,1076.6134529766134
1653,1378.2838159321732,1386.322618629572,13.278557543371235,1394.8018950498833
1654,1775.7569315684786,1786.2788365523445,10.241125153432952,1797.8738115212182
3665,2045.5621025416842,2054.4359669793516,13.210030569355531,2064.7973375165766
3646,2385.544907694634,2394.247066079646,12.92078823647167,2404.232251344138
3678,2545.6244714191807,2554.2222446680303,12.377019836816014,2563.0500857872053
3132,3573.880855293366,3582.174552430847,13.514549262599143,3590.2684573556326
5698,4287.71638828565,4297.561433960357,11.877028396341036,4308.463634190213
5700,4708.70376755715,4716.613414150788,13.970948505854226,4725.901121669789
5652,5246.127922188183,5255.198612378519,11.994559195224923,5265.590544162397
7681,5650.560532928539,5658.326560350078,14.86701835840106,5666.86203223344
7699,6536.108492381816,6546.180463464917,10.574904415277182,6571.068595250706
7668,6955.5784368768045,6965.196849371214,12.14654879898558,6974.411182879012
