357,165.56488692109187,170.3483824240751,13.331347415858149,176.60635603549656
359,535.1574111232288,540.0870597569714,12.19638232862131,546.7388121962874
308,1055.5127534702658,1061.3154083515178,10.959693634841756,1067.6228164040035
338,1233.6495019149368,1239.0209250973796,12.350654374515198,1244.6544364528124
2308,2242.7098577703787,2247.374403808585,13.597269576207559,2253.617479214875
2400,2596.546894114279,2601.493571366149,13.301042216879775,2607.7186287022296
2353,2671.9452814791316,2676.3119429390463,14.228658889490006,2680.981072857436
4387,4305.536960994683,4310.345647597239,13.19656567209114,4317.193318075701
4366,4404.973286347912,4411.18140925305,9.975394262844166,4458.398925848477
4345,4675.637534452122,4680.584157815226,12.758952990878146,4686.729977961104
4357,5123.98773681259,5128.443842037119,14.155346562462553,5178.334865441375
6310,5822.425881789023,5827.312748938279,12.925818210590538,5832.508236361148
6361,5931.648018110743,5936.04418208454,14.15518148929186,5941.840258951285
6346,6382.583922205076,6387.148154297556,13.713896655453226,6392.976979917458
6408,6654.982717069611,6660.059922185628,13.389371463055298,6666.54887107823
6349,7012.863307690033,7017.453030789953,13.466287860064396,7024.149562905791
