357,498.8121271063117,503.4246433616171,12.982641539822419,507.5955149796804
604,502.99785744771276,508.02915050811447,11.125590823156184,512.9628973480959
606,590.9921419948146,596.0336853218244,10.807067497522207,601.6107124505746
353,1058.791773377633,1063.0480720006972,12.878248188798034,1067.3109861955231
354,1851.3171264786292,1856.0263217552379,11.664732254533742,1860.6966226024385
129,1875.0250423402174,1879.214861661278,12.736057198274315,1883.4066856557283
3313,1962.604993731667,1967.4979821339296,11.371519224115458,1972.553213026975
2124,2234.491318666442,2239.3061887740714,9.51075649441233,2244.4213152604148
2584,2846.5982648373542,2850.315303594187,13.960057417795372,2854.108998573735
2123,2864.633071220563,2869.288866552375,11.388372171843498,2874.086444775845
2591,2929.2186194657984,2933.378847333697,16.36457749025937,2936.60063332452
2360,3395.7864175065433,3400.342732013117,12.031971692816539,3404.9198231859527
2334,3402.171684805553,3407.0164050339863,10.231812569376398,3412.1086430064197
4352,4188.734348662242,4193.239543616095,13.977212821370735,4197.127804655064
4361,4377.287295402892,4382.217715033816,11.070196870163374,4387.167346260783
4128,4654.0926893452515,4658.111195056248,12.677055015916878,4662.19794771533
5318,4879.076358032217,4883.340651506415,11.87739417765121,4908.197116394482
7315,5499.526240512279,5503.524638848841,15.210713797197709,5508.924730190131
6350,5813.42166855224,5818.294598498144,11.072036761843918,5823.2219138770415
6133,6648.195039578412,6653.031868560028,11.584166128274688,6658.703923495976
6369,6978.704397947602,6983.296568249226,11.823134616656523,6987.749301094777
7317,7089.425271661286,7093.439328258351,13.851209036174312,7097.518955524665
