1452,84.09343807549322,88.46244864759706,12.839144108409151,93.16799426598513
1459,383.39906985367736,387.32072398443535,14.276789343716777,391.7416397894897
1704,410.51607496031306,415.1245650788666,13.621034102012183,418.50628975107134
1731,767.9449442950882,773.1263553612057,11.239014564736241,777.0391954812951
1712,770.3313511762594,775.0569593802235,11.521495243876162,778.9205494006819
1454,1039.0265358092831,1043.5918764734952,13.269559557403625,1046.9071923262177
1389,1195.9858603760072,1200.3791918099816,12.242590664008771,1204.9890172459363
1733,1490.7792455411004,1495.2449016107723,14.420181556965767,1498.5396647898954
1724,1578.1629583244253,1583.2640634198103,12.1113382639193,1587.2962619443222
1726,1580.3013227678225,1585.111201859661,11.42629176684148,1589.541394025895
1714,1760.9666346036447,1766.1994805690629,10.822925597108643,1770.5145725113678
1706,1763.0093824764315,1768.1611612966688,10.385005939776095,1772.3686403141412
1376,1835.7626724750749,1840.048324786663,12.83802420653023,1844.6235089904205
3455,1852.9113766061946,1857.098252723954,13.14353724011655,1860.4784222480814
3711,2297.9087088432634,2303.3578886429755,11.486265600820403,2307.4747532098886
3709,2657.95143913595,2663.2983168203327,10.683857822436611,2667.4863368765646
3378,2894.5812520942495,2898.6004472783534,12.987635912102093,2903.2040963266377
3377,2934.8984557671056,2939.2486866905533,12.581576649142418,2942.9452934359924
3718,3018.065490698528,3023.2179450900303,11.91031781387892,3027.1553770883984
3459,3583.991891019654,3588.401453086931,11.720643200317264,3592.159432270711
5737,3738.1953336966676,3743.1442736437607,11.613009458857412,3747.00526111336
5380,3974.2652157047173,3978.256600738258,13.461711534801076,3982.631116176754
5386,3976.096764583854,3980.077728537594,14.011695075242102,4008.4040311974945
5378,4338.964577313952,4343.533228029342,11.346139002721594,4368.239166718948
5468,4340.684451033663,4345.3574979736095,11.786310555655726,4370.668289320518
5463,4349.474159479245,4354.223595432264,11.18249664910159,4372.955905373775
5729,4366.815716438161,4371.541450335259,11.69667271183472,4375.336056193119
5466,4369.660330505659,4375.173847660786,10.760338964630673,4379.646547222521
5462,4863.915867580748,4869.470689890683,9.866365328787447,4874.650213303781
5388,4884.10702811763,4888.037809190974,14.328353235955811,4908.2979668917405
5458,4891.835370192729,4896.085822630121,12.068615078491781,4910.735585331064
5475,4907.95993607876,4912.639073691157,13.920942911584913,4915.938293639725
5725,4910.3126534537205,4915.045775817786,11.721578221766162,4918.811122135398
5712,5000.309474098844,5005.386987516224,10.937612870781269,5009.583521589424
5716,5088.316705495014,5093.0398087999865,14.395261869095917,5096.14438121919
5714,5090.555201089268,5095.002104392307,13.346195741739892,5098.339280570882
5459,5161.453274586753,5165.162741111288,14.805346816886999,5169.528174500089
5396,5325.2450279856885,5329.517907799846,12.584278061547725,5334.2283442340095
5721,5357.660681173304,5362.485065389845,13.4269852078446,5365.9060818818925
7715,5807.7869412712025,5812.305388701695,13.888094511068068,5815.52672023075
7383,5810.427825011601,5815.211244844908,12.422591931088258,5818.802838368535
7380,5875.5891362175225,5879.523640907322,14.083436102313996,5883.845081074099
7464,5988.747318805307,5993.3752567245465,13.422199615330598,5996.6547230178885
7384,6022.3794608402495,6026.324837029932,13.728352651480877,6030.606060769573
7367,6045.124298250473,6049.2978283155535,13.311705110525425,6078.308932031263
7457,6350.872125332657,6355.07774287529,12.834504087602006,6358.5748002314
7385,6404.892530005915,6409.06772449871,12.90497719654902,6413.383015964285
7468,6406.807857812881,6411.158947754594,12.63315378648488,6438.186815368789
7458,6427.287026666325,6432.054964718065,9.304575345641695,6444.77495903957
7373,6495.497820029219,6500.224734270718,11.052646059040404,6505.237896455737
7376,6554.245195625711,6558.362629039156,12.738710461072383,6561.87209111922
7366,6855.248600188118,6859.565487556589,12.100287451941881,6863.953233512427
7472,6859.816296745384,6863.377266708232,15.472071550947026,6888.343924567657
7456,6888.3448051424475,6893.057045132425,12.889811367349306,6896.749556173271
7736,6978.078583986338,6983.153648703316,12.580487726548888,6986.816891739981
7714,7158.088300323896,7163.191437072318,11.844590843440626,7167.266546953922
7369,7163.5547591086,7168.487862301835,10.637371329863347,7172.640787943722
7455,7225.474442687268,7229.4543708422025,13.859937635657671,7233.819663293534
