805,221.1141644875833,226.09237382939924,13.772193247204987,273.082191552298
1072,322.28321473996596,328.1752821252125,11.816208503664424,336.41359857724234
554,338.46458693740124,343.1560007618096,14.905981810617922,363.66804382413557
1066,657.733678748092,662.3299671123709,15.110155126433774,668.1071247168724
555,876.7450168606404,882.2663190522364,12.6267776107665,890.1391384552134
1075,1114.7502540838766,1119.5196371218651,13.889255315825642,1173.5679638435565
1061,1212.6911358784153,1219.1478543715302,11.244258720777056,1227.9775528098687
1895,1488.4259932950536,1494.1806576716879,11.867519222941686,1502.7362840180758
1052,1652.0686894609698,1657.4730259265011,13.006687476884466,1713.2771761803874
1078,1743.200329975107,1749.2386391110865,11.847368662827483,1757.8043214159634
1067,1780.3395953421054,1787.2713415886817,9.672682302035879,1805.8619847094235
808,1782.4301518435423,1789.2696684774664,10.894875020789014,1807.8974676681962
528,1883.4917083813166,1888.2139260722968,15.358443809776354,1893.9163195255376
1907,1945.9249994082502,1950.5897643979374,15.037642225572526,1985.7159900997058
2533,1954.0611214022827,1959.318864395769,12.64211850615597,1987.757060416534
2809,1986.2368113900532,1992.3952959695114,10.33551670985725,2000.0888048986264
3891,2031.8363415536207,2036.5819054651781,14.058145946662002,2073.2795065809264
2526,2124.2387894536846,2129.107515201879,13.43845376489403,2163.2369428709053
2814,2249.3942433374737,2255.5087611391164,11.423600973106668,2263.122467678281
3070,2295.322469746334,2300.362307589641,13.103400223155864,2307.9228839948255
3072,2375.225605586293,2381.4229875730302,11.426115285866118,2390.100976756386
2793,2422.0780004831513,2428.2197262969357,11.532080496692776,2436.247124978759
2548,2429.086544109134,2434.0268365164525,13.805982025102507,2440.083792613256
2810,2768.1677828342818,2774.4986222899897,11.282612534616447,2783.3476009666992
3059,2911.1898185900222,2915.3170379275084,16.1473536597432,2921.832430079265
3054,3090.1876461368806,3095.3637536815004,13.823266439505511,3102.922839294102
2528,3107.9965729642713,3113.580358368103,12.527853913291054,3153.146341724533
2787,3223.5572649914157,3228.2248700465684,14.98527645722209,3246.151965748177
2811,3227.047511898956,3232.422437447183,12.639760154709741,3248.365519751093
3918,3362.6554813531234,3368.2439990760104,12.69559838596161,3376.7823795283475
3060,3564.895379611638,3571.1885832104876,10.688135253793204,3603.5658784114435
2525,3566.682198922958,3573.108236927169,10.373688915646651,3605.832809830043
5058,3912.250341542712,3918.249542784212,11.81481176818025,3963.6267148383763
5905,3990.710724087771,3996.0221949878423,13.014270402251638,4003.723499276827
5897,4092.7198946713834,4098.455608782522,11.539603039421404,4106.795435573746
5069,4174.6802195213895,4180.202070850125,11.759303853933362,4233.408501869851
5078,4178.6478502977325,4184.397151637139,11.685248670692335,4235.743972717498
5066,4180.913909669562,4186.241361531955,12.992028991085105,4238.342045464024
5081,4260.917606529382,4266.549802021253,12.83160609507116,4274.883861580639
4524,4291.23039047582,4297.099237578492,11.859398288914326,4323.655173963017
4808,4364.92111911734,4372.0598536709895,9.16965516526543,4381.744990469224
4815,4469.461030706758,4475.462550105005,11.674401434337994,4484.062659237179
5088,4713.876705251796,4719.298740413413,12.52744138048628,4726.846948183027
5914,4823.092350757461,4829.354564883936,11.01493783388206,4866.548429101078
4792,4888.430998950522,4894.2809077476795,12.378841658185303,4902.7339142226165
5057,4897.0307074855,4902.5922830602485,12.92661418777846,4953.30722243061
5063,4901.6052384797895,4906.469679288041,14.24446799286332,4956.002897386294
5068,4983.07075071904,4988.145578591584,14.231187256884928,5043.703416980234
5900,5073.824696480815,5078.566816931626,14.526663495995036,5085.905630012872
5080,5276.418251146237,5281.277638850434,14.353796940021475,5288.7838327146155
5077,5340.923697972915,5346.0658058352965,13.738492670394566,5353.575580260885
4800,5431.117516006795,5437.367685095123,10.77790248944992,5447.113687261141
5060,5439.380789546373,5444.445398588383,13.56035574716497,5493.485982313528
5082,5446.268576522488,5452.232212014571,11.732250023219137,5496.266586038882
6789,5559.005139121445,5565.17348265461,10.835832354481058,5583.333826320824
6791,5639.787069659038,5645.075252265015,13.289501683030231,5675.646082398174
6555,5666.180432661317,5672.088130806832,11.16823942550654,5679.402985407229
7055,5697.909486512207,5702.449258659837,15.671096277574481,5708.180843324319
7078,5792.362225916612,5798.00292227762,12.323918159610312,5805.950581122308
7081,5974.082577307174,5979.603169488523,13.07147783617099,6033.968216323857
7919,5975.754740463487,5981.3583692592465,13.251359379078488,6036.748111125139
7077,6000.989336612495,6007.175720823527,10.699252699413792,6038.896245833092
7920,6064.650088654526,6070.446642533195,12.710331263756204,6123.1577204332825
6538,6090.260848338393,6095.317324347268,13.97865841869402,6125.637175308796
6543,6096.878429485725,6102.287068756129,12.8116448213474,6127.802407035251
6795,6146.617950326985,6151.608066081965,13.960404678378643,6157.956934435158
6818,6162.206979083198,6167.558796184269,13.010743731320032,6175.499068105866
6801,6388.767438040703,6394.352419061541,12.664395564754392,6401.214290657029
7061,6522.222711894207,6527.377030481726,12.911758123106354,6575.982790119882
6530,6568.0114242744185,6573.068264438238,13.880322440430284,6579.383487444236
6804,6879.531550113293,6885.321663762747,12.211767996062193,6893.8870823540765
7068,7140.263888129203,7145.599214530429,13.584980787501507,7153.086790557375
7063,7230.434273687586,7235.625392243469,13.356384593817848,7243.178814311013
