1961,42.0,47.52393555100621,11.303952951658653,54.70056357824235
1778,119.0,123.47921728273225,15.0142023131386,138.51527645035503
1813,133.0,137.52987342993111,14.406819689167488,142.98620126893886
1857,211.0,215.145452970659,15.912454625100635,228.21565915383408
1769,262.0,267.1410677602326,12.102531033970328,274.74687205204344
1832,268.0,273.06689592762854,11.919332431246206,318.2112870388765
1860,302.0,306.36795246672784,14.86790340815437,320.76572395702493
1836,312.0,317.1737262239326,12.667393821916988,323.5199664265369
1806,324.0,329.2668292234746,11.522153486110724,335.79737768275515
1998,413.0,418.1399582999947,11.394273345213493,424.79844838525196
1943,449.0,454.09954290871127,11.518204248143517,461.66985175827153
1874,471.0,476.00571747345344,12.17107863373784,498.48326606115455
1765,774.0,778.6208193332618,13.876233939068731,784.1973959487922
1839,813.0,818.4062090660701,12.082415459176325,825.9502018001979
1789,816.0,821.2648671829273,12.278772577715587,858.4155615228019
1997,909.0,914.4772470176763,11.640558623122862,950.417077287269
1921,995.0,1000.2573987885462,11.93236512531191,1007.8730717731888
1783,1026.0,1031.3902991210189,11.11667289351478,1038.8791157140233
1768,1221.0,1227.0341015522154,11.388973371507523,1233.7850618956177
1952,1232.0,1236.403926149202,14.054282577681121,1241.8226530344152
1992,1484.0,1489.5040579077477,11.166477044217734,1496.4747280017518
1969,1668.0,1673.1788739761644,12.235201584535547,1679.6877300093538
1993,1671.0,1675.510949178396,13.26374262712484,1681.6180205577175
1837,1739.0,1744.1781855041133,11.929461241884486,1751.7070057241897
3853,1803.0,1807.3563916449555,14.929071969778368,1813.9879117706396
3832,1901.0,1906.3383993623227,11.444001382335008,1914.3254226867523
3768,1916.0,1921.0586882197815,12.700508864239463,1938.6157548268768
3972,1945.0,1950.3942002871072,12.007253268717811,1957.2015000295532
3973,2088.0,2093.040351189316,12.447510798950239,2118.3810151258917
3847,2106.0,2110.5294572715243,14.68706845027768,2120.7417029375965
3785,2235.0,2240.1937955340804,11.839415304391528,2246.5307828072496
3762,2247.0,2251.6064422889367,13.600300043812837,2258.5090635208066
3943,2370.0,2375.071782501121,12.050492791507372,2382.701150626545
3942,2614.0,2618.620795766381,14.328450955578678,2625.6865454033327
3910,2814.0,2818.6055498388096,13.406797822734049,2838.8806214984147
3933,2899.0,2904.266347269596,12.071001559344287,2931.238241132271
3812,3001.0,3006.2079606835814,12.718299783470028,3013.6943647809067
3766,3088.0,3093.1007570559022,12.118145578351506,3100.7518865267666
3850,3230.0,3234.6027686228767,13.635287210611288,3241.49218957136
3833,3264.0,3269.254052591653,12.024091998836145,3290.5915374261563
3866,3269.0,3274.0394219253462,12.507799255821453,3293.0009909039163
3985,3479.0,3484.3224840020202,11.765986154255378,3491.0759559636
3823,3480.0,3486.093642329794,12.108731290848386,3492.932278627413
3940,3552.0,3556.4571986053897,14.494187982181508,3561.7826522040277
3795,3567.0,3572.370774083216,11.595066101265614,3579.02234388557
5950,3608.0,3613.490127066004,11.60897218314522,3621.8871479243426
5862,3695.0,3701.3562335042075,9.039296357903966,3709.9775911703155
5758,3797.183596395772,3802.196603722463,10.250392829659466,3810.497267006604
5979,4006.0,4010.579636254912,14.192472565782317,4015.9742877096464
5802,4287.0,4292.467681619376,11.583981851720088,4299.296860130374
5852,4361.0,4366.157040441203,11.80221912819624,4372.693398177863
5936,4568.0,4573.361580976835,10.790667635316453,4580.376073565397
5920,4619.0,4623.202038152039,15.297765400994729,4629.975427240538
5909,4740.0,4744.607705014056,13.739124480738827,4750.165210915297
5816,4829.0,4833.112753227992,15.81860570365485,4837.911765810869
5778,4840.0,4845.184007466952,11.665181738957987,4851.873497749281
5899,4881.0,4885.420388362228,14.899034813875717,4891.81331277704
5789,4953.0,4957.558179736137,13.534906984583275,4964.251848571631
5927,5077.0,5082.104138396676,11.78949912751007,5089.049085683672
5887,5125.0,5130.035204377158,12.164600488015854,5137.547017635712
5928,5382.0,5387.47587911836,11.831889872811404,5394.427305934836
5961,5383.0,5389.14163553317,11.400008954139023,5396.2576924267505
7950,5459.0,5464.294832848246,11.373518219532658,5470.832323468627
7792,5575.0,5579.633262566972,13.8902933316721,5587.021524158058
7780,5583.0,5588.3960806896,11.970603374824668,5628.397450950659
7849,5597.0,5601.615136220134,13.805248347517923,5631.0756045029075
7804,5784.0,5789.432983891552,11.67053801590094,5796.931097628231
7892,5856.0,5861.539074831083,10.859194494854616,5898.312394163855
7945,5866.0,5870.615337944056,14.293865997751007,5900.791196515047
7924,5970.0,5976.3867859816955,11.226569247205665,5992.769825063109
7788,6005.0,6009.1867559653665,15.618574450069385,6014.184062077558
7855,6035.0,6040.009716090154,13.12217112970659,6047.778128680064
7802,6057.0,6061.44962465046,14.942733780240262,6078.065747652793
7757,6419.0,6424.027908863391,12.101211008203453,6438.33833002061
7898,6424.0,6428.403041445768,14.609535318220752,6441.186607787725
7979,6491.0,6495.623045985725,13.533877000989982,6528.474916622437
7862,6581.0,6585.344614183448,14.847327484079415,6591.9139169717855
7991,6686.0,6691.43415325999,10.970986361862446,6699.283951270439
7789,6737.0,6742.091946805422,11.674541460837004,6749.963338582978
7841,6778.0,6783.122670071262,11.809991295382792,6800.793708214372
7787,6890.0,6895.146567497209,12.404098072093545,6901.728399238815
7882,6904.0,6908.090737218128,16.313100403317836,6912.892411705637
7761,6944.8791628551,6949.151118739675,12.709245491679747,6978.143555103318
7998,6963.0,6968.0206215741855,12.833343299442825,6980.6431187286835
7830,6975.0,6980.203351420473,12.68630119050985,6986.577777491731
7930,7136.0,7141.3132740421415,11.841547725320234,7158.379492827868
7813,7170.0,7175.17843741634,11.726883254288069,7181.713203044866
