1472,187.75606192227067,191.44130944777095,14.983547044326254,195.13292233878266
1313,869.8874552690731,874.2306482058025,11.29135902607575,879.8883204946751
1314,874.9905452787445,878.5770350756178,13.499343929969822,903.1585790867723
344,1053.3193198030758,1057.063022635228,11.988808011402368,1083.4628490940381
127,1061.0291354190947,1064.1829337817253,14.547510164120173,1086.2371129840735
354,1163.3846976167558,1167.5313483501998,11.596448593879892,1176.2462663102976
1312,1218.4067766819412,1222.5562114388524,12.357373208975046,1227.8859604674772
125,1588.058236696808,1591.3524517423612,13.972567644418774,1596.721302857911
1356,1803.1257156831982,1807.5799597646374,12.922428274237868,1811.8519016595058
343,1858.7234993334148,1862.2920264736877,13.213269173610175,1868.128439048355
3349,1927.4345193570614,1931.3562698787487,11.238909036056087,1936.7854826908394
360,2061.042129560962,2065.515748283827,10.369617511883853,2073.609326311569
2125,2128.666216404505,2132.355875312863,13.20291043567424,2137.9071227092486
2335,2398.9145463489167,2402.6079798138258,13.009515914981638,2407.8878277735953
2126,2693.0681004950675,2697.413540632686,11.127783137128198,2702.4870702259054
3347,2705.5965666725488,2709.3211949092547,13.226289802020084,2713.5593232309466
2345,2757.782977427254,2761.191764915774,14.382426561782014,2766.082136062402
2127,2956.2598643082074,2960.2050006535956,12.435476161422345,2965.7020365066724
2348,3302.0887953788297,3306.108356063516,11.915820736440082,3337.0523432336518
2362,3316.6801013604827,3320.170024867911,12.99148886516683,3339.8467903827086
2333,3409.744438788415,3413.3649964594324,12.215181953254385,3418.9774467081415
2349,3750.3902134796604,3754.354466213947,11.848213939817754,3759.914478069831
5497,3783.222722556356,3787.49866885876,13.076500942291942,3791.6273652394107
2363,3852.996802603858,3856.436662877886,14.03959947517366,3873.526692728564
4124,3857.6504649302033,3861.400234214238,12.551196863586677,3875.8755085434536
4344,3932.8519639173337,3937.4253208286223,10.683250015037956,3943.8327871840734
4343,4108.833623318386,4112.525706369793,12.728535867520115,4117.794510662737
4339,4122.15570253996,4125.507608808063,14.52683190195543,4143.020930053776
5499,4172.152207618222,4175.444006245192,13.83376194543314,4180.748700525208
5361,4266.70998248658,4271.061987433231,10.87507899272613,4276.786956661179
5369,4625.339224308949,4629.495612771098,11.574651317887852,4635.555752016502
5317,4654.9078643083385,4658.349060099504,13.207297154028296,4683.725750783143
5319,4728.576409860564,4732.61352483575,13.303416445578904,4737.7354308238155
4347,5103.161395365554,5107.372317886828,11.545593915630944,5113.3372058355
4351,5204.449650140442,5208.137943209465,12.432182968957942,5213.82765687091
5316,5268.837148400776,5273.32502880892,10.61519694221878,5279.080035159707
4130,5369.280869007134,5373.111940411524,12.728104561021981,5378.77567500339
7354,5683.174572189653,5686.433879280139,14.489812868071605,5690.168937563981
6364,5823.558309988151,5827.516302832853,12.11940922684283,5832.808539130882
6130,5929.355631448826,5933.314109718997,13.400992278951403,5943.553500749042
7490,5945.251183675995,5949.289089245167,11.756338442743198,5953.64767917473
6362,5998.656690156571,6002.083693272297,13.752122108097948,6007.324018305793
7310,6198.1851092211955,6201.484235404509,14.137011426768314,6206.924600012646
6360,6270.842873068122,6275.154871641578,11.209051291800328,6280.983001182797
6347,6463.112683098152,6466.61698126587,13.350703410313814,6486.139172751551
7314,6708.684121283066,6713.020031583501,11.550827340776467,6718.683775432259
7309,6903.146355083495,6906.494572252654,13.495364494856965,6936.881622086917
7341,6937.381367161649,6942.418058772312,9.201274041857273,6948.13166298215
6131,7158.639432473617,7163.13227377665,10.551466333164967,7169.412225807598
6371,7172.166187103757,7176.532140638048,11.13798180528304,7205.905137316783
7311,7190.559158211835,7194.340879847802,12.040159764695618,7208.16899771271
6357,7368.647978537665,7372.5471374608705,12.23080398186846,7383.356312303433
6363,7440.134428165768,7444.212758359684,11.364623880219659,7473.4187592706785
