497,71.9442922275538,75.52349269760707,14.901424099688786,79.08048767530134
501,190.39582350833706,194.5470605437574,12.487460324680335,199.81266679240494
689,281.5987287886712,286.32356177225404,11.073681128367134,291.8852004766146
523,455.46052585335855,459.09270260751043,14.415164635495307,463.7943474320833
780,462.49918327366044,467.39487972689625,11.507441261029658,498.32603292724855
513,606.5767043900398,611.0376263939555,11.549107791424621,615.4591492879746
474,789.9094752529801,794.3237332566939,11.996470807073045,798.6808188337969
487,803.1299619152843,807.376409187118,11.963711427826977,812.8709313997343
506,1131.2356461214158,1135.2000831625385,12.642588881208455,1139.1251185847318
781,1628.0033795281784,1632.4139569437634,10.767028161027827,1668.6488576810223
671,1805.7694687166531,1810.0250279810746,11.804196108406327,1815.875759916578
2502,2077.2126500440354,2081.04083826525,12.834745431783046,2085.909988896894
2506,2346.163282941919,2350.253584743134,12.713048768090218,2355.9668723771665
2467,2667.288305220407,2671.4620101567125,11.991794741858463,2675.6438915530834
2495,2760.9547896629533,2765.4817658927473,11.749419770805842,2769.98505035528
2781,2807.862367833402,2813.1422547419616,9.132069496423362,2838.425752676171
2507,3113.1276419232636,3117.291469730876,12.406654367425224,3121.453378075904
2674,3155.594490470875,3159.1220083271414,14.80539574410252,3163.736106400447
2766,3273.6323511156384,3278.043981139574,12.078010017973869,3288.27086937481
2482,3473.444338804517,3478.2905323263562,10.916369207479843,3483.2765676621007
4514,3695.8152565273026,3699.317076773284,15.143453362021244,3738.2215459435006
4521,3911.4944758054367,3915.5882426946555,12.915045026657435,3921.130504859589
4493,4031.2657798164832,4035.362307831034,13.298878579855064,4039.492526334485
4499,4055.7245664030656,4059.5882496299687,13.05723660330955,4064.8892122442053
4492,4286.81251156786,4291.177443445435,11.762743794313865,4295.585533816947
4771,4445.086906838658,4449.152493905274,12.130854321232826,4458.41505600237
4680,4899.772891580977,4903.454109352902,14.034712089864987,4907.17069061556
4487,5001.337076719008,5005.076548987901,14.27795248983939,5008.779767862871
4508,5316.200553638031,5320.20570684203,12.85512817039646,5325.155048103254
6474,5568.038085257836,5572.485287988756,12.12515532337366,5577.82620032937
6501,5610.5756436661095,5614.110577494263,14.933192953099878,5628.498771325144
6786,6037.383911562662,6041.4568974553795,12.307842995105032,6046.9852155227645
6508,6248.124065831708,6252.268160203153,12.832290525194384,6258.466800651214
6677,6397.962635042438,6402.1710151050975,12.687335835925829,6407.819746209646
6772,6403.74713937553,6408.399975748778,10.82493442171039,6438.428525615462
6473,6710.581665536607,6714.007162924131,15.384878561976677,6717.394782502099
