895,188.02769999339773,193.09383007997675,12.547082833409563,197.60245048696308
1341,314.86828753105044,319.46288409622116,12.891781194305867,323.5911120366438
175,325.5769252447772,331.01467720859506,11.708872186462248,335.8891403199064
631,327.9071896674031,333.16364134183914,10.980128312940872,337.9259205117171
645,329.80442496885206,335.0537122005711,11.96745799344881,339.73738356015053
393,394.7890274988367,399.60223625794396,13.129260016117637,403.63674987473956
1204,441.46744130548257,447.0522037495401,10.239084001609534,452.30805097044026
923,463.29108916608067,469.26140545959373,10.215788928609811,474.79258227898833
176,469.88025443890933,475.0784750674269,11.161245214096663,480.6310878341857
181,745.0873655226084,749.5592431664769,12.937150526584682,754.040957269442
892,879.234648619654,884.0347792597028,12.023833349367976,888.4194769800363
1203,936.9380728601984,941.4686341986435,13.210597277679838,945.5452234189703
20,946.295596457131,951.1997652525903,12.972998163787704,955.6015367790659
178,948.6275763425381,954.0404804472647,12.047234798510445,958.8142713808428
411,952.3135310761868,957.5825686180917,12.272372500372466,962.4790012807214
430,1086.825396694308,1092.1657876669296,11.706544357076693,1097.1001157544472
899,1222.5255479071368,1227.5497970952676,12.613438924099786,1232.0901973836617
669,1291.4728210920227,1296.2270530889336,13.0307596341706,1300.3760427332277
412,1293.5246475974222,1298.5646779897165,12.026206219980256,1303.1714924316793
624,1427.839559505642,1432.3892164311092,13.429695658092964,1436.560526128166
3,1636.5030766330574,1641.2071775738605,13.487772526060922,1645.1974924173926
192,1638.3430160485088,1643.3592477424525,11.842731200662776,1648.0344176108015
4,1659.0682814933416,1664.2434338243736,13.840167845445645,1668.1685831052139
1214,1680.3602839521648,1685.403071402327,11.57067588830651,1690.066161151398
179,1715.5192024059147,1721.0354226305742,10.64148289676956,1725.8915227639502
1334,1797.046071599607,1802.1875162218785,12.931662621274587,1806.2791204604669
679,1845.6491929012134,1850.3375343987227,13.183092459683193,1854.8752339796035
1194,1866.2397776550833,1871.5979870083936,12.476245720649827,1875.8718413278964
157,1912.523246793072,1917.532867762082,12.671849373169973,1922.0437772873552
165,1981.4540956705846,1986.073861817612,14.917749381349196,1989.9484986347816
2676,2130.8264073528067,2135.0197998157555,14.225214111429523,2138.8174450128363
2901,2326.130801462608,2331.357028819655,11.730307118680702,2336.029664191921
2627,2328.269008066398,2333.180818270256,12.421313753081586,2337.803776967094
2162,2339.285633807129,2345.0777674015712,10.874374026757923,2350.324448454968
3201,2376.7271301108244,2381.172440849741,13.393509219385527,2385.3895198110386
2157,2401.4688291688853,2407.4796871643503,9.733065208859351,2413.2473596486016
2007,2524.7820781028176,2529.0581257419894,14.64628286526752,2532.985730146545
2167,2606.7325667158348,2612.4464090265437,10.726894473164176,2617.57687484261
2869,2671.5785874853386,2676.5285177903443,12.927026940659598,2680.613553630223
2172,2673.5929238039384,2679.2809396489592,10.72981245056459,2684.5519214183714
2026,2683.2716675532706,2688.491621717505,11.239468561518088,2693.0712643882816
2188,2686.923066279753,2692.0503900249955,12.020629980888033,2696.7204378138717
2915,2740.239368333069,2745.0289889795076,12.692860002219092,2749.325206906532
2649,2809.8579601925017,2814.2931594338324,15.478814615213148,2817.8968711053467
3187,2852.524245887649,2857.354926195589,13.062665905157836,2861.6792607623597
2175,2878.131176391675,2883.044507561876,12.212268597638127,2887.508117917133
2166,2880.382274989319,2885.4180382439577,12.380973434586448,2890.051804494119
2021,2882.2699696012296,2887.2618906603516,12.459190385540593,2891.894217167428
2136,2921.007873376832,2925.558552368561,13.39046825729862,2929.8439170821584
2010,2951.838864586751,2956.214183628744,14.667793211963334,2960.0815503786553
2902,3016.527338976533,3022.146863927549,10.669301137397676,3027.384873592629
2622,3099.6786269683844,3104.4121777331757,12.779750115476752,3108.765360984329
3192,3276.2627350762195,3280.436296612362,14.609028063871717,3284.3263418666847
2917,3365.772683731353,3371.0621411549764,11.623561268344174,3375.95520386027
2851,3430.2531609049183,3435.222668498782,11.847717331690964,3439.7564616955983
3190,3545.9713561304666,3550.4072174330176,13.174262507657282,3554.4897899175076
3186,3554.411916085484,3559.1309943424485,12.869633962522965,3563.478138908794
2378,3570.4177446010303,3575.5468053879918,11.875203031009907,3580.0963114277383
2173,3574.3540666624267,3579.2312900609895,12.870478467881485,3583.660587843028
2002,3610.869707318767,3615.5040549026485,12.185023656365583,3619.8338204633405
4919,3779.8183663147547,3784.4853558470404,13.102315109060786,3788.8646771881818
4158,3844.624108990161,3849.3193526807036,14.603123623880602,3853.1217571786356
2176,3846.958549894805,3852.1162807345754,11.581697323363093,3856.8886716617617
4666,3991.817097090091,3997.4686779789154,11.07132619821845,4002.4812835808393
4893,4053.7991936286517,4058.344568698269,13.582992116568732,4062.473273881437
4149,4073.9172282988834,4079.320754390213,12.173345258738728,4083.9257287377227
4179,4125.933369030203,4131.166718473588,11.492737396707764,4136.022597715488
4425,4189.3918258747835,4194.542270971962,11.74825608685798,4199.250581517101
4192,4193.46816141564,4198.319103773184,11.442276671975467,4202.886262785062
4874,4394.795716904364,4399.4967849386,13.632729993475722,4403.683453270866
4438,4465.498557922335,4470.113741928046,14.792465927604901,4473.886516747412
4164,4475.330521462205,4480.486200156622,12.04791834535666,4485.6891039432185
4904,4534.816366258626,4539.524426712465,14.731279030707038,4543.326251930847
4150,4542.643437855528,4547.377514025454,11.447434700890655,4551.794612261732
4180,4609.927347784656,4615.4253906456415,12.51737404577739,4620.435226368048
5193,4721.6571334997725,4726.057336374065,12.879608911964874,4730.211102665873
4157,4741.576777987522,4748.410319988401,9.249096694342171,4754.573970967476
4440,4887.048310951143,4892.506566593008,10.70542856992392,4897.759965597562
4152,4973.411847783133,4978.497387579171,13.294938393828364,4982.63210464574
4646,5094.185756190301,5099.258116862851,10.880207546047163,5104.164082490008
4167,5155.328613039209,5160.033961962169,13.258904208521555,5164.162627117009
4019,5161.748041195105,5167.230444204339,10.433559972218061,5172.363241344945
4639,5163.816806436967,5169.1381567844,10.669121572667878,5174.238935306324
4899,5169.875917503757,5175.082983175533,10.815759727352662,5179.855955655505
4885,5171.746315905059,5177.007024427283,12.176389178111675,5181.638417508153
4014,5299.835018348554,5304.351801288695,13.50158872084719,5308.429970832248
4392,5303.249833839142,5308.230499253282,12.068622255626495,5312.849965714414
5195,5353.788634492107,5359.247249626009,11.030846612409388,5364.240671870336
5207,5385.451729912458,5391.286733847726,11.349011083180226,5396.367969623386
4187,5435.186137313064,5440.286564465415,12.572357831410223,5444.764287776402
4439,5437.312408602397,5442.499798092375,11.65721234860001,5447.035192151667
5212,5477.04697917831,5481.452400599539,13.511178615974393,5485.399852927394
5190,5478.859185909834,5483.391586248647,13.153782281671782,5487.531931969922
4165,5502.507493381491,5507.071411614828,13.404785594324482,5511.157193466932
4176,5571.592534869153,5577.107863331879,10.890043737326234,5582.294416851284
7191,5616.052658450281,5620.298544967949,14.36347827440697,5624.099169856003
7189,5622.544434277773,5627.460554061114,12.834683141770036,5632.018687348012
4188,5640.598244568703,5645.150095431609,13.1131136544584,5649.608575223353
6907,5642.537402380388,5647.111979379322,12.990888833749748,5651.332544459051
6886,5644.305293843253,5649.424692799975,11.699599448522674,5654.18246362514
6657,5709.190057378095,5714.333066843418,11.19825727263407,5719.013202993484
6915,5711.333590785724,5717.164822007141,10.833338971549592,5722.291499701633
6908,5713.5110939211145,5719.081446496947,10.20841135955994,5724.248288044788
6194,5776.393056632007,5781.51909256958,12.27949006906025,5786.204108677769
6903,5914.806385432586,5919.5026155955375,13.993577235883823,5923.462335028682
6896,5917.053225543682,5922.158357651752,12.346275339650802,5926.57670476911
6137,5919.810598898323,5925.071333413003,11.582471141663865,5929.775093636166
7211,5936.9006149013,5942.0612031391065,12.351132993110065,5946.386528060013
6406,6052.539748927297,6057.523270768669,13.06728502973534,6061.921914406398
6192,6054.8610465215725,6060.397763008502,10.793580050098544,6065.492666752307
6175,6056.805463390964,6062.3976778104625,10.155013450506628,6067.676638882303
6184,6064.739022666957,6071.039000630981,10.134190138465598,6076.90700330696
6156,6121.70472082577,6126.608489130222,13.025797710032688,6130.836287099135
6378,6123.561099116949,6128.3866045843315,13.002495033925438,6132.574583690862
6433,6275.455000629628,6280.109747737959,12.919714634028878,6284.3155837189515
7203,6447.435704015717,6454.197122547817,8.575519535401442,6460.3178494584445
6140,6472.98085830131,6478.473041737813,11.224416088370507,6483.499413337504
6905,6535.6701238986625,6540.500149139039,13.747583104851541,6544.591152919997
6684,6539.672806834608,6545.380442106325,10.66614702816283,6550.447963442243
6662,6541.524358124895,6547.21084429661,11.603867137096477,6552.308916057716
6027,6548.357222910694,6553.133883140174,10.622393100831179,6558.046006821731
6167,6604.131154914363,6608.611294906225,14.42630284953122,6612.48045349707
6651,6742.388233720927,6748.443623748793,10.12760712365473,6754.111221539831
6647,6744.371295645239,6750.353979223207,9.59813717521285,6756.027124396987
6166,6746.350950935996,6752.264367087705,9.766359064786187,6758.087402283034
6658,6813.14042207601,6818.530389736437,11.667523029789919,6823.544608304242
6183,6815.0213019148,6820.364256160824,10.722823688915616,6825.346684286341
6155,6931.195853172508,6935.59553137107,13.671586924072887,6939.599817181887
6919,6953.899390992137,6959.360503438897,11.111312952720809,6964.343218793392
6875,6955.827160441935,6961.2448756490885,11.00617259630568,6966.172713938585
6172,7020.1152352733,7025.025374522909,11.92540850188068,7029.505754701745
6632,7022.2936115503635,7028.185873876722,10.341976831116657,7033.501086049443
6898,7024.1925956012665,7030.1068565003025,10.46204963671534,7035.428530335904
6917,7087.049396706888,7092.364075507743,12.12978720757,7097.178701728303
6691,7091.127712311054,7096.119090991299,10.783063971402013,7100.816441199757
6906,7103.055585870222,7107.4619922138045,12.961972828365358,7111.50106341986
6181,7225.88413097866,7231.212284916093,11.032500792605557,7235.9627923229145
6912,7227.902835540471,7233.011059849103,11.24272330532839,7237.767665860803
6191,7436.608587568254,7443.036636522463,9.856097007618406,7449.006281151898
6180,7499.702727066292,7503.68032156777,16.532868578779865,7507.059569142225
