717,183.6219027906084,187.38239084575375,11.424637584022854,190.73812770103717
1540,298.23675827599345,302.07917860686115,9.602283328826486,305.92475731106344
972,379.50034424725584,383.3046506272582,11.281838280155332,386.9570541457413
985,467.311397912862,470.0412795596063,14.435691036323336,472.83632656055113
996,555.5103041680961,558.1276657736644,14.00992280492614,560.850576252987
697,562.346748220424,565.3034276308532,13.139569765270007,568.2235882528115
798,633.4350778774401,636.6301453579011,15.453836838396947,639.3027044769995
1912,661.881475997458,665.376919429244,11.404284068650027,669.7334700408528
1526,665.2100712686988,668.1775226257507,13.47492023663224,723.4309826614597
1779,673.4942055381043,677.4292718498326,10.20440437981384,726.0115814409758
977,734.3936755168625,737.4716196263622,12.393188608355693,740.5607670792898
971,827.1251566622169,830.0128880515317,13.380757773385652,832.8825790571685
994,1091.1798715485986,1094.1640168449019,12.898620641595022,1097.208548683553
1801,1105.9989774350588,1109.4371251347945,11.682465595525835,1112.7502151550889
448,1112.290938143064,1115.2191541574882,12.635179952587482,1118.6245373064955
1790,1194.1932402916605,1197.234880881883,11.813791914627199,1200.3246521119727
693,1263.5870360077813,1267.1477496136467,11.835456834835018,1270.4996393488734
997,1293.035684824418,1296.3733058920689,12.721585530476867,1353.060739813424
984,1297.0802409412133,1299.5147222571052,15.65846586091542,1355.740947169144
455,1302.9794560775576,1306.16204335595,6.654763567735213,1360.3103309156133
716,1354.172951515081,1358.1208674129514,9.163999415348913,1362.2323868595024
975,1383.579664727592,1387.145570650873,11.17676610132711,1391.574979269735
962,1385.4331727594408,1389.0036870720714,11.598059032204846,1443.1315480245269
1773,1390.7846655258895,1394.0151779490284,12.04454463384863,1445.3890627706758
696,1544.970586287941,1548.0765404493504,12.008489828426756,1551.1625241171978
1796,1565.3572352709036,1568.3319583052435,12.936106197637546,1623.2852225008246
1769,1570.023584050638,1573.018029717338,12.620246216852667,1625.7016230571114
1534,1644.7536653447623,1647.4917351344773,13.56935902784582,1650.2898021450112
722,1715.4107146926042,1719.0535172268635,10.832529015627712,1722.6626007036796
966,1720.5273522810041,1723.390499278885,13.18057741072281,1726.3206313171697
993,1746.2180381109772,1749.2087396431152,13.3699068400324,1753.468986538339
453,1827.9534927188727,1831.4098006802444,11.185119348237958,1834.8118435019583
707,1893.5869375156835,1897.281177952364,11.242569137825102,1900.8156079456637
1789,1903.7619118117918,1906.6027299485609,14.164834681520011,1909.4057552334914
1802,1993.6107262572737,1996.5957796609534,12.9323854382008,1999.564038947311
721,2003.8546311439566,2007.2892359724708,11.518872386217032,2010.642358850507
1073,2013.2467805031483,2016.5149524066833,11.679117957434988,2020.915566420395
986,2014.9902758434905,2018.223119359048,12.336854303725831,2073.2508719655325
1788,2021.8922649354386,2026.1343770685153,8.80686637573542,2075.7041019498347
2727,2073.661891017207,2077.434170338933,11.5912291758565,2080.778585277961
2726,2343.6025125360075,2347.235884767512,14.997286497705957,2349.795122770739
2811,2357.983741852891,2361.183821248997,12.56507094222398,2364.332439461343
3764,2732.4590359712543,2735.338334043249,13.181136507797037,2738.832938647403
3917,2740.3654667056476,2743.4791947006242,12.779590383564239,2793.1898562918636
3794,2793.696643980918,2797.328553133475,12.776872537719953,2800.43088225482
2723,2795.841224010755,2799.165328493696,13.245277393649388,2802.259998663318
2957,2811.683165686386,2815.132933343153,10.767139265491881,2818.488012823434
3790,2832.8291938504176,2836.5239475994204,10.664663558105135,2841.098993831146
2703,2883.5597162958197,2887.1317122614014,12.007605434031815,2890.3841224299426
3511,2912.7625844603167,2915.367277178084,14.276826608133941,2919.0
3772,2997.090524340823,3000.0073361241757,13.949903401753746,3002.9215180197375
3759,3085.7023560420457,3089.1997723844156,12.476478082810836,3092.514086052907
3758,3087.5567742379358,3091.0654266113697,11.438247623971435,3094.413875016208
3776,3177.98462519959,3180.609772115616,14.542218674278613,3183.2236524682194
2695,3243.843478994576,3247.4526840048356,12.274754601056477,3250.6147961096485
2445,3273.139874783115,3276.290964860576,12.49917891319065,3280.4712759578747
2707,3337.4492916086415,3340.5380049783134,12.840656203667683,3343.5431800614506
3762,3356.3567526427473,3359.2473645188757,13.699497635734653,3362.215466285298
2979,3524.5784993309658,3527.4475128162876,13.615818325332985,3530.353836263322
2701,3526.465647169945,3529.4380721552197,13.00011516438438,3532.4268209768934
3779,3533.150743406696,3536.190062630787,12.788227229852204,3539.2255989481773
2991,3611.1860113860653,3614.126751336067,12.95162805196624,3617.1071294469466
2973,3626.7268509524483,3630.1661115521506,11.116947016283548,3633.562117014897
2968,3628.7350769010677,3632.042383035924,11.745742349761118,3635.33111800371
3918,3639.8177929866492,3643.3415679961213,10.6815515963201,3647.7856908691056
4443,3813.129859880403,3816.143592651148,12.451991674150937,3820.650516409262
4961,3908.900156500781,3912.019471914991,13.215955131127279,3916.5827653195415
5078,3990.291369953424,3993.32469953765,12.38732508490225,3996.4396031390415
4448,4077.6294215740027,4080.5554473799007,12.863997404962884,4083.404639953834
5792,4090.905569943091,4094.040153065213,12.464359055991272,4143.915795369459
5519,4143.858666709919,4147.546447202995,11.516192132960052,4151.07811702222
4727,4146.145966453697,4149.497136692543,12.30716831248318,4152.911788406177
4960,4258.153449883845,4261.436169157841,12.187139527163115,4264.761512380845
4972,4336.227831824357,4339.172970225614,13.6462506094222,4342.07461684544
4718,4513.896014864086,4517.012714662709,12.341533148980481,4520.189630516052
4726,4595.910919237138,4599.186642206759,11.505717253629577,4602.399442159131
4708,4612.622616390036,4616.053570173541,11.062922752132147,4619.568526658653
4454,4624.278995199239,4627.197275648861,12.965287359157221,4631.497993366138
4700,4773.588881937989,4777.148282677159,11.964025989315262,4780.412290513333
4992,4890.755174667818,4894.211219442936,9.710899628223292,4899.0
4982,4892.675784042073,4896.1917356649265,9.412923393685508,4953.061823377941
4802,5061.055305083672,5064.267849414392,12.384890725136168,5067.504443583524
5910,5070.020307057439,5073.285980532467,12.049263120346819,5076.516555148676
4199,5088.292126009852,5092.253942963707,12.018637112633723,5096.751285861001
5767,5143.253213395367,5146.353086710904,12.172428502895375,5149.436743940503
5788,5153.447663156335,5156.502423569193,12.998892112450735,5159.494908575618
5789,5250.623293707467,5254.1972336274475,11.059893493839887,5257.747966013895
5898,5348.614847484446,5351.156029382878,15.456037731460995,5354.891809712894
4716,5493.479541558824,5497.177988977955,11.998470932073978,5500.542390121778
5798,5526.160238278823,5529.047274343063,13.250600157310599,5532.8123246240475
6706,5585.663841904652,5589.053657622984,9.866506062649995,5592.735872292134
4966,5598.624525294099,5602.102503725922,11.672787298288153,5605.460715603619
6700,5603.508293048565,5606.443534852765,13.259752654814429,5609.433443158518
5787,5621.165904842563,5625.1473181692245,9.913497440060304,5629.816974391937
5784,5624.182058276817,5627.387822932569,10.028039817676234,5673.819670376361
7069,5683.570255307398,5687.1180789005175,10.949177413727872,5690.610047370616
6973,5695.858715590711,5699.313213803599,10.68609951652624,5702.8601424238
5793,5705.47894392929,5708.515982453832,12.486780996756375,5712.764447225315
7774,5714.005790282622,5717.448991430257,11.743140038092262,5763.414687156809
7770,5763.628595315823,5767.056338103056,12.900863988560571,5770.007319889512
6997,5787.2041410805095,5790.3683824767395,12.258021247134284,5793.566797599778
7788,5966.828107930641,5970.427475688835,11.257493198422468,5973.920384801078
7790,5972.5991677791135,5975.60484161593,13.161418862869604,5979.602109440495
6966,6059.5001168686,6063.057575054021,10.246212578303592,6066.686623440015
6967,6065.493275614981,6068.504917819291,12.212230828273102,6072.733892647557
6806,6125.569733855648,6129.025945394123,11.471734813736692,6132.337634546433
7908,6150.661747294658,6153.5103778955645,13.427588633768273,6156.434433274691
6702,6396.0630914257445,6399.2204938029645,13.47841417961396,6402.472679931925
7776,6428.268921308057,6431.396204726509,12.820405459587796,6483.64228077643
6708,6484.009329482342,6487.527708339769,11.671009889391033,6492.2222455868405
6204,6528.208458911806,6532.040035422657,11.355362946444924,6536.4168377027545
6732,6664.071971759211,6667.476726660886,12.480659382879539,6670.505629458625
7792,6674.324497905459,6677.573996859633,12.05768711303923,6680.792123767976
6962,6779.554948400825,6783.1264908114645,11.752687227803232,6786.559792103463
6724,6933.648216593949,6937.261912068794,11.710906714194518,6940.730048378051
6996,7038.668192624913,7042.064308985066,12.221129392551848,7045.31705955232
7791,7055.788530497366,7059.430417627907,10.33577717994793,7063.8574634145325
7796,7057.928676557081,7061.386543148719,11.16493201836507,7113.719467233315
7783,7060.97402820984,7064.389559456984,11.188916200786966,7115.975032478889
6456,7113.656310446015,7117.182947121903,13.89381505464588,7120.056445527372
6721,7203.7167779106385,7207.004395057827,12.364825047417026,7210.056326550003
6995,7395.1452330052825,7398.091308244676,13.85963486512461,7400.992429621216
7544,7417.271757903517,7420.062912137522,14.015735656849046,7423.817791755269
7782,7481.416837765154,7484.492904125897,12.30874676533994,7487.5209731984905
