1294,5.0,11.35772052717257,10.012993053735212,18.80699293333303
1190,114.0,119.37034912168058,13.231399593395963,125.404596971931
1332,207.0,213.06775287431068,10.736617947341658,221.50414954643526
1254,278.0,284.02136537643764,10.591420112921464,291.1008623562703
1216,312.0,317.29447908453216,13.194189300105844,365.8974686979252
1306,452.0,457.5645870522156,12.415914481170065,463.85368897817995
1224,466.0,470.643448113781,15.82952759353805,475.73537615850654
1316,490.0,495.45831090366676,12.565470093468601,502.8224817550407
1223,586.0,591.2363466738221,13.1135639534917,633.561294683227
1283,587.0,593.0808186421705,10.70590004892519,636.1902289030683
1328,773.0,779.176113916649,11.238513055415341,787.5590581139328
1215,880.0,884.4282438368587,16.587519632596006,903.4688961272434
1187,1023.0,1029.180746718676,11.194484854421622,1037.4947380727028
1295,1039.0,1044.454847613437,13.093056237708442,1083.474279121557
1259,1070.0,1075.5825594040518,12.234400186376378,1085.9035724574496
1280,1086.0,1091.3731791867833,12.198087550229888,1097.5147866562813
1302,1177.0,1184.116279814876,8.82650191248886,1192.5668260245277
1211,1404.0,1409.5173268765093,12.744692260382669,1416.8288762770198
1290,1539.0,1544.3242184612948,13.027074650894019,1550.3351859314964
1197,1577.0,1582.232866462117,12.84504012515933,1589.1251025483477
1206,1583.0,1588.4816263003945,12.121855940484167,1623.3064387622717
1297,1677.0,1682.2700264880484,13.463719791712235,1689.5156331365843
3329,1813.0,1818.2351794005128,13.94896733540942,1823.9616130474085
3317,1852.0,1858.0736791589645,11.038128572951862,1866.8644872328439
3257,1955.0,1960.208155400942,13.283037156405042,1967.587887170067
3241,1958.0,1964.1216992149111,11.036739818074983,1986.2435686129404
3255,1967.0,1972.4678087342322,12.457382250626594,1988.6195235603739
3288,1989.0,1994.3969966806549,12.427897371716588,2000.738520944031
3324,2047.0,2052.0933657666624,13.703080937803456,2059.3408507252143
3323,2084.0,2090.226177860657,10.452562226006116,2097.4154119833106
3201,2105.0,2110.5375731428385,12.538462178776886,2117.7641393683602
3333,2114.0,2120.202778222368,10.141145297082083,2163.330923540591
3265,2160.0,2165.5407933193205,12.168649155696972,2171.80423249295
3229,2402.0,2407.0874882312996,13.970328822858121,2433.0269032769916
3235,2463.0,2468.4778497236284,12.039717251695949,2475.727547420663
3282,2630.0,2635.2087870157748,13.352101034354959,2641.005282025847
3212,2635.0,2639.6693190846445,15.226869973504629,2644.8358586065865
3275,2719.0,2725.2993756846563,10.877343108471512,2732.7573507357993
3337,3208.0,3213.2290992106614,13.57534324475091,3220.4070290453596
3205,3253.0,3259.277630187424,10.934906744825962,3266.623822840533
3221,3469.0,3474.492292727492,12.612390212245376,3481.772344214875
3278,3483.0,3489.270822488195,10.342048124953495,3513.155336919609
3218,3512.0,3518.2987420839436,10.216521116232038,3525.713985046973
3330,3543.0,3548.080140752291,14.451115933905742,3554.799890368337
3287,3561.0,3566.4444736711444,12.778889876152567,3603.729171977933
3258,3583.0,3588.1451996379556,12.950038106755917,3606.243127767917
5289,3635.0,3640.595032327454,12.638595373216342,3647.897628567808
5281,3667.0,3672.5589991469874,12.295031210315143,3695.6557068542174
5252,3826.0,3831.1198851640484,13.622648231124174,3838.0843023073458
5275,4116.0,4121.140452745059,13.930646328345281,4127.9940653293115
5258,4136.0,4141.268591093123,12.934106307651351,4147.127491967248
5257,4288.0,4294.146006802384,10.34488664978454,4302.572669319476
5329,4300.0,4306.4267109284565,10.023069482027443,4323.147340464326
5306,4355.0,4360.213382782049,13.685782540339456,4367.149691026657
5203,4405.0,4410.4119999697805,12.682352052173124,4416.80829560457
5234,4433.0,4439.26278437102,11.287424621116628,4446.640045132091
5241,4453.0,4458.0359047961465,14.29158413090796,4503.650273088041
5266,4486.0,4491.346385099555,13.104913593189345,4506.210120898768
5256,4510.0,4515.435410753794,13.356161973259963,4521.467062474614
5291,4720.0,4725.094253725864,13.032330052134345,4732.450703408619
5269,4827.0,4832.366023978285,13.060317420215858,4839.856462143077
5199,4828.0,4834.171842122938,11.345415940402297,4863.656342380133
5328,4853.0,4859.105524006753,11.67241922158059,4866.674884540725
5197,4881.0,4887.090827135456,11.036193703131431,4894.0940934307455
5250,5106.0,5111.125375685849,12.967573947811427,5117.961419260829
5299,5171.0,5177.387169014419,10.306984871730346,5223.291354545672
5202,5182.0,5187.443770307612,13.215522776400139,5225.88351212695
5324,5194.0,5200.316234656188,10.449926285889733,5228.139048110548
5220,5215.0,5220.490432136925,12.145588300753442,5232.054627641318
5249,5254.0,5259.427960975371,12.955906312867402,5266.780323421375
5337,5259.0,5265.125370389733,11.127358747075988,5313.114892642709
5300,5355.0,5361.180148243522,11.220918919745591,5368.842825350269
5254,5397.0,5402.529557776725,12.264681098296235,5408.747433265101
7298,5644.0,5649.178879073297,13.23107861692508,5673.271715853995
7303,5699.0,5705.491348607514,10.595669369136845,5714.013578748806
7215,5822.0,5829.200253673429,9.167170721587926,5838.313824042968
7338,5839.0,5844.3120823919535,12.914773891883877,5853.330325087741
7275,6027.0,6032.39332917397,13.472491777606153,6038.474835351387
7323,6059.0,6064.142076118973,13.330291991125467,6070.992159345867
7312,6152.0,6156.636409508071,15.999993300440732,6162.911644395552
7306,6166.0,6172.1726333553315,10.303877265208929,6216.053204067275
7220,6180.0,6186.266676119217,10.805071603068606,6219.137256847113
7251,6201.0,6206.291097180299,13.833497821776236,6223.139025191035
7317,6241.0,6245.502577831017,15.520273879735267,6252.252754743424
7243,6706.0,6711.212067100418,13.288376608451582,6718.03251191918
7231,6886.0,6891.216931035204,13.710851775930534,6933.476953721265
7238,6950.0,6955.412404974411,12.839455181844114,6961.634575254173
7225,7200.0,7206.1437221781025,10.8276882809301,7213.410784940502
