1524,51.341290551346944,62.29313930986292,11.233012639223531,73.27337136141928
1528,53.33141001695136,64.32508185392656,11.587956808452752,75.20897972321006
1519,164.91883492613448,176.3780585912888,10.941014253478295,207.67578971693638
1540,331.3461648468885,339.65458822938484,15.684442436968387,353.19281938890435
1646,588.6824527616367,598.3520998420381,14.977468359161328,608.8443651215624
1556,678.5411854614608,689.0037320295118,12.413836941856394,699.3291851204103
1544,1089.7606746000215,1100.4051477274352,11.81704444747261,1110.8791064082143
1654,1132.788039621202,1144.0235319571477,10.94640510926132,1156.145057479046
1661,1146.7873804415378,1158.4148035037476,11.55476172375913,1169.8569952116877
1554,1175.7590842672744,1186.5124578199845,12.11442544447984,1198.5036333921412
1635,1668.3431445808258,1681.1481395158648,10.12807630127252,1694.5140849452487
1515,1670.7570591748572,1683.1229502849174,10.538358802116687,1703.213044039476
3568,1897.4335545536997,1908.1730879477234,11.883499803438301,1918.8340116192612
3520,2568.558567518955,2580.3456466691146,11.468841874443417,2591.7880743654177
3529,2748.5068426608555,2759.2911131064725,12.086531079267695,2770.890903477527
3671,2754.384698370944,2764.3638469219186,12.844348293091407,2794.0981378080846
3582,3065.907253723294,3075.5445655929943,13.657684168710476,3085.2134286854457
3550,3293.6464600149616,3306.1920008847565,9.650319967638364,3319.7793887716
3644,3381.245475228992,3391.376449466759,13.080759953825492,3401.3257774131926
5515,4193.774023457673,4204.140602092734,12.417880646657538,4215.291390644736
5643,4278.837303965643,4288.635472317084,13.739636805131356,4297.52616863117
5523,4295.810040289734,4305.348318943435,12.846426831280102,4316.3068560001775
5573,4563.295453885168,4573.495336974805,12.052380868850127,4583.686827624962
5651,4734.607805712089,4744.0446231440665,13.388871146644828,4754.828686248857
5546,4823.223080099554,4833.383507239926,12.533969584772775,4843.128438066921
5588,5135.852753828904,5146.395168410756,12.255676419887283,5157.708500100491
5530,5269.005920023258,5279.449468948137,13.495804588058062,5290.770229200894
5543,5271.085538116784,5281.1529000810915,13.3320776262356,5307.266457450789
5577,5382.71658975993,5393.2523031137625,12.523631071264711,5404.90116819005
7580,5502.865990577326,5512.559654414601,12.794470104235996,5522.258924597983
7549,5538.596088711141,5549.251844476226,12.784316098225599,5560.906351360787
7646,5637.517561469869,5648.577815842802,11.941212826416939,5659.212681150893
7535,6042.922718844726,6052.029480164806,14.155458719793463,6061.161608269689
7540,6124.104490837548,6134.125421610038,13.32710675175139,6143.810190634748
7642,6172.519903012357,6183.130239722649,12.418625892557547,6193.518028474537
7519,6291.95887855165,6303.486835493405,11.506406581223755,6315.957079232091
7643,6350.9878526610655,6363.343171890065,10.355182931347917,6377.337148359273
7515,6354.759310935849,6367.105661476738,9.502390084003522,6397.481985471313
7650,6622.990422289814,6633.191639016486,12.078599559215608,6667.1740889139965
7560,6805.92250742201,6816.522438618165,12.218427183372135,6826.704734942766
7666,7158.469870880241,7167.606118807486,15.703576661429999,7176.933727984436
