1086,48.59632982873281,52.57692041781571,13.855117132667061,56.096901775664655
1050,56.83486859534912,60.40827402808471,12.627259672499276,94.34969079987182
1913,128.70216061416417,132.26004930891696,12.827234835118327,135.73894613721052
1018,138.71198116300087,142.53809945035962,13.170061365468657,146.10482402902122
970,146.65348760590894,150.28185294265563,13.13778842947149,154.24929504223533
1048,159.66129106691645,163.3092765278182,12.442376828569472,184.41408377887467
1005,164.85927529010974,169.0987707456765,12.04258734859392,187.74549864050965
1862,202.45826589393045,206.14572123887024,12.604341822531714,209.81001950591184
1765,291.9262243161774,296.0777251444669,10.521913589462352,300.3391215292931
1044,324.49616197376974,328.56784966350295,12.039193398700759,332.7647053666186
1006,326.7012077016587,330.4023990916006,12.368548068301083,364.74555539065403
987,332.553995866539,336.2955118726586,12.886083134759138,367.83566094752484
1770,378.8235123049435,382.11474644024713,14.833256429042,385.2801075482492
1931,382.49518616082963,386.34426566112086,12.765529377785429,390.0810240440552
1777,384.29274175424945,388.09787303205735,12.670336663482544,391.7825188304479
992,413.04487283432866,416.24118052710486,16.980354319052562,419.3134680772712
1825,471.13030328087535,474.5926346618947,12.919995874791299,478.05379474504304
1025,499.3347137381608,503.3887135212773,13.104971574321702,506.94631061884127
1076,503.1677386876713,506.5685939556287,14.052241255804693,510.0482130343819
1041,505.17956180281936,509.3717100867427,10.846048860670484,513.825004612232
1802,565.0200010674963,569.4894054907506,11.076303054349404,573.9178532811138
1888,566.9267445287545,571.3501772520775,10.761525936340997,575.7711605201443
1870,654.6701653109643,658.2630918426045,13.150123488411385,661.8742461917587
959,679.036228111974,683.2356654925446,11.380069423020592,687.165944339134
1933,740.5799491574501,744.1287233966416,13.255926612449661,747.6141631914456
1045,770.6817177320296,775.1188760301578,11.232310502328675,779.4858715683223
988,774.9328049255358,779.2123772361348,11.82780101665532,783.6628406454778
1906,830.7921391254567,834.514212884202,12.315415748022852,838.1736332014758
1000,873.1017304900082,877.0209458106082,12.368587763093176,880.8357953873259
1773,922.4904986866042,926.1600325096452,13.01258615687199,929.7938755660581
1087,957.2764058839151,961.0411531900372,12.305122533692002,965.2692371130255
1796,1102.7150073713483,1107.1170265668518,10.845953373450655,1111.4836209686014
1791,1107.0188762682708,1111.0228672935843,12.873173611033142,1114.5504978592878
1808,1117.4188994156293,1121.3331305947888,12.504157606479364,1125.256396528027
973,1218.9226981275845,1223.324300037037,11.097908726379659,1227.5444001942178
1009,1221.4744176941201,1225.3493249155415,12.098474958915588,1229.5010241258346
1905,1283.506030802877,1287.4886227896127,12.190474732095327,1291.3886041531953
1769,1285.3747641110783,1289.306166897691,11.849386002824323,1293.260773997288
1785,1297.4819046190844,1301.0817698608553,12.869614712873016,1304.634315424405
1097,1309.1098628763918,1313.419461610754,12.65202802566534,1317.1276781726488
996,1313.2586126733108,1317.1883975263663,12.381307712753237,1321.2200339450937
1779,1373.07537809063,1376.3675178007413,14.996028116780762,1379.5232769773725
1893,1378.5031251055923,1382.2648383802862,12.337677665959484,1385.936106970298
1079,1405.7047664866661,1409.0412554350337,14.406170732800787,1412.2648403559233
1015,1489.157438372481,1493.132318431507,13.728493147401785,1496.5511760472643
991,1494.8329726180336,1498.2579092018784,14.708261539630623,1501.5455293418336
1013,1518.4695108184385,1523.3922448580547,9.385722321247934,1528.411686422063
1059,1520.5360129046073,1525.3032836306684,9.015238653733034,1534.2472205617034
964,1592.955589119364,1596.4470145669864,14.118886947954614,1628.2848967667194
1036,1671.455192523957,1675.308390880195,12.70271088105216,1679.383212707326
1094,1675.2955050823082,1679.5047574208033,11.221383147995285,1717.599332117723
1774,1738.2222706124235,1742.581141775828,12.765010482584985,1746.258281923607
1782,1740.4136071123296,1744.545197772645,12.15466769792822,1748.4033285470034
960,1760.4949888974786,1764.3810610902894,13.090672224134522,1767.8893214466575
1103,1762.4713904075536,1766.160672351747,13.28504241820346,1769.7480471542087
1033,1787.8228723013406,1792.2161067920445,11.18118325667123,1796.7826706879207
1874,1804.2696238155697,1809.0612926916951,9.280855751178697,1813.7493040417276
1756,1830.7660135771268,1834.4309098148933,12.230060544386738,1838.1949057317936
1904,1834.4032939828448,1838.4289091408705,11.730465574939892,1842.2754812770904
2978,1859.209281301389,1863.515708222765,11.19343059134781,1897.2806885114271
2994,1862.7162621140687,1866.2823148085822,12.98595069732305,1899.6152563549567
3057,1864.411112856422,1868.1048219929637,9.980817902432543,1901.8025554868798
3091,1866.4205602482434,1870.3820329318685,8.21165315231419,1904.0490402306034
3771,2002.916202291225,2006.3443584193403,13.445575390702336,2009.6340907105282
3795,2009.6172404534716,2014.0423354584577,10.86937089452369,2018.3257620249965
3784,2011.8638145675134,2016.04289620607,10.99821185634453,2020.2068532926128
2983,2032.5999294852536,2036.2575952914865,12.701997977437745,2039.8954450020558
3792,2074.2484305709286,2078.4996196322963,12.084367386657613,2082.371000982758
3941,2098.67521169433,2102.193217331855,13.595667619862713,2105.679748875694
3085,2118.542661017824,2122.4444359891036,12.945935737478434,2126.0451549743566
2981,2121.1464324906915,2125.184059516458,11.577433891668546,2129.0794305932154
3884,2127.418083770259,2131.2637930347128,11.791134176649212,2164.283766882082
3875,2131.3306651153434,2135.2830529123617,12.281033920548044,2167.3345962788894
3905,2183.06546049506,2186.5019230619287,12.977625166850535,2189.9314747080384
3786,2184.7159798298276,2188.2810470431864,13.058346134866932,2191.7204415722313
3767,2197.8489873413087,2201.441326397869,12.507662599625807,2205.0680124606224
3060,2213.4647292386885,2217.1215682952698,13.085660140700357,2254.0779260194727
3068,2217.7817899373886,2221.322458911456,13.978808703714915,2256.9975569534336
2986,2298.7521230363227,2302.59571823929,15.97513479728878,2305.4729104317944
3079,2302.6720759289956,2306.3930747426684,12.488771733955971,2310.811339340434
2993,2394.621693834342,2398.242591790593,12.559504416637402,2401.880365965451
3007,2400.8543990575854,2404.5011939051737,13.561581736663493,2408.4897404547482
2976,2416.7465062627552,2420.3420982679904,12.20500922334601,2438.108837319789
3866,2454.5407585930884,2459.25374042546,10.184954092844057,2463.867679957431
3811,2464.5135685253745,2468.156148776367,13.71593054894008,2471.632429070444
3806,2546.336968539566,2550.192452898734,12.580283108008718,2553.9141017930974
3072,2573.6312436592943,2578.091526078887,10.431153646567793,2582.451970164501
3092,2595.4133660151197,2599.283575744796,11.627152101881673,2603.114038673711
3076,2597.3211868066905,2601.186438180678,12.346093554897093,2605.4167457529147
3937,2639.461021353546,2643.4973969579396,13.169581345026991,2647.0460806238234
3056,2688.5850841749675,2692.319452781199,12.824562330555672,2696.2233540381544
3816,2728.4169466903013,2732.5284147091934,12.745114226714888,2735.924929669158
3789,2733.7720749143723,2738.1800062187203,11.627714065116983,2742.2497421046837
3911,2736.007979458698,2740.09781295599,11.982450855441197,2744.1899326151156
3798,2821.2509683131593,2825.360198915631,12.4908787441572,2829.453468065459
3775,2824.143180633127,2828.246447695098,10.729928800570057,2832.3097376576657
2958,2844.0708621833687,2848.084572829925,12.45980654522917,2852.046662748336
3773,2899.0427316725013,2902.4973461681457,14.046828772327384,2905.859441788961
3888,2903.9782633478762,2907.5099697151886,12.846741099557835,2911.0021251596427
3106,2932.596603364469,2936.5041054227136,12.377879212022487,2940.3766805127752
3047,2945.97538608104,2950.067292883179,11.488399414884478,2954.516683360634
3794,3080.791396834424,3084.592947449347,12.331477143870758,3088.290202096727
3825,3083.625622625406,3087.176079740615,12.889831529659952,3090.6790626097927
3874,3087.6752976406315,3091.3268733232244,13.411825581315044,3094.9181425819647
3765,3092.8885729121557,3097.181221216172,10.417438897781278,3101.4206229668966
3109,3115.036476396831,3119.1434168547735,12.352515893328027,3123.6439665414337
3102,3213.043578265472,3217.250421114861,11.185540614436112,3221.357864035917
2974,3226.267393377869,3230.3534869959235,11.427177639336465,3234.635518332976
2979,3228.0571759356626,3232.2300010981185,11.219373451974672,3244.6850043256036
3931,3269.961492075092,3273.4365754961,16.254544288190665,3276.341573505888
3030,3296.348395850004,3300.177318078787,12.090495808107915,3303.9599443379448
3928,3449.691497375565,3453.407348876135,13.00474852485265,3457.0887166669036
3036,3474.6458117288526,3478.497054389933,12.04198739019995,3482.640312108326
3780,3529.719852363512,3533.2222354295773,13.191099764436675,3536.7247015443395
3870,3540.3778612438987,3545.0332630402295,10.310073193459305,3549.713061416564
3769,3542.3327027804376,3547.0261129121054,9.399669113049304,3551.6547127972476
3770,3544.210083476454,3549.1064511032764,9.953151039732644,3553.5876165631266
2995,3558.6249758268614,3562.402106167589,14.713051606051662,3604.3904892898813
3040,3585.5889110956164,3589.5157828590354,12.352151008404498,3610.0159515842865
2967,3593.2332886635086,3597.085454920862,11.260195124072174,3612.163316412854
3885,3621.895732625724,3626.023283284377,11.270895783943883,3630.002707240856
3862,3652.2225043669214,3656.4893518330937,14.868066107432774,3660.3689970605706
5068,3654.509404430697,3658.4017904038137,14.291539180518743,3694.1850104717064
5782,3714.663295955357,3718.31045545803,13.718649402139652,3721.7080976687553
5006,3739.1986533013455,3743.354424277889,12.512883505755491,3747.1811974542375
5085,3744.5978793852623,3748.5234543360298,11.382907032861329,3752.503646836056
4970,3830.849778824737,3834.5350036328905,14.777705427895462,3837.891764399809
4999,3834.7372654566125,3838.5767146056387,12.348250197079002,3874.6723476175634
4975,3840.643895015578,3844.455343695039,11.866176935010003,3880.5182492616914
5002,3843.0556266930876,3847.5038305890525,10.732505207801164,3882.6140214403954
5888,3891.4102977456564,3895.081655859875,11.930332650898414,3898.7369146391015
5016,3918.711436021977,3923.369988662309,10.60458517114285,3927.61319982041
5060,3949.488193837293,3952.5930752956338,14.867626667526501,3955.8632191187694
5954,3988.3941583347287,3992.403284694696,11.375952254192244,3996.3326037587362
5778,3990.3260414824554,3994.2323081155932,11.824518139961159,3998.1433736385775
5023,4009.3753762273113,4014.017109764248,9.963631061890068,4018.4453482778376
5865,4011.752254346851,4016.2525959790974,10.35670673090252,4020.6285481217346
5893,4069.5824866793773,4073.0084372999418,13.166205041735271,4076.4755208556667
5032,4113.629554934509,4118.001695250195,10.725057274447895,4152.703131057459
5952,4162.074312286735,4166.221512438647,11.19747997124868,4170.310995614097
5001,4196.6385850435045,4200.171750848253,13.364789873027387,4204.23898600235
4978,4280.951381700675,4284.582459813876,14.216690549626772,4287.93039546188
4995,4284.697451437744,4288.567314436963,11.68566472597077,4292.5263278722805
5061,4288.542598930282,4292.230445288084,13.585327929603276,4296.280404789208
5047,4308.9238293710305,4313.180911364332,11.006390799097591,4327.948389671985
5089,4310.851347322463,4315.012839603607,10.70421759152435,4330.348002679679
4976,4369.147215203364,4373.362668676906,12.422689108004883,4377.155438147654
4983,4405.154380097762,4409.213174726541,11.914993741425658,4413.285364632116
5916,4525.590864439357,4530.151859449695,10.229601184099517,4534.749483882691
5800,4531.500948144349,4536.346344789382,9.323112549624938,4541.124495442375
5011,4558.00466979255,4561.333202749646,15.141781890949952,4594.704392866649
4988,4559.806057518297,4563.258875509683,13.65784273873325,4598.080445913199
5793,4613.134072805482,4616.507932059323,14.549139529885876,4619.755537724622
5054,4639.194342414893,4643.169507324385,13.759727871781768,4646.531245330898
5007,4650.344190232872,4654.174376070009,11.740224299803248,4657.973275529237
4981,4653.322127184562,4657.246871519944,12.151702186637943,4661.583046641802
5116,4729.04729051438,4733.059414883909,12.545452824683686,4736.888171663225
5064,4734.653569403234,4738.249487503426,12.778099711918713,4742.283628281406
5815,4792.284405976088,4796.447642302537,10.597081770923374,4800.6169108841295
5792,4794.101030220101,4798.225273765081,11.70147644806388,4802.464215223006
5899,4795.905862992148,4800.004534287338,9.433060683737569,4804.216827027888
5936,4799.986725629614,4804.509097450567,10.440881080682207,4808.6880833547475
5906,4803.798200273186,4808.173550224776,10.900461444476855,4812.374164909217
5775,4805.626373049143,4810.0294284723905,11.257589631057897,4814.35136005938
5066,4818.887580539988,4823.331467537,11.663719394134214,4827.690078815954
5858,4821.081447164862,4825.315214842013,11.296717606947066,4864.483981553615
5033,4837.8602006598185,4841.554112394801,12.259773310925512,4870.716372745967
5896,4887.946362439086,4892.424743879745,10.238389580832521,4896.895002481264
5829,4889.705762324431,4894.357024388028,10.0197753533441,4898.763505849588
5938,4891.677786164302,4896.320028651478,10.877726550051168,4900.609910320314
5883,4893.6963761369225,4898.2005712548735,10.817851951691903,4902.495919777171
5037,4908.473078785332,4912.339833424393,13.035008228297148,4916.386057401561
5856,4910.671634150946,4914.530661501107,12.6801337966191,4954.494261328861
5113,4913.189737507387,4917.528515976689,12.429045749691724,4957.833158806757
5884,4915.386419437777,4919.393285102206,12.2768465504184,4960.195814186612
5827,4977.825918788316,4981.600549133387,12.77031503688778,4985.180753566835
5036,5001.16362765275,5004.640511156578,15.143474144899516,5007.900743933013
5092,5002.978817028615,5006.2998142964325,14.139505532313587,5009.908050228613
5050,5089.088892757346,5093.241068258533,11.807984318909725,5097.543224189992
5022,5091.389456729115,5095.163669597029,12.720279408051963,5134.661846943801
5019,5093.3759280614795,5097.014512607863,12.270480953175786,5137.782940866916
5867,5155.9281649691,5161.211460053459,8.748456562442001,5166.334811165823
5785,5160.123100434615,5165.367835911144,9.780261632486956,5170.331277416333
5027,5180.709971345284,5184.301631209191,15.364302164156674,5187.558527500633
5869,5183.606404043499,5187.620652340037,14.087646733412685,5191.408494335992
5084,5185.703411207388,5189.342907140231,13.491241291928727,5224.315902220587
5063,5187.519554322087,5191.364789587883,12.334540794487301,5227.478369737259
5102,5191.318601348116,5195.526650836893,11.131988731787489,5232.081475936682
5770,5245.408735595634,5249.497428170065,11.793720193346946,5253.431265320658
5878,5273.612926282401,5277.593315060045,12.413308183013763,5281.845595539193
5013,5276.018939855941,5280.271803953436,11.810814337969573,5314.43502035945
5787,5330.610829352313,5334.203396847477,13.730720418710764,5337.639490691513
5765,5332.639236470641,5336.351723896177,13.359922961630035,5339.881987714039
5910,5343.677518476809,5347.41228822381,12.569124034107395,5351.123572502549
5791,5345.41422505437,5349.158446756969,12.76581552348597,5352.924368549729
4996,5368.333775625394,5372.007024203111,13.22877774080866,5410.263713190648
5887,5432.061339717348,5436.139740753035,12.034278641533371,5440.111749163196
7105,5450.999867702585,5455.125686909937,11.344600009014108,5459.566613402681
7110,5460.71084663506,5464.533305595119,11.739125704339825,5500.541098891774
6983,5643.135240183188,5647.517776695285,11.146498033498936,5651.862965304631
6960,5718.833963003659,5723.018248928258,11.070183442757097,5727.106698495689
7762,5784.37604516626,5788.009552871483,12.60911676273249,5791.6460891561555
6970,5808.901578036019,5813.30550510899,11.267820077368594,5817.419620622166
7008,5826.404617783213,5830.172315429447,11.900700054629173,5834.368773124493
7868,5873.840693093645,5878.260737449289,11.622957043420895,5882.224292538301
7019,5923.570032610839,5927.56876602443,12.03937836459026,5931.749636258157
7875,5961.580701593763,5965.426092305092,12.227570647239629,5969.183954775231
7864,5967.1027287575525,5971.457487831635,11.123807193761783,5975.757775850261
6985,5989.36551869567,5993.489089544072,13.963162992427199,5996.765833112212
7016,5995.323331094391,5999.225442585405,12.680685451025465,6003.539538332937
6982,5997.162357116899,6001.036973025018,12.537969455336498,6034.603589664477
7044,6001.1700506970765,6005.266546424732,11.848646882492664,6040.321074200303
7012,6002.925963675279,6007.0200331161695,8.018128464405384,6042.609692065542
7043,6004.88666516368,6009.214618477436,6.403379762790853,6044.5892132372
7867,6054.646447871368,6058.082072161578,13.482738198437868,6061.413957872667
7919,6056.7896605973965,6060.333286719827,13.336574714848895,6063.76409010914
6988,6078.664013941399,6082.594332327273,13.019702169056714,6086.1369522924015
7842,6084.527541817997,6089.357979941231,11.083024421591286,6093.851113485332
7069,6091.789963400087,6095.374025014035,15.465864376999164,6124.098503257592
7785,6140.977339162988,6144.564075924062,13.458071651257615,6147.832372015016
7022,6168.834758357205,6173.114295141614,11.209213593511919,6177.086534073852
7035,6205.1334794030345,6209.19593891561,11.683498966026734,6213.381485571015
6967,6268.904391304022,6272.448155577933,13.058452913122888,6276.589878202716
7768,6322.877527973437,6327.230655074704,10.874192495878633,6331.45526304089
7861,6348.554823200788,6352.504919131905,13.27335093401896,6355.812167849349
7782,6410.47140114567,6414.145214773023,13.214707971786526,6417.717648989598
7038,6544.32581007389,6548.239883358538,12.189462826515683,6551.9719602025325
7005,6546.087297489562,6550.045766058452,13.089935745275655,6553.853085457628
7880,6590.596905580577,6594.389768149211,12.145224736718182,6598.017722068124
7767,6601.054980961286,6605.290346569387,11.610264873819522,6609.382969688059
7773,6663.923933145112,6668.026908545107,12.363378654239112,6671.801491516233
6968,6722.140451990442,6725.6243158168145,13.607502054529698,6728.989846540424
7790,6780.490419000791,6784.325916208197,11.986225028626729,6787.973638164601
7862,6803.549877149224,6807.429362707537,14.834775490165852,6810.840927109042
7047,6815.099490361585,6819.482917107442,11.156237066365719,6844.235338224946
6998,6819.239240029161,6822.577193407189,15.501019431149247,6847.083068206572
7053,6823.744908118346,6828.18553795055,10.319364919818737,6849.633740860769
7892,6861.930100387198,6865.479595937842,13.650361741425458,6868.982913688463
7882,6958.088537722175,6962.400179857088,10.697654843203654,6966.585454381034
7772,6959.92622261331,6964.212298112777,10.521099742997103,6968.360484767595
7801,6961.68425569224,6966.065242521663,11.442595891283355,6970.18245605095
7037,6998.043330093164,7001.414191489136,13.729149641105103,7004.776320733174
7898,7043.942913109109,7047.325139007108,13.898483231626239,7050.61323125455
7111,7068.883975337156,7073.161606323333,12.33719664322721,7077.07103803411
7884,7071.52031719076,7075.357144910233,13.613211564754984,7079.148189340193
7057,7074.455105400022,7078.544784685775,12.42140566047368,7082.708804860344
7013,7096.775206510572,7101.166180847246,11.128782839844453,7114.869582583223
7899,7134.870571953397,7138.273186846246,13.285495391254058,7141.686524050265
7823,7219.636749232232,7223.1495789892915,13.037527988170066,7226.597581583227
7794,7227.387563943105,7230.341666955459,16.79693011783601,7233.125854939506
7084,7251.329664157291,7255.168382246556,12.909966206546006,7258.827853127226
7766,7311.273352947859,7315.286487771423,11.453007644848746,7319.287964540516
