1020,79.70194323798236,88.26263197201959,13.845588332155252,92.46210323122291
1814,208.94273736927315,216.64525433243458,14.369298037850973,221.5470280584442
1822,465.5234628875642,473.5842986987316,14.04179133473029,477.69409589825244
1006,499.3156686289419,508.14770226490907,13.737616403637967,543.4396609758581
1806,544.317133281929,553.0209988397124,14.180103322041376,557.2046034194789
1021,621.5825043960763,631.0166067996817,12.75665269728656,635.7162867549345
1019,679.3476621050773,689.3456413787866,11.887035529528937,695.1706525906885
740,681.2381614874618,691.0943008330993,11.749977815882154,723.3729482972313
731,769.4547573857184,778.6033000345731,13.545283366377886,783.8502832343114
1815,825.1724725632187,834.1956736049583,13.519087558031694,838.5855707179845
1798,994.2765804267214,1005.3239962361534,10.65139132067616,1010.7634272080303
733,1129.5029932213522,1139.5119014077327,12.054341396807228,1145.431038088104
999,1131.9190330432366,1141.3751611117355,11.855186515881046,1173.306138586678
1014,1163.410600979841,1172.4171023359725,13.469368043791961,1182.6074144385323
1803,1183.710633345919,1192.5914464216467,13.643342753376187,1197.0606815993403
1027,1219.3689234149274,1228.2035218875048,13.845085065070258,1233.3814702091072
1002,1399.0514184053154,1409.2278637098495,12.060447160795198,1414.7914479186506
1009,1401.1344367830347,1411.0290412312188,11.547554337597754,1443.0909681397748
1816,1455.46014385083,1465.5723639511223,12.061490423237805,1470.6001856730938
1821,1457.2998351914096,1467.3123119768863,11.034112634104332,1472.4093075701098
1812,1459.168700551096,1469.2656217939393,11.263215403762095,1474.2715538845298
996,1489.4619901161543,1499.124586022842,12.67466002902221,1504.7628361836146
1809,1635.5296116806264,1645.4869754750948,11.523532896640567,1650.4532331401392
736,1673.3466955136953,1685.4645684203351,9.600036057156432,1715.8989825070225
1811,1909.777426931293,1920.3160419134992,10.276723244910297,1925.8233727341492
2733,2121.900932229553,2132.1124267850764,11.12461868053479,2163.140126303561
2766,2137.9550613703022,2146.327139951119,13.636874199030647,2165.597586964093
3802,2353.8293225271523,2362.419037317864,13.348283748040412,2366.6993631682512
3803,2355.5130773241167,2364.1264729375935,13.825744970235425,2368.435352081738
3029,2479.805838909083,2489.017407115304,13.533047556612011,2494.608654116261
3008,2481.750674271851,2491.0813606459647,12.343700981853077,2523.126083196533
3011,2513.8137140099466,2522.320708026161,13.551228457504017,2526.705727053761
3830,2537.1883020453633,2547.2312227682974,11.856976783222356,2552.1481279186014
3020,2569.8583889363963,2578.4789430510295,13.678008602576151,2583.4850554199893
3004,2781.5289597866376,2790.253965806894,12.93137188431771,2794.57620582751
2997,2839.3574926894394,2849.114388282983,11.86579678911294,2854.7261727583214
3810,3090.673852099232,3099.2946734416296,13.215963930848714,3104.6967213241605
3821,3092.7853747813006,3101.3851901172293,13.54432060540584,3153.2995032344675
3010,3124.411798390678,3133.3160962035863,13.50322464779868,3155.8922240185943
2998,3143.0181361346818,3151.3921461185796,13.90575327940371,3158.156379470681
3815,3344.0912023994433,3353.068554434276,13.043487411163605,3357.5185046315833
3822,3348.0211190964965,3356.57954660262,13.587245085621413,3361.029003173646
3016,3412.4335112295844,3420.4487114034723,14.756078184720723,3424.420693024214
3022,3469.4653934259286,3480.5281680672633,11.033377740097,3486.677163314673
3808,3614.650906075661,3623.5660076680765,12.731965784373674,3628.0595008157625
4769,3757.3039134328983,3767.0349039766716,11.840659575978194,3783.154318331864
5818,3889.0224463454892,3902.0818106720735,9.594569658032036,3908.5165481189256
5830,3892.5332780898802,3904.0830488172746,9.82685851515541,3910.7922122843906
5010,3919.1641023801576,3927.3330986921205,15.101685729202133,3963.2773993697488
5006,3923.2851934556893,3935.0950977327557,9.580816343696727,3968.2402543112416
4755,3935.273554546553,3943.4881787417917,13.984184534157087,3970.2817651400965
5009,4134.351006803848,4143.198733696049,13.429790978341313,4147.482899640974
5016,4189.110000384201,4200.110996183711,10.442085636350019,4206.2543627427585
4742,4209.853143375857,4220.467491339491,11.203251699236471,4236.057034763547
5807,4247.352088045386,4257.114999055986,12.14280856000256,4262.1017092196325
5804,4261.702242112421,4270.586638715963,13.039938730313972,4275.882802099625
5018,4368.913160954217,4377.41653277738,14.65292099385672,4382.438151663064
4766,4387.508203444683,4395.633743082121,13.679279531593496,4417.950549136481
5821,4425.6445406968505,4435.412859983608,12.449430126217873,4440.147059798922
5831,4604.621526344553,4613.19171423778,13.99001139649122,4617.446938674888
5832,4697.403664495333,4706.413534519298,12.551893357616644,4710.987792565586
5810,4699.182453799992,4708.140731640818,11.735042026698927,4712.699087209901
4998,4729.082777656309,4739.1163995148545,12.351308859421392,4744.881565940084
5014,4819.103793711486,4827.402488487631,14.541575800847603,4832.571692258306
5007,4823.0211924602245,4832.452259243042,12.667645489648661,4865.1390774851825
5803,4964.163737609878,4973.083829564593,12.675967970198823,4977.473945185729
5029,5032.460965590633,5040.451826414633,14.81808397352216,5044.642407788268
5806,5054.672799805709,5063.389323862511,12.761224447763386,5067.7769582552955
5033,5088.819654851583,5098.062372818372,12.244357071956648,5103.5647752838295
5834,5234.254956502853,5243.421919540345,12.837285317653706,5247.84465222031
5019,5359.236076733445,5368.531860789807,12.86221316508627,5373.668228998384
5836,5418.072787970843,5430.444727496946,9.71866462505353,5436.69427398283
5012,5449.9404346694955,5458.522685193934,15.017138120683821,5463.755544930486
5817,5503.457405140393,5511.022075893637,14.598575776876794,5514.856443423924
5801,5513.694002755794,5526.262337242087,8.622773735964996,5533.158136211735
5030,5629.805324813732,5639.052847108755,12.41722211515748,5644.512498573613
7812,5686.617554736892,5696.064639242188,12.539269936466683,5700.654235727833
6748,5897.683857975305,5906.564333358133,13.444432751380493,5911.636161302735
6741,5913.65985921812,5922.419120540111,13.586877351875643,5943.207606144081
7831,5955.168739879075,5965.080629011142,11.226785667683512,5970.065671971577
7816,5958.581045066799,5967.340885068978,12.609870803753067,5972.0018094726265
7008,6079.39310756062,6089.275845553679,11.755864717741378,6094.794337866506
6757,6096.253653400856,6105.178674755141,12.175710866098015,6126.334534416884
7016,6169.418662672619,6179.00925342606,12.819023104728718,6184.496969784642
7817,6574.001243780862,6585.149830618363,10.475707578638639,6590.532104628187
7018,6619.269268721968,6627.618156230133,15.252615595995977,6632.565428139875
6750,6814.218079019136,6822.3250338453145,14.14031343518001,6842.9841339180575
6998,7069.100331256951,7077.205327512057,15.699405384773206,7082.11493962772
6763,7086.57944960795,7096.000020468055,12.074989187239055,7113.046742510799
7818,7294.398386239348,7303.592064490373,12.79875945727963,7307.881285793243
7802,7319.064589728723,7327.306092464205,13.877646974029895,7332.480988786449
7808,7395.191301954747,7404.5368398308465,12.76461632174447,7409.18720986346
