419,217.0124333851867,225.4660757067548,11.795394114874492,230.7790853087233
233,288.82540993554323,296.32405978518227,13.926615042673841,300.7610073296384
243,335.5428951617326,344.1131983577143,12.245487229426969,349.89207226394973
82,339.5300278265199,348.4370995244404,11.248393737657105,365.3822217064618
227,474.264817295284,483.3137078088839,10.36489025147462,489.886564695424
96,515.5246544757028,523.5727254759558,12.693975929964546,529.6405282763579
94,518.0166816116911,525.4914009001246,12.815059598630329,579.4519793231651
472,521.8022011264858,531.0901828501907,10.785089056047012,584.2579229357814
500,578.3122179137349,586.1471348212258,12.016727324306457,590.988582859127
261,695.7147232897181,703.6030039934501,13.258132009712693,723.2185765514976
265,701.4636209042886,709.4875806679594,13.014064457285993,730.1428217491434
228,754.962856138599,763.5337061957792,12.061020892346034,769.940765224661
91,877.4636556888578,887.4432414759249,10.73709678131762,939.5208487818369
502,1058.804622584918,1065.4781295979546,15.838284007138961,1083.7536570922196
247,1192.0669834207083,1199.5743903623957,13.505233567106005,1205.420004668521
411,1236.3531894507948,1244.3983287694994,12.961204058609374,1250.4526077648618
263,1295.7333876620075,1304.5019466226229,11.04145018093715,1309.8942111978913
494,1298.511530193723,1306.4097482757102,10.595661249873583,1311.7525535883542
220,1475.2061646000166,1483.1537041139236,12.646617432100655,1488.7869912345839
109,1477.559424232687,1486.1058556869707,11.370624995017167,1515.4151451189202
78,1535.4317513911749,1543.49416295792,12.613714152902714,1549.805007723346
251,1551.692461966956,1561.3532942015645,10.135425071157846,1587.5287314578227
167,1553.6439986659325,1563.311209860214,10.353887791501844,1590.2362619753922
226,1731.6806393319066,1741.3943564449985,9.998874137510107,1748.443992168868
242,1910.26051150663,1918.3419106799129,12.142423082794723,1924.6460237532146
2180,1955.6258949084795,1962.6195077181299,14.417788290958654,1968.7138747257966
254,2015.758295300352,2024.3753064117504,11.208106307288228,2029.5970040050647
221,2017.67038057161,2026.3608539465529,12.103275962068432,2031.5901506669359
2257,2274.7223117062035,2284.174135519677,10.665859586877248,2290.7709587279383
2213,2375.4473774490384,2382.6068001507124,14.252610373339584,2386.806447969043
2473,2379.5884947842674,2388.4980166170885,11.275264551232546,2393.820602387775
2260,2455.7225257219407,2463.184634488174,13.78786394173978,2468.7540137105475
2252,2555.176271381086,2563.146611389863,12.57426469019788,2569.293047529194
2091,2735.245228297514,2743.402772418065,13.019130401965416,2748.1727490369863
2505,2741.890491575162,2749.070201154749,13.47248787219658,2753.5275325511075
2474,3215.588744544118,3224.1422087777937,12.3252298908133,3230.757280493635
2097,3459.075023407936,3468.107646682648,10.651572342278651,3473.7049685633538
4224,3711.5487338208554,3719.03218049186,13.98664526064903,3724.7166615103306
2263,3815.1217951414137,3822.6235038295076,13.610050817553631,3827.105054533864
4243,3820.9165319024255,3829.3633216585295,12.101106215933003,3835.3662914302868
4163,3995.6128042055107,4004.440088852114,11.226018425654917,4011.144981321736
4254,4254.42023048633,4263.414560297884,10.955176227030174,4269.759780129452
4259,4428.32765016183,4437.4220657467395,11.322083065477921,4443.779726913651
4251,4976.839692407155,4986.432246564921,10.278510374185128,4992.961327690532
4253,5075.083637049743,5083.2038608174635,11.99711079423658,5088.938063977408
4247,5154.454047785909,5163.116421391618,11.625796720584898,5187.03730549513
4238,5255.1256776812115,5264.2737772132605,10.296535139586135,5269.978330735712
6260,5557.2161865679345,5564.61550970759,13.410455302342758,5619.302329801008
6476,5623.269760959783,5632.384863150931,10.751561993046868,5638.844162002778
6406,5633.847147112497,5642.438702376744,12.061037738433908,5691.419294896606
6237,5693.719835828793,5703.163753990713,10.41306303732084,5710.204301007953
6431,5736.955102839457,5744.527031772645,11.426391818186692,5765.715616609497
6234,5795.57303494459,5806.235331140653,9.137389487274183,5813.692437976847
6262,5871.697205388522,5881.431993697437,10.794243081127894,5888.702863868998
6258,6049.062359664382,6058.470731692505,10.193536619763188,6064.262136012097
6159,6155.103622705993,6162.301958758011,13.247518920211359,6168.50121243158
6225,6228.565434228514,6236.134151960552,12.669609341052109,6269.936236139243
6482,6274.812130033553,6283.331863759751,11.672345905805892,6289.890252926729
6255,6338.055037474471,6348.0321745422925,10.539529784988545,6354.331595569926
6247,6413.967989134802,6422.181269928964,12.344208296327173,6428.373887843148
6442,6455.488564864339,6463.199669965976,13.88579761899925,6483.364463204954
6107,6519.382314780759,6528.290185409588,10.99177520082064,6558.071431887846
6090,6641.467540614079,6650.397451725762,11.68947812152647,6656.785763565611
6224,6643.410736353958,6652.242018180428,11.338372451867643,6700.861609480127
6229,6875.251374618344,6885.302174611996,10.411679122590984,6891.775710883819
6263,7179.540619364704,7188.495212476439,11.734922317149447,7208.126989109554
6256,7181.33493582979,7190.313652442562,11.94120081682541,7210.344644966929
6185,7183.332848125316,7192.121269845025,10.416706994356304,7212.17513485436
6252,7414.873048694971,7425.276854995749,9.362258830673497,7431.716888529351
6235,7417.228853059488,7427.3179549148235,8.538473955797738,7433.69449729036
6239,7419.1615713939755,7429.359790242814,10.394124054793032,7436.678890312698
6097,7420.892842205979,7431.259817716167,8.53272966554876,7491.412631308957
