99,220.32692104503303,221.09917766498737,12.830305584023085,222.09868691615313
1288,238.71481445775225,239.46826506728993,12.822082515740869,240.46264024200872
97,406.61010297783605,407.33852663840287,13.60496344275092,408.28438792145135
250,444.7273970203556,445.4863983316202,12.935728626455512,446.48431148341035
253,535.5980954227805,536.4036784912421,12.589516693754335,537.4491663265783
177,678.4854577529486,679.2100455789094,13.951425761929451,680.1351567494598
5,683.7141076608824,684.3853954330405,14.405489150741964,685.266786175757
160,766.6834196363172,767.4788183954228,12.256259405743878,768.4973450913615
1572,906.4005312151951,907.2792785536267,9.737131254750139,908.7131266680062
103,954.723149413954,955.4714398700112,12.913132333167605,956.5302893755016
169,1086.1359962978047,1087.1894922491015,8.766813639989811,1088.6292109204974
101,1124.409168230209,1125.297224641655,11.05368079159893,1126.4492308317083
1580,1161.562948519718,1162.4908820072242,11.75455611973641,1163.5727484582899
187,1165.5664541243918,1166.3660109679513,12.376513478739811,1167.4144499200245
175,1223.4742611291424,1224.3750849697838,11.1205742326169,1225.5538947780458
6,1398.3298308775472,1399.0314787435127,14.482314794642166,1399.9196753838335
102,1489.617266320576,1490.504696905116,11.729725157069547,1491.5098777119924
23,1491.0,1492.5046489462043,13.05745956359372,1493.5141035957597
19,1572.5006667070465,1573.2879811168816,12.860562132570692,1574.277256920197
98,1578.3370075392486,1579.2065215664943,11.261373688970696,1580.3464792751545
268,1667.1731107786004,1668.0493785052658,11.511351774182588,1669.1703941908345
168,1947.1992761825763,1948.0119894614932,12.287578178727106,1949.0567585552212
108,2037.3035523858712,2038.1051796339987,13.319040786097446,2039.07041420518
2089,2115.643203587873,2116.4878940193908,11.635228443361523,2117.603776947293
2088,2296.4397816988935,2297.1776602612904,13.876836127868383,2298.110229781193
3585,2304.55965655382,2305.4241749933676,12.651315652031194,2306.4326550529527
3552,2306.5000352780057,2307.321809280543,13.346874068941418,2308.2946659703525
2099,2470.804853424629,2471.5714570829527,12.677302624346915,2472.5556246214346
3202,2647.7010772040303,2648.524201058502,12.100814241970994,2649.5571068935787
3580,2658.5946911218134,2659.597811284315,5.492837456619126,2660.7741517605173
2170,2798.341908468331,2799.3406552744477,9.405668115321479,2800.6487699533022
2243,3103.4763271260476,3104.2285912523416,12.677968007132598,3105.2460510662377
2094,3191.604612349699,3192.39381496686,12.286697574627008,3193.4356459692053
3614,3278.5678238497453,3279.4311605562966,12.364398545589461,3280.406312259337
3190,3300.5394877303597,3301.270081478223,13.595471421445973,3302.2215909971696
2254,3472.545466224389,3473.3795460062784,12.004933311663356,3474.4630589805797
3541,3547.586971075779,3548.501211393197,11.732328012209953,3549.5260935253255
1996,3551.7291269173365,3552.5072707923514,12.773729735734461,3553.5356890989074
2154,3636.962230535858,3637.6303696635127,14.701942825415111,3638.499900429545
2174,3683.6318255749056,3684.4073406117286,12.80425349035292,3685.3952347510713
2090,3747.7641557424363,3748.493405923597,13.53127952178564,3749.452114365181
4105,3832.571483025883,3833.43615097642,11.52581395088299,3834.5545524486693
5399,3858.488712663316,3859.261474372162,12.676988937758953,3860.264124445445
5284,3987.300893959052,3988.171880114367,10.826029225288899,3989.3682358979195
4004,4004.4505596112017,4005.2964265798123,11.461599198563693,4006.4517350565475
4162,4011.695253675045,4012.45725001476,12.756557801894507,4013.4498495658354
4107,4092.3279855084247,4093.1133477952803,12.223428585761896,4094.157267487614
4089,4177.87015481151,4178.552500380889,14.331809013307808,4179.456883006454
4098,4523.779122912977,4524.4583124966575,14.365939744715321,4525.3465410925855
4109,4551.56581728658,4552.512678193336,10.28676441252331,4553.755908693256
5282,4566.368857574702,4567.114542763401,13.601979474797071,4568.064643187482
5430,4592.462238541432,4593.318198108937,11.203520852997,4594.468744963534
4110,4615.570191378059,4616.401415835101,11.279369588709063,4617.49383536182
5548,4945.507748290166,4946.505126625477,10.925650000364655,4947.610389075481
4173,5032.3422215351575,5033.0219657020125,13.54658636589398,5033.971514392528
4271,5181.072382888949,5182.019968581153,11.063555531473535,5183.179297399704
4193,5264.754825940756,5265.526543185096,13.087497384273513,5266.5021376041705
6087,5609.310324896941,5610.27733254619,10.292285924195635,5611.532605582762
7854,5668.439023429452,5669.314096742388,9.987176464312247,5670.708905159984
6100,5697.2524512998525,5698.167274176135,10.330207342722867,5699.415031018387
7599,5749.351244212584,5750.203289421664,9.739726614512792,5751.428842419333
7807,5757.436208465164,5758.420575495843,11.274521985230889,5759.46941138756
6266,5765.430948504062,5766.416603933841,10.049272858680348,5767.679633349661
6251,5806.576652567603,5807.484574614252,10.941353872449797,5808.61398354961
6163,5900.7001398936545,5901.526802705546,12.10379800061291,5902.606069419366
6092,5970.225432104842,5971.007680014011,12.555210287989583,5972.033177668421
6104,5988.098350730548,5989.072625297596,10.726531739658611,5990.274938722938
6192,6168.79592433988,6169.55457707656,12.812878721381638,6170.551947193692
6261,6264.652697602749,6265.692251771673,3.407788037974857,6267.04654860834
7282,6330.113025256232,6331.0272583585065,11.235349179034275,6332.165195656632
6015,6417.733116472905,6418.420469177967,14.388071788505176,6419.312803602494
6016,6431.0,6432.481696224136,13.164946243973139,6433.486713056506
7192,6603.26115839459,6604.161116802924,11.499635944528533,6605.297960509751
6099,6705.540738540435,6706.283070900361,13.277092647737168,6707.234373041918
6177,6752.193546153907,6753.040739364366,10.810616737312642,6754.22186942062
6170,6802.32584027313,6803.189291152785,11.59411681083946,6804.303194805192
6246,6836.41740529436,6837.196705179329,12.403503796214226,6838.2214463237
7581,6880.444041320514,6881.290729987777,13.010076070498396,6882.281902074491
6259,7013.730695527859,7014.384215092002,15.23967722148227,7015.232547855527
6265,7332.728282802686,7333.541235462965,12.09047134617869,7334.602881352631
6155,7342.4956569768365,7343.394874752296,11.342794884467692,7344.5281809661365
