469,97.58690380137365,101.31847562762997,13.992531472841765,106.36126891675669
482,502.7343851112865,507.18345419582755,11.251999655949563,511.6005084468563
773,546.3883244517091,550.0627183979309,14.50271175403223,554.8518277502609
473,664.0463667566365,668.1556538718813,12.397978006484994,677.9478875095263
772,1113.4720751088603,1117.4579516077272,12.577689264166121,1122.7239915854213
687,1267.7189940504113,1271.2654989843531,15.060653085665217,1275.8075886947554
497,1355.5260918178278,1359.203431994892,14.061275695623424,1364.5850456407316
489,1495.585023017216,1500.0010455328193,11.410572501855592,1504.5064692509916
780,1539.9528286082013,1543.489866007669,14.314764540019153,1548.4508659455219
518,1694.0168787323003,1699.4004637439905,9.963162346398963,1705.569083741836
2516,2048.7114753814144,2053.2908751569016,11.194792794977,2057.7090600108
2472,2481.2045904440847,2485.0116618227416,13.579677180629279,2488.7922384632952
2771,2526.008915679438,2529.604811848987,14.677005966250308,2534.812603411305
2514,2980.129979231972,2984.5326953411577,11.53901989669421,2989.83889885181
2775,3440.249947787595,3444.0741685848607,13.757755041428029,3468.2232865028495
2676,3515.872613765851,3520.3834520454084,11.123015072309034,3525.7288288873656
4517,3993.4885675296473,3997.394175864674,13.726801159057565,4008.257016126241
4504,3996.4426162471327,4000.070231384638,13.910257151235001,4011.1918544952837
4469,4100.657492440808,4104.552409022273,13.552153431481594,4108.533905998411
4521,4119.67092759834,4124.005685487888,12.464943994736041,4128.298052038865
4676,4239.271028099446,4243.180237377006,13.631286880510768,4248.228614824605
4503,4381.303262248292,4386.031270758519,10.432727456754225,4390.862551143541
4478,4713.437673550585,4717.397117939536,12.97927167547513,4722.772355488305
4486,5199.428332226084,5204.052872006478,11.068776728681824,5208.800674953444
6777,5496.1864331705665,5501.056039539516,10.547088398920032,5506.776890487716
6501,5743.311319024899,5748.475574778849,10.227286948616179,5753.9220518571365
6670,5856.136414855822,5860.140657496137,12.577900447755491,5864.898766847802
6681,5981.3618291710545,5985.4745518211175,12.225416699216874,5989.497098776002
6510,6125.733157888896,6129.458048695182,14.23076408378623,6134.648822932583
6663,6486.1125874198315,6490.194201017364,12.277338559356492,6495.733500997921
6516,7161.08317100053,7165.051576278493,13.157070648885975,7168.938082098687
6484,7177.842263305353,7182.143934884334,12.329800488369477,7186.513067536831
