1274,565.9887954536669,575.1221632177553,11.057461765078745,582.9207449429699
1241,652.096705949018,660.2456734746025,12.47715955107728,666.3634909282908
3236,2455.453600949489,2465.016970624058,10.105455492987305,2473.11337787608
3234,2906.922264790995,2915.3931117225025,12.32130764369111,2922.9930120208214
3240,3537.512505945048,3547.071673003296,10.047120265852895,3556.0786090378388
5260,4073.883507847249,4082.3329886342017,11.43137309881001,4089.476214553313
5244,4793.665271246184,4802.255258627396,12.13593795854017,4808.659926869229
5226,4881.916661016474,4889.52267594232,12.828634117826905,4895.348921098218
7396,5574.0,5582.000416828083,13.417888765604406,5587.929005625825
7245,6232.498204278447,6240.0890262309695,13.159114781305004,6245.958936212017
7404,6652.0,6659.429180617099,14.940444018682417,6664.957093554945
7382,6831.0,6838.492833772466,15.229884816267619,6845.42139192973
7222,6961.752173554587,6970.093527910566,11.568925588785072,7025.133820790771
7241,7227.730255335833,7236.266233012617,13.708464449162188,7243.402127392544
7398,7337.0,7347.3050287393,11.048658526771623,7383.263690324033
