1647,273.1581811963202,280.1492231970433,12.13547857814116,284.1843766664042
1449,333.0421299616116,338.23375343399164,14.390384107758102,363.23287228329144
1229,337.00423820438624,343.03504996920606,11.760354727962078,365.72860285955346
1379,517.765442522622,525.0608857325092,10.547821647608776,530.8765525904088
1226,530.1891805965682,539.2826257572766,8.727095778967103,544.9505983533091
1375,602.342758504245,607.1613087252309,15.321961806550473,611.7991448313468
1215,679.5432896382888,685.5128767342173,12.861842716852726,690.0434946205971
36,921.5836812806862,929.1176997261774,9.70976652960085,933.8628867578391
30,923.6590380936034,931.0200498013501,10.012521671694044,935.7829853177421
1370,964.1613642986598,970.4065075502975,12.027179813928846,975.6033805357793
1293,1039.476340748513,1045.3232410282435,13.098213532193588,1049.8091623673988
1228,1146.2386737330216,1152.5287550654841,13.114528250005689,1173.68029108641
1384,1254.2400424337395,1259.3151439397295,15.101063524372638,1263.5633966293
1295,1309.9202816720713,1316.3070348501637,12.33321325172803,1321.376820032243
112,1368.7316785116261,1373.6560845811625,15.279946987849831,1376.8236201587047
1294,1416.0388719432924,1422.0677219501902,12.364049571613432,1426.9590591336805
1450,1507.0164994633014,1513.0637137030865,11.715239938552426,1517.8674385931945
1385,1594.1161826185985,1599.139468695358,14.84640686768003,1603.6706343855692
1448,1681.43027818522,1686.171416952866,15.309960398724265,1690.774542779866
1381,1778.7824732719446,1787.038473418506,9.100141309277447,1802.9301765117038
3231,1870.5177380804346,1877.0304227082179,11.198023021284374,1893.4687355811432
1378,1873.5156998957127,1879.3909262244272,12.155584394070681,1895.9595091119158
1637,1892.9462955133104,1900.3059395197026,10.782492252856892,1904.7439648315176
1211,1953.734070256664,1959.2599845272414,13.647386806773735,1963.9539032670339
3216,2045.2695490226074,2051.0786448423737,13.398573958483345,2073.5479207172234
3455,2135.61492112933,2142.3250316040335,11.072857593987115,2147.996667312354
3650,2163.0820147292625,2169.159683098222,13.43132256996726,2172.665799807054
3221,2211.6850889266893,2218.1674332546654,10.987658282067793,2223.771584436951
2031,2269.8520088849536,2275.4669232846677,13.184897351462235,2278.9678572008966
3391,2315.460331552,2321.0931082179427,13.800198509166695,2345.8558937630723
3386,2676.087938914726,2683.1071217830836,11.067656350408875,2688.700927237153
3297,2689.5965588321756,2695.1009740801696,12.707136838690753,2708.497065689249
3211,2696.202921170423,2703.161166542033,10.110804871360715,2710.5311573569056
2025,2718.9650174176413,2724.517820923613,13.575024991051261,2728.102057668168
3303,2772.96284628878,2780.0558286476016,10.433081783931598,2785.3546801459743
3229,2776.2359190488514,2782.2317864156494,11.906522336374195,2793.47536518566
3234,2780.2923507906116,2786.3405947631823,12.49199442360176,2796.119021688208
3390,2855.149365462896,2861.437623187547,11.18012635819909,2866.7393447026443
3298,3111.847883337958,3117.268567191292,14.62471558612238,3121.751676754299
3368,3217.6183978152335,3223.5314224528547,11.712564854328473,3243.3139812583217
3370,3219.521247740445,3225.4803425098116,12.743665873589528,3245.948057963843
3219,3222.2186853085723,3228.4849671385628,12.488067175651823,3248.1964529661855
2033,3263.0399157214156,3270.3395944738963,9.84397833925434,3274.921444814246
3369,3305.4478477865064,3312.385142572666,10.768667073254425,3317.776193874865
3456,3397.325613583722,3403.0084750247192,13.476143270349311,3407.751261535729
3664,3602.7959198256585,3609.0815192577907,13.44271334693916,3612.682093611195
5217,3652.1056855745132,3658.480598696311,11.067814511194879,3693.4603851610063
3224,3666.9222959729905,3672.0828762063506,14.761186459537772,3696.0017819908867
5228,4010.3275574729078,4015.5557120651038,15.53808994357922,4019.8947375044913
5656,4053.392488651628,4061.0087519638305,10.731387416136505,4065.5581045997706
5215,4189.607934614377,4195.121337908986,13.360926224746224,4199.7820799422
5456,4194.933486343675,4201.299801294288,12.22053934123189,4233.4815796250305
5303,4298.199225496379,4304.038952028232,12.479357094886254,4308.8988910050075
5298,4473.494795967495,4479.313908024099,12.853438897691957,4484.116452834774
5455,4478.011755127325,4484.235636718423,11.418763810721487,4503.478996189168
5390,4652.900426557235,4658.254610960992,13.229433530678357,4662.858249638743
5232,4822.218523869025,4830.177138371844,9.81468332569437,4863.704958291145
5231,4834.03342615254,4839.366243003665,13.71734813677354,4866.56620020795
5302,4844.654398826529,4850.468077724058,12.17838683396726,4868.908998394425
5222,4929.264873362144,4936.002370066591,10.92355414862239,4953.500995516535
5376,5018.724201022848,5026.003019836188,10.685365926670077,5046.247620668684
5300,5089.707252322218,5095.271258101497,13.72757987855624,5099.815334165517
5374,5284.723152157368,5290.588502234053,12.685775203258798,5295.6764801468635
5218,5286.511456354313,5292.344422878439,12.786034554168957,5313.301227119189
5237,5296.573410257878,5303.280912358354,11.281417424124685,5316.183130912747
5454,5359.960023264998,5365.526919919236,14.63412761163246,5369.968644449599
5369,5374.57833782544,5380.414856486051,13.134702303381289,5403.503043119075
5457,5377.800161952962,5384.3062274319855,11.225309851209321,5406.301289416635
5236,5449.53625169308,5455.517745731278,12.199899208677843,5460.759866845296
5381,5466.963997651672,5473.3354246517265,11.323352168951384,5493.613679026769
5458,5468.816589676262,5475.19526109953,10.425845854795236,5496.113212719894
7219,5558.886024870562,5564.553294381194,12.264217858684011,5569.822850276588
7228,5658.654917751026,5664.426177923989,13.218297957329103,5668.987609968956
7224,5756.1095623778965,5762.568024276365,11.787635070523798,5766.576486788271
7660,5853.061563145928,5859.04050946497,14.111950990676531,5862.356190021778
7452,5914.3328355125805,5920.571378657523,12.2492382733755,5925.661611196524
7299,6085.818860812966,6091.007217370718,14.24175055316944,6095.904169248484
7221,6100.623601555494,6106.355593747794,13.185994659656323,6127.803266938615
6117,6138.006434087051,6144.348004951089,11.983292343848976,6148.458579955809
7229,6278.824060748447,6285.113221738298,12.35293668714041,6289.9297675692105
7453,6362.867545979804,6368.01737471793,14.700865969398436,6373.268063908905
7227,6439.771605712424,6445.332599453336,14.105723952281737,6449.756061936513
7223,6446.059098301135,6451.466832633108,13.42128568151382,6483.222600746189
7640,6483.122130493417,6491.214853488108,9.722867159452889,6496.058341773853
7377,6730.0599692687665,6736.032544116574,12.45669391323098,6740.844421311351
7301,6833.984860594501,6839.3145853794995,13.096871277616959,6842.69435417986
7656,6843.087494257246,6850.393650252696,10.575601565079687,6854.751885995281
6050,6859.750752037912,6865.134529392646,13.643770559529335,6868.570637281564
7456,6889.199736400631,6895.1237919859595,12.591658096286256,6899.878018015072
7375,6903.779455894302,6910.276138666662,10.89054807049771,6936.14528306167
7296,6905.577086781037,6912.061138234452,12.20132458557937,6938.493680123863
7225,6995.242002103434,7001.505835575908,11.504029040079445,7023.047792783906
7213,6997.001466774927,7003.354173389519,12.849049804568002,7025.452623425511
7658,7023.296033452475,7029.51260385858,13.068555500034403,7032.979145151216
7231,7084.701671302643,7091.193126922752,11.147412209001512,7096.557816484029
6059,7127.232244332531,7132.533355571308,13.317281797242156,7135.960330798045
7385,7159.418787042588,7166.129569925955,10.910213960975359,7171.726182147763
7297,7164.508182446905,7171.280833573788,10.81137895626883,7203.308511984522
7215,7185.035236220585,7191.426398063167,11.64252483331835,7207.7832123078115
7230,7186.774367411592,7193.291574685854,10.840301587021854,7209.988067955262
6035,7218.5281006254345,7224.548542357726,12.34803199781653,7228.330353097688
7233,7249.689160739464,7255.603841000732,12.72146802758462,7260.597899331617
7391,7442.705514472384,7448.11212131721,13.949950430426785,7452.924084477047
