95,96.0,103.48301931588492,12.16445145937485,107.82933058502111
29,106.0,113.08022003959087,12.6574763092544,138.15394347224324
98,228.0,235.23090518518904,12.660206098941345,238.53938421696412
146,245.0,252.43422325458266,12.288984080591325,255.7381373154232
0,338.0,346.2404055668936,10.174283835085552,350.0237850134351
88,389.0,395.58675666560873,13.489792183401287,408.35232775448253
49,403.0,410.18978505566855,12.161602838896831,413.54864691430237
89,457.0,464.0782444557379,13.146624697741847,468.8104180786438
27,635.0,642.4610055097135,12.565844163217797,646.8724048010604
97,712.0,718.519737438049,14.222019543705844,722.8524429036217
1,732.0,738.4934344825689,14.427177344787179,768.663599891233
19,765.0,773.0017093518256,11.172776522251052,776.6721247058499
100,1037.0,1045.1451432359208,10.114669321033604,1048.978188554417
12,1233.0,1240.000747401698,12.81180128314048,1243.0626506918431
63,1244.0,1252.1125031678944,11.419083955276696,1256.7089701892676
52,1380.0,1386.6382397689615,14.083352572651807,1398.1306174289577
142,1551.0,1558.074110242705,12.506064504551468,1562.6171515145945
2011,1839.0,1846.1125838850005,11.892030795555,1849.318564100843
2104,1858.0,1865.491303232083,12.113918890624408,1869.0009426577597
2035,1899.0,1906.2364985471033,12.454969642948768,1910.8938446502395
2099,2000.0,2006.5567715980344,14.261982226661313,2028.5054383092975
2147,2164.0,2170.478099188348,14.655130456598554,2174.647118328918
2145,2348.0,2355.0939263329337,12.264498677434851,2360.2322129976624
2098,2408.0,2415.088966216872,12.309874408463326,2418.275802750072
2114,2509.0,2517.383258957049,10.643280435452823,2521.9993264648806
2083,2984.0,2991.5394232465887,11.15015460954346,3018.276601452075
2004,3005.0,3012.026757202371,11.990515897669626,3021.0342076344164
2024,3165.0,3172.37305533916,11.806900188354817,3198.6469286742563
2080,3261.0,3268.2235188292675,11.927882752118158,3272.7206664241403
2026,3571.0,3578.4719647726693,12.247159362821513,3581.7982926662453
4063,3687.0,3695.40122236674,10.945189669562854,3699.944828437379
4105,3744.0,3751.3235380594747,11.839482468107525,3754.5992323723226
4122,3747.0,3754.198867921441,12.280524512012784,3757.5227440098747
4035,3775.0,3781.287727735625,14.714721810968493,3785.6274624243993
4026,3922.0,3929.342334704748,12.923640255950579,3932.558229969748
4109,3974.0,3981.1514271417172,12.108602957777803,3985.536574213155
4040,3997.0,4005.0317070087203,10.59461463485699,4009.779016367818
4110,4040.0,4046.4659230510924,14.015534747552136,4050.915758125055
4044,4085.0,4092.531674444803,12.259171418907478,4098.277307235251
4065,4275.0,4281.31707500873,14.529589995890376,4284.104104303797
4120,4293.0,4299.535386716825,13.907666284279028,4302.3867235692305
4010,4317.0,4325.182852674263,10.866613409057477,4329.925785530755
4095,4447.0,4454.065672422585,12.748483906906214,4458.258929447863
4056,4625.0,4632.086317540015,13.104047259433207,4635.560669644261
4150,4658.0,4665.045737394981,12.930713748771126,4668.245969877991
4000,4673.0,4679.212639759697,14.776733558388027,4682.996037232725
4096,4926.0,4934.130103039456,10.504107293976244,4938.000258359853
4022,5219.0,5225.583476678499,14.085801875917788,5229.944721594557
4082,5301.0,5308.467683557649,11.303864257315444,5360.777513112441
4144,5383.0,5389.339313745707,13.57534394040251,5392.142522527043
6151,5404.0,5411.343725000987,12.66534590980604,5415.68816845504
6023,5647.0,5655.349505802707,10.600083939466154,5659.237486326957
6107,5954.0,5961.068459821447,12.175771626459131,5965.88059044234
6072,6015.0,6022.359420534801,12.0610124783345,6026.76891951504
6009,6025.0,6031.616295920058,14.11481098018151,6078.725400287902
6063,6333.0,6340.29523335008,11.822278690406897,6344.769252095837
6004,6471.0,6479.414678807379,10.193870857275432,6484.640200145904
6052,6694.0,6700.507960801701,14.054111951332274,6704.780575970909
6083,6717.0,6725.434393785221,10.359247211592862,6729.286606716695
6051,6793.0,6800.043260298901,12.129558969235305,6803.218839058726
6039,6797.0,6804.187634914926,13.124484855910856,6807.315115986821
6139,6826.0,6832.527010892894,14.228392684428275,6836.670098505402
6007,6867.0,6873.577608316078,13.578006118379994,6888.102728255395
6027,6890.0,6897.006992312006,12.864772954020268,6900.1435500768075
6105,6909.0,6915.227825789518,15.142095640870645,6917.867103266974
6131,6923.0,6929.196985716739,14.154003954456526,6933.396425253747
6116,6940.0,6946.395163371739,14.73329351102561,6978.136224983351
6087,6969.0,6976.468417428507,11.382560625569981,6980.756041610388
6120,6977.0,6985.228871472968,9.781812745448754,6989.170000304045
6003,6995.0,7001.558974866608,13.67472206242289,7004.424207012475
6005,7067.0,7073.575098149137,13.958282219586483,7076.747326086247
6058,7153.0,7159.386225064812,14.608636625172142,7171.769236992326
