1417,1397.933023194638,1406.4288999757846,10.991751887306124,1418.8107225732938
1262,1676.4707336375564,1683.5812671005124,12.807193891876025,1693.781374464168
1419,1859.7559990292154,1867.3505598993124,11.73205894490494,1878.672348875777
3274,2506.6741270557573,2514.107493025172,11.684056713601137,2524.1931458924264
3265,3022.56820874227,3030.116497921783,12.428241568825992,3040.5043435949515
5265,4040.6992081970543,4049.2199613914904,10.339533880968835,4061.8362462745104
5422,4908.010694494369,4915.0434578094955,14.662556584781429,4924.8859709581075
5426,5178.311900235994,5186.099484982159,11.934021995063945,5196.76395710095
5431,5192.362596562156,5198.4028357321,15.137774223232881,5242.19266335882
7273,5744.740996378717,5753.118247096895,10.919161318064246,5764.636549068197
7265,5746.620640317241,5755.045285198175,10.874245968930856,5766.771567655387
7271,5810.628744743722,5817.366700705592,13.964945769320892,5826.917243289545
7427,6080.7870673824245,6088.446155156542,12.132560506254539,6099.11699616615
7424,6175.04349375497,6182.13251519986,12.8243486204124,6192.549302136562
7428,6448.808088448234,6457.340835450515,10.278457932815957,6468.983847356385
7269,6452.384878845516,6459.361737471954,10.636012221174719,6470.881111371731
7272,7076.590703628649,7083.395933604456,12.807044870287719,7092.4981107208005
