248,105.30764560393405,112.12426737667067,14.420138874474238,117.71273925967864
106,275.14733536761514,282.50671023457977,13.962690019727958,287.90975506402015
76,333.4823078173824,341.0604827397383,13.09824753089336,346.7440246470907
258,395.4408833762824,403.0375794015192,12.800711144731459,408.69791251357714
246,467.2618764854274,475.3455551945532,11.86029738211385,508.50841198077296
231,472.6176729262607,480.305067481903,12.929336089962058,513.9370983622957
245,755.3918356769774,763.1109043933939,13.20787394497911,768.8634582332638
237,832.738218241341,841.0327143644158,12.30529282549589,846.9348558514193
487,877.847671601468,887.1778790652202,10.909129234264642,939.1835606248651
500,943.489995426879,953.1277482268516,9.89904822051273,959.9228403842288
244,1115.5079574665901,1124.1267717112437,11.280398211974905,1130.9132696655558
102,1117.3327269832728,1126.014770114297,12.014760720946828,1155.1252687295737
435,1122.7894607240537,1131.5031927500215,12.242092531056356,1161.782955201142
239,1194.6998772487023,1204.1060641701147,11.007529257175266,1210.752648385945
249,1295.1739399367755,1303.5432616686578,12.370426598544809,1308.6707669693951
264,1297.5838253341808,1305.359637972297,12.144460853994618,1310.4648398091997
428,1299.4649349480164,1307.1321574564201,10.948704003462366,1312.236993548345
84,1357.0787967495714,1366.497833097344,10.379571758493565,1372.219383882257
505,1415.5051011434305,1423.2788606513825,13.58614699091527,1428.8200669118678
430,1473.5533492158274,1482.141163110569,11.424359408673874,1488.93009238685
468,1479.2223061161028,1488.1447535336963,11.82837716872343,1515.5311029167335
242,1834.913984215455,1842.2120048930083,13.267669719260988,1848.0744456162176
436,1837.0119102537717,1845.0424044681772,11.797701252475356,1875.5459268061581
251,1911.7886712276472,1920.1128635817408,12.508200111281003,1926.508538106281
234,2015.121568938923,2025.1765796517436,10.535545562019172,2031.2099064407391
2240,2017.3494588753922,2027.1157840111107,9.775739917484216,2033.1148899646744
235,2019.1941813294707,2029.1078798345993,10.948221388300555,2035.7250688339846
2259,2092.3222932440713,2099.461772260281,14.358013893196855,2104.0090000048262
2245,2135.877166208327,2143.0172910894985,14.130164111139642,2148.9930382646435
2099,2255.451937583379,2263.0632915842375,13.804959287653528,2268.7883097367276
2488,2324.0638275514793,2335.157639779001,8.595508074759191,2382.264558544422
2239,2377.0147437586875,2384.164141691,14.771274441028137,2388.9346470290034
2260,2378.834047617087,2388.0511362607976,10.395601784237664,2393.499468151719
2224,2555.512970226922,2562.4994560547793,15.627415762410099,2567.751038796008
2098,2615.119029998692,2623.0513139490054,12.260850519710864,2628.836119173367
2167,2629.2479318646356,2637.4837067957383,11.87247043104091,2667.2079688248996
2509,2675.884473878944,2686.4329724535514,9.377324089859718,2693.9456597979133
2257,2735.3842214109927,2743.3688795176254,12.327082084543548,2748.1213696224945
2237,2739.1843550705285,2748.024342126318,12.052682145458862,2753.2543880619432
2232,2914.97127491494,2923.5114851303756,11.092064139071597,2929.7944960992486
2231,2987.640479216736,2996.3993167407225,11.423570711289148,3002.7418100602968
2241,3095.6364578318053,3103.2765144939326,13.073087536976386,3107.849082336242
2463,3279.196637240615,3289.0818129658724,9.867619137295964,3315.239845551593
2251,3530.0587564159887,3540.0351530721446,10.437572747290227,3546.547053003615
2258,3817.29837227478,3825.326497061938,12.46053498297451,3830.2471160126406
4081,3891.7770968150644,3899.311107539503,13.184291539145343,3903.865596531457
4077,3896.2572874257658,3905.31162086057,10.750460380166313,3911.763258726005
4097,4176.95316810287,4187.102787713046,10.251659881799002,4193.196803276623
4246,4252.202697252557,4262.153085856922,10.287781261298653,4269.292910495666
4247,4295.31533133963,4303.565287397872,12.382990066140486,4323.427004714991
4236,4432.743972224691,4441.224298909489,11.498908910652387,4447.994187160427
4255,4788.9214984765795,4796.494367621269,13.100577773820504,4801.98914659525
4266,4795.842860907786,4804.09848144601,12.389113453129294,4827.497430495285
4254,4895.201368717323,4903.103693336873,12.177885635059491,4907.854295732673
4265,4969.828012489993,4978.359440839539,12.399043059609959,4983.685379998292
4218,4975.481360682981,4983.36376414751,13.27941481483802,4989.221217004491
4500,5197.392845048324,5206.410374273713,11.48361383625276,5259.348884392421
4269,5255.12844263921,5263.5060915047925,11.458418940341089,5268.6523845245865
4249,5259.152030664851,5268.018508512167,11.083069046645173,5273.415621170007
4257,5435.034664252494,5443.145701086772,11.853358327525397,5449.160219374822
4264,5508.036088881575,5516.345260310557,11.9703452023153,5522.774411133738
4263,5515.032843687848,5525.293331616452,10.078877659370724,5547.144389426659
4229,5555.497275353048,5562.538318617643,14.361413390114135,5567.966164102371
6480,5735.130148892908,5742.08404083018,15.321198321512831,5763.579311336438
6442,5915.327146680853,5923.422445082257,11.992783583466306,5929.877353495109
6271,5975.688201140238,5984.086932238047,11.498370079350437,5989.249901274029
6250,6347.947243800909,6358.489404926394,10.04755147728578,6414.895143715384
6233,6515.796810218074,6525.304046993804,9.651293715896518,6532.269043346494
6108,6517.93646689356,6527.203515408716,10.80512917378046,6557.002927781011
6111,6586.463378260502,6594.151391151402,13.007543615196886,6599.850511975421
6274,6695.092795641057,6702.000570275536,15.315471531497467,6705.995501432696
6252,6877.3641193874355,6886.344536106685,11.870564122005872,6915.526858478677
6104,6879.366103509745,6888.225731605433,11.862691759224381,6917.90823748935
6163,6950.943429076685,6960.368352535702,10.649506869936372,6987.243824255318
6267,7055.327542809954,7063.0117727496945,13.55710540067477,7067.606540858022
6518,7069.363370212778,7077.4044045338915,12.873187138304772,7083.498561136986
6113,7415.424938881376,7426.117022079781,9.523219956703231,7432.652158312439
