1857,59.0,65.22535453199274,12.441977729667135,72.67994942917072
1904,62.0,68.1902099561712,12.90614872605054,75.52048605424238
1775,81.0,87.09839736245567,13.627303409797225,94.198175087838
1917,105.0,110.24225762810204,15.506304374205106,116.19971563483115
1971,111.0,117.23508943491765,12.690706167006288,125.0279242412064
1864,166.0,173.08126247131173,11.43465401206915,181.79425047420003
1992,219.0,226.1126998616511,10.233530618273651,234.8514601207906
1785,220.0,228.06313661580285,10.766130061672404,240.28538533968933
1984,617.0,623.2788562453734,11.927514030219479,631.202832812608
1830,791.0,797.3882298168297,11.86356770747769,804.868185953523
1774,894.0,900.0803310657548,13.201272557829412,907.441454313636
1875,934.0,940.2861229698437,13.04459216390801,947.689440136534
1961,1022.0,1028.0989683536595,12.78063356088552,1035.711788393233
1768,1296.0,1302.3245427923036,12.897893920723753,1309.9424013125617
1784,1312.0,1318.2141090051641,12.581574400131444,1325.777412985392
1965,1350.0,1356.181894123635,13.430515713129026,1363.6970091547764
1942,1515.0,1522.241174262971,10.737394360145043,1531.0093113582102
1751,1583.0,1589.1886200470335,13.057974060622655,1596.7884875167306
3866,2039.0,2045.0513193435308,12.073030689187624,2052.556146767224
3839,2222.0,2229.1800562582016,11.27925401895933,2237.83726906862
3971,2261.0,2266.5020028798203,14.875500562306215,2272.957984159111
3867,2319.0,2324.4136917863493,14.25570403325666,2330.70767385442
3910,2393.0,2399.2145135757532,13.474601742171492,2406.461072490065
3776,2399.0,2404.6114186771483,14.8759170368832,2410.94169996307
3787,2504.0,2509.545435348725,14.730449177392975,2516.0872487212628
3826,2508.0,2514.3255207285333,12.673781763511172,2522.1416266708034
3920,2664.0,2670.0993415105836,13.640817948750678,2677.3098818433728
3852,2941.0,2947.383677625512,12.482494506637675,2955.0521551463526
3989,3185.0,3190.1501734907406,16.186895613182976,3196.569571927868
3891,3383.0,3390.196071970972,10.60814277744343,3399.0679858544495
3837,3385.0,3392.098169518681,10.993940678016036,3401.0368446470347
3892,3437.0,3443.4724308379145,12.725166778682931,3450.586630856361
3799,3449.0,3455.5262517657834,11.720396792545728,3463.3686706930653
3788,3474.0,3480.0044676703365,13.444188721171697,3487.0444411127132
5785,3839.0,3845.0375761441173,13.558960692104689,3852.1367295103923
5814,3889.0,3895.4731806054388,11.573092877988262,3903.4244984387155
5914,3922.0,3927.610353158789,13.830162358731767,3934.0839053872214
5792,3944.0,3950.1378344196896,12.8290003228002,3957.5458921749732
5934,3952.0,3958.344842809751,12.059691730696054,3965.8285605891656
5890,3968.0,3974.175970143504,12.26421357882191,3981.5116685930216
5985,4201.0,4206.003534715381,15.769308205735951,4212.4080353503605
5989,4299.0,4304.383108647709,14.406854725101732,4310.640039091649
5766,4535.0,4541.320690409007,12.62705896741927,4549.044954785865
5990,4667.0,4673.022609884923,13.451370379795852,4680.442839430797
5816,4835.0,4841.43085174973,12.62385460628464,4849.028472727308
5965,5031.0,5037.280680307946,12.833906728019523,5044.9828375172765
5987,5090.0,5096.036702026906,12.996028468719425,5103.2831283655405
5880,5317.0,5323.332601784987,12.355647979010163,5330.781118311303
5988,5388.0,5394.155898187102,12.725860579044864,5401.762273409415
7813,5615.0,5622.063909227544,10.147998105897496,5630.888941953375
7749,5685.0,5692.365944924282,10.112617186151299,5701.348354241113
7765,5689.0,5695.334961324932,12.6461581701952,5703.807725991451
7975,5736.0,5742.516495055587,11.126629575083623,5750.89397172417
7866,5799.0,5805.399550595839,12.360941635714807,5813.107827375758
7853,5801.0,5807.225753690447,11.591143798642502,5814.989300189822
7786,5867.0,5873.554436921635,11.97651005849437,5881.417554195528
7766,5890.0,5896.2110065977395,12.468508686120677,5903.702239686149
7774,5908.0,5914.000258434431,13.158840999902322,5921.043412898127
7854,5949.0,5957.211739633036,8.609776381494958,5967.169736179693
7801,6007.0,6014.102163863882,11.251962897296078,6022.514381633042
7827,6130.0,6136.021125025495,13.448026012841657,6143.17617119073
7863,6141.0,6148.382366649027,10.85162997130857,6157.1573667047605
7944,6269.0,6275.168611638528,12.6159749484122,6282.400899683767
7876,6301.0,6308.025884198057,11.29689039186451,6316.51833557208
7927,6424.0,6429.346686620717,14.856028020686994,6435.595523673472
7919,6431.0,6437.220927819222,12.602118252650307,6444.634670442506
7862,6499.0,6505.531677827709,11.790390787033877,6513.397974248856
7820,6635.0,6642.333428857582,10.709380703436233,6651.355849767225
7752,6752.0,6758.443799796073,11.810127776059984,6766.452161362713
7878,6883.0,6889.462403661475,12.051075161495792,6897.325254226635
7947,6892.0,6898.106721847949,13.082039245280317,6905.4987599658325
7777,6914.0,6920.480381963031,11.77682838274678,6928.214100107679
7806,6945.0,6950.355530887994,14.835239331532115,6956.516262448345
7890,6946.0,6952.188832539364,12.42026616946053,6959.449265430991
7797,6974.0,6980.027106430316,13.350801003216468,6987.152900459239
7891,7039.0,7045.412206864468,11.814859825764866,7052.976569081555
7812,7193.0,7199.348521999544,12.275863626139396,7206.850382140086
