700,426.59919649448483,428.4580264250727,14.244687642216718,430.29924601010094
800,501.7321335052109,503.53961740588187,14.057928452675636,505.4020507820615
808,760.1461796476354,762.1938499637005,11.942850085600782,765.1997054797455
715,982.7625475847096,985.296426840593,10.55929401986107,988.6705550325572
455,1283.4212793659747,1285.4181775679374,13.727757065259196,1288.5013347094189
707,1327.777087138845,1329.6376358697821,14.165289604148022,1331.384692525028
701,1697.180773393596,1699.1395965851812,13.635705509109801,1701.0625712761673
725,1881.8427747221458,1884.0137495761096,9.909625998673523,1941.3022017280266
2695,2058.176231919833,2060.2138708863085,12.669339068322655,2062.2031213016717
2723,2106.3443018986645,2108.393710857598,12.787748563768204,2112.047515004846
2718,2201.3576229190617,2203.41118710784,11.84164397959462,2207.386525159488
2700,2286.2355919937413,2288.2975873542678,12.531684621033522,2291.6041125323018
2440,2484.877961590459,2486.627667923946,14.73451095384307,2488.4728425082776
2705,3038.445973093514,3040.5267193704326,12.564262435675584,3042.596133376919
2725,3048.9151759748443,3051.160543735707,11.219870772405912,3053.4519275340526
2691,3276.172759982881,3278.0794859610655,12.431485508709972,3281.917099611536
2694,3308.6052367677507,3310.4172667082803,14.146758618891667,3312.2633507106434
4725,3848.311461412952,3850.3678994675224,12.645674340556905,3852.368720153126
4727,3952.919301704144,3955.3482417620935,11.948573811276436,4008.1878477037158
4700,4214.644193693093,4216.4054904523155,14.975587975103103,4218.189024613519
4708,4617.162168961705,4619.521106186491,10.776217941178485,4641.301525029704
4721,4666.696746089822,4668.413883464298,15.31442864764589,4670.133842819718
4718,4898.342540424143,4900.431849667603,12.559125811801506,4908.4571107844395
4699,5215.3543903764585,5217.42588253998,11.97290981779101,5220.718360960486
4798,5389.474610921972,5391.4074131033985,13.519944711302434,5393.3478466781335
6731,5735.3841985832705,5737.176014155292,14.956789877378965,5738.903138689818
6714,6017.367278381874,6019.344812160046,12.604585076699836,6021.293671871631
6702,6359.1297972175025,6361.484671940444,10.72210183536659,6363.9036097822
6703,6368.905654112466,6371.114752072068,12.052045435532605,6373.2965693896285
6711,6431.285666027025,6433.526270953851,11.147957101913637,6435.869334248716
6793,6820.134014391823,6822.4697126822375,11.468450199607775,6824.811296210271
6723,6884.8946595165835,6887.309623301134,10.943921828040441,6889.73448476861
6792,7143.272379455184,7145.175172870442,10.902921793392046,7158.664989580527
6790,7177.503028762083,7179.439943003691,12.696800806542331,7181.46596978176
6697,7240.223286419543,7242.420894062725,12.408842921006714,7245.165350293054
