1695,39.431403016861,44.01896168211922,14.438286519294318,48.866822742802036
1738,159.59907585589744,165.1248931390306,11.839656314717413,170.6470408817801
1653,195.62305732741373,200.52524515607794,13.259729815834207,204.14435326129635
1707,233.03951387849185,238.02465739757423,13.159267806469781,242.7459052068603
1723,455.60585973651627,461.23141697493827,11.56229575495376,465.29976512635506
1646,556.4204536450562,562.044516917725,12.63538722750791,565.9989777586597
1680,575.8448552296046,581.1816782517135,12.844098672817875,586.3489903072231
1662,761.585113524814,766.294518064399,13.910326190746096,771.3001986226836
1739,798.7420585559499,806.0559243399849,8.65767190968757,815.6263869366285
1649,836.4153124308349,841.4789648706585,12.82095217296815,845.2511505074634
1549,909.0227574056676,914.6077557788354,14.46186222215358,917.9388250785254
1724,1074.985470822018,1080.2522399552286,13.433076327310001,1090.2243298456444
1965,1134.491506707781,1141.2008207171875,9.31883202050713,1180.8850225357012
1538,1187.8978349045901,1193.1064049121549,12.989575183889585,1196.9867226800682
1639,1273.1607720844345,1279.4122346577792,11.105045170200112,1283.9983301023078
1556,1290.216428573581,1295.2051990010364,14.050632624617789,1298.821541535198
1515,1296.8621705162932,1303.2198393463352,10.993726974498559,1308.8013582358692
1673,1453.2168618782862,1459.333483503021,12.113456376851174,1463.6543653156807
1730,1627.875500251449,1634.3772061805341,10.569458653192733,1639.398698261273
1543,1660.4581385883146,1665.5426361681807,12.741445744855575,1670.5858448968409
1611,1735.3841289554045,1742.4200184645692,9.000272756974597,1747.4871264345009
3607,1983.4847445829053,1989.0802267945105,12.361384666724327,1992.957801814101
3580,2075.8184270555153,2081.5441441217863,12.105972669894305,2085.7633125788807
3972,2302.3807530742683,2308.1498141038596,11.79666806621071,2343.411896929607
3677,2677.1829495254774,2682.1081434036632,13.117059228766735,2703.12140475345
3647,2711.51577078309,2716.074681973568,14.059146678198958,2719.4919243174054
3679,2747.691666434654,2753.5375212110507,12.947333822799381,2759.1653619065683
3524,2796.1180994039482,2801.1103115360315,15.68743004789995,2804.3756953694483
3721,2928.1209359267664,2934.1869590272445,13.249136160457676,2938.8122877460128
3530,3334.2184967754215,3340.2349830381795,12.07893764204881,3344.2676156044095
3701,3339.0111369919164,3345.053068376527,12.254020071538665,3348.9920348851465
3604,3367.221565943423,3372.520816756586,12.857601648861825,3377.754822219656
3685,3423.7388061503534,3429.4178722705856,13.375579221613387,3433.193829099297
3689,3449.788957938475,3454.417579441124,14.99458260265564,3457.812252073315
5715,3783.9828205410827,3789.4956056009737,12.50559723578029,3793.2964327955474
5734,3922.3525711618877,3927.4468187789203,13.305737955080403,3963.11415283327
5655,3997.9668303370427,4003.2452464565517,13.014525394846446,4008.3111818022853
5738,4125.643151595052,4131.351616433914,11.250966076336391,4145.4942902139355
5677,4151.824767374559,4156.227689045472,15.379048459971775,4159.406703323812
5676,4177.075359104366,4183.2358210161965,10.615657181603641,4189.405550969412
5983,4198.331145480207,4203.341944085276,13.204043434523813,4236.807991156949
5966,4284.242437650083,4289.257359401715,13.24760764802714,4293.939327408495
5575,4323.611800627253,4329.177993625313,12.292729268401079,4333.1318464917385
5593,4505.718626200033,4510.54564244515,14.763303574211633,4513.911970376376
5725,4547.831571272243,4554.143743835252,10.661162706695203,4559.645727688311
5984,4730.141879414541,4735.355146621579,14.15172487597274,4740.355107342584
5724,4820.587574408159,4826.493699594422,11.28722486092544,4831.8160317268475
5548,5073.298381328911,5078.300058006674,13.138088293777619,5083.43417562572
5722,5133.824320451631,5139.303698489671,13.421011928593149,5143.035554148762
5970,5178.2901899885255,5184.349797610054,12.66952467152159,5189.491237127106
5723,5298.184213371729,5304.014998569053,11.13522217926638,5315.97670365004
5736,5447.762810316316,5454.172292431609,10.790597621374419,5459.386284453609
7667,5586.139443456221,5592.463443755209,10.733196078468032,5597.0522538966425
7734,5628.411834919519,5634.1741530081745,15.379410164114262,5673.8152489077465
7702,5751.684580309146,5756.446990211204,13.503751420642486,5760.392511738394
7529,5853.9559169301465,5859.227476905938,14.877922072616254,5862.641253062173
7664,5855.91027773447,5861.563221026773,11.896159386881465,5865.687245941869
7570,5972.107810929578,5978.532875259892,11.760327995342228,5983.82986096309
7965,5990.888333012797,5996.54191784756,14.111069893323329,6036.634246214734
7695,6038.38980762074,6044.177319387329,14.023493092394823,6047.793605827455
7723,6045.22598172544,6051.106045321663,12.737959140414967,6054.953186498031
7544,6062.661011075549,6068.530713995192,11.833943029525683,6073.894473147866
7657,6228.403039790954,6234.240092357537,11.120959506294604,6238.679760429356
7977,6260.699453129824,6266.307617017667,14.08057665557363,6305.254405374273
7711,6371.228695271686,6377.2035768545475,11.689764947375304,6394.706427546504
7689,6373.1448771433725,6379.036786080045,11.364358080889623,6398.481255269317
7976,6448.134682014433,6453.424356656167,13.954583620319285,6483.2109657907795
7559,6578.896759870449,6585.198350726112,11.735244404286739,6589.59223732671
7537,6587.821309831145,6593.304744097212,12.752154588437854,6597.271800523226
7966,6621.824838061898,6628.376136944884,10.38266469692686,6633.86500088319
7654,6873.061737006934,6879.018096735435,11.701147293710111,6884.4462011709265
7956,6984.721028033298,6990.307288337555,12.416540524679114,7023.614206841627
7959,7072.88073592807,7078.521862682045,11.335475074750226,7113.591475439888
7724,7157.792153202308,7164.306848076462,10.703778265035217,7169.854756976608
7706,7180.402345322729,7186.252062663567,11.030608782683357,7203.886222318568
