348,273.4607371753327,276.37836851476277,12.395222378910336,279.5911583839538
519,296.9816389177539,299.2946578648491,12.925436770788332,302.43755197526644
318,363.5139288408541,366.4602168106958,11.793903229846377,369.88944472408303
306,543.5608785691244,546.3161185446672,14.415561762083046,549.087299007486
336,1443.605550628988,1446.425115230776,12.631153659562512,1449.6229246493974
528,1534.0335789420333,1537.0064939456856,10.687791895724944,1540.921306319858
2351,2253.8678605361556,2256.5352075107494,12.159014951740492,2259.812558886736
2355,2433.5004037780545,2436.037966525828,12.798253028496788,2439.1836618274074
2352,2708.7493005669817,2711.177731492985,14.708313169767603,2713.9942337235248
2367,3332.0133690357047,3334.2188519388674,13.44014760080842,3337.216459398861
2347,3423.7320246349327,3426.5615483710167,12.793875928318865,3429.639482522591
2368,3513.662792984966,3516.55525425902,13.63317706526851,3519.4297863824963
2318,3693.5181778591214,3696.301058354425,12.47501838746983,3699.672200763924
4542,3964.159156719871,3967.1327331028588,12.010022094326725,3970.5139419850634
4345,4143.5968563033275,4146.284893705887,14.320365051564226,4149.164183708222
4287,4683.51165891774,4686.3225766254145,14.237133394279923,4689.210523892192
4297,4773.615955168736,4776.2299905409045,12.55089891332096,4779.499917144725
4347,5405.984673604171,5408.434044418776,13.905461582113618,5411.325788439273
6273,5634.665012506824,5637.102047655434,12.753527441162811,5673.568428476857
6277,5673.640006587424,5676.442550529655,13.34101113014367,5679.207832314301
6353,6033.541616535758,6036.215176335278,13.469966080575384,6039.139575452155
6289,6082.813544906827,6085.242702944266,12.515741676782236,6089.539487798052
6525,6235.8867623088145,6238.4250968171145,12.372072941653958,6241.804494780034
6334,7023.600255994211,7027.091388135719,8.401149197449117,7031.872760024021
6302,7166.682745466175,7169.348858195646,11.639658502356083,7173.989033890288
