714,235.23872368774394,239.57905970327897,13.09402899392787,242.53668642321085
719,595.121339033001,599.0593663328859,13.537164045958425,601.8898187190814
1792,660.190941470331,664.548822431988,13.192227714713828,667.6299897721154
1518,932.5512377410388,937.277902553952,12.6516772329361,940.5008360066189
965,1013.3739301646823,1019.0018044573459,10.05163455515063,1022.9145920524794
200,1571.5767338702237,1575.6109078245322,13.439745589761493,1578.4230482691512
720,1640.99923561451,1645.250709040874,13.40045278432753,1648.2245591815908
2707,2515.792828608478,2521.0914952674507,9.987223795317101,2524.808346041544
3782,2637.1559322181524,2641.054275898422,14.372019594668101,2643.704459434797
3794,2650.3935203481888,2654.070190603981,14.904519694286087,2656.6327582703098
2190,2652.4013227882338,2657.2563957771904,11.878070883934337,2660.5223736771854
2696,2755.226127997682,2759.4479436766346,12.671167789948,2762.3658699945613
2692,2810.476045705924,2815.3745145447965,11.707423225859225,2818.6488658869207
2971,2893.874905646867,2898.306923230412,12.815359056791408,2901.266631007209
2712,2903.3493219378133,2907.07801007211,15.389354618597618,2909.6145221803968
2708,2983.830994779887,2988.204821453422,13.261271470403297,2991.116269765057
3516,3100.82016249052,3105.498352777082,11.610859134564112,3108.7050448439536
3785,3267.6110730130267,3272.020685036237,12.54406606154739,3275.0355725685777
3780,3343.8761541211034,3348.2907688550317,12.1377177165868,3351.469929241709
3543,3515.467488326487,3520.247551174673,12.847596869427129,3523.323242432729
2698,3520.473298804758,3526.3964880442477,10.244813565746037,3530.1930527626137
2728,3563.6531612697277,3568.3396892684727,11.682077405056983,3571.6307450447994
3767,3626.111322265617,3630.3956952053,13.72472403173165,3633.3385258617946
3521,3813.935763201394,3818.4168135852237,12.87620161486717,3821.5669298721064
4994,3894.725221209119,3899.151541654539,12.593024217479519,3902.1353767681885
4720,3949.122280882528,3953.41518651745,13.390115491501321,3956.3649640188196
4708,4469.061582734438,4473.455481359871,12.331653497323977,4476.479588250032
5800,4535.677105197265,4540.090142681024,12.62080512696317,4543.201186671457
4715,4735.272138486058,4739.32751789708,13.661347530236005,4742.184235913936
4991,4878.461681282545,4882.476566092509,13.601089042684606,4885.201110677854
5522,4897.499505443604,4902.5216429824595,10.88634382752469,4906.115722244947
4965,5157.080602543463,5161.549738600493,12.128583740115067,5164.657513227984
4962,5243.161674666057,5247.326475245734,14.089258569706963,5250.156407528824
6728,5557.065724092411,5561.557265551525,12.673617949902354,5564.606062869281
6965,5784.262626657257,5788.4097093108285,13.584304644865572,5791.235023320567
7791,5890.426568026892,5895.459821756343,11.295123161839872,5899.03866064022
6999,6316.799032935919,6322.116294900419,10.598647087711417,6325.7127436416295
7798,6400.235424716406,6404.339156233553,14.08324454139106,6407.161679441072
6699,6449.464939372484,6454.461348182579,10.815427128731294,6457.9702120246675
7792,6511.580581133424,6517.435108249535,9.714060028501839,6521.529458259653
6983,6601.243996613173,6605.5163584009515,13.57223430209019,6608.480468700695
6987,6771.1325943973225,6776.164492714045,11.377099574945953,6779.549668122359
6980,6776.677442945795,6781.478081979912,11.293236240998304,6784.8001487357615
6971,6950.766372434129,6954.648347862975,14.848977377917114,6957.24384213596
7548,6966.872060216147,6971.528847026757,11.940829506109614,6974.913466857006
7789,6970.004872591088,6974.544681877148,13.167353326897883,6977.5298990817355
6731,7075.399345336707,7079.472678222076,13.606961393934055,7082.212313537691
6995,7126.906551807706,7132.0586017639625,10.811018290055898,7135.652534893894
6723,7172.703558224418,7177.0056362925925,13.215164965150214,7180.056346427239
6966,7307.723766518437,7311.5927868565295,14.846569952562943,7314.2560457626805
