496,66.12847593875414,69.46935679700846,11.066246352337405,75.76630333237655
603,93.82134711227694,96.45663697105851,12.79501017432787,100.95223572071642
640,140.58304316328474,143.21783636272468,13.317816194626802,148.82188304153715
589,155.34943747398296,158.09094070885678,12.507008803640888,183.54127875390793
434,163.6003793635092,166.28308376175616,13.33318208475836,188.25336209599138
570,206.5933107429789,209.1356353715892,13.446625728013059,213.444030803887
608,359.6413552234298,362.21478693325565,11.373712280796724,386.7496327135303
424,513.6934706886208,516.2714055982692,14.031274650280098,521.7857138131525
419,604.2827987618788,607.017390912293,13.143108840655973,612.671283744035
576,872.9869773143821,875.5680395446592,13.80101712811623,881.1749323796655
601,977.276668133081,980.2207511223096,12.521243000573081,993.5059953521061
561,1011.3767821757128,1014.3671397150375,12.085715365748545,1019.7172603565053
512,1145.3008110086064,1148.059022372535,13.024579321252244,1153.757084936737
440,1481.3566642848057,1484.046152955999,12.93531358123237,1489.7434085689447
648,1489.1230949197225,1492.0534677545384,12.718241006771587,1533.294535236971
612,1537.2687904115012,1540.0477337315774,13.437832199444964,1544.5777104813603
637,1555.5904716535401,1558.3522436290505,12.554807052729997,1563.0318401898203
618,1636.941726657437,1639.5343384641417,14.161915366450664,1644.0002967976368
645,1772.0743458639072,1774.4919771954387,14.599042804512361,1779.8831803838375
2630,1847.4331170315982,1850.2007829922209,13.598377025211587,1856.0607240809418
614,1866.0976145189984,1869.4865233181279,10.155240372207023,1896.1896610182623
647,1868.0242608891547,1871.439310874247,11.17639283075854,1898.8958722462983
2492,1871.8053457925346,1875.1931216110615,12.170876507009433,1903.3681997421343
2556,1875.5659063653995,1879.0745477592511,6.314316155084046,1907.1346263988492
2572,1939.576342529337,1942.353625892105,12.58852268370203,1986.2184522108967
2575,2048.0322592804046,2051.385560400485,10.757987320613633,2057.660760888569
2431,2049.929752655458,2053.238373418223,10.959902707325345,2073.0454262332605
2628,2052.0345981733476,2055.2584701940477,11.350949781844374,2079.4020157484674
2551,2089.430476394039,2092.4750503553755,11.021535325117995,2097.9803167240966
2595,2200.5413937569256,2203.291272971836,12.43225058774994,2208.9522188809865
2560,2225.6027106709143,2228.2583943263785,13.054002151941539,2253.356475585593
2497,2343.4484419984,2347.224192715089,8.967876968721919,2353.6729540686574
2589,2456.094424202776,2459.128906557505,12.282544642662428,2464.1077210576486
2591,2764.195113107449,2767.0972739253007,12.011713242498802,2793.10133471562
2646,2852.4391862458856,2855.142240638003,13.20689468538282,2860.9464501378698
2587,2949.3903275006182,2952.2699345082665,12.877141886451353,2973.669638510335
2648,3034.1640707983593,3037.2272227136414,11.582254454329753,3042.9266521635827
2632,3306.0978371597985,3309.111803312512,11.62577615847928,3314.9321575814483
2640,3315.397218773847,3319.022297577676,9.766391005630235,3333.556826549236
2597,3486.073729754689,3489.343434851139,10.579502061169487,3513.7237146483712
2594,3575.134962906448,3578.347637517384,11.537065797160151,3585.2813445773836
2404,3576.9272064611223,3580.227800800377,11.312557990344486,3606.3636285900675
4606,3751.964575687858,3754.3965363014986,14.314066072086275,3783.332236688346
4589,3797.7824785936937,3800.591811840857,12.614937363553139,3805.2781497771866
4614,3826.8964399411025,3829.146012899675,15.546820306154158,3834.6849895013725
4566,4113.584476519223,4116.230476499924,12.88235483575202,4146.533466348162
4595,4158.41825492705,4161.392257066386,11.718361314754256,4166.335000203818
4446,4161.221142320004,4164.460886697069,11.600192294933274,4169.679091236387
4604,4187.088471349632,4189.587815477703,13.677458955586703,4194.961492051411
4612,4208.153641983169,4212.013202354555,9.377645353909196,4233.26743442579
4654,4383.5767396706315,4386.4444810964,12.157477989901318,4392.008642257576
4601,4385.312802937809,4388.214821892841,12.929155864723421,4413.135321715038
4598,4414.606157847469,4417.507106548532,11.96838858903332,4422.1970067340635
4593,4475.956798197145,4479.2574524695265,10.405078211091078,4506.292499474868
4434,4563.76614877572,4566.564844172289,12.573487176989406,4572.661105816161
4603,4880.584169115392,4883.4954031436355,12.348679577327388,4888.309792691336
4439,4885.665404401646,4888.357287923383,12.76875416984097,4892.79534821961
4435,4887.48809792186,4890.165016636948,13.270853886824971,4894.531565179521
4563,4925.255862917295,4928.388717718326,11.549759288575995,4934.728176310606
4574,5194.03264914508,5197.049345614805,11.570300292971147,5202.738170825963
6573,5508.157786986132,5511.119956272515,12.217461146286512,5515.865362832163
6448,5516.411266447693,5519.02982102767,13.630833638315481,5523.4205696391255
6569,6186.773270744514,6190.289539703987,9.534868194628283,6196.994014819207
6607,6192.546015705316,6196.020573105857,9.800790953225377,6218.431975911468
6657,6273.787919993944,6276.247814665421,15.101674496266332,6281.673410731755
6557,6329.678541120788,6332.415307485366,12.967992154546668,6336.926870049997
6419,6364.2290812955,6367.239792242384,12.321868213082219,6373.802339277231
6623,6464.265563203413,6467.013234563697,13.381481723030545,6485.103718762592
6621,6467.9804755869445,6470.606117374918,13.96962689276281,6487.713729546234
6619,6542.428770120284,6545.045889482192,14.454551262027895,6550.782029039814
6606,6544.452846572444,6547.128549945547,13.032542477694252,6573.274100149422
6559,6639.13372053544,6642.326781478734,10.581649733402957,6671.262408923032
6518,6731.057261496681,6734.020618504335,11.54386654009646,6753.513051564292
6409,6736.281953406582,6739.406838036582,10.759019396251972,6759.400540016249
6574,7038.518519062018,7041.4318237595235,12.630119508118723,7046.126264229339
6576,7045.439990069349,7048.573637005035,11.995827946501118,7054.352030930026
