1383,194.3055775980324,203.30642377819052,13.32409502588734,210.7599049348573
1641,392.64534744213637,401.3298268352365,13.44655028310659,407.5500422579792
1231,409.64581621175495,418.05881575926156,14.452866314937824,424.9311536737714
1238,498.97426157947467,507.44602243751484,14.75341259415781,514.6600117104099
1546,563.0532447882058,572.2376571068703,12.53140094762488,600.534726419826
1530,564.8101502171968,574.0430412784152,13.293213669883713,602.947192521936
1373,598.6990781716996,608.0983156122803,11.926169149857374,614.8486022237225
1222,679.2600041999215,690.5185273571923,10.901065367644549,699.5496656191355
1668,751.3661274096759,759.5807518085701,14.532708308407855,766.8497320543739
1545,836.0764271436749,844.3122269599313,13.637339015338426,876.1713462998079
1382,1093.8304009344936,1103.1938504934144,11.766316485355192,1110.8816473908817
1659,1195.0416380002655,1205.4221531662913,11.336876934369359,1213.671429974908
1221,1221.2537976217686,1230.5571794342281,12.426471594665678,1238.190188346384
1219,1402.0026608509859,1411.4579022346938,12.29294694451365,1428.4399826528243
1665,1544.4294321407035,1554.5341672707248,11.422290214433996,1562.9460675855591
1214,1580.6660796560589,1591.2525468963458,10.686002874259625,1599.77555037198
3659,2073.883348253192,2083.1051256945516,13.369626917254436,2090.680366375995
3529,2083.3888578804504,2092.2074325911967,12.693981041129152,2118.4627237353225
3644,2199.6314980593866,2207.431393718228,14.883403650838174,2214.7969696632877
3369,3210.7958637937263,3220.285276928102,11.972667855332542,3226.9045290029044
3666,3277.263655378235,3286.355271637186,12.44102975125338,3292.82193728351
5652,3812.8809944281957,3822.381293551422,10.13250614356654,3846.31091915898
5372,3839.0519093300545,3849.1425755981954,12.003586556403864,3856.1124284960138
5544,3973.4550739587453,3982.2749818788834,12.91274535360837,3988.6313798932133
5222,4099.154793566344,4108.588188822676,12.973549056349476,4116.043260219463
5240,4189.17320296033,4197.6242993257665,14.226884730444585,4203.483384011258
5646,4604.864001927527,4612.452110111638,15.643408558321973,4617.94378307779
7252,5899.0720882063415,5909.254509780452,10.895482550239882,5916.579401358001
7654,6055.748450559405,6066.483722541331,10.78390751675218,6075.412389401962
7514,6057.560743913313,6068.344708989442,9.855733633410587,6120.560972373828
7656,6155.372111287859,6165.095325688746,11.516048339950116,6172.80159764315
7231,6439.239034184541,6448.403833806506,13.476957079322183,6465.37586365047
7667,6583.473560939964,6592.18870164955,13.345676551739286,6603.393792553735
7671,6684.983820535869,6695.266449691782,11.326828596611762,6703.84479484762
7248,6800.678740427829,6808.608053446197,15.568012700874931,6814.003788310083
7536,6852.920988097657,6861.118620221632,14.081402461668048,6868.402349919571
7663,7056.605406279682,7065.179541618454,13.256552026429803,7072.555289813848
