1513,162.96766805543447,172.1554446417438,11.047504503115187,185.90383272382815
1666,331.1716258196286,340.0048772034118,11.245481884924873,349.6249077785804
1673,421.8028686925576,429.59814398346083,13.17783358492191,453.40526107478996
1520,428.2199880975572,436.2960043217186,12.385864204586994,456.207721593923
1939,549.6914997242424,557.0381007730225,14.675639553718957,564.0716949385744
1937,555.0700620888376,562.2884079149778,14.185725592870007,569.2774982803312
1684,631.9751033415034,640.3231166953774,12.90940264670973,648.323350368257
1926,723.005374064461,731.358523704524,13.155422225623788,738.8387273249106
1084,752.9774226576633,761.0368373528282,12.499232588909978,813.063539297357
1663,780.7675992804444,789.2409801428032,12.69118331702726,815.4337830955587
1930,821.2622244477659,829.2951562458611,13.147742055037664,837.2835608223367
1101,999.7468635337314,1007.5562768914765,12.728525754773013,1015.5085395574957
1683,1083.332868363389,1092.1436161899528,12.656674607310293,1099.9178372494948
1642,1143.819718093022,1153.4900393039427,10.433237235406883,1173.046601616987
1110,1265.039330666436,1274.002598044266,11.696875963366663,1282.6070998891164
1678,1377.248348952342,1385.1327810912367,12.696735843023049,1393.739654285084
1658,1409.6071689582095,1417.3333352547684,12.519194831220217,1443.403274927059
1945,1533.1531966925538,1541.5032811173548,13.14090254087035,1548.7121037235192
1541,1592.7849904110838,1601.5757814530525,12.098521834835188,1623.240128244596
1652,1596.661648643276,1606.3790234889782,11.73117549845291,1625.7772504399172
1701,1622.9219301663088,1631.5061340211141,13.066057651591247,1639.1430558408674
1660,1680.1029582329954,1688.1391284646254,12.308934719105052,1696.8005288035274
1538,1861.347693958415,1870.4300608685207,11.822623181818477,1880.7388980795597
1680,1922.1804835111998,1929.1546632074112,14.081413714323173,1937.9676606499063
1931,1982.999525230548,1991.2793943685779,14.596417592226391,1998.1310074682215
3370,2004.810424580446,2013.051680164488,12.865157692391534,2021.81846526314
3523,2039.674638133916,2047.5207156177034,12.602147722668496,2073.622794386256
3942,2182.581226723582,2191.4234189225567,11.65449658566013,2200.845190446697
3952,2184.3911415204143,2193.2351549210866,11.568686585097803,2255.7750007127515
3551,2220.216230301234,2228.181060551147,13.110773595490224,2258.6675923049384
3390,2346.771431659577,2354.582177359246,15.394636848566599,2361.0109339668575
3379,2433.267457447606,2441.459501535951,12.870284126326034,2449.013841309672
3677,2669.1763254886373,2676.6020106238134,14.235747238756097,2705.671172279991
3391,2748.992095067365,2761.1815319455077,8.580083013621168,2772.800679179826
3545,2777.791248798251,2787.1544240277394,10.39520873074357,2796.350271485175
3667,2850.3714791227876,2858.4551489509436,13.021015899162627,2867.9126656775297
3931,2882.831169627317,2893.406386356946,10.040080619012555,2903.4162168791336
3680,2938.790651195693,2945.654465442083,15.453621740473816,2953.770441176379
3935,2994.572694731705,3002.427066881693,12.738374409639851,3011.339668405664
3953,3067.776271440312,3076.1174276247343,12.88283384689109,3084.200312663968
3687,3082.2619631303883,3092.381031812286,10.352813431799389,3102.8270986142625
3933,3189.7616131966993,3198.302072305518,11.205635986583006,3249.345353736641
3652,3212.1073433299625,3222.0500438382014,10.012447666054864,3252.443624575374
3541,3224.1023808775835,3233.524918867336,10.538642673514357,3254.841213542716
3949,3242.947250667462,3252.256096071054,11.89587092927016,3260.863806115844
3383,3245.5363877948794,3254.121948045015,11.401686986981286,3262.6318975780077
3936,3335.6934468341447,3343.490029455887,13.926435153132617,3350.871629069467
3927,3345.047038881443,3353.2329294635715,11.283009227743234,3361.297753093136
3372,3379.138597353891,3387.0723192707655,14.359300907893802,3395.433789568306
3939,3422.8461190447774,3431.323332697441,12.54654521917549,3439.2450321361707
3686,3482.972165766572,3492.188455334691,11.305219342304284,3513.5793040904045
3520,3498.8970215543154,3508.5001911144864,10.278347046220503,3517.9055574325175
3657,3569.5155552786487,3577.509131666571,12.457088096777436,3587.205360003753
3532,3660.5644917932564,3669.0007253520516,12.747758261892612,3678.551711612116
3550,3666.30970423887,3675.3164890575554,11.648529394072721,3698.445450193757
5932,3795.0284538375145,3803.135710356215,12.451088152851725,3811.2200016465963
5547,3840.076537135059,3848.192250129592,12.216752720199729,3857.844402616729
5640,3842.58159205526,3851.088961381648,11.769366187203103,3873.319209078694
5938,3893.803820546621,3902.129458823536,11.703851002289873,3911.55093871356
5370,3897.2364720343753,3904.6401014990875,14.348813725999271,3965.804242493769
5922,4151.203900153336,4159.495616749653,13.617919797448817,4166.9389204934705
5374,4233.594761311572,4241.589900005142,13.582549426854833,4248.905103345027
5390,4278.678251664625,4287.100598916978,13.002235989873068,4296.4183875151475
5689,4290.5861538369545,4299.158434454312,12.38697074836379,4323.617167397212
5694,4436.40197085995,4444.0200907676435,13.225532646522474,4452.62653554819
5946,4507.117738572984,4515.566476317663,11.537694698395473,4523.814392249957
5520,4568.831970514563,4576.044238187504,14.661835272505353,4584.730754464656
5923,4612.597239526499,4621.49393242178,11.984834577644282,4630.988886707216
5933,4629.1267788232835,4637.17075885061,12.497093932737707,4683.017313092631
5371,4730.817985711374,4740.125966617872,10.722913134368715,4750.55913056876
5939,4967.6662034709125,4976.099345393038,12.51187846062368,4984.139533522125
5545,5009.314288081611,5017.092343928877,13.370593433457836,5025.745142784347
5109,5155.884987440774,5167.212000186063,8.828524475443595,5178.800544754545
5087,5162.624896557791,5174.3145417919195,8.573761826643276,5223.342112845274
5090,5164.6915547300205,5176.287035551193,8.190322586437075,5229.234494989688
5548,5213.8128937012625,5222.302030409128,12.326999018558078,5234.446034247925
5927,5223.236413121654,5234.15742770382,10.15766507591911,5244.190990939918
5695,5255.370733196022,5263.304511179209,12.381993109760765,5272.395097479524
5645,5281.598525401283,5289.488346798549,13.420126001168674,5315.796499014699
5936,5319.103938132691,5328.060216694873,11.355724165604142,5336.847430349845
5675,5372.882538855699,5381.45810811614,11.351776768321626,5406.099475797754
5944,5512.5621991187945,5521.054753986559,12.52148674792765,5530.375749907116
7529,5643.981891829322,5655.021255821339,8.848296356085946,5666.419307244282
7924,5673.112867115632,5682.148865540942,12.067081087401984,5690.242248836525
7928,5675.266754473664,5684.001540181476,11.813348497265778,5692.163270350162
7542,5734.095271643408,5742.541641091712,11.758168148708679,5768.288326191839
7689,5826.693078104591,5835.470935843348,13.156112671788387,5855.894256061535
7646,6094.774671038225,6103.427568498282,11.438773268836474,6131.173397373365
7934,6126.978654566554,6134.287463519608,15.078210982334046,6141.167775884813
7637,6182.239265271637,6190.451280731017,12.714362786922218,6213.37786488016
7511,6284.56631752354,6294.316139780942,11.056580687339617,6303.81341675773
7939,6332.03686296709,6341.486075943245,10.629485978568788,6351.476077201945
7674,6361.491633606886,6371.066901737147,10.327941886467572,6393.280130727144
7546,6363.765659328631,6373.082903028265,10.458845461856843,6395.777651100026
7672,6408.144328141176,6415.575621604482,13.336051817762462,6422.851580725244
7522,6456.121784259277,6464.422478631722,12.283304220007679,6483.532707589191
7093,6483.579190571352,6492.549573744449,12.880349536936702,6500.235369849927
7541,6539.102152511245,6546.524095714942,13.327068912244124,6554.896619246311
7691,6540.8868180154,6548.279494198138,13.923671627132624,6573.462624088461
7946,6602.809553379208,6611.344246153042,12.017298683918096,6620.776692396506
7647,6630.404497673948,6638.417836985345,13.095072029042516,6665.9365390856465
7931,6664.76391423647,6674.153425670268,10.893818587138123,6682.97021427053
7103,6783.2377443892565,6791.548754530304,12.687537408196851,6800.75644851361
7923,6785.024748435363,6793.329062611491,11.565248232100767,6843.650508662772
7947,6845.079357423345,6853.55489197169,12.246955494866974,6861.714688689298
7953,6943.36036466875,6951.505648016572,11.964466373114444,6959.588607814085
7940,7022.963358950338,7031.187925343919,13.471522319985638,7038.428789797373
7938,7025.211657611373,7034.536180973471,11.51933153196332,7043.608838967477
7945,7113.230854466564,7123.098731167938,11.742210523053426,7131.910860882286
