657,154.74920116006012,156.1985218676536,11.74716655259733,157.6281645233554
690,424.6037699149053,426.32402425577715,10.283246278877908,427.94666170145376
495,511.93295232815973,513.336361778836,11.962080281792865,514.7152159040565
504,528.809616146599,530.1670964488496,13.287959534708275,531.4509603843454
509,793.8743605589576,795.2483171171949,12.71277918790026,796.5707033546169
659,963.5124722385161,965.0075914030772,11.621388299813496,966.4882488366138
91,1038.6144932482373,1040.4125417117357,9.747246228342158,1042.155413670989
223,1398.7798530593411,1400.5502383048452,11.223355675002646,1402.0284304770896
485,1426.1942482262107,1427.5118924221224,12.918178210646767,1428.8166605429628
492,1518.9284347176601,1520.4816933193301,10.564800015984506,1522.0131058985405
508,1596.740523920102,1598.0529345516356,13.359807479350165,1599.3291642362985
782,1682.977184434978,1684.437387232071,11.394554251454613,1685.9474721816057
469,1880.550466151031,1882.1647534047838,9.871970015987124,1883.865444063867
2520,2118.5069503679097,2120.326655019874,11.13477757549874,2121.798939298723
2501,2388.5554697645944,2390.30953009937,11.811324514350389,2391.659533167638
2225,2390.8055641211827,2392.2821208018054,13.651269075961444,2393.5511545254444
2237,2838.6312266874024,2840.328376155879,12.552681482627452,2841.653942102158
2233,2928.6865635506083,2930.4533089214838,11.901259081721905,2931.7519631082127
2477,3588.5634318242523,3590.0115278360936,12.731842288621424,3591.336727319562
2476,3675.9166458040113,3677.327755672725,12.975820426889564,3678.6366878304248
2228,3738.684506746637,3740.386002747418,11.299097022794612,3741.9217917423366
4234,4098.762984339143,4100.545559601613,11.41647434957851,4101.9082401797195
4228,4278.747574638033,4280.429192182539,11.475006172712291,4281.919380865227
4784,4569.88394262605,4571.135010611626,14.207071932409738,4572.324875256386
4226,4638.499504183454,4640.326459091688,11.93600885361699,4641.7370534774855
4484,5032.59144877729,5034.323263686327,9.7976916086546,5036.063200884085
4243,5178.72535649166,5180.4127882301955,11.662338298866333,5181.727806173295
4227,5268.721068317318,5270.529236453246,11.595188849425437,5271.845000462461
4782,5371.16893325699,5372.489107940246,13.432802657323219,5373.753192141532
6076,5943.588943062053,5945.331932204203,11.492982431769533,5946.693434335407
6467,6438.452583579553,6440.143629545812,12.1421504365313,6441.4848605975485
6508,6708.4578373274135,6710.26763373278,11.484039914791683,6711.648083356135
6073,6888.578988061139,6890.280166035467,11.901226754886887,6891.649108529729
6509,7171.815761108271,7173.06384639688,13.509032552993629,7174.330924873531
