1973,30.22156855606182,38.2628757111228,10.607751334333821,44.577514012269965
1936,43.595348551718516,49.37454615760199,14.915350873406465,93.34246068153077
1749,85.47427035483793,91.21568473100199,14.375779024306961,96.29216074642586
1916,141.08692931660747,147.13032645460464,13.88508751992204,152.55524669539665
932,203.81841223502497,211.49412773142046,10.975273886416659,216.77686779442055
922,206.92929606502932,213.43988944641023,12.264365798716494,219.07769895676802
691,249.29005706725343,255.0184005554718,15.21176621576293,273.57127959979283
924,467.12546535930676,473.09183072490134,14.918007882943026,478.0155714588035
1941,645.4579966492722,652.1733847834888,12.392594924314453,656.7554152532771
418,707.0299899921448,713.0272335564605,14.523807278092365,723.3769950916009
1756,710.4972274436591,717.1474982712766,13.888001653086913,726.4383079760395
1930,797.0957381552615,803.246975678205,13.948360301609478,809.1427634338235
429,802.4065468086158,809.541693928169,11.327298758019573,814.4972781260503
1924,897.6047319456607,903.261600288344,15.027518507445237,907.5587217912349
1925,967.1783028085191,974.010308444293,13.048926814397296,993.253807956106
1897,1045.9699958134943,1053.1271065578821,12.234854008492698,1058.9543804405776
692,1154.544263508077,1161.1046631002382,12.510679581095978,1173.6252596597762
933,1167.299094633802,1174.5483401829829,11.644820218204043,1179.660798044725
1969,1340.8303201061453,1347.075733546646,13.607883751031572,1355.4215874514316
1962,1364.5205490658807,1371.0674645677186,12.561062478416353,1375.5656633694489
1934,1570.49155239195,1577.4039564735992,12.383182719602503,1582.8307596724483
1754,1779.2141978266905,1785.4659288177738,13.991036228563763,1790.8180176468152
2922,1924.5976981625292,1931.508387789308,12.215796516814141,1937.0930546681911
3939,1985.0726352899292,1991.5360974021382,12.394883157356949,1996.6827970063066
3956,2036.7066572009642,2043.3807600683601,12.44871202939275,2048.959767999364
3964,2045.5393418073488,2052.3104857577778,12.13617893285061,2075.858028698625
426,2049.7289358626213,2055.2354438788593,14.672308200414097,2078.2253494677434
3901,2250.7891303215633,2258.4633782530523,11.633283356660247,2265.85626724722
3962,2258.730808778672,2267.1112058831463,10.765366886129376,2272.6723991130725
3994,2293.5873019181186,2299.4774216003175,14.151650070676709,2304.979777400472
3926,2356.5702403356995,2365.085459688448,9.811698717960635,2371.054313656204
3966,2510.0199624175516,2517.2004670822384,12.99791143713814,2523.1659968475496
3977,2654.8549827305437,2661.08995610799,13.648635563847174,2666.720768062851
3974,3035.12057495509,3041.359766968269,12.78345749732528,3063.484129717163
2420,3149.5530025337316,3157.0277948037715,11.990748705057646,3162.007590922029
3979,3184.615970956738,3192.2523875743427,11.132397154540195,3198.4427249768532
2406,3320.524447946474,3328.2571124494893,10.917662475608893,3333.713913048817
2673,3407.898494685306,3414.3156137702836,13.677494717886475,3419.7207280128537
3959,3483.1159756695915,3489.261143251045,14.401231496980264,3494.7480215133246
3756,3534.0411113560726,3541.044898115356,11.460269047225177,3545.9622207934535
3929,3537.030172208342,3543.2420175933057,13.28718958338972,3548.257171872207
2934,3554.294757257799,3560.5546991340243,13.6036693303474,3566.638851526384
5913,3851.344321476322,3858.5460708274354,12.325235275354272,3875.952252486727
5961,3860.8742386096865,3867.2061944901475,13.02569744104844,3878.0032355370417
5991,4119.74132427228,4126.174068124144,12.757860394364473,4143.233562450189
5984,4193.329766306243,4200.553302568554,12.085978172643808,4206.60467748703
4678,4233.347484465801,4240.568209889173,11.950471157197422,4245.596297734425
4942,4310.289877064911,4317.398057181682,12.439579154552002,4323.386243157788
5755,4354.891279630645,4361.107584308522,13.459362456208455,4366.829303659745
5968,4483.248625899458,4490.051701810033,12.515340053286032,4503.744087270572
5960,4550.88849660278,4558.382511959796,11.387459080685938,4564.509794944392
5943,4668.6841673783,4675.58854435659,12.745404239271451,4680.630021037157
5999,4793.479668793947,4801.156881368576,11.524300751006209,4806.3314133933245
5952,4803.140011310538,4811.356639615984,10.784124268093073,4817.827459713246
4668,4847.2393849101445,4853.189314104758,14.134161631250864,4865.55727047659
5912,4893.9577743963455,4900.1225033993205,13.442573223175387,4905.7032956020075
5940,4897.32006839369,4904.334323955423,11.964523432838144,4953.059415536638
4665,4949.220112871279,4956.135566752411,11.872434521746154,4960.9986669460395
4951,4974.43893594485,4980.198413568992,14.075557944033044,4984.4674646403555
5982,5114.151303613735,5121.199817070813,11.79384224637376,5133.643100954555
5949,5289.972472344832,5297.3988869788345,11.123834961556302,5303.858232516985
5946,5427.0475122309435,5434.381304000466,11.158791748294064,5439.4310655379895
7929,5453.729511329938,5460.0147488317725,12.790922593805872,5465.574029868742
7921,5815.034762464259,5821.393354708013,13.62393147067292,5826.889806141555
6439,6102.947392996941,6109.058116000487,13.202902476942834,6114.5693816670555
7923,6253.541854089222,6259.208028277074,14.17108049203777,6264.777672795112
7925,6256.21832231611,6262.40318292461,16.313337452687094,6303.676106112584
7973,6275.743259622895,6282.556135958594,11.806673884284901,6306.270748980982
7948,6281.085466790066,6287.275250779275,14.019559573190675,6308.373429446158
6929,6388.417017823651,6395.303328254037,11.731661534037734,6400.136229434838
6437,6556.502575588327,6563.143256398261,12.180764369690175,6569.283668562028
6426,6743.456393946976,6749.467971589696,13.838976631673676,6754.365827182899
7992,6816.41999615323,6823.323496995205,11.988937815126667,6843.52890149302
6435,6824.108493879777,6829.425204419802,15.681930039057102,6846.185842623121
7936,6829.03035921157,6835.339207665312,12.44994288945257,6848.458126906937
7951,6834.1032202941315,6840.245110037594,14.380990019233677,6850.790565446226
7937,6912.605390642399,6920.208886754766,10.441697520620052,6933.439227526755
7894,6914.827943748964,6922.0806712069225,11.48494763646523,6936.136944296164
7938,6991.527716403777,6997.246631824091,14.737110137727193,7003.019548717594
6961,7035.815763903223,7041.344344500861,15.560953754668876,7045.440810257208
6690,7107.201654464943,7114.279699213019,11.70748827675298,7119.25877169306
