743,303.63400720786774,304.1547458950487,12.996215828231088,304.68672815159215
733,349.7375334698487,350.33059458238296,11.60715554272661,350.92624062136116
745,758.7041699265942,759.2711629420535,12.113363982423637,759.8419173776389
748,983.3464355065416,984.0163772464083,5.929942509713627,985.7161381150707
2750,1971.4594316529863,1972.004216095641,11.970684782349341,1972.5817733823403
1553,2055.044550407361,2055.5872565688187,12.739409857168647,2056.1370835212965
2754,2339.6478724273325,2340.2775941630666,11.211769575554385,2340.894245814373
2209,2471.8344785236154,2472.383201290846,12.725268519922109,2472.9265105508434
3400,2930.5379491351605,2931.078063881137,12.636615061109202,2931.625184782533
3572,3311.9053289536337,3312.484632752579,12.05931357238029,3313.0601722820306
2211,3546.8045560786763,3547.3865294214115,12.094636661003127,3547.958167612505
3556,3660.4758669860826,3661.0782088411947,11.118695319708568,3661.700022464469
3803,3722.7114466609632,3723.241603211923,12.922389443924777,3723.776624714938
3030,3815.8891605423537,3816.421218166114,13.08568511567834,3816.94956316003
3258,3827.598389683177,3828.108908275807,13.188098634409858,3828.6331503530378
4070,4636.7316037839755,4637.264571130744,12.991751634209047,4637.796736185734
5404,4908.056552762491,4908.596569337333,12.802859291610822,4909.138061610722
4765,4994.506560416569,4995.211495477711,9.838765147663622,4995.914201164762
5554,5000.639041210424,5001.181964320236,12.390433854278498,5001.7399557759145
5027,5439.644434230535,5440.196984796261,12.22869441705327,5440.762356371266
5020,5442.831949167028,5443.336728362512,13.429768477127,5443.8515366583215
5252,5524.683671649521,5525.206484261175,13.939403245803335,5525.702470789502
5589,5547.8850309811005,5548.5247825104625,11.028522309106416,5549.154964292216
5412,5631.865740611034,5632.381483148675,13.511616922373527,5632.893172923671
7582,6251.603323115114,6252.150677823803,13.019107574991978,6252.681724685734
6070,6698.9542827895275,6699.499427817187,12.753797829234248,6700.042932096505
6066,6800.03554343923,6800.570538573766,12.923026353937615,6801.104798719916
6071,6890.089837020773,6890.599212086561,13.57301659854987,6891.116691353518
6768,7114.393807639244,7115.023260287267,10.988115809414673,7115.652463359272
