1349,93.85329826617365,98.38655986707053,12.383000886294491,103.80301488107489
1417,455.8406551329392,460.39099777496625,10.952220339720204,501.8855302920506
1419,544.9275074040161,548.6057500102288,13.726290030983847,553.6678166997348
1484,548.3624395615899,552.1108250791854,13.45941201530952,588.4108959458296
1487,753.5682770480697,758.1076772694348,11.006548181430826,768.3589705479344
1423,903.49849038262,908.2419618378873,10.902140586366173,913.9886389112271
1494,993.8444562547238,998.2987437535332,12.320857010513294,1003.915653316806
1410,1024.5405137992755,1028.4380387930335,12.685047472191707,1042.084965043195
1428,1083.4126098301024,1088.120215536896,10.625687653374737,1093.9601545652251
1385,1128.094610878981,1132.6500536830995,15.02336387481016,1135.7408187224062
1395,1354.008644113458,1358.4552983386966,13.14742188787002,1363.8953579147599
1409,1625.5563052764928,1629.5531903851327,14.041638482496202,1634.2476268268854
1433,1714.0452701812221,1718.2987783110927,14.716221473221733,1722.9432968337846
1426,1717.897990886261,1721.2133971518413,15.30114246794476,1758.350206843173
3348,1986.0208740717776,1990.1765346420048,13.196585701032651,2028.3758135254595
3503,2105.3533621256897,2109.3592633316484,12.563079769665318,2118.3718283516064
3487,2255.8402476312594,2260.423246419904,11.299536208020585,2266.127867081918
3369,2259.9854217224874,2264.0329567740623,12.24839016983537,2298.1014127062117
3387,2480.899581528772,2485.046476483042,14.045800982780165,2488.7933727941913
3359,2523.6690396152085,2528.219380298658,12.261940734488654,2533.2478795960005
3405,2568.0687411654085,2573.0308343847,10.86461790541751,2577.8125572985814
3425,2570.7325417549287,2575.1566499843916,12.165694595996586,2579.7375588372684
3435,2617.432457700373,2622.3114505423814,10.27664826235389,2661.8014126655476
3409,2658.26590653576,2663.2133904461657,10.994373021411553,2667.8988668696934
3444,2793.9405721534195,2798.272261626941,13.761693028395099,2802.9297651576912
3398,2838.2207673659286,2843.2085769346095,11.579253975396472,2847.362112043513
3489,2973.596549872216,2978.1819065818354,11.388468577564383,2983.635506925773
3417,2975.642119191653,2980.014976282723,11.698500569625386,3021.8097144501753
3415,3020.0823121415638,3025.0732751281857,10.59171956164622,3030.021396610699
3419,3065.1411462404403,3069.337919122803,11.81263782781968,3074.5781548108866
3438,3513.9801883018285,3517.4447069523103,14.724187600226172,3521.8872494077023
3431,3650.5972748151758,3655.1347102964037,12.54558367910136,3659.213899959891
5373,3738.116768993689,3743.280289780432,10.710608508353682,3748.096085312337
5359,3963.8977658895947,3968.363281200927,12.50190244687659,3973.9059424579636
5413,4550.187755469652,4554.415505686817,12.505136579361317,4558.436560864344
5358,4601.402250656815,4605.377069949868,13.961323162984279,4638.5893502145545
5439,4869.661427317293,4873.515752605913,11.88811308598514,4911.0844419003915
5408,5090.944601506724,5095.403876097846,12.112219109330706,5099.5165300602475
5402,5092.9331267806565,5097.211217301957,12.440668440042986,5101.414472973125
5483,5138.291430074088,5143.012646900813,11.237128051171851,5148.933151628478
5477,5223.893058413077,5228.204336280827,14.050685833734578,5232.98311795549
5354,5241.597804741662,5246.023049284101,10.135518197343632,5279.363018410505
7415,5589.977491262497,5594.153133434657,11.544538438880055,5631.55050119387
7446,5947.724004019403,5952.362615808035,11.02247457115456,5958.200579301337
7342,5958.500841579457,5962.084546344543,14.353610991714008,5988.088983722401
7408,5988.1032494586525,5993.291079178985,10.420354260361886,5997.88344381977
7348,6033.6904781929225,6038.335075644683,11.11759190339099,6043.715844750953
7475,6215.866918717258,6220.0580047834255,12.998107489083132,6258.36707736492
7438,6307.679844965513,6312.357940555754,11.10023061761255,6317.964046877451
7382,6309.775057708885,6314.486449621237,10.672065398646724,6348.027111229086
7403,6395.707971004707,6400.043073108394,12.108878672967949,6405.687434221863
7448,6843.830099466349,6848.1178550767945,12.968700591810126,6852.892958945424
7410,6887.9777722735025,6892.566854392627,12.961970268395277,6898.509928236183
7395,6935.6675283030245,6939.631937609365,14.65018291433102,6944.255806613554
7418,6948.086874895796,6952.221309722043,11.977737136889242,6980.640117338357
7407,6978.111536696961,6982.5760083954665,14.60700384710482,6986.0548025271955
7490,7056.167226054855,7060.227731247192,12.64031014472655,7071.053449317349
7414,7247.843155947997,7252.452200380181,13.284321426844759,7256.3610309872865
