1383,408.8493058591283,412.52299583518857,11.36403741703607,415.6466257794357
88,634.0442894853195,637.3548675099669,13.827629874393455,639.2913569970611
1214,769.124290699204,772.5811257931979,12.48115360266662,775.4613169204711
1227,859.0085141642977,862.0583525082795,13.667379097363023,864.8923356385657
1387,861.3552364739297,864.3308085186034,12.855253764803642,903.0032550899516
1380,1489.0514921168733,1492.3018368836933,14.300947954629404,1495.3552780044622
83,1538.2590529528006,1541.4626302485308,13.456761021441132,1543.5634711024597
64,1581.142746827373,1584.2114953532382,14.110936915097463,1586.957312404204
82,1715.9370577610823,1719.2542227955298,13.291302535357554,1721.3165538194883
2057,1898.0353802351697,1902.417097715924,9.208794214808366,1905.4009626811944
1230,1945.9043041091097,1950.31318769033,8.808573133758498,1983.022090051306
2041,2035.933494480272,2039.2468745250032,11.993696367855886,2072.71746051615
2061,2257.234913171735,2260.2558193738982,13.763875683219602,2262.26400212159
3228,2390.852952269334,2394.3527386563205,12.296796584947414,2397.572614450014
2067,2703.6173203548233,2707.190860908127,12.158192429167745,2709.5157176526964
3216,2748.837740698357,2752.069401065804,13.569810806663872,2755.031501034287
3232,2756.089349680893,2759.4058665598372,9.425529635616398,2795.977143323904
2117,2974.1035426703415,2977.513306064599,14.892302624386646,2979.308328105414
2030,3611.6522749694705,3615.128865004405,11.041451162605945,3617.586302195243
4116,3698.097990803112,3702.160997708464,10.469019763745349,3704.9138894218545
4035,3848.067844909052,3851.004151552373,11.277026541664824,3873.0897072338894
5376,4823.050850571985,4826.366285065477,12.487129447091238,4829.440357204626
5367,5179.553088261639,5183.427761782386,11.083290246127921,5186.728160462508
5213,5185.462811823355,5189.125658735766,8.584752266845548,5225.983231397488
4111,5228.178121165106,5231.373580910763,13.25261531590179,5233.463589450223
6031,5586.0262842262,5589.030343592776,14.212485063818265,5590.954205916436
6070,5631.796428384224,5635.177813404666,11.705680716411,5673.330878017033
7222,5809.126423169041,5812.4301882925665,15.557742484774554,5815.406613950132
7209,5901.428866767917,5905.034085232408,11.00832131591328,5908.1664280284585
6042,5948.088980893961,5951.20122032231,13.067974434378412,5953.320505917685
7378,6081.241120893421,6085.125018379944,10.557501047960214,6122.671451103845
6038,6395.912131215932,6399.0275797352615,14.992081499922245,6400.936081386085
6114,6397.93906407366,6401.3217680403695,12.449342611054151,6403.567175284967
7371,6890.493396716149,6894.092951525643,11.38609968832917,6897.140957066611
7212,6892.634693145611,6896.049651584909,11.71629935072923,6933.690170422703
6039,6940.571325899254,6944.025327545369,11.738602439575368,6946.325467424998
7230,7071.031920806021,7074.309622053879,13.215900512914056,7077.207002824536
6058,7120.418245911172,7123.410933445586,13.511755979688235,7125.386511303807
7224,7428.791992279626,7432.355402372218,10.709572133173145,7435.7513180520955
