1543,140.73722267069428,145.17054268698513,14.934131991761022,150.95676213915777
1539,162.3083673722033,166.3078644968396,15.451654670546292,183.37284720910438
1737,189.8597005956815,195.13986656054277,11.526502293253568,200.2765173130173
1703,275.2391165276846,280.22188225130503,12.38289528319686,285.1230302372053
1702,318.57071125571946,323.46098878824273,13.49960597084597,328.87904940680465
1739,362.8180463716941,368.3916667958694,11.407568223706267,373.43114602746124
1524,408.6481343799161,414.0504559285967,11.77428369542846,420.4059155543752
1728,543.3616010361881,549.176872869616,10.625704081102848,554.6368156779765
1526,593.3327699848317,598.1708068776627,13.312087560302142,633.3577951503056
1695,724.7515770879716,729.5644375860601,12.784627090354633,734.0409679064918
1724,757.2962742088952,761.335416966678,15.314977347650903,766.7932361909241
1690,1082.7703598150997,1088.1379523013059,13.302752352839706,1092.7936832768169
1547,1218.5074487552279,1223.1196048321135,15.2362409476386,1228.5275020878362
1685,1270.3343093831977,1275.52638491325,11.247879632164873,1280.621200191619
1687,1352.885071174555,1358.0230409850196,14.11261831269882,1362.311548198414
1672,1398.9383667108314,1404.051977597608,13.489487176300194,1409.8040521114513
1676,1533.130437894137,1538.460298375184,12.450805873864638,1543.0696536905584
1678,1692.7611526636244,1698.1378462608268,10.70231423687203,1716.1912496547654
1716,1712.866081886365,1719.0963992519482,9.097105010876932,1725.2033973123596
1711,1836.5332392656983,1841.1740688859418,12.74342233286941,1846.8466369847774
3648,2053.867145079716,2059.3799926467186,10.238932844865161,2065.9827846625426
3733,2163.2386821403334,2168.3722952413573,13.543797449929219,2172.687401323595
3524,2300.6389631859265,2305.0277488811316,15.473428896491125,2310.702165999322
3667,2318.76609080298,2324.509114145769,10.187558387800289,2343.272433313095
3526,2749.0289655966453,2753.6624905690273,15.558049646392869,2758.8235597068874
3658,2779.146326858106,2784.3831944343606,11.36698327360054,2796.1988434105815
3675,2806.440780217281,2811.0552060783666,13.154234842867371,2815.646673434268
3535,2841.188163945706,2846.1040023743763,11.7552467868505,2851.7713984352085
3686,2960.2857864495877,2966.2340820974814,9.937844606466655,2972.2108068749517
3700,2975.5015234271755,2981.241493691003,11.567157180827309,2986.7331578714297
3680,3214.455561426056,3219.2880242459787,12.390816666308512,3224.9187080274223
3669,3220.731649502798,3225.3017495001927,13.709080189117206,3243.1594030766664
3721,3244.8093862553255,3249.5636298803406,13.480984375694034,3254.0314128357822
3646,3379.16619241635,3384.079776853122,13.203673136617525,3423.128525963373
3719,3422.9599917476353,3429.18124982247,10.387757659924496,3435.197821049024
3679,3575.3492129575684,3580.117530730444,12.22015048526492,3586.1695703042446
5685,3783.1466158682415,3789.1171052128725,11.774297864529288,3794.3492034680753
5695,3964.7717172240486,3970.519533965888,10.410869853994923,3976.347369494099
5688,4142.570065227928,4146.361944849271,15.484199155847538,4150.192753565283
5696,4211.867684522039,4216.068157962312,14.330541462194812,4233.394699723064
5681,4458.789838483568,4464.04257870141,13.340857956616547,4470.000737706376
5731,4502.748362607147,4508.040830027121,13.433286434875475,4512.579562448402
5672,4580.529321553948,4585.32818305497,12.426805200104294,4595.915437046996
5540,4582.278891081123,4587.0096822389505,12.03513420372894,4598.210425681005
5543,4643.184966915925,4648.0444969948785,11.918728132880819,4654.231236123703
5544,4736.373775186233,4741.215363015584,12.542060162118837,4747.182925297696
5658,4830.9874276710825,4835.107982148311,14.265037209995254,4840.833740255419
5713,4952.741945055684,4958.246069992705,12.007153135088696,4963.236100450293
5734,5055.414849712123,5059.2636070002745,15.42014775698482,5063.138734812172
5647,5094.946251153642,5099.143601311499,14.036140157684363,5104.904943830798
5539,5359.085190637887,5364.458335539188,11.898557870982966,5370.440139268222
5686,5402.932870521912,5408.034864236255,14.890259941067441,5412.018968854016
7693,5495.287469519024,5500.008056004725,13.708444766898083,5504.304163266012
7704,5763.282102411315,5769.256229673395,11.16871637803533,5774.904854958734
7687,6037.487427086485,6042.191644804638,12.68593915220341,6046.795348053861
7682,6125.243596214046,6130.137427315264,12.508693476291192,6134.847392551797
7722,6135.22610068255,6139.109920187932,15.673090479345126,6142.991132296235
7695,6215.559833535427,6220.415733658843,13.427177450362478,6224.792881223804
7679,6217.6063125003575,6222.268823054462,13.72955768958624,6226.689476461642
7692,6242.172402167226,6246.521878522904,13.44138781227926,6252.47566586335
7710,6395.4305153961595,6400.376704309267,13.235966891968962,6404.780453455831
7676,6755.256121805775,6760.2553455507095,14.51853261686174,6764.3841485499715
7648,6800.455318117162,6805.086879383884,13.506581065961665,6810.638150097158
7541,6806.101039345021,6811.36316883605,11.012974824389255,6843.697204729059
7673,6851.718063374772,6856.523720094781,12.579514896330178,6861.29276675605
7730,6934.967269566637,6940.460050230902,10.931464120034061,6945.886772088233
7688,7022.7514804693465,7028.2450502119045,11.223169996620145,7033.328638502789
7725,7117.9185511091055,7123.00407736861,12.315920106601615,7127.998118944777
7684,7122.296994799983,7126.46572335629,15.661912529077258,7130.294880175198
