1156,57.0,62.532569782329496,11.34479257413393,67.75275069594656
1127,72.0,77.35198016654296,12.074546789396098,82.35099456859929
1027,137.0,142.04079390987494,12.085144793484393,146.77983038855353
1847,157.1813069582775,161.53261180338396,12.331657715982564,166.3960329447811
1173,192.0,197.12337180624922,11.92826457534757,201.83082867013331
1140,201.0,206.10929049909157,12.636966486738562,210.79289657691507
1852,221.18112058679034,225.4869929968868,11.780419590143984,230.29631646321562
1083,236.0,241.38636794885687,11.451660806418008,246.5245196216543
1051,247.0,252.21400620596137,12.098866234061298,257.151197714956
952,259.0,264.1434067221769,12.507948634420822,269.02970081095276
1009,282.0,287.2136111973321,12.137783021254517,292.1711688904634
1011,292.0,297.22956215373813,12.154161347797707,302.0693816253366
928,439.0,444.1118174748836,12.89449740415903,448.7785406915574
1003,460.0,465.5525559600989,11.479703663415997,470.71699463311865
1126,481.0,486.1796650632446,11.897622119575413,491.037377859414
1021,514.0,519.0411342961345,9.864636218655367,524.6357501550505
1015,581.0,586.2512459585417,12.05635591835034,591.0970668533414
932,668.0,673.1770355165651,12.120796539833597,677.9775878288671
1014,773.0,778.3677229570371,11.566675838709942,783.4264317118235
988,825.0,830.5596069989804,11.725255596596986,835.8319480101667
1069,974.0,979.1890626218542,11.815872725822219,984.1106564887064
974,1230.0,1234.496381255588,15.003153590883274,1238.5003061314658
1096,1265.0,1270.041113935071,12.778000426244256,1274.7384868206339
1002,1277.0,1282.191705176772,12.297737210080511,1287.1007533446787
1095,1507.0,1512.1213770202355,12.127330953002216,1516.6480344504566
978,1538.0,1543.0107806775145,13.034761612269298,1547.5690439904934
1162,1610.0,1615.0299388479175,12.721752704169843,1619.6740559601915
1065,1644.0,1649.0782234013125,12.410177493636974,1653.7845210246733
993,1717.0,1722.1085803714693,12.083096879735269,1726.8112317026732
1081,1737.0,1742.0554866156067,13.030181763879245,1746.7481424420953
3035,1839.0,1844.053445583552,12.932740829414863,1848.6202903108774
3101,1924.0,1929.2929397810342,12.434371435582703,1934.3212665583465
3005,1934.0,1939.3284761774717,11.611871578868966,1944.2409109729374
3106,2155.0,2159.632874611418,14.668989695620404,2163.7217958664196
2934,2229.0,2234.3006312434163,11.503486463479122,2239.3301848507263
3093,2254.0,2259.069208870713,13.019269130178587,2263.7779102979366
3039,2300.0,2305.245371178985,12.582880309500613,2310.0210278205905
3163,2459.0,2464.4728898265635,11.061547042950044,2469.4924112567264
3123,2482.0,2487.312054415481,11.445141731717513,2492.2419519078744
2972,2520.0,2526.0048226081303,10.559769344782564,2531.787475164776
2952,2533.0,2538.1572975718423,12.737609778168604,2542.895863484163
3011,2551.0,2555.6210970551383,13.929941813485142,2559.6878147291563
2951,2666.0,2671.0882478012923,12.650436132326456,2675.690494327129
3108,2711.0,2716.492361835728,11.73791817703412,2721.6369935348253
3173,2741.0,2746.4899312726648,11.09207041264041,2751.723030514325
3071,2753.0,2757.3526033678113,14.935358287561437,2761.2603240580147
2989,2780.0,2785.4691188522993,11.89353318485152,2790.459488401078
2985,2831.0,2836.2074856996023,12.108325824458802,2841.0373341887616
3041,2883.0,2890.010153942475,8.217250150028917,2896.822681753327
3152,2993.0,2998.343664771509,11.720914254270868,3003.3709079791
3009,3104.0,3110.1229339511765,10.477499479851042,3115.758465640905
3122,3195.0,3200.2618317012707,12.253507478945142,3205.0383926953573
2982,3234.0,3238.485599525955,14.952379811944546,3242.5213296828556
3044,3242.0,3246.582811727302,14.067922961496627,3250.6793829425183
3077,3376.0,3380.350027402845,15.112541743769347,3384.157639578387
2981,3440.0,3445.3268663883464,11.569641750178086,3450.496252376416
3017,3522.0,3527.4338771699786,11.44158790568282,3532.434547215053
3076,3537.0,3542.2305394524196,11.814904393723252,3547.1749752244828
3118,3569.0,3574.172610124674,11.937893902773192,3579.156523335511
2992,3576.0,3581.1449663171034,12.190590744300277,3585.873511527097
5094,3695.0,3700.2630407151055,12.663985514658458,3705.035264182165
5855,3761.9374224173202,3766.3304100302967,12.880423804901959,3771.083306907498
4938,3804.0,3809.422166737632,11.256070268662683,3814.562909012179
4996,3845.0,3850.0165047805594,12.615354264861514,3854.6814258763757
5076,3909.0,3914.0258800194783,12.827022616443958,3918.606030131004
5068,4088.0,4093.3150735333033,11.359456570301171,4098.329177747666
5103,4090.0,4095.2066025741337,12.507354030686779,4100.177193297856
4986,4111.0,4116.1151514476915,12.251457753468292,4120.951346962996
4995,4199.0,4204.059533065052,11.785384059202679,4208.973250399457
4928,4217.0,4222.518601751868,11.41183355052454,4227.81963802119
5070,4358.0,4363.158826341494,12.401861683397685,4367.881181016716
5129,4406.0,4411.046783533954,12.733310293802507,4415.717261574292
5165,4494.0,4499.158045674467,12.131118018570598,4504.0478748903115
5017,4796.0,4800.082333061768,16.874440999269883,4803.597507628364
5077,4809.0,4813.635028073237,14.259604589477862,4817.915004369418
5088,4828.0,4833.116368715859,12.901929462608644,4837.825847692845
5071,4909.0,4914.21425869888,12.784692390737176,4918.934628206988
4971,4952.0,4958.1676541886345,9.549410200133346,4964.212894161333
5005,5013.0,5018.093009572533,13.025833057053903,5022.8281818672785
5838,5099.204195265166,5103.583487231493,12.044599125274978,5108.3631304709115
4980,5137.0,5141.254243043425,15.24504321192244,5145.131186490504
5157,5210.0,5214.274266500025,15.826215252800804,5218.093053188104
5117,5285.0,5290.402712121533,12.059786431259635,5295.418885308963
5848,5386.396222393169,5391.127670681116,10.786994142070807,5396.2738676729605
6956,5465.0,5470.009769356654,13.146068352891469,5474.499265391909
7128,5521.0,5525.432156749774,15.197220002634253,5529.366537653991
7013,5644.0,5650.256772950545,9.504585392347806,5656.249426302711
7856,5652.4644324909395,5656.442330096209,13.926385210723348,5660.692250069741
6941,5660.0,5665.3560296874475,11.761737927306335,5670.343112280909
7005,5761.0,5766.154787850698,12.850828687427548,5770.704417203681
7105,5815.0,5819.525016746658,14.948572496994787,5823.6043449935205
7048,6093.0,6097.371110424343,14.952471164649918,6101.291793137145
7071,6103.0,6108.471321853771,11.47377633012314,6113.870115272735
7021,6171.0,6176.113679628093,11.825742138521397,6180.880851734889
7842,6260.077350601607,6263.648408481098,15.398023966796965,6267.44847185096
6955,6270.0,6275.1492829335975,11.651005888212376,6280.071057494014
6929,6318.0,6323.135688617425,13.208515660633976,6327.6849596140055
7110,6539.0,6544.32816117061,12.048200935182196,6549.268348265363
7037,6578.0,6583.211966660367,12.372611845682972,6588.028795857192
7075,6645.0,6650.418751636897,12.172074072172768,6655.24774232274
6981,6659.0,6664.070031975594,12.399000625861701,6668.739855467914
7839,6791.600280306628,6796.0221428133,12.89139052822245,6800.700978610451
7118,6883.0,6888.474277119052,11.749887101994439,6893.783303319922
7147,6984.0,6989.253259160123,12.264535161610779,6994.091746695074
6991,7018.0,7023.2511392466,12.369346731325974,7027.966146178493
7126,7109.0,7113.032154696756,17.246048941975182,7116.515560802537
7132,7134.0,7139.496212474511,10.684208778810342,7144.908790110283
7092,7165.0,7169.198135286298,15.569184068970577,7172.904674043288
