1834,22.0,29.411607129173873,10.483231140681303,38.54674258919786
1872,245.0,250.52267184361332,14.654150348870145,257.084553430985
1808,339.0,345.0317326241002,13.497047625265362,352.205654220429
1896,716.0,722.4495490259354,11.83325032102945,730.0551838568462
1848,760.0,766.5493290980079,11.416864517781011,774.2546225922252
1760,890.0,896.3522278128246,12.77760508860621,904.2482106571632
1823,945.0,952.064224652159,10.866235601751663,960.8772305821849
1900,1135.0,1141.3252534210062,12.969895801409498,1149.665934999517
1884,1245.0,1250.6109547907363,14.25424481972772,1257.2970065890206
1798,1331.0,1337.4200127518475,12.480194115371761,1345.1559141062573
1757,1483.0,1489.5470555141994,11.231703924320307,1497.805825774102
1978,1536.0,1542.1914276027087,12.420835615149832,1550.0925568158546
1777,1641.0,1647.5393202556077,12.396569554528261,1655.6022488005456
1878,1762.0,1768.4384845639943,12.516354082155283,1776.1226908211931
3944,1891.0,1897.187318970979,13.215886680223129,1904.6244001440784
3929,1933.0,1939.0789197806503,12.648227802133057,1946.2077319581797
3941,2306.0,2312.045138415339,12.517147471132523,2319.610541410741
3858,2310.0,2316.4575102631243,12.51163688906671,2324.159961810246
3987,2378.0,2383.2060388559144,15.242190632001146,2389.746231697298
3854,2397.0,2402.559283021041,14.691095747955645,2409.266945923035
3963,2647.0,2653.025483588963,12.664293294876954,2660.6283536112705
3863,2747.0,2753.3450653989717,12.307067350298777,2760.9215229069628
3805,2800.0,2806.210484569134,13.369740490017357,2813.5148187148866
3811,2837.0,2844.0011148723916,11.234156893818412,2852.390765314164
3790,3285.0,3291.0029655261005,13.019306682235833,3298.033425771695
3850,3339.0,3346.2555551266164,10.043289000069297,3355.276072927997
5867,3634.0,3639.643748448994,14.550783310190951,3646.075941591792
5782,4040.0,4046.0998182007593,12.516570072105306,4053.39928296774
5774,4474.0,4480.151232992816,12.794162016356731,4487.459340757939
5823,4610.0,4616.545006481853,11.847873922540623,4624.209103454173
5938,4654.0,4659.642068833758,14.275233720662243,4666.343080831702
5890,4725.0,4731.1282853241355,12.653693744919728,4738.428807195406
5907,4981.0,4987.268347841764,12.867036779283282,4994.766186022347
5754,5048.0,5053.327127567744,15.446387782072055,5060.009473953987
5920,5213.0,5218.558797023123,14.622211208140872,5225.155151505905
5784,5264.0,5270.262654031968,12.82061381297058,5277.788173721163
7797,5482.0,5489.007690402155,11.794840205680346,5497.241493975274
7821,5563.0,5569.288820540043,12.339251657292257,5577.238399967434
7991,5576.0,5582.316417188304,12.71821308018697,5589.987725684114
7955,5746.0,5752.065440413432,13.158880426900845,5759.590779671756
7987,5787.0,5793.170572839068,13.386857446079073,5800.64781326523
7750,5827.0,5832.650949087863,14.57509237270857,5839.807400366934
7981,5851.0,5857.084974078055,12.724728165239812,5864.500198035698
7846,5856.0,5862.041970179187,12.10226190916926,5869.438921109949
7882,5993.0,5998.498604332255,14.917890527189835,6004.949850425142
7842,6158.0,6163.310372991313,15.859844072476562,6169.299775628678
7893,6175.0,6181.092277985072,13.025771832219986,6188.365849295427
7970,6206.0,6211.328114081616,14.948178907829256,6217.934409542836
7891,6226.0,6232.069088611402,12.825223536109036,6239.226056302068
7872,6269.0,6275.1082106846125,13.430105012829898,6282.282613536654
7753,6346.0,6352.319461165682,12.500105318907263,6360.091951396282
7810,6537.0,6542.2995677689005,15.844257829200862,6548.291287547651
7999,6567.0,6573.44024214792,11.935777865746607,6581.41661009805
7855,6597.0,6603.36866580492,12.15795791408946,6611.19542713902
7982,6715.0,6722.067835073245,11.569555948368528,6730.692542122303
7906,6720.0,6725.375156089558,14.757961887550572,6733.605755103694
7832,6778.0,6784.459245616591,12.70631327732431,6792.057568173955
7841,6785.0,6791.17135135926,13.074105528225916,6798.7431948307
7822,6874.0,6880.276646684791,13.03372661686072,6887.84415396175
7983,6885.0,6891.19832235691,12.58858687336995,6898.719194172754
7901,6908.0,6913.315171018099,14.749303901704392,6919.681744886171
7802,6918.0,6924.370492694883,12.350233537447874,6932.025487569699
7788,7001.0,7008.239230565445,10.760957132120515,7017.105869704906
7823,7052.0,7058.307222664712,12.346688918418506,7065.713722441224
