1961,105.9269214918387,115.23818346668331,13.143488669136268,124.59402250125204
1971,175.75893693792165,185.11108235146276,12.397723608605675,195.193316239447
1903,179.77562619109415,189.37367243137334,12.577322543701024,200.5223639263266
1929,259.2004309025957,269.0805507212915,11.619710429968942,317.2050680558025
1955,309.5828973506814,319.1858199624611,12.496055402116225,329.0751291563216
1966,377.98250846923594,387.4750657158232,12.29605937929612,397.2117351405747
1115,384.06709850737826,392.35437473510416,13.695103397826845,401.55515459387675
1988,447.91718405430726,457.36692978667367,11.719324238656778,467.31469687814894
1936,519.7494197384598,529.3605369500938,10.576770335186122,540.8199238937301
1911,592.5929286625677,603.3156701314244,10.606503377822044,615.5915993536973
1108,728.6970472200719,737.1403183773191,13.336217588690804,747.7976736083706
1939,792.0274742445002,802.4856273084548,11.463905176030531,853.639150328077
1113,855.8563844422727,864.1661420277885,13.9941093776655,872.6976865245449
1937,921.6918736577757,931.3081704306925,11.307061725345799,941.2283359382001
1985,923.6591940074974,933.1517103772924,11.89967943254245,943.0811993448342
1149,929.51954241528,939.3445423465311,10.829174148659261,991.6074177040167
1099,1336.1008323047727,1345.0373663063442,12.739704944594838,1354.755702152508
1990,1341.6740273755051,1350.0122850491916,13.945554101895384,1397.4854081273284
1983,1809.871021519414,1820.4213577764556,10.95522283426367,1876.8242774594648
1935,1881.7834637896087,1891.4883594681635,10.738594385357548,1947.0789477546898
3107,2355.7020443591164,2364.1872076005025,11.900402498170816,2374.858294357289
3902,2417.7469696717776,2426.4927883004557,13.269520478841194,2435.364122120204
3096,2647.024311873546,2655.235876865161,13.28690891861558,2691.7638372572424
3967,2762.004659857083,2771.3054387298175,11.744230275964469,2781.059871937955
3933,2825.4146914284006,2834.1689994918397,13.845923616290465,2843.08288694161
3984,3031.948734807089,3043.1635911272706,9.544009787612627,3055.8550508515696
3932,3036.4094423390648,3047.0774759787264,10.539594821307901,3102.024727898127
3936,3113.4068249556226,3121.592305063479,13.412510164081167,3168.0979934553807
3943,3233.6233352071076,3242.0832823402725,14.166058377067527,3250.656095858546
3901,3513.8142784565925,3522.5472900801833,13.17017165264327,3532.7788570550583
3988,3580.162695360906,3588.595271885013,13.213882121776336,3597.291323435507
3946,3709.5577903096832,3719.5350327408237,11.656826264150524,3729.8954574574
3953,3711.9052765202573,3721.444786783065,12.086889044166535,3731.691599622335
5899,3717.7570481306393,3726.4753587810337,13.337053831712026,3736.7390796301775
5948,3786.101317552354,3795.353860134299,12.243895202578633,3845.359815653467
5949,3787.987486857542,3797.3867026367266,11.644648821514169,3847.752792905232
5904,3848.189045391958,3858.4920032639534,10.770390650060527,3869.4373716669193
5969,3853.604847031427,3862.3321031718724,11.061940162152032,3913.3095950371353
5101,3915.8772004071484,3925.3143701418003,12.009230002497882,3935.317503058881
5901,3986.073161261954,3995.456802161029,11.415231105781046,4005.30400903722
5126,3998.5365954327317,4007.2274948546064,13.058988747836866,4017.6593944985857
5976,4143.246396682766,4153.050397512247,11.304798226395071,4187.730146140715
5985,4186.079464887122,4195.322989045439,12.526105642472574,4204.786640866964
5917,4188.155533677757,4197.4815706483905,12.241742766459916,4207.419140941712
5893,4190.19125654768,4199.242110472874,11.607972275474445,4209.215401202986
5119,4344.667148780943,4356.157230014895,9.093796114703766,4395.866992619215
5930,4397.901074505595,4407.288840363777,11.675181399402868,4457.325340998775
5894,4399.715013760912,4409.079732892391,12.673484303128085,4460.002683513877
5934,4457.696180835697,4466.617633761153,13.52635914031751,4475.698033276693
5889,4664.444116461759,4674.211812595671,11.980027418907078,4684.22386676203
5900,4670.391504833651,4680.463167024816,12.013272516969229,4729.351213825188
5970,4933.593745357892,4943.32064749707,11.659938537990474,4953.279888924835
5942,4935.514735565,4945.124325707356,11.135191581294029,4955.018836267578
5931,5013.9903205785995,5024.528092389667,11.805578179813,5075.92849827594
5908,5016.222328754242,5026.34935670884,10.50612005492498,5078.066760165405
5140,5074.6876466750455,5084.408550920628,11.61112262641873,5095.871286572094
5981,5091.13453716418,5100.130537390139,12.997955673197708,5142.260911696897
5121,5158.962068705074,5166.629123202832,14.548401338924023,5219.19817087296
5951,5210.650240126804,5219.394083650227,13.241162611676188,5231.765885854439
5939,5275.643689404853,5285.1749153113415,11.351147512965326,5295.286013206934
5984,5410.131414244985,5421.492744726433,9.868620587136919,5433.238071826153
5937,5412.130574163456,5423.364455334117,9.933765773605442,5435.889039594004
7125,5618.083809184519,5627.470965809042,11.434608245770175,5637.759958295083
7123,5690.248555607256,5699.157317284636,12.59369594401888,5709.990738924998
7933,5750.022481195334,5758.259242979037,14.615097261754402,5766.313817311595
7934,5752.239082215956,5761.101971318364,13.137745631146112,5770.424163533883
7929,5822.217402478418,5830.585266320891,14.17413389871332,5839.255952943961
7937,5885.76263386503,5896.474104186422,10.82273644622336,5907.8012869152635
7091,5890.553200779947,5900.31219228823,10.558027186068143,5912.596982959005
7936,6094.282499965049,6104.537429795301,11.646838468562512,6116.727302157591
7965,6098.7690689026485,6108.161558469602,10.56923423263602,6164.640590855694
7963,6227.677429702252,6238.2921519589345,10.734889905935502,6249.416707710636
7120,6250.858747323464,6261.029215319729,10.66449719786433,6272.845983665556
7957,6361.889273640287,6370.564105152944,14.156031177836057,6379.037391013197
7972,6366.000476242708,6375.400677827295,12.655164611786024,6385.235732097062
7113,6429.913929113848,6439.020660088507,12.489883141998083,6448.28159136129
7099,6432.03306844587,6441.570643184033,12.442467498503337,6451.550301518043
7950,6434.316625082506,6443.358290236093,11.620863369847319,6453.376352296102
7137,6506.170991442924,6514.521534261595,13.133488561734415,6524.842079710135
7130,6587.364197630716,6597.281919342222,10.923404575303664,6608.678028654191
7910,6702.076380846611,6710.508144014267,14.863598363865394,6718.837547721853
7097,6771.917812693412,6780.478362436272,13.637220500762082,6789.43693503101
7944,6843.842763163609,6853.186170896853,12.475728651939466,6863.967042079526
7094,6973.56244109872,6981.4853214781915,15.909928799765444,6988.978573791999
7912,6991.694143937157,7001.253593935375,11.816476822014605,7042.718036199294
