152,259.52356199204866,264.27346939122873,12.41075162047965,270.6160587545673
137,707.6786420971484,712.5601821852342,11.78257556186661,718.4692071477193
322,1694.8713463809024,1699.594582817293,13.215243307115122,1704.3317957151041
2148,2307.8591528731044,2312.456543025433,13.46394064749352,2316.9129949389217
2374,2315.5716946238913,2319.4562968039695,14.737841533514846,2323.417738256275
2410,2397.261607113933,2403.401654788676,9.66369087681592,2409.355056772702
2361,2769.61629790457,2775.1840164161135,10.707685262419362,2780.661906057953
2385,3475.992091387325,3480.433958092124,13.745385257960594,3484.9428928735942
2377,3500.687253512079,3506.088213430924,11.029655206120234,3512.2413065873575
4342,3759.514735106886,3766.0537512602796,9.617973572186926,3772.839554528771
4377,4104.15484039352,4109.050407795251,12.945049899122179,4113.81325202554
4135,4125.428752029894,4130.07215674682,12.958088516983413,4134.721256598384
4397,4198.323737377749,4203.191750788587,12.197140484073708,4208.1053742885015
4391,4374.3538199711575,4379.20681604499,12.140952793630843,4384.015142122493
4154,5029.387203896063,5034.233275103636,12.851498242492786,5039.966308477769
4142,5116.527106166492,5121.129977638904,12.536739873528715,5125.841543211642
6322,5658.983294225165,5664.310167088434,10.936024954523832,5670.745121554453
6352,5749.721977133959,5755.5224253832685,10.557421420793629,5807.997051911344
6303,6018.251826648875,6024.051488671974,10.500759389477578,6030.796443193582
6350,6276.284148650604,6281.18737603308,11.540160363523373,6286.200439534445
