1204,460.65893229051267,464.2878843124878,12.530652793488597,468.49769041021517
1279,531.1725635343762,535.4162850035035,12.657546233203067,539.4063564627423
1195,600.0857220045893,604.1782231293814,13.618781641708734,607.8410516997917
1211,624.342939924759,628.430129263215,11.130023009374364,631.7518215621353
1329,626.7631902180701,630.440911655109,11.70678926060401,633.7306483665847
1266,749.0655297553866,752.139984052835,14.054975474905005,755.8844360845155
1281,807.2847074826697,811.5173658965299,13.169023536953551,815.6266261035415
1298,1291.9026474184257,1295.5955350342538,13.431204249180222,1299.7028369151678
1270,1384.2645284424539,1388.1293458585194,14.58924943900519,1390.6744432518128
1200,1521.783805593264,1525.5647843949132,12.16012861463757,1528.6144447256809
1289,1645.7393932758118,1649.4818457661406,11.794284782384187,1659.4276310220075
3208,2294.537879019218,2297.632659572322,13.734964151324395,2300.311951685227
3328,2419.070449679483,2423.124424362414,11.475955376087716,2426.3140713241883
3212,2590.784092701394,2594.2447398043714,12.712212766840358,2598.4907350721123
3270,2832.421502493688,2836.164033766236,13.428184480690646,2838.866778256415
3344,2834.5142461005366,2838.1799971993964,12.295370456714815,2841.167979420677
3191,3522.376307793489,3526.0334522096846,13.416368633193196,3528.7591443614906
5210,3721.113506740168,3724.5571193905116,12.278605151238356,3727.5138291495664
5206,4050.1040255421876,4054.2079598554046,13.787933564394775,4057.896781820998
5337,4093.4142182376872,4096.470633158467,13.863936731539244,4099.087477337985
5274,4188.0262289433695,4192.272609635142,14.371312766727646,4195.799965058267
5194,4610.759211633671,4614.396063394837,12.009382248364961,4618.657435112669
5186,4834.4546551539415,4838.125328142706,11.499484138791564,4841.27741060503
5263,4880.373141039684,4884.18003176108,12.69835861291168,4887.963688403121
5287,5268.359266823999,5271.339398743256,14.760422342180952,5273.873593460673
7189,5810.717441851427,5814.128895954958,13.095753622018105,5816.969447234048
7260,5913.065095504683,5917.168615996788,11.78912165620484,5921.636340472494
7325,6006.627343271324,6010.538912009218,13.793027747856472,6013.162567145297
7282,6055.151204048851,6058.5663467988825,13.499114401881837,6062.979476198758
7285,6333.304326329439,6337.1992207327785,11.071750043338055,6341.228279629152
7335,6536.647740445691,6540.418389835224,13.783361239337458,6558.446598050532
7207,6635.771830031971,6639.247187537955,12.027449672299968,6642.197066153604
7275,6810.098338488132,6814.404642438135,12.185545328533287,6818.809401440703
7202,6812.451156023795,6816.50148373251,11.986422807774112,6834.172791916813
7286,7088.474550328304,7092.097324442703,13.182454220857508,7095.826411092392
7321,7206.1654375832995,7210.091194121283,10.868013555522989,7213.426765840044
