103,376.29118274153853,381.4079355021311,12.395258108064175,386.5402242414479
12,730.2726178418674,735.1828079482325,12.26698872429073,740.1752280064472
132,1091.916863883281,1097.4352925878545,10.572446788682326,1102.9879753970345
86,1100.6322725513999,1105.4469932591337,13.33126038009163,1110.231171794865
2056,1899.3103820844967,1904.0938371632622,13.125962586180854,1908.6816277299542
2092,2018.3520698200819,2022.4604689723822,15.591809562076612,2027.88419737309
2155,2265.5054175094688,2270.306379963732,12.328848029171517,2275.2348705383124
2025,2528.0285951524493,2533.2540060127185,11.551569006045858,2538.4524665999875
2015,2721.2472942223094,2727.114815666923,10.764422579947807,2732.9922619410463
2159,2809.779218017048,2814.3705879397926,12.920050843972533,2819.123135814976
2004,2883.299729747011,2888.507470772503,12.634498376007285,2893.3738717232504
2152,3076.9523658201065,3083.0179956044394,10.83548591214994,3089.1944887419686
2141,3442.1604702586324,3448.0042413285305,10.35962122223057,3454.0203359053603
2090,3516.2323804008474,3522.414691027223,8.985522356495165,3528.8014231347047
2019,3524.0179015782146,3528.1886703543155,15.097967187747507,3532.35260280913
2083,3620.1631974349875,3625.512058599825,11.598759169370219,3630.951359258677
4096,3891.2327590673185,3896.1533857444374,12.525446930111755,3901.0799098750613
4011,4607.366515911619,4613.012205301552,11.491281482007363,4618.517622300717
4100,4687.952804273574,4692.437573946382,14.9445724921717,4696.6344412200815
4073,4978.349409635936,4984.370566125085,10.039177644584841,4991.803513419273
4102,5055.703187370371,5060.463012228136,13.339913477359206,5065.1409539855695
4139,5152.208765762449,5156.642594145787,14.308332485749041,5161.001168473431
4141,5316.087012680897,5321.118552885555,13.372013050891638,5325.744206590036
6091,5522.09525276556,5526.3639757383535,14.48922621901097,5532.346481961388
6133,5588.224587156315,5593.434278098507,11.539787506887418,5598.632321596003
6006,5859.732455211046,5864.445067420502,13.3554437328689,5869.0389269196085
6138,6039.780208741725,6045.344675435636,11.264305690752806,6050.958344401128
6074,7027.97464890842,7033.076574226796,11.936565098097342,7038.198943320949
6147,7122.072198683369,7127.044630270163,12.293223558950732,7132.0423070953075
