173,63.938779633024055,65.15212323722704,12.224389021120622,68.50381421675957
185,143.870466484132,145.02028913964855,11.211423210309457,147.8753924287639
262,242.85788060378928,244.1227817702862,9.66332721080219,273.4669345885009
214,279.23488322358605,280.4587681641252,12.801020765324239,282.1807804192367
231,325.82913469825434,327.19616214055475,10.249356647714738,363.42678117975765
218,458.87939336598566,460.12909468886056,12.705569031984869,461.9157848043269
253,602.982985054774,604.2483439470401,11.645306259933417,606.9119162149165
328,638.8671161919123,640.0476166598621,13.582363362807977,641.7174463019014
344,644.512495649377,645.5225661081098,15.805167150010996,646.9821948004628
163,656.0399750115847,657.3561569652222,12.293197729628506,659.1451770433343
222,853.2093805322044,854.4545368174591,13.100931465880132,857.4866994958653
187,915.0247111692438,916.3572488083705,11.798926146896138,918.2751448445306
259,954.0847263245925,955.4007977061445,10.654234495747989,993.3319479200779
223,1146.0842759128757,1147.4524272726899,11.497146089194858,1150.6051660744934
541,1286.7425570771109,1288.035561897495,12.299216377498334,1289.866822328213
232,1313.3128416820107,1314.4508408484965,14.088593213560936,1317.22476007505
395,1404.1268123184207,1405.4760514970794,11.871831649788737,1408.8877571476905
192,1466.2322736437009,1467.4315571966376,13.322442778475294,1469.1739998697628
236,1595.9095758260996,1597.3099884403964,9.837563605478637,1624.8084614329437
360,1733.949523636313,1735.2303163736783,12.317618963312528,1737.1344138351442
164,1812.5149654209667,1813.630962701178,13.999168856548405,1815.1747101966487
2293,1898.7070070019436,1900.1401813111906,11.30225177508742,1902.149872751665
2193,2045.6891247638516,2047.1999804440127,9.598251910012936,2050.977877752178
2255,2168.735749123772,2170.0006680396627,12.492067059748392,2171.795358745614
2374,2258.9755182169647,2260.003064159062,14.624085565391557,2261.5271138598127
2308,2355.7950230959973,2357.0821374544294,12.071539832543005,2358.9230547856473
2555,2381.7789664620373,2383.129156610501,11.730833664256027,2385.8560489337606
2315,2385.0026781321017,2386.3751811157285,9.903935951170606,2433.357097408148
2359,2444.804375328922,2446.011637013196,13.447533890154336,2447.7203067990035
2264,2493.1886336670927,2494.497367463282,11.490730440154033,2523.3762079865605
2180,2565.378891091034,2566.58874571403,12.624807805937136,2569.522717913869
2301,2730.9412929896193,2732.2347229404577,12.465971971991081,2734.059867790159
2527,2833.599244856462,2835.0578233663346,11.577660061494562,2837.9552290058577
2218,3157.8514867845543,3159.138351482693,11.766315771203251,3161.082550764112
2236,3295.8647088980124,3297.097390827333,9.512003526065598,3333.0545441991503
2230,3527.6196413540474,3529.2741521744406,9.284789946229415,3531.614615938743
2557,3645.8980377369307,3647.4181043062313,10.168910731312492,3650.812347924193
4387,3789.0678807036725,3790.3413726170998,12.75038240306474,3792.1512393556914
4194,3858.3487442194482,3859.5478974675507,12.663342816435302,3862.9106517472355
4218,4103.4133156394955,4104.607125513904,13.734099575837394,4107.772929520141
4305,4242.7671312784705,4244.089646691394,12.315860406634863,4246.020465873964
4391,4272.9363026232,4274.168053578014,12.557806892532689,4276.9304638850845
4226,4373.873926137942,4375.214610213913,9.82926400068754,4413.634618078535
4395,4424.032314301436,4425.273385258042,12.821813282121584,4427.086875985412
4526,4726.354403821223,4728.057170579177,5.988670854750057,4775.928499622526
4385,4878.87620359069,4880.0294810685,13.452284313856392,4881.728214569444
4332,4959.017141290029,4960.235227992656,13.387037386308794,4961.929686094478
4309,5061.937965859593,5063.137465837326,12.62759538137479,5064.942841294666
4520,5177.660787854616,5179.301767507913,10.000449449207409,5182.221237603643
4384,5287.068723931002,5288.374283525534,10.152872529860934,5313.446645498948
4214,5354.211370523817,5355.576893424817,11.84352760981991,5358.829545537427
4255,5363.7778049359185,5365.115344707672,10.091598969727084,5403.574904921918
4222,5420.960008946958,5422.20344106853,12.749393419959043,5423.935295274249
6340,5434.729772687621,5436.12231462268,11.459068646042605,5438.146336159635
4244,5454.167154690347,5455.414370729392,12.421550912967229,5458.499107896585
6398,5565.7484469093415,5567.141007768984,6.509342983705437,5585.9572908838545
4527,5590.52709041781,5592.171982284191,9.515450663182284,5594.57417988121
6533,5617.891641394454,5619.177397546901,12.826358125113646,5621.805081931569
6363,5624.88972610822,5626.417886830029,10.321436775149191,5673.561822448988
6262,5993.772601775903,5995.029446284681,11.237227615489688,5998.13024588428
6199,6309.188590055921,6310.485353102517,11.766310986268492,6312.380381061613
6229,6450.401905784868,6451.553199000146,11.969178182020517,6483.755905733055
6230,6490.142156238829,6491.565432758421,11.544921461877951,6493.633094156815
6156,6500.224681281503,6501.381569997344,14.137386239763526,6503.04441790329
6163,6683.776246975716,6685.0785780682545,12.795742711487756,6686.853416910978
6254,6704.871645078912,6706.221209495575,10.12761513456689,6753.523347855162
6242,6811.4634973876155,6812.623855459587,13.7007827975545,6815.729744781036
6162,6815.715557715982,6817.087271572607,9.907779879113454,6843.2536023274515
6387,7051.933707510605,7053.305021397537,11.162788415876653,7055.309643712398
6258,7073.198854491033,7074.395928952928,13.517562439906648,7077.544449311626
6187,7081.232443152915,7082.47844504199,10.567705178693037,7113.469868896364
6539,7127.6372924395555,7128.613646777421,16.20077661008062,7130.017479315675
6210,7145.201124186067,7146.290807962293,13.936050621224595,7147.915207149194
6542,7243.024499292751,7244.334973566398,11.563057318414234,7247.241383342162
