1581,318.97224159527093,326.47122513376746,12.661665637692934,330.9834447081688
1571,588.5029647357726,595.5084448224724,13.628647804758346,599.7084030692944
1393,678.3531089700822,686.3102554202998,11.388411219644668,691.1362366957769
1572,698.436322215993,707.3993437754643,10.129153353941582,712.8392332301299
53,700.7581025671944,709.2988420852017,10.227589733408772,767.8072970452611
27,786.2917488750629,795.2810189960763,10.596157183907366,800.6871219048343
1584,803.8190320265238,809.6594423256149,15.616420698929305,814.7686371010134
31,963.7312378363786,971.024674340112,13.04750921306097,975.6474391901356
1411,1128.7112061751961,1135.5601817913844,14.492196183042294,1139.4700412983482
1252,1142.1288959716373,1148.6447597403503,14.313185629294729,1152.672514287696
1528,1325.107440387,1333.5253313339388,10.870156990773665,1338.697005730861
1527,1398.565833794445,1405.6353185200535,15.005245463633061,1409.6354093386353
1257,1414.4570707946027,1422.4109775944003,11.183624305481796,1427.333439097449
1529,1488.6261974195654,1496.3487049814353,13.03011263170942,1500.8206345433916
1513,1490.6688660045286,1498.1776670720967,12.350042844749469,1502.5612977772594
1550,1493.0202868532556,1500.5580964183052,12.667507245856871,1505.124300203618
1253,1598.4748710607123,1606.5397885131313,11.028221915821941,1611.5996100067596
1255,1773.1855523264128,1780.2003125552258,13.497517537721409,1784.5334370237354
62,1865.8083936291403,1873.4419740603537,11.959625227554104,1878.1616994465273
1521,1884.2882441897498,1893.3951973984547,9.98920370379457,1899.705910331436
1560,1938.307254731721,1946.3291675892526,12.140759627369373,1951.1052194831234
1372,1951.9329672791516,1958.271552337118,14.525022582857419,1962.2554763494634
1241,1955.334927632453,1962.476146998305,13.225533539898537,1966.8415634417954
1522,1974.1032726755197,1981.0780936987196,12.56944972435626,1986.4783617466796
1395,2137.098199967121,2146.521621226854,10.547094078895986,2152.254053057304
3247,2141.036736355089,2150.515542887589,10.32418270286375,2208.2668035332886
3556,2493.1102132396263,2500.2693403202056,12.414357023378516,2504.6591121416
3370,2507.5084027374264,2515.0036602269033,12.073300931499382,2520.7851761201464
3383,2659.0092642300465,2667.1734386444073,11.27900009663421,2672.0094041167768
3581,2748.769128464212,2756.3675125966465,12.88263122944273,2760.7495256082784
3395,2750.778103378761,2758.153985344859,12.861165474435092,2762.546755748369
3577,2762.2094867509804,2769.0234518350712,13.397021309116248,2773.301861456842
3397,2777.6576851034038,2785.4895467988927,11.517706647307934,2791.2003408831188
3530,2840.5742894538303,2848.117343681181,12.188278345795661,2852.72607316566
2056,2860.823457241071,2868.569396340573,12.197999142118599,2873.933026733886
3256,2862.643905072516,2870.3662057735314,11.421300567615765,2928.1872401748046
2062,3036.181482322063,3045.2549444862016,9.743715667420274,3050.89673927831
3230,3038.129039719454,3047.248770961013,10.823702079899535,3052.8283152293598
3384,3130.262225939126,3138.3498968636422,12.325840808504648,3143.617775021413
3522,3143.988842682615,3151.0400453206926,13.517627205850959,3198.674676600137
3412,3199.022712825197,3206.056613532457,14.098459713344745,3210.003528138435
3553,3201.395496040297,3209.0494841122227,12.232324558711793,3213.744709307677
3389,3398.2784639353263,3406.175522027883,11.53957808491667,3411.1995978930554
3391,3753.6037332228334,3761.1551358543456,11.739310455709003,3765.7703186510576
3520,3829.0428204893174,3836.5865549890523,13.199807166463877,3840.76754016339
4025,3934.972939924214,3942.2849394656578,12.260706191184696,3946.8393158864137
5372,4008.9367887632493,4017.069443424717,12.70024574382314,4021.8552043239615
5379,4099.054313080098,4107.388129450925,11.253484222624737,4112.5884106445865
5520,4101.3434617359,4109.301909294763,12.046259703905346,4114.442548910732
5525,4103.426456408027,4111.148081386117,11.290999589872577,4116.201487566816
5404,4111.856639674579,4118.234518665956,14.223061029613648,4122.240695538376
5238,4120.438519223295,4129.495710068266,10.781477875941299,4188.091151464647
5221,4122.389181219126,4131.3529266154055,10.953243306295862,4190.673793847444
5256,4124.302856795987,4133.131279825814,9.993753596470166,4192.8831089475725
5413,4131.614386708398,4138.25910332387,14.41682620412813,4195.097681014814
5544,4189.108067590447,4197.489114141227,11.718374159940446,4202.581880427332
5591,4278.679430210623,4286.281069448364,13.221108057761501,4290.798508494127
5264,4294.710690052115,4301.557985449813,13.766689796138964,4305.9522652959195
5420,4562.635792374377,4569.426130637464,12.995757983655555,4573.644549343276
5247,4576.072247547156,4584.29468587492,11.193261130379147,4590.183637490836
5216,4577.913510350752,4586.171074519517,11.670033789448407,4637.9167947173055
5371,4638.805340929086,4647.226403709405,10.476359892699795,4652.422973262961
5580,4640.668606915243,4649.148489542714,11.216562234802979,4654.1479072656575
4065,4657.447349738737,4666.027324044505,11.438218293554668,4671.273996446666
5589,4728.802644941116,4736.04953554232,14.579002442825981,4740.021317147751
5571,4732.833820955989,4740.499881985249,11.668739141359007,4745.231674570599
5246,4745.260330561038,4752.4247173577,12.193706416277681,4757.000659888248
5546,4818.6358256049925,4827.077409025434,11.259796479600222,4832.301350657695
5229,4920.898708864854,4927.053307359546,15.048968750494748,4930.785443835802
5548,4998.427358393897,5005.46315940032,14.386073946272102,5009.531349606144
5257,5107.005620825136,5116.211770436297,9.89455264273524,5122.16313454058
5252,5108.865814489112,5118.056681374653,9.05015929959046,5124.855011726247
5418,5118.745813425507,5126.5545325048515,11.72677812378181,5178.216830769245
5529,5194.978498284637,5202.443794081753,12.583783127354428,5207.113668191119
5578,5268.5431131200785,5277.492545083462,10.365203735475433,5283.223470030836
5260,5281.726321278432,5288.334191794942,13.907776745988032,5292.426645821333
5565,5359.026546905877,5366.454747333611,14.107186986563036,5370.521491157781
5261,5371.850385407493,5378.315518994679,14.80543469077283,5382.2115558696505
5250,5373.743065294374,5380.3614906612065,14.023104505347833,5384.493351277002
5253,5375.510150264385,5382.092909227153,13.53686591917605,5386.231028070014
5558,5393.545082400486,5399.436082246083,15.00704063283334,5404.26175967837
5414,5463.000846937196,5470.522966115925,11.917978343999316,5475.147285179401
5415,5466.879740050348,5475.121963480629,10.898403863627385,5480.2219193994115
5389,5538.574894555944,5547.287491827062,11.592186846142752,5552.356245455943
7553,5719.021993450416,5727.396087614369,11.788961831388768,5732.324911649925
7519,5741.154438803376,5747.007107369416,15.29756364585872,5750.617241264483
7413,5810.936441360804,5817.584663506122,14.875573441672302,5821.458530215782
7257,5912.781877505912,5919.402625636129,13.642904773527732,5923.589758749343
7259,6003.320894600148,6009.628690496581,14.551327931589892,6013.524759816161
7580,6015.689525650735,6022.416290664116,14.164590011825704,6027.562684431538
7380,6092.141014036927,6098.610358909159,13.844402427004457,6102.739445174246
7262,6184.035964123161,6191.223190398728,12.261119600916302,6195.624843114135
7568,6203.8466131570585,6211.024038501967,12.83454041345401,6216.50660577935
7531,6258.502744939901,6266.466888453176,11.607488986410878,6271.238067228836
7229,6273.241735124083,6281.019953110167,12.41256175751638,6285.671529692385
7587,6349.047001049455,6356.480030419045,13.73011273336454,6360.682196704077
7408,6439.07931350858,6446.423730757667,14.227195714947625,6450.611740237878
7530,6528.666525658748,6538.422660575356,8.915996217140902,6544.7199178149585
7225,6548.997639982183,6559.202528622154,8.360937223384326,6566.050177846056
7374,6551.094948800501,6561.216147122369,8.320872892825307,6618.252640496156
7418,6553.049551206205,6563.303059179174,8.480195224373238,6620.679927189929
7223,6632.502150296705,6639.529688834009,13.034955809521064,6643.872853203149
7233,6724.9500626854215,6732.080500987359,12.73645595535521,6736.572814479182
7545,6798.942167260266,6807.328825170334,11.843715771819744,6812.384777203129
7571,6800.980207572564,6809.176485309941,11.194773644579337,6814.212200981124
7565,6923.475520389276,6930.030189423288,13.581636629038831,6934.971287893997
7554,6978.499619935313,6986.251894585132,11.292540626795303,6991.113391639512
7564,7068.500971619261,7076.364177798465,12.948708428286988,7080.829882095316
7534,7070.565281207421,7078.435891578639,12.290530572637277,7083.196398525076
7406,7072.531937497249,7080.562628301963,11.707205754061839,7085.556161663692
7239,7085.488156705285,7092.562012235206,12.676769004145825,7096.9843541612745
7396,7158.700292297782,7166.460186624411,12.39645458877447,7171.033145903882
7402,7160.720154498142,7169.115247507181,10.940161531754143,7174.314930081091
7254,7177.008797154527,7186.178347419684,9.842448666683477,7191.94824878916
7253,7178.911671526304,7188.143276022001,10.110962835564221,7194.442277874303
7263,7180.738588214823,7190.010242086827,10.317867150161955,7248.21039340244
7379,7186.087561190784,7192.4048107912695,11.327101978721744,7250.676061410162
7569,7267.56047637875,7275.161890040198,12.048377885634519,7279.901910803615
7532,7269.490311979241,7277.047822568533,12.203653402837716,7281.651676367334
7398,7342.8152105365725,7350.548187600521,11.793259316337625,7355.639228359088
6032,7351.712496440542,7358.058720566642,14.70412239677548,7361.913536089408
7577,7453.679372864475,7460.3044498771205,13.898708118126118,7465.5839046493165
