1234,275.6711895740064,278.10709183821893,10.302298020508116,319.77013235548293
1221,363.42863226599366,366.0300777900383,13.524360959871524,368.6359789879147
45,385.263167836124,387.05171663638833,10.234722810459408,408.2541838427436
1368,543.6594537782137,546.123713242273,11.853283735807905,548.9777256346686
1455,545.8297990283859,548.2103271301521,9.987484717146128,588.1711244117466
1231,632.0774058698207,634.0704157945287,12.939065927039337,636.8344545740415
1216,723.6414521552387,726.2198734757568,11.286054919044338,729.4402344619418
1453,903.6547725591571,906.0171485242383,12.766434071542939,908.6897806077714
1457,906.1732737085722,908.3924316145104,12.113379111899942,947.7800978669288
1298,993.6707970323449,996.1807644670907,13.222216882675239,999.0240256838222
1218,995.8249870863401,998.0090683723594,9.851173168780742,1040.38129735785
1454,1083.7835251220117,1086.212531538218,12.11693459718622,1088.9096788886188
1210,1087.7142868794683,1090.2877604013038,7.468825147812407,1133.194799977057
1387,1173.789997616283,1176.1892608657013,13.80190806527322,1178.8700484723329
1219,1354.1673078557885,1356.435111472187,14.098731718334303,1359.2242214512526
1389,1356.6314853386552,1359.0962680097455,10.75503234503641,1398.3390364222848
1213,1443.7947867270984,1446.1866031615377,13.180799489879728,1449.236109367006
1220,1446.0943784995673,1448.3504499790724,10.698818166234672,1488.2702748661618
1458,1535.9052781500593,1538.2782326115898,10.748420405598205,1578.2811354029031
1374,1537.7972309157105,1540.232195605454,8.820648793720212,1581.6234428419527
1223,1625.72105942631,1628.088088888073,9.635707520884582,1669.7252886052563
1654,1635.0827484315275,1637.2684480012174,8.521099565623173,1672.2679427250798
1301,1713.6270549368996,1716.1780157970657,10.086417374778744,1719.2690661665974
1214,1803.822094610826,1806.2491797971618,14.222111913985065,1808.8845035772242
1377,1895.7390252060552,1898.0274118822308,10.959216525860963,1937.9697318453334
1300,1898.0148412584838,1900.288075934889,7.889497658523594,1942.1091814097513
3233,1983.674441209353,1986.173074657117,12.847018580574936,1988.9691297686345
1379,1985.7435288644833,1988.1574238370235,10.124762501776765,2028.3415666245205
2048,2005.1461051769586,2007.1451726711575,8.819126790024873,2031.2867655152959
2037,2368.1174979232323,2370.3734114612894,8.407773917337652,2390.8201398111482
3386,2438.126407488029,2440.391990250964,8.385904864085155,2481.1414895336216
3220,2526.0115462625217,2528.418795089412,11.66979912373117,2570.0789879111494
3451,2613.7955110450116,2616.0479207261146,13.399461844642698,2618.697257434243
3450,2616.2066067247124,2618.394891879797,12.331861800254496,2659.4666487561417
3227,2704.2649113362822,2707.0012102884853,10.552123062179257,2709.886979918723
3216,2794.0580655817444,2796.4702822721392,13.4892343379067,2799.289703913706
2041,2819.0027776922093,2821.166211226266,10.2812762139084,2837.8772217302285
3217,2973.76226714214,2976.26185167565,13.774488788702065,2979.12813594337
2045,3176.3310615677856,3178.31184676251,9.462261880760956,3200.839378337496
3218,3243.9476307757554,3246.454425938929,12.619205824961858,3249.4801933173985
3452,3246.1640269238433,3248.472678549096,11.108792511942976,3288.127087587794
3225,3336.15609769132,3338.5241878697725,11.927765321353657,3380.1007765521495
3667,3433.6266418757364,3435.4245260797115,14.37204488606988,3438.320528058658
3300,3603.8396060257624,3606.4520470351454,12.787691806344883,3609.3475308152856
3455,3693.817249623383,3696.4106738618316,11.174363273236951,3699.523694883419
3366,3695.846149149269,3698.3032530281685,9.819838294142373,3739.933780912218
3642,3873.682432843206,3876.1609155914143,11.033526395070108,3879.4338144663716
5222,3877.640036963543,3880.250460350885,7.600715472311981,3920.6730593928787
5375,3963.765571021777,3966.1438238299716,11.703653286691857,3969.074435881032
5462,3965.7912128094736,3968.3257992862546,10.642488284411344,4008.1637078741405
5305,4053.618283241433,4056.190545319809,13.577198882817259,4058.952445024209
5458,4505.791596578602,4508.175469326368,10.578175011314508,4548.203384038962
5384,4507.714471771114,4510.12707284087,6.6335792690708635,4550.72627866947
5232,4593.620713944659,4596.007197973147,12.0004397378174,4598.803964764977
5233,4863.836989701134,4866.211009529565,13.249139361392162,4868.924758891995
5391,4866.070466844098,4868.4683349802335,10.775915171272386,4908.461079972143
5303,5043.75443441814,5046.291263286008,11.373061597437424,5049.145060356966
5666,5053.530959264632,5055.4467788012325,11.826606547527083,5088.141133299204
5220,5135.349825421436,5137.5463383564775,11.937818193361846,5180.289825449091
5225,5224.034297383646,5226.586991430248,12.742216768166804,5229.577146020229
5223,5226.292684547225,5229.140269877775,8.70633649162236,5268.062789484218
5461,5228.35513112878,5231.249986780476,7.600301093332312,5270.8014661041025
5378,5313.65873024447,5316.167291927185,11.983900987066342,5319.072684735516
5388,5403.910838846097,5406.414832975684,11.99931568781953,5409.291936004391
5376,5406.228103374372,5408.4130969158705,12.392557145800776,5447.9272087145755
5390,5583.769479595936,5586.2504198155275,11.524652743985092,5588.963632201924
5385,5676.122643124324,5678.554832169837,11.532950314394121,5718.112192471506
7305,5763.992195693684,5766.203766786616,13.176513701032723,5768.920842552544
7645,5774.963150407703,5777.096988020888,8.185674694385693,5812.380206463782
7456,5853.6810046702085,5856.3119737630595,10.855793171343466,5859.304984174777
7388,5855.689757104327,5858.169600718497,9.487550195350146,5898.453447334264
7302,5857.548868402408,5860.173094550901,7.538189293383815,5901.116783091908
7230,5943.545853640302,5946.095656000016,11.834627220543808,5948.925576051919
7373,6124.189346369511,6126.599152429172,12.722609287063957,6129.315349995601
7455,6214.14129630887,6216.550483114803,12.700148667435133,6219.3305635758825
7370,6216.152080998025,6218.366138802643,11.549278869063736,6258.225735671766
7375,6393.6505560655105,6396.173355588417,13.510072880798043,6398.883064635616
7385,6663.848921722993,6666.489607483487,9.95943631474016,6669.742141879807
7215,6665.899187547404,6668.394108335641,9.78411615561998,6708.058596966335
7217,6756.2450550183075,6758.5431063299075,11.539101362233833,6798.237246378828
7216,6843.577832012785,6846.044554983545,13.269663744204133,6848.836421767607
7238,6845.9183194715715,6848.373049794284,11.163142497705735,6889.741569540459
7303,6933.809958907311,6936.301503574853,11.785615165624398,6939.284203827416
7304,6935.861155499433,6938.321375855564,11.330352855828174,6978.259333075119
7224,7383.932584656828,7386.437805041123,11.56322300264962,7389.39280687924
