706,110.08073602881221,115.03394154462117,12.004085379397178,138.4301729586498
824,208.1822789047114,212.3006265829411,14.037348969646827,228.8386809889469
700,375.40279728824845,380.1101364428824,11.994226284849788,383.7536342975869
845,554.082492279816,558.5090717054157,12.917325692653376,561.9824210517668
831,575.3198716341656,580.5154994825926,10.824571839572418,588.5059436002548
830,747.1044267258501,751.5079891925991,13.130398699731769,770.6064028906529
715,862.9246972411655,867.258195460314,13.172387017758856,869.878309498395
910,914.2583789519648,918.6110922910907,12.89632607886689,922.5243106166637
712,1007.9870730112888,1012.4127985612485,12.700035327364507,1015.8406486564744
788,1094.7276718359687,1099.2579438768057,12.187885951158894,1103.2104822796755
820,1185.2673752417013,1190.4446827192555,10.72286248583155,1194.6179644637814
725,1311.0338285827,1316.2238519696716,10.750546876837419,1319.2656641312592
872,1454.312141739855,1458.5832660923925,13.587352720406,1462.8914309428333
815,1455.9610577249293,1460.3428447699093,12.402164436762291,1488.3519649138314
853,1471.2252149011463,1475.1697137449266,10.517319463687306,1491.275509210229
697,1548.0833792112728,1553.4684177424974,11.139506729837125,1582.5340899909518
704,1851.1201561756113,1856.4675073796423,11.049184969221086,1859.4473816142236
2838,1911.6083452882644,1916.0976401824987,13.082846801470568,1938.533198582893
2857,1994.3031956607426,1998.5543082383713,13.461771489177746,2002.4159775493602
2918,2006.169216451999,2010.5962915874436,12.702202494553397,2028.1225325689436
2694,2034.504536459228,2039.1316690798596,14.578808293759156,2041.451974125408
2919,2085.1986042052513,2090.2646805685263,11.28532129516041,2093.9467125932697
2726,2087.0119292561308,2092.0641222630015,11.73880909548603,2118.3419289763187
2908,2167.983784631539,2173.495661588437,10.391208169552046,2210.7446483531826
2725,2480.8524643996943,2485.440830678621,13.067379789920091,2488.0062683017236
2775,2933.426063161662,2938.571543562404,12.440084631697152,2941.368076670099
2712,3164.222049051171,3168.3590263161873,14.035644475738438,3172.4272847252555
2831,3166.059895980406,3170.2238381100365,13.445030637503484,3198.476379896718
2917,3168.0069301192702,3172.4169895287314,10.255697925636515,3201.0576143691005
2710,3439.096107707386,3443.5219053951005,12.501652316301803,3447.5267625344077
4814,3635.7346318981913,3640.341173594123,12.528634157010607,3643.9572744153365
4813,3797.5100566585065,3802.4584840770303,11.816891468122119,3805.9872221788887
4730,3883.5064035974,3887.6124304581936,13.962821383759186,3891.3101598027843
4851,3891.2267981028826,3896.4336014028686,11.343020314653488,3920.8824855838493
4909,3978.34933019553,3982.57727742927,13.709941266865377,3986.3393031256
4901,4053.7438705365926,4058.5709732075748,12.997646275938127,4062.5969523755157
4698,4064.8551620624653,4069.495617317851,11.877272808780072,4098.351609021392
4920,4323.727843653409,4328.467279756415,12.671124374049864,4332.419980833875
4705,4427.691130168,4433.038793497695,10.715013938744189,4461.4038643593685
4803,4459.127457855725,4464.178251655964,12.310715070664425,4466.917973423493
4824,4698.021682201403,4702.048928756616,10.293718408448475,4731.136978710983
4719,4783.1533140056345,4787.058076927388,14.76829350473191,4790.706618081137
4709,4785.7699754863315,4790.063135119969,13.099619927633237,4818.374387830888
4697,4820.794103136527,4826.151837672185,11.141678460474052,4829.157667146552
4821,4953.639843619611,4958.52783233735,12.6782500147787,4962.215689456593
4701,4998.523847780608,5003.236625790671,12.97725453664869,5005.71273913268
4791,5062.135895782228,5066.43730741313,13.808228200874659,5070.4895189677245
4862,5237.343616339951,5242.18271334477,11.230717359787647,5245.82161147718
4790,5358.567761432642,5363.3853432562255,13.684643678131941,5365.899638076979
6866,5594.0160307112965,5598.363084220859,13.628148135659803,5601.928202076704
6790,5596.234170823159,5600.5566510644985,13.132327916532299,5628.481205350258
6823,5600.0806423891245,5604.3687841940955,11.542730542878083,5631.058874601421
6794,5689.3296205817405,5693.208262290207,14.192527185424709,5697.534136551057
6863,5953.397559703664,5957.371054612148,14.328212372058813,5961.49904884176
6868,5964.358747074381,5968.504088197104,14.007213720229172,5988.448779232104
6728,5991.709681285361,5997.219555089229,10.80406470196574,6000.21558040873
6811,6214.070935280813,6219.340347378931,12.031260009891525,6223.895535043162
6836,6223.392473827747,6227.488925686609,13.770935222265713,6258.120398285751
6724,6403.400220422277,6407.441850104068,14.624014046312501,6410.980193556368
6704,6438.842393037647,6444.110378880408,11.823144861211128,6446.903327764709
6873,6483.516376646695,6488.235217261729,14.36721491155421,6491.791656076025
6841,6680.014202337761,6685.197736665406,11.30780062684603,6708.165650098629
6843,6769.217813461809,6774.140903140398,10.512846287301661,6800.518528382918
6807,6802.9318074993935,6807.103951308321,14.446985078034025,6809.402757678833
