564,36.5124594168341,45.2072115204322,12.005213570529918,49.66083312623956
448,94.86113880434253,103.15129924591267,12.71313932895275,107.253278901712
637,184.67565037411777,193.30903471731688,12.313386554363383,197.662143013738
512,335.52902396894757,344.53187412740635,11.834004752592493,349.2461856966381
635,434.68226818871403,440.6806884386533,16.59117208333404,443.7662410752625
445,478.82211217587377,486.05350204917204,14.358382205863197,489.73795636424995
601,645.4581045539953,653.5486872033025,12.540572096515573,657.7068766506886
649,756.1718769907594,763.5843001937117,14.288526806722496,767.3932195549219
640,775.4576276020888,783.5737188608327,12.770860619453213,787.7283170283673
610,837.1606416953373,844.1162805966939,14.424139217415048,847.639552623967
583,848.6991090416556,857.0767818237584,12.452475048594243,861.4209861189472
574,867.1132386296256,873.285062945034,16.48043392837238,876.519476524425
470,1222.6531498667653,1231.3918167789107,12.207019176209144,1235.761113185148
571,1480.1630834206983,1488.2042686905836,12.8655125464559,1492.311711925708
582,1496.0246396447499,1505.2115393408365,11.241114291161535,1509.9858627068843
590,1725.9223920009354,1733.286496771893,13.737300191811599,1737.1113029290307
2409,1887.5200057973284,1895.1399310977758,13.713638978862221,1899.0458580155666
2585,1911.1677386772321,1919.3160789914277,12.464922196396678,1923.476213134285
2578,2053.8067668883436,2063.2262026737685,10.989702397007333,2068.028097138443
2450,2182.0779372550355,2190.2336014697266,12.654961204737416,2194.446478115776
2640,2524.4074840431904,2532.320503325324,12.408747730098472,2536.393052887096
2446,2607.8437181382806,2619.024048894345,9.435908778792689,2624.5507275232276
2421,2751.885233006442,2760.1469565739626,11.92097800508019,2764.6900628537146
2441,2884.714194433202,2892.4342237676537,13.76836342357945,2896.1184591157194
2612,3064.582242882898,3072.5424819445766,13.07887897465896,3076.4114427514273
2590,3133.4402301397663,3140.0611643062357,15.46923344281371,3143.5524833553363
2489,3293.653694624358,3300.635268987488,14.275039367686793,3304.6880763523573
2629,3295.6237329866917,3303.216903381063,13.258133382218052,3307.1509834830194
2594,3534.879583484728,3544.1266143948255,11.39806133065579,3548.763617846534
2564,3565.9771268103314,3575.530337555646,11.096712853551255,3580.471050938356
2555,3650.0723696276987,3659.0636414295564,11.223406165895298,3663.7882071119607
4561,3663.966221596883,3672.2036835898775,12.73303610882656,3676.2839944457633
4504,3670.480560628391,3679.0414237870264,11.4506530931342,3683.506952496515
4629,3698.6925359730867,3707.0857810525204,11.221207894771602,3711.6496844542153
4647,3703.5798395310326,3714.067458707913,9.240662288743692,3719.601949876345
4432,4011.41310562262,4019.4148869877986,13.214359838609884,4023.653303107802
4586,4047.6941715389294,4055.426384776001,13.406550545506331,4059.358153585259
4448,4101.343065971165,4109.164303021265,13.51929510990371,4113.163410914536
4621,4117.163532025742,4124.607172603381,13.748985024605016,4128.329767147637
4572,4175.778674267565,4184.167927815128,11.538456262793014,4188.6020978834
4451,4181.044514283698,4189.013228624281,12.667491794458094,4193.214579356881
4573,4234.6273017360545,4243.446785576262,11.349413066451769,4247.982053040872
4592,4251.636445671682,4258.339366634764,15.67964003113083,4261.767149111814
4453,4324.15844318901,4331.6284494702495,14.688686923813622,4335.272457776717
4611,4347.853858972259,4358.0474616394495,9.330814802366204,4363.32724982692
4631,4349.708768459658,4360.038769953566,10.917943488743871,4365.311250332373
4615,4657.189647383315,4665.214713161024,13.011565722107093,4669.26392198221
4558,4672.5536724850535,4681.392016205472,11.655047546904656,4685.828029618033
4434,4915.0954280310425,4923.321048335537,11.879319462697923,4927.57164761639
6486,5472.80540264507,5481.432267025314,11.786709530857213,5485.850473591054
6461,5496.516927641489,5504.202663454581,13.27270646913388,5508.021993139528
6459,5498.885580362309,5507.571048638125,11.77539274626046,5512.166399808667
6430,5632.595591406186,5641.1210559797855,11.33443268261914,5645.685412897449
6571,5764.670680799985,5772.20585532467,14.102105311202715,5775.928719573991
6518,5833.298646622889,5840.460944960724,14.019625224786536,5844.1116312566255
6427,5853.9479675881585,5862.134621197592,12.161472557530095,5866.281769201985
6565,5899.428889993146,5908.123553069964,11.80930475896186,5912.494869084823
6570,5994.070699392629,6003.199738896647,10.720281085403455,6008.129620118993
6628,6137.734298029014,6146.038641374463,11.541979908260936,6150.354256619257
6657,6170.051852980119,6179.0817927923945,10.879634069771186,6183.721658683142
6626,6259.302089764303,6267.110497213231,13.531270105402971,6271.046273613531
6510,6350.2586789585675,6359.493717103261,10.835623969542388,6364.1119343278815
6437,6529.861721447211,6538.481723012629,11.19788924040258,6542.858915519832
6442,6619.65706014609,6628.164458071944,11.746096137804376,6632.602296404794
6615,6645.27526513032,6656.121275207455,9.545890332702724,6661.635522012832
6660,6898.211929116433,6906.535088232703,12.67603587031513,6910.849078285929
6445,6969.511047777182,6976.605187401819,13.617614818988098,6980.265445295102
6607,6984.128912791252,6993.345259185244,11.167044196928181,6998.103096783754
6426,7069.5604001637075,7077.008942693393,14.245802855677606,7080.6908084172255
