1207,210.64358372553818,218.38423622434917,12.571395726095442,222.9925329775642
188,358.7758945309835,367.5298193288435,11.274584143344672,372.714549634312
161,362.8559592578024,370.5279314628801,12.221002680767366,375.1348783512149
192,489.87456082306807,497.5377154526676,12.26233123874735,502.33915367287335
184,491.7608299467616,499.46120452394746,13.02111378515947,504.1705969411758
19,505.2078098140902,513.1199038206039,12.783795229930563,517.5331333827213
3,616.196743259233,624.2279237583535,12.075868292460346,628.9717211822968
1192,673.7579144541784,682.193276833994,11.694468073207865,688.0190571951933
2,686.3888918631044,694.0999647866133,13.120661661226327,698.5979848924784
9,751.7325404215458,759.1878403637104,14.42525232453696,763.3408803630153
1450,785.4441572953315,792.1421019600206,15.161947880864272,797.4379653251847
0,819.2483708972071,827.4396711233413,12.000664988322411,832.4150008372334
166,824.2145821056902,832.3202494222668,11.277669860005012,837.4185872518901
11,957.4768448991039,965.2531494335998,12.185418283777826,970.0972188588943
8,973.92445095079,981.3876651790303,12.184942603625778,986.2063592762437
13,1045.8311071093704,1054.0743432937352,11.40652469169797,1059.0856440669745
662,1049.588361367646,1056.2596638404978,12.910619916484343,1061.0158902908322
1193,1096.3483784004823,1105.267695099758,9.893646202927876,1110.9329676983361
7,1111.1757833584486,1118.4892117077527,12.778527448952705,1123.043226716722
171,1162.75896771424,1170.1659476775699,15.714595734160522,1174.1117169272
1185,1165.0057761741703,1175.3110656185122,9.411819582282297,1181.8364239174346
1184,1167.0794889808008,1177.26159083325,8.205320650086698,1183.7691116322908
163,1230.2257198131808,1238.1898751199062,12.10605182816562,1243.194151960818
1,1315.0761741943356,1321.5001198432053,14.726719745455407,1325.4657397892233
1292,1351.8608851318675,1360.1881401768371,11.551722221396847,1366.0124698619495
15,1431.6571081345776,1439.1779286018495,13.669095289553104,1443.4509582929604
162,1435.2888082152554,1443.1858735978985,12.45798291471591,1448.0249332880978
17,1503.555513010567,1512.382624895105,11.148079149573746,1517.7552735993843
165,1505.9101897506139,1514.2696922946295,11.888459507507825,1519.673920123058
667,1507.72455361624,1516.0710690823807,11.27286074921177,1521.6116946441857
672,1525.0326468320518,1532.1183834027909,13.32025276312535,1536.5143860180453
1202,1567.2875625250374,1574.2627444598643,14.513432897790421,1578.2828702662616
157,1711.8081047665862,1718.3819522112178,14.008042618815677,1722.9738368563808
1447,1757.9686147654377,1764.3464769073219,15.116193495817711,1769.1914082793658
183,1842.5558009210872,1853.1088321152708,9.26731453701047,1859.6897774177048
4,1850.1941082600981,1857.3473839594064,13.531450368945496,1862.134503118071
191,1852.036476268183,1860.3262398089653,11.77848411468325,1865.4529019259387
421,1855.9371035265415,1864.2877568427486,11.555402752547701,1869.4640451873777
186,1858.113712451573,1866.0594530291298,11.183836472335395,1871.3103487415697
1191,1864.1335187387222,1871.5003017403483,15.439713597722438,1875.486269306298
3444,1962.061261110884,1969.3610652615953,12.893716588590683,1974.9588059585049
178,1981.5304190441054,1990.3649964979595,11.269498416617209,1995.8407650308725
1196,1991.8491110335865,2000.3957693838463,10.367617616939766,2005.8286041789672
20,2044.0894784732368,2051.527539101715,13.37607447687295,2055.789056730762
431,2047.974772578164,2055.1315812661232,13.15194462480976,2059.6316888230713
2156,2116.2145312122616,2123.3312950904738,13.956200977135126,2127.5919200091503
2665,2184.163334140422,2192.1154169037804,11.359108342604488,2197.2007754527335
2173,2185.8979128303,2194.0281979697365,12.60997416135126,2199.049621967118
2016,2195.276077237991,2203.051128348272,12.368974292822376,2207.9258277984154
3191,2255.679763531864,2262.098533518583,14.086099298125283,2266.16485098232
2009,2317.8697045015183,2327.0347506292505,10.49678227342177,2332.876320545636
2012,2592.013921255277,2599.1908453812957,13.367281965886406,2603.5751222515028
3210,2603.0688341724526,2610.3845840203207,13.212928274339097,2614.909133189127
2169,2655.814864123045,2664.241846048722,11.882318213301218,2669.4460855151624
2020,2657.792686702354,2666.045810358252,11.524861312404052,2671.305201561819
2420,2723.5952979272724,2733.085520181818,9.321855161615371,2739.037746213635
2017,2725.7440855147147,2735.100328800441,11.078124851188988,2740.9595502919447
2005,2859.7112165073318,2868.340133717085,11.308036005724006,2873.561579518442
2155,2865.849071772977,2872.575492240151,14.189244180098157,2877.365582453278
3200,2927.725533948939,2935.4793140745974,12.64539608931586,2940.172089656728
3205,3002.8519556737715,3011.3690020795443,11.66762459913231,3016.662910270861
3355,3050.484779815159,3058.291316519707,11.865730427918907,3063.8295595553786
2174,3072.1263181406266,3080.0699029549874,12.309510092721771,3085.0587489042596
3359,3116.0604754556753,3122.412077571432,14.40203058978827,3127.246201056017
2004,3134.844888335377,3143.3602814976643,11.533417494568903,3148.461138776398
2186,3137.2370499962453,3145.3135268719234,11.622019038479232,3150.3841983674984
3364,3165.700166391767,3174.401042592395,11.4931798112783,3180.5216635704733
1998,3272.6664960190856,3281.224282579135,10.14373558719662,3286.539333132101
2166,3276.5042025509288,3284.4347363481725,12.262648447448168,3289.415299067613
3357,3319.8526671741843,3326.5729952428874,13.51504067467154,3331.893224865809
2183,3339.859684087835,3348.378115753416,11.664547754227112,3353.564488968384
3189,3348.235915745221,3357.034436517255,10.31886354465404,3362.670356406939
2177,3412.5486609872414,3420.2797160063656,12.076908861608832,3425.194788421349
2189,3416.6802047513643,3426.3923516999885,9.541582495082327,3432.2772373342523
3203,3526.0353315343,3533.2584975716813,12.370792597395742,3538.2284199317546
2181,3609.7056581930433,3617.160163408205,13.277391912885943,3621.718777308867
2432,3613.632457965957,3621.180478288016,12.014282853084564,3625.952414982907
2160,3615.380650702029,3623.265314366826,12.235102251766962,3628.2985864728953
2008,3686.270965950676,3694.4198127779227,12.526652433403232,3699.190055437713
2002,3691.6446358926423,3698.600561215983,14.79300244853186,3702.6177889495752
2011,3693.5900825475755,3702.161321787472,10.675254239987295,3707.4375989835116
2689,3697.455412710301,3706.0226794753357,10.6339803216166,3711.4712669866976
2163,3751.6126456424618,3759.4359234389576,11.433798371657636,3764.3670517510877
1999,3817.3527890834507,3824.4250917621393,14.180723590722799,3828.8191374859052
4174,3879.913223968489,3888.298701362791,11.924084462837662,3893.320734287909
5295,3939.5031677885017,3949.148315193882,10.142427495685576,3955.944334722595
4194,3949.994067372524,3958.527497091781,10.816541768313524,3963.857828989272
4415,3953.8409688762267,3962.1834973161317,10.911712360109556,3967.5084687622816
4425,3955.766602604111,3964.0479483819686,10.745408509114093,3969.3979444485635
5448,3981.84699954702,3989.258017023277,14.457022089669877,3994.2889895711455
4183,4154.74743337773,4163.324729393609,10.580318671429358,4168.661838718991
5292,4205.786961912353,4212.494363383533,14.19043364332898,4217.242559951979
5202,4239.433847684183,4246.55542686328,13.143287342455059,4251.032877066157
5190,4287.878049270011,4296.391563296773,11.336230450809486,4301.367341201871
4018,4289.964046466425,4298.225907776323,12.23780365145082,4303.115752006793
4176,4297.398967452019,4304.375521776781,13.577348856982498,4308.768306807613
4015,4302.990976493256,4310.191549326119,13.468921657378647,4314.777252620385
5210,4355.620055924584,4362.413787012903,15.445236937782393,4366.422522361688
4195,4501.584946523203,4509.574629921467,12.33305487601183,4514.514669942042
4167,4503.395205998343,4511.37948650089,11.588315913537523,4516.270946795602
5204,4559.608501810159,4567.179715825945,13.558640864796777,4571.475997816375
5359,4754.027102404865,4763.00357911698,10.186709100552106,4769.168445105408
4024,4763.672051459269,4771.459738170095,12.788384685016563,4776.104592090075
4010,4845.644991067113,4854.226291015764,10.416164815139087,4859.704253161085
4171,4849.551299435567,4856.427638586851,12.072145923442118,4861.686382495188
5198,4906.839837816497,4915.209722779591,12.507573464224013,4920.093302540594
5451,5020.488582843633,5027.512760289037,12.895461867124645,5032.700117297925
4022,5177.821906476125,5186.102272492102,12.517406560340966,5190.962380427794
4017,5180.2192441179395,5188.157080789915,11.84785357160433,5193.12229752358
4681,5263.133897799854,5270.483237247198,12.787319342854966,5275.106494020151
4008,5375.612272907232,5383.436955121714,12.853990869113131,5387.947254717056
4004,5464.670368101895,5472.489777540587,11.85132494678804,5477.32309256128
4021,5527.851444434018,5535.21336154998,12.57996668909705,5539.771684680256
4188,5579.58881521837,5587.237155142604,12.855973933905382,5591.66677038109
4019,5652.020525506058,5658.658805351444,15.062333216051185,5662.71340693678
7449,5686.769729106354,5693.5148661192125,14.527313520038039,5698.219906376143
6432,5718.180464517818,5726.063585333928,12.555153513502157,5730.839527987213
4172,5740.405516413985,5748.3327068487015,11.426303192252696,5753.194675307945
4173,5785.73543358401,5794.079756704767,11.285538788008681,5799.15736908781
7453,5840.699657070185,5849.085532247207,10.989332217148206,5854.985927989074
7436,5909.615862342219,5917.113547859682,12.804549538137486,5922.686737498169
6005,6079.152666128943,6086.3453979956275,13.196053178282671,6090.91809257623
6016,6081.298727005987,6088.511237474423,13.173109167717433,6092.92902263135
6441,6123.713635547073,6131.477197830308,12.37720998455591,6136.024420551143
7191,6134.080040266232,6140.598258371073,14.658804315249435,6144.633686618311
6181,6147.362377293958,6154.36960549464,13.24310439866897,6158.66149878448
6184,6191.611955987009,6200.167032727362,11.51724142411577,6205.305992922098
7346,6362.06026667551,6370.110555470759,11.964014305308345,6376.136610759981
7187,6407.127008119309,6415.348195103744,11.89846660432523,6420.758407740644
6177,6469.633808979061,6478.436876623329,11.21748421962683,6483.570919975441
6172,6476.565215978242,6484.529778547516,13.406522785706606,6489.070198124207
7206,6497.662634828033,6505.320201268573,13.320768582322817,6510.976368665637
7438,6723.802201377913,6731.417737040287,12.052395720335628,6736.886430876906
6182,6737.888008302423,6745.1964213859155,13.152566993615219,6749.608349802683
6173,6803.660585699172,6811.109700148265,12.638847049232865,6815.674474461435
6023,6809.967025031517,6818.142528377181,11.991522009696869,6822.73814229519
6025,7013.848839579625,7022.439349607656,11.78525695253944,7027.328753717377
6188,7018.342930796184,7026.524289621981,12.07454107309781,7031.622266929327
6444,7076.16279844025,7084.528914344127,11.251475134392432,7089.6507069358895
6158,7152.718454603382,7161.201717670413,12.045947037929801,7166.171371434967
6179,7154.831567431402,7163.025628314008,12.198721177348702,7167.947877865059
6159,7160.095674920066,7168.054712145395,12.855199384955565,7172.565588031962
6408,7170.789032639897,7179.166201241498,11.591492490751563,7184.1835976413895
7441,7178.282033011242,7186.523914111245,12.25956281924164,7192.111576767065
6186,7284.300416876217,7292.236102774501,11.230354145730862,7297.13697119165
7203,7300.222613590954,7308.259236297277,11.515422986537818,7313.237199106068
6425,7416.044680948822,7423.1175291384725,14.59248373944886,7427.184171283472
6411,7483.68029456723,7490.503666132866,15.792602774688438,7494.149531744508
