1708,25.75059758754714,31.414237484371252,11.24683531546494,35.57819777078963
1710,94.26336293297443,100.52088570418206,11.742669563250383,105.08954465053242
1569,96.28764566820294,102.35423481562906,10.074097008137489,106.97437880345574
1728,100.3626891634552,105.53957274504243,13.184755162370186,109.34224440768237
1725,166.15016443073665,172.01874325538935,11.352100826849403,177.6310703132928
1537,183.65850401650098,189.1897615340418,14.016825164148246,192.81508492389196
1558,185.83235471486464,191.10610606683724,13.546478265178521,194.82157636331158
1518,189.584625608959,194.60378148407005,13.259990582470687,198.2052367319409
1693,211.28030952748563,217.06723135784517,10.782800852164906,222.53497987374848
1585,280.76717290828486,286.2994356634239,12.435314905418851,290.3306863474457
1733,320.3394676652264,326.4756433288542,11.522922840877142,363.17298066178023
1688,641.7486147861806,646.5738345480979,15.698308683911915,649.8542068804085
1716,886.214882554139,892.2596887201986,11.418437304962106,897.684277221252
1689,904.0675164974696,910.2502481777755,10.867162569667368,914.7842539680661
1549,912.7769620190419,917.4126321467651,14.54575655342328,921.0982223191442
1579,1263.6383894681296,1269.5669952891544,12.066613622766114,1273.7433273435465
1658,1271.191594382948,1276.635860205741,13.86323046909237,1280.3784444486869
1546,1294.056818372206,1300.186531356124,10.873957529570143,1305.629654490964
1954,1490.6655318449664,1496.0430164838206,14.17984686003953,1533.4016662313477
1679,1627.7439527266226,1633.46829755128,12.676418730107963,1637.586287818128
1723,1780.3235716843983,1786.0231908752567,11.821312125261878,1791.078202636955
1669,1805.8843957472259,1811.4381287946856,11.611186661726784,1815.4539856184854
1583,1808.0110831198645,1813.3626467812223,12.959720632910003,1817.148016066537
1590,1809.763645557723,1815.3771241273605,12.452253059735321,1819.4047348844026
3551,1840.8956932788249,1846.1378821268067,13.245916235011379,1850.9222966834209
3641,2074.014779764912,2080.239492901381,11.242167447351267,2084.870605374426
3687,2208.137778830575,2214.2272823469807,12.081124620863005,2219.894628574426
3698,2210.7354405742503,2216.552573270121,11.69655664525992,2253.3954820961
3987,2217.014381049059,2223.3503889596973,10.40138159321945,2255.8357207190274
3557,2361.470274842548,2366.2574160101512,14.410132002602683,2369.7361816475704
3741,2478.0627260374677,2484.2454406243687,11.577570209191538,2490.231967768044
3729,2568.195619648925,2574.160980769529,12.723146454618107,2578.8465654189517
3727,2596.7599736441794,2602.571223708995,11.74015571728798,2615.276444675516
3722,2679.8495384312705,2685.137637390515,12.54424335475451,2690.7746720195196
3715,2837.7958624802563,2844.009164247467,11.639138145932828,2883.550695601273
3969,2932.7132871325834,2938.191487137307,13.114029769247233,2943.724308238722
3684,2976.2405900146077,2982.0107217536115,11.6666115918002,2986.28470165992
3705,3018.1708783267313,3024.048514429489,15.12306141743855,3028.6761035471322
3730,3037.2553313799513,3042.1534925207407,13.26530870727731,3066.6989534133154
3513,3066.892456726331,3073.1779957316185,11.540730592344639,3077.553918289473
3650,3177.5032899067205,3182.0805721163306,14.573456414563541,3185.384214090939
3751,3198.1866949182786,3204.09335180514,13.930447853884992,3243.508176353755
3713,3292.6709879211894,3298.5308318756156,12.151297656827753,3335.699493793946
3973,3377.8620067164334,3383.088416591122,15.30256867278862,3388.0875917674225
3736,3412.7800610921704,3419.0116433807502,10.345419635822818,3424.851489945156
3582,3426.2718622826915,3431.2041216001503,14.921633907514066,3434.5017446911256
3976,3467.5106577741717,3474.049871516071,9.971733147701578,3479.9186202221617
3711,3491.719379181851,3496.191641531936,15.099652402856288,3513.5822256850793
3516,3526.3834063734275,3531.4420508335816,13.940466625403557,3535.1533660472937
3676,3603.7675809451307,3609.3971814461133,13.048650991187586,3613.1111960218796
3597,3605.810629858581,3611.3275577058657,13.073890766229558,3615.248620678369
5579,3634.9457943259454,3640.5575358239626,11.90625719891799,3645.825086686091
3966,3652.5970642595694,3658.027652201161,12.04606736929772,3696.2380639159983
5984,3828.0803504074393,3834.458297049744,11.4405969342913,3839.8880343351575
5971,3830.2359341934116,3836.4069483763656,11.759215548396702,3873.064696588452
5709,3848.218186843497,3853.4224713114813,12.278510330005298,3879.4401467978014
5561,3883.7058633752613,3889.256830440837,11.247237057682034,3893.5217528995067
5724,3917.9149266222553,3923.608197734954,13.366445243579742,3963.760375708013
5610,3995.445036161284,4001.2344748605574,11.628403461800156,4006.7482864467993
5672,4368.2471355667885,4374.313752782996,11.635844295776414,4379.7985991511905
5575,4504.19244119537,4509.594094001515,13.477834083441685,4513.3593876253335
5641,4799.201214353517,4806.022971863733,9.334106192337906,4811.935316180995
5713,4908.088104819342,4914.5332938848005,10.766006276370554,4919.829752175316
5666,5149.676436182122,5154.365887481269,13.745646274289058,5157.904891054062
5556,5171.384625520217,5176.372647764778,13.656282717641073,5181.006167701765
5540,5321.9600921416895,5327.4852898955105,12.568652562875872,5331.460261239318
5726,5323.6992155945345,5329.296135417398,12.049132356209306,5333.220437158496
5732,5384.611504956755,5389.213762655301,14.123433483338232,5406.084326280339
7694,5494.011887672159,5499.09258171188,14.670551982872798,5502.480538640059
7674,5590.82850152632,5596.266932666656,14.886481299041094,5599.56294090084
7957,5627.80070949909,5634.217766160823,11.435075253951009,5639.771519764301
7668,5768.363593897812,5774.085323499927,12.303052621112714,5778.223476176014
7669,5790.104880876008,5795.477508499035,12.425098925602876,5799.457925507813
7652,5870.853279574326,5875.535884728942,14.732306844383857,5879.058571788035
7521,5943.650446980247,5949.504997172993,11.459358109805649,5953.707173302512
7689,6010.3837775538805,6016.066589069952,11.372035465981819,6021.376708882257
7656,6033.462805360391,6039.2698354441545,11.649936639406105,6043.304145718152
7564,6251.3898635044825,6257.4314159563955,11.571187879752936,6305.782145126405
7709,6257.890583483586,6263.62478173114,14.065319858361667,6307.983426840633
7644,6319.836202826761,6325.470979156913,12.39938185234061,6329.558726496792
7731,6393.777062735235,6399.26194027638,13.090785882511636,6403.001460218428
7533,6400.041904436474,6405.178116250626,13.742399726176274,6409.00173446367
7983,6528.456491158878,6534.6006800792575,13.470450091032863,6540.276410889403
7725,6548.591873514691,6553.01547532816,14.850158299913423,6573.442152934828
7980,6617.7395873816085,6623.5536451185535,13.896546591338433,6628.2001119440565
7720,6714.669526998582,6719.253217913192,14.971954999418562,6723.815433075367
7700,6730.313034304463,6735.238184888813,13.429783872936913,6753.612675612815
7716,6738.366302110271,6744.050781377921,11.868105715208292,6756.1427874918045
7972,6798.3185391514435,6804.265306198964,12.194424369656392,6809.491194157505
7660,6845.793781996792,6851.274129320519,12.084558300748625,6855.268494928183
7540,6864.37338002369,6869.257153021753,13.733981702929619,6872.817074671843
7986,6980.676216113136,6986.575287052358,13.654240599190455,7025.111459611024
7666,7026.111723310734,7032.001469750517,10.476080516898667,7037.006168063868
7717,7203.5391104730725,7210.212814177438,10.443812981128286,7215.17317114742
7687,7205.819315890785,7212.089624725721,10.914570269122786,7217.108076327014
7985,7342.3837056978655,7347.240533853834,14.46043913000041,7352.040918872584
