758,118.81759796967985,119.1940635359699,13.588667541467116,119.75872054093055
457,223.16200992775498,223.5125572903329,14.462436060787523,224.04547765331915
751,256.63925635285136,257.17596166371345,6.832053128747943,258.8297247522651
1010,309.71755220442805,310.15505148346097,11.541285896343322,310.8198765631171
1799,327.7739805589324,328.20323151016584,11.798507783352344,328.8535625906943
1797,405.92490874100446,406.31122933873445,13.256910990064718,406.8900169855038
1571,407.6673153964314,408.0847772495716,12.755185878122898,408.68633150277384
997,750.7388670321117,751.1469162766175,12.508843267810274,751.7603172243387
1013,1020.1012350658367,1020.478005544538,13.455854702406983,1021.0509424124123
1411,1129.76637265141,1130.1903390186112,12.75622583965839,1130.791844229621
734,1148.7955827306967,1149.1705541405724,13.975784486878354,1149.7195706428356
1021,1203.6475916903387,1204.0108110687586,15.230099077265534,1204.514611882952
1823,1225.9655040285563,1226.3729492665414,12.406678498811466,1226.991401362008
753,1510.788712493346,1511.236962149287,11.275194223548523,1511.9174769291872
213,1592.2732070813104,1592.6239142784684,14.455844814835407,1593.1639556222124
1581,1668.807887784643,1669.1986958955326,13.473105198327769,1669.7681961111414
1826,1770.8506322279952,1771.2665953254677,12.012191383636623,1771.9053577352827
1254,1851.0396409178393,1851.4663163440266,11.882026726642922,1852.1167651680662
1577,1936.0583446879725,1936.448636243932,12.989696395291169,1937.0382046543366
1403,1938.8250757859284,1939.2478098768252,12.066135200193775,1939.8837165849852
3817,2042.1761932014335,2042.5798441916922,12.559782931073508,2043.1880284624558
3245,2114.8919384262194,2115.289205592448,12.660844457453246,2115.8952422862217
2047,2373.952604186306,2374.407078430445,11.138722136674511,2375.0917084050607
3586,2387.669446332692,2388.1014443126464,12.091168949685535,2388.736034429392
2754,2470.4837888655907,2471.034951984659,9.29439199178033,2471.8604967133683
2212,2579.8655988264463,2580.214405128043,14.403896725712283,2580.7471037762966
3573,2762.9997258360063,2763.404233447191,12.533482584766558,2764.016125574897
2462,3064.707970411004,3065.1122625544517,12.349786118621243,3065.733563704259
3000,3191.907386096432,3192.4126649082814,10.175960547824486,3193.1745054455805
3575,3199.255823476297,3199.6266407665066,13.671878176697088,3200.182977473876
3820,3205.089725010643,3205.4554501176517,13.862238934104425,3206.0089342546366
2051,3293.6917672768695,3294.149316506705,10.877309583355093,3294.8547240577695
3031,3629.878176259345,3630.2657814243244,13.11446935509365,3630.8508555213098
3394,3647.7173062917223,3648.1558490642524,11.189507818494622,3648.8415750532627
5007,3817.94127131526,3818.345305277313,12.548938915294285,3818.9567463216245
5026,3998.8574855193738,3999.355158611823,9.984973774011655,4000.121698775284
5002,4802.18132010149,4802.591037032609,12.373832840433113,4803.20978088952
5576,5000.987727745217,5001.423312924112,11.647666243357248,5002.078495655136
5403,5086.095318032265,5086.49124815609,12.804705963233408,5087.095023931529
4459,5287.919861648856,5288.265714925112,14.645645353941736,5288.789620572827
5004,5436.814733232358,5437.268822944729,10.875825639615563,5437.974326744591
5398,5450.082105044201,5450.534080365979,11.216915113041072,5451.200480251008
7018,5699.93117120463,5700.3242598355655,12.716458150753542,5700.927646110613
7829,5726.000488295826,5726.3351797847245,15.147588109432311,5726.8417248703145
7407,5899.947148498012,5900.406124574994,11.088144011175896,5901.1034201855
7817,6002.984028963958,6003.461827105213,10.621416022952971,6004.169524839546
7560,6015.546982987169,6016.09766893116,6.081278890229454,6017.8578814470975
7830,6354.628241242844,6355.027999013071,13.403918404191279,6355.600438808958
7014,6419.693537358485,6420.079504925603,13.302846326836066,6420.656293992157
7396,6436.655667075803,6437.071536031596,12.538679025365317,6437.68347739319
7016,6512.211723910149,6512.583400327665,13.640275730783298,6513.143785822155
7019,6521.985356273749,6522.469018336397,10.450658751886364,6523.201299083514
7027,6599.717815087662,6600.0908127808425,13.149017299685601,6600.67434964451
7408,6963.160528609804,6963.561832639426,12.633236756543132,6964.172511584734
6738,7101.5675110482125,7102.09448012047,6.423901407344037,7103.899148219646
7587,7153.207254084701,7153.573307765733,13.849796027911962,7154.1324450747215
7554,7439.639792349952,7440.021000461058,13.81590733969374,7440.576370161123
