844,77.53643798094667,86.44041122187863,13.951467692608487,93.17562626450503
846,152.12054075509874,162.09258156294297,12.310309378266743,170.55051716495578
856,155.67879273762912,165.16260405642282,12.518477820694171,183.23801073701893
822,329.9160632608482,339.42838761459166,12.695712232596637,348.22403249692553
818,331.72227001537726,341.2455750696561,12.97375062195733,363.3571195099685
860,420.11354339298947,430.0338316712977,12.631110465782198,438.53424902866135
857,489.5720665192291,499.3734143360173,11.705840559770417,543.4472702933242
867,784.5783117087495,794.2053507798224,12.164575756670285,813.4836607415228
868,873.0085072417188,881.1807830010343,14.265870864703043,905.8124856563559
824,1553.1145150274892,1562.5550769625045,13.157634679006849,1570.8741030390972
2882,2071.969878593528,2081.2208798005367,14.318359577776844,2087.7040484405584
2864,2073.894413423128,2083.3481485714715,13.529722161502724,2090.1749635701917
2821,2689.8364959537553,2699.544040473085,12.975054518485923,2706.7975835959455
2884,3480.607210564695,3490.3119451574958,12.20737456047,3498.750073516709
2836,3660.8628533566352,3670.5493316703632,11.897056226530418,3678.768821707921
2832,3681.0172331847602,3691.2317375743555,11.718255372678975,3698.864662436338
4836,4110.477323918862,4120.465684697605,11.656914863113549,4129.114767575681
4851,4112.261560327602,4122.351594992346,11.716760380018998,4143.412158102465
4844,4115.646398102516,4125.244784245571,12.872698703696042,4145.985404245216
4847,4359.373063960532,4368.158012277639,14.698641838353392,4376.413388211207
4830,4477.837624909557,4487.2380987552215,13.211199848693887,4495.496560527769
4822,4745.5759964709105,4755.519518832983,11.902304940375483,4773.581455456713
4842,5156.148994367487,5167.439324684963,10.318952082150975,5176.689056567987
6833,5681.814528374,5693.165314817928,10.16154740529251,5701.712308125289
6820,5858.034502262866,5868.226762702245,11.407853869375646,5875.875396640982
6823,5865.066995391301,5875.346696929255,11.52263356592042,5882.874022110757
6882,5945.740501230969,5958.157481560999,9.715050146750082,5967.60448890476
6877,6652.191310384032,6661.029889561212,12.675837167616503,6668.934133696807
6842,6735.582220948723,6746.239818551899,11.309545991922462,6754.027617599279
