440,110.76789124448575,116.17177155912836,11.174158197220727,120.41740365256074
410,112.72631061285131,118.1683622373275,11.672008761013148,122.44581220076873
436,123.30421469155216,128.18057142647098,12.808573215833405,133.08734115522336
439,384.02078137690194,389.12905708567945,12.510270554654802,393.11268838734173
418,396.74914952383585,402.0268258208326,10.882897712466306,406.85874020020526
422,660.2948246302208,665.3420365136056,11.89465241672101,669.2636690119234
427,1623.756380994113,1629.0013275830388,12.8731628861854,1632.8398384143159
428,1822.1176311088166,1827.0901210539728,13.020595920068454,1830.8140253453757
2411,1916.3771053607195,1922.2240142025796,10.730677680363389,1926.7137097116845
2435,2718.830464850962,2723.451124840591,12.947948707332731,2727.1871699828557
2430,3063.7251789522493,3068.5039710015244,14.486285296774904,3071.731856062469
4427,4801.003331896371,4806.2426390126075,11.395307862412047,4810.948388539607
4408,5071.774535971645,5078.066634088713,9.977359113613407,5083.684887383445
4429,5151.499110755517,5156.388472711238,13.6388772430454,5160.141082710535
6422,5605.552717715118,5610.434159283438,12.387948963680804,5614.403090763354
6419,6141.481445780258,6146.403310111276,12.416676061903202,6150.206907914433
