1936,186.5492089532351,193.54932816409803,12.219446913823878,198.1343441289503
1979,309.0502967461153,316.1592356715998,12.552914250521317,321.8199907875896
1926,314.3965154877847,322.02379776274404,12.00024815784602,363.21284112513075
1974,368.1310585454904,376.25378500750963,10.858211614436152,381.86004744771077
1921,501.4713054564379,509.20356918926257,11.109131202875254,543.7996532983824
1911,514.3909419903042,522.3414217244273,10.696537792284872,548.9904614179666
1961,591.3477777904286,598.0594133274844,14.452932513446147,633.3320044552123
1762,702.2272385702671,709.4155823068804,12.1534102518863,723.4909040121921
1986,724.2512042984428,731.3367532500558,12.80733985664173,735.9869482518428
1949,728.145967252394,735.5003281255016,11.517805719601641,740.2382587318075
1788,875.1895064778422,881.1463645394213,15.095070604188424,905.6751047206545
1995,972.69440282416,980.179046712127,11.690209434775117,993.5391064615255
1858,1045.7111920023267,1054.3917612101409,10.02111132090597,1061.2622887667399
1819,1047.6883921717533,1056.2987797947198,10.155370388497873,1083.2007998402623
1908,1057.1063486739617,1064.139382578613,12.899149774805093,1087.9618200492905
1818,1225.7407239919896,1232.491889321674,12.39233519732851,1237.824401182157
1831,1309.1749414156773,1316.3429049614601,12.0461247426572,1321.9116019737583
1954,1317.1202953601116,1323.1036396455104,15.187368644991173,1355.9463757377412
1991,1470.8048517045345,1477.4200682392748,13.17005706962084,1481.7804707261298
1914,1518.7039549106296,1526.1914708978177,11.227600990466719,1533.1100751880188
1846,1525.241728494164,1534.372649399149,10.215708648334278,1541.2473912739613
1801,1578.9962811124406,1586.0265188550088,13.514503848670087,1591.6901033233974
1953,1638.7396308325763,1647.3535129504928,10.442864743175027,1652.964531841394
1943,1640.7092420542506,1649.2609462465657,10.599523393219414,1654.8717318680103
1902,1759.0094289899803,1765.5447573288266,13.51050863854371,1770.7560381764451
3980,1847.499947942968,1854.1439748932905,13.444911809964882,1859.9147489398497
3992,1932.1637600666863,1939.085300480667,12.657529090718574,1983.5703006495849
3952,1984.4573268548234,1991.1434515890965,14.54669091057797,1995.1737944071524
3984,2058.9169195518616,2066.3909995196536,11.297939616561159,2076.3329780444055
3981,2063.77778126186,2071.109540235129,11.290570879489525,2078.352502913259
3905,2120.858904358005,2128.360490112884,11.675307918269029,2165.9210589137824
3835,2215.7431461848464,2222.010259923256,13.923769236528505,2227.8120312452975
3960,2299.150432456593,2306.416975524615,12.733106360485918,2311.95381344805
3917,2301.118360404153,2308.2402310103835,11.896273468001691,2343.2684059607377
3923,2383.5526524037227,2389.524640348734,14.331923082721971,2394.6176166179544
3827,2389.382724016015,2396.2462866439605,13.164654740732646,2433.3308699398317
3781,2481.239872801517,2488.0200996423714,12.521887936756025,2523.294995107131
3997,2933.4820079192086,2940.032167998756,12.627431267621226,2973.2193654919306
3909,2998.212459189397,3007.2338085852243,10.203244606538146,3013.8159995424653
3896,3460.533259279248,3468.0083185015683,11.95841668637836,3473.892127016492
3785,3561.1501731552657,3569.3720346211157,10.218904268215024,3606.206411181224
5840,3677.530977024795,3686.01842978416,10.184538035175379,3693.2227937330504
5995,3829.2145487776493,3836.429419878246,12.146121787616638,3841.780011799894
5999,3876.7191500742733,3883.0619069705526,15.35111584112054,3886.9900123710695
5761,3950.4677851812685,3956.475076304111,14.909961779911123,3963.198062993491
5783,4099.093239595507,4109.18480614772,8.146609851644174,4116.818780425779
5939,4180.732654626854,4189.045478089643,10.151055380136798,4195.564503236253
5980,4579.356773132616,4585.392325149205,14.51794428891605,4596.01036911758
5996,4641.274483967029,4648.512249476057,12.194739031135027,4683.040047120432
5964,4689.125251176332,4697.048324736487,10.604351746328833,4702.399818038903
5814,4749.473763745611,4756.586799858392,12.232257597180523,4773.312882288527
5930,4814.101776949515,4821.006690352801,12.364634829336394,4826.838217925732
5937,4939.403973363099,4945.54190067961,14.845744735447601,4953.397470841399
5926,4941.160101896175,4947.48945452524,13.469496893917894,4955.961631206097
5792,5109.786233450601,5116.179695199908,14.25434277154091,5121.737219676434
5904,5145.613007698604,5152.135019592789,13.856213580102457,5156.43405890694
5951,5163.686348877286,5171.463372999537,11.530706732537258,5223.394224748389
5775,5179.193718322763,5189.012119691071,9.321489085582305,5225.822747240896
5812,5181.172722426411,5191.062391876257,9.694452153932883,5228.037119711097
5934,5264.277987477896,5271.145257799992,12.99251110855523,5313.464651478001
5752,5271.14401467203,5278.284193301474,12.742706115307783,5315.764625154588
7926,5676.445452034445,5684.217152090844,10.685720234484199,5689.366927717411
7800,5908.557074088726,5916.415418365172,11.403608079050304,5950.544470383349
7805,6017.267861011229,6025.002698313592,11.795849033822588,6030.481789475783
7973,6079.1350363389465,6086.56241582154,12.152569553074791,6123.453718898155
7806,6261.116129024162,6268.311555197126,12.688437953593633,6273.879612017094
7781,6263.396577969179,6270.391295515075,12.41144192725314,6303.428587224394
7993,6336.648849669772,6343.6119627976195,13.313677293921407,6393.5118448930025
7974,6349.274387219822,6357.000385766938,11.161949249481832,6396.413007711259
7915,6353.289251396431,6361.098962220714,11.818875979261088,6400.584583964984
7983,6377.454723546889,6384.177222777759,12.084273505863202,6402.437503633281
7994,6441.83961096237,6449.005656870303,12.142379871874416,6454.854011391493
7977,6625.052383444481,6633.055574855592,10.191254576528564,6639.210787131578
7966,6709.339369394801,6717.236382812267,11.04108295441338,6723.971916678858
7984,6762.812852582924,6769.078108736377,14.962411889005343,6772.9037875938575
7897,6801.117925430608,6808.5247698037265,11.785945497753467,6845.796278855882
7941,6894.225326983495,6901.344563433694,12.355898000521067,6933.571142313958
7938,7206.275588280581,7213.141705413302,12.237755827721257,7217.702248635025
