865,372.2464465080439,373.34825962434155,10.463812173516294,374.81863880497764
896,824.1109235165528,825.3254000756192,9.368122767225248,826.944293734654
914,1013.1846656284793,1014.4155838297727,9.609054937350473,1016.0842497158529
2862,1912.1618950723132,1913.3287401928899,10.176137295104963,1914.8170219672818
2867,2085.3258061816455,2086.3768117184204,9.929131450260739,2087.8984028655427
2897,2217.16961340613,2218.250454269467,10.284384709677628,2219.7241206314275
2781,3162.361972401291,3163.44747703136,10.784546970258184,3164.8944683724912
2878,3271.402445783359,3272.4997377650793,10.41905898723209,3274.021108611813
2844,3370.424673360801,3371.490453159054,10.871468159810156,3372.968506994101
2825,3531.2071348121895,3532.390219232429,9.348341622442788,3534.0220096137605
4858,3883.948995803933,3885.1973208375653,9.46111263059873,3886.801981584401
4910,3927.3884690530103,3928.513769021881,10.731470823992064,3929.9717237537284
4885,3990.1123512911295,3991.2882470092904,9.707807905512176,3992.9577249658996
4894,4107.3409926007635,4108.41485899548,10.514398832449858,4109.9551749433285
4917,4472.00935326287,4473.110391068676,9.573514910474524,4474.663313204224
4903,4695.621094531382,4697.03511875431,7.93262361580247,4698.781347560657
4844,4876.268978772067,4877.326272988602,10.5799778556618,4878.784409451901
4788,5014.009967330511,5015.12951354138,9.458592026026231,5016.738845354328
6848,5446.027245145471,5447.201630890275,9.07504212370616,5448.910550978077
6847,5594.241373222257,5595.483644624736,10.2202907380694,5597.081034113505
6831,5775.845557082026,5777.088255074939,8.730852843324268,5778.722866739754
6899,5865.39025585305,5866.443697586255,10.77475190593745,5867.940784361581
6911,5958.976190816523,5960.105833829583,9.253724371752245,5961.724125316975
6817,6135.426181036996,6136.519413941678,11.399388317016555,6137.93034651265
6914,6228.499535445733,6229.555321026412,11.37575304453325,6230.964359022139
6838,6402.335496328421,6403.380508129743,10.308835102007519,6404.948721959638
