1862,49.61710605971775,53.285375189302194,11.444358085575445,56.7769999345087
1883,165.54386321735717,169.46998466703732,11.471506562953913,173.25139291646423
1849,360.2047329413459,363.2841729552691,13.828670378909028,366.243454315326
1779,977.5912361296329,981.4994600323242,11.570287229590642,985.1004979673951
1840,987.7100877130766,991.5769934490439,11.912444820057027,995.2809561879632
1790,1061.694612710157,1065.1096754298624,14.176620649600602,1068.1018520181021
1857,1145.8482016700198,1149.4335811465498,12.374299641940821,1152.8415673843235
1801,1162.5977971170187,1166.3497811379345,13.180793922908904,1169.6498033990677
1346,1290.599954681852,1294.0471039576807,12.591193077497092,1297.4685230486502
1838,1295.474777254673,1299.1694186656116,12.91039875050946,1302.520107238561
1208,1456.010437689174,1459.0890861137455,14.4208018535698,1461.983587741256
1875,1593.6486904203468,1597.2376801609905,11.883398504964264,1600.7240207085174
1512,1741.0754031580245,1744.505696454576,11.880796254903773,1747.97046917572
1504,1742.7705761684322,1746.2599830161157,12.55634368358278,1749.7744331492966
3873,1866.9288696779865,1870.200013183806,13.349280768536275,1873.503231300063
1357,1909.196640749361,1912.3344142670946,13.568431561008923,1915.4194547838708
3830,1970.2470358284672,1973.241135904859,14.595897857431266,1976.186081550885
1203,2010.1928490972527,2014.2393961948653,11.051010240605986,2018.1779482396869
3508,2012.1223034213926,2016.1254710979044,11.623169887188139,2020.0537335363329
1205,2183.4223771110765,2187.170455407642,11.242251245777732,2190.7735508395062
3768,2216.7427078041487,2220.323220794172,12.078528040249775,2223.761252568465
3847,2236.498002080413,2240.005891662321,13.42546499634032,2243.067648886112
3834,2248.7759135377664,2252.302483371607,13.678944275337038,2255.5111206159027
3190,2277.4868241346485,2281.4716237697694,10.308308607763237,2285.4086765038464
3857,2423.4425194630044,2427.0110730381625,10.387748554481998,2430.8102317859016
3869,2706.8664239786053,2710.1818385285837,13.261426861723997,2713.387186515555
3813,2750.6235495841433,2754.4950337503788,10.750486865823586,2758.192124745816
3802,2752.6983406371924,2756.364584002019,12.61453406595772,2760.041669610768
3855,2762.6782430547582,2766.2262791518524,13.526973490376275,2769.4181322623594
3845,3231.624817815517,3235.3259882001344,11.753612781808842,3238.9815868749265
3197,3258.591022263358,3262.544865842314,11.054529661981336,3266.4313559542707
3769,3284.4966274041262,3288.1136685919846,12.602254193050687,3291.5018725779087
3875,3482.8239878769996,3486.4907911342393,11.771642664447347,3490.088895566327
3861,3563.744202637142,3567.3105905625093,12.394438521719495,3570.746553941371
5506,3817.4171783996176,3821.0006742100845,12.418297075357856,3824.4576016659867
5856,3841.9954239281174,3845.415201643319,12.722339093232291,3848.7816471936508
5187,4159.997767157859,4163.374060275193,12.652742864909115,4166.7284086764375
5881,4206.386466189317,4210.06005732699,12.257631347525464,4213.686602300834
5824,4291.566858463092,4295.265952773449,12.598360663368977,4298.526935199242
5868,4339.450321048104,4343.277171978123,11.806686434001906,4346.875321324505
5786,4371.609065810131,4375.350317776188,11.972011654188869,4379.065025516445
5807,4479.4569977170195,4482.528875111148,15.359846121336439,4485.192667631997
5797,4485.608452416235,4489.508136926022,12.645864496411606,4492.817973700323
5861,4565.320050588515,4569.129648968659,12.284241813471436,4572.686330575396
5870,4669.642612984741,4673.282627347096,11.617222681658125,4676.862562098687
5197,4790.01799763031,4793.0912232154615,13.600158186744164,4796.140648066193
5882,4838.016200396079,4842.40614407513,10.26226211899445,4846.526267717485
5759,5022.510647911646,5025.500573960617,14.831618963553916,5028.419281261292
5864,5108.534834861826,5112.168050456211,12.008990083002002,5115.682089238156
5344,5145.499887670867,5148.47797576181,14.406408215693489,5151.343875632051
5883,5173.075265342102,5177.214207861881,11.820314806041308,5180.7074268373435
5909,5286.766027191381,5290.541347925834,12.77234400052281,5293.731038471235
5885,5377.506813009872,5382.110042155347,9.24925192276655,5386.646774551971
7870,5472.496318341434,5476.179345058366,12.551903688957413,5479.689454844098
5349,5600.195229193858,5604.137599077819,10.951426998220535,5607.981780175585
7762,5685.507294510618,5688.5349946371525,14.556649726314483,5691.441383611381
7827,5743.630990344689,5747.195625363193,14.669341283686595,5750.112123265005
7923,5928.626285955265,5932.240415939236,13.349345334186262,5935.465258082134
7888,5942.994594753595,5946.258617836201,13.252942222156399,5949.522978056335
7861,6145.553030859844,6149.1314772070045,13.551807660685117,6152.2019261216765
7880,6191.719003438434,6195.5252525729,12.892847209141939,6198.871023215535
7803,6199.6682725161345,6203.342700667308,11.156921656916921,6206.877171614187
7189,6314.788951958307,6317.475041099954,15.925559508866018,6320.154069158961
7773,6418.678532287022,6422.186593081701,14.100730278959478,6425.21775644023
7849,6480.748504766224,6484.377126370507,13.65861556817026,6487.474449756683
7850,6693.414426450705,6697.057121670364,11.630618517352042,6700.5851776243035
7887,6845.6121194362195,6848.492953914762,14.831872766121515,6851.250366936489
7815,6903.094719295009,6906.523778374923,12.123272543394478,6909.896580070323
7858,6947.587162831731,6951.104773410273,15.033501085385165,6953.952748833788
7807,6990.5541273385,6994.250062486582,12.671979207309455,6997.529898055505
7775,7019.785450125702,7023.364527243321,14.714924572790533,7026.215141881844
7829,7025.445058621059,7030.0560872949145,9.71702744296485,7034.7537558689455
7346,7128.038660569779,7131.113739117201,14.100716906811229,7134.166225599233
7816,7200.634647336413,7204.067723208897,15.535334898276632,7206.7497928773555
7195,7315.542353402763,7318.51933526582,14.50641428829398,7321.4774562668745
7354,7489.143567042164,7493.0953378894255,11.331401691688987,7496.96735484724
