1266,841.620638562136,849.3893699849625,11.099416955143697,859.8858718889562
86,1469.50589756532,1476.477352479577,12.907292785781737,1485.9828554138473
85,1758.6912756551706,1766.4257168822633,12.18680930175015,1776.7372515427267
75,1770.4667231810283,1777.597955487683,13.227185014676369,1827.2648449179494
3272,2290.914556743089,2298.2085756233087,12.100231792397203,2307.986330917804
5274,3908.7503428847626,3916.4787654739166,11.441753947614902,3926.081228322532
5263,4808.676074547654,4817.16855879914,10.958860711767343,4828.2355058350095
5264,5076.483233419732,5084.008490266353,12.260957295263541,5093.556104159539
6094,5792.586857787445,5800.017912235198,12.227633136544878,5810.306487265067
6084,6255.196735699284,6262.148331871112,13.186889060062729,6271.505171540315
7276,6785.691250037297,6794.161486061322,10.65265939507763,6804.530569062936
7278,6999.8233842337395,7007.136347606022,12.515495758992955,7016.137114612962
