1377,510.0199449624144,511.33554416472384,13.514884437795363,512.6423474062847
1652,692.6583404270094,694.023603208372,13.03633282143082,695.4206403756435
1520,868.263987253329,869.3523418067018,17.224911188790895,870.4416481352205
3371,3031.9542937666743,3033.514981693699,12.413471539824751,3034.9990609353667
3640,3033.7656652303963,3035.2326912602575,12.651182810798046,3036.7122280940407
3219,3118.6956646011004,3120.078509786987,12.871190738678477,3121.499584568042
3664,3303.583116833675,3305.283955667827,11.055616977357342,3306.9603380317335
5367,3934.342677023342,3936.0413977809003,9.408233601406858,3938.2665302703144
5543,4200.752384826994,4202.229246797444,13.235325831526598,4203.637100056241
5670,4561.805989093573,4563.333005666983,12.408367226014843,4564.8029204920595
5647,4739.907318353505,4741.239549390794,13.779814298197218,4742.577903632757
5386,4742.093657724209,4743.421698066577,13.718166941905212,4744.767910108393
5373,5191.074083555126,5192.574684891966,11.993689614104621,5194.040039218425
7517,5734.019528653172,5735.294848723906,14.165687242478105,5736.61125984157
7370,5820.814961810408,5822.160927594393,13.603539415128472,5823.502872169609
7371,6453.003744533119,6454.510657893287,12.248261897305051,6456.067206452114
7389,6630.17958536393,6631.534744563262,13.382645833632697,6632.902104014768
7542,6720.997390808398,6722.451001042022,13.223916516144788,6723.891485717708
