1374,130.2410392023276,133.06273462718394,14.56699941592435,140.56731017499482
1402,256.5890457140225,260.34755716154166,11.037541426235519,268.39328747177285
1401,258.5678307968454,262.1748949829973,10.714705496633679,318.1575113204647
1904,325.3215700994763,328.5509471712241,14.794851207536794,334.3787374401522
1546,329.07229252630896,332.32420747073974,13.080559570134401,338.95067217722044
1526,398.6649995761833,402.4054147221631,10.804312498956673,410.30304923759024
1652,400.6868564188439,404.3872720285656,10.970476514063444,412.1614499603537
1404,463.5718130548441,467.1663794473696,11.516220352712898,475.20930410283484
1408,465.5768456311921,469.09122441085134,12.145707890091215,498.0104373526809
1430,556.4910150309689,560.4819280700432,10.391287787610146,588.1401227499011
1594,601.5708949498827,605.1304861218581,12.15095507610056,611.942680948489
1409,670.4036508449578,674.3032087131124,10.63013998112904,682.018163637484
1650,674.270437844356,678.0995766668523,10.78278110669047,685.7010449950455
1917,683.3581225058276,687.0316182779433,12.092443826010383,694.3170395258087
1551,741.3282977091844,745.3755173512665,10.841629293583772,768.0608693190026
1566,743.2573548779542,747.306386108031,11.056455818590639,770.8023147719927
1240,787.9934424493052,792.0747859801836,10.894097590628965,800.239448153738
1541,810.8481128951255,814.4718971251967,12.105243759018544,858.0421117992219
1530,812.5841532598535,816.3145954162909,11.068218902302204,860.7363145482361
1584,814.5478416563744,818.2352038251354,11.012726501416754,863.2009308719316
1609,816.6365058898737,820.1821113888117,11.443278894838652,865.2347248344444
1916,1015.5832046107718,1019.0065652797996,12.548029750157731,1026.6483788929272
1396,1086.3083979225541,1090.0343562095068,11.377692292926362,1128.2302931514762
1915,1161.761850310674,1165.334774302866,11.776979177172544,1222.8097906601297
1581,1224.3083827974353,1228.0955970217672,11.358923127394105,1235.7338430532602
1410,1248.2295352197273,1251.4872080026198,13.474913664034144,1258.8422831382604
1259,1315.6949586852857,1319.1267697868611,12.780464115268062,1325.6384400927375
1655,1363.0926809480345,1366.2847086606243,12.896485421771732,1400.532792828842
1586,1365.2488253709266,1368.4727884321767,13.851260965967077,1402.7866527712076
1556,1430.0688472835545,1433.4846474888168,13.32133159158129,1440.5556656828337
1643,1431.986053691118,1435.3629305453649,13.546591613800972,1488.0476838332831
1271,1460.0181305563933,1463.6006477433164,12.747775606314294,1499.164866059541
1548,1498.4465164973421,1502.23791422379,11.249308925766764,1509.6577780237637
1900,1500.6439258899077,1504.2158585455454,11.582746762364197,1511.4829460041963
1394,1528.6162120121112,1532.5385677859604,11.248130330222391,1578.0378446858294
1644,1638.8090270502664,1642.5096278526728,10.949380671330829,1670.3314937373318
1537,1640.8608370596323,1644.4168389381064,11.410808447317809,1672.7402485256134
1418,1796.9219020619423,1801.0401806940924,9.578900093478346,1809.9306969503407
1407,1845.5951399989494,1849.0689819349598,11.11750251108063,1855.952223968746
1543,1912.3637291376851,1915.5967325386237,13.752207896045189,1922.9047458152215
3388,1983.918633147516,1987.3271144131659,12.21765434299523,2028.29542027465
3899,1985.7329038923203,1989.0962301868212,12.219026524762004,2030.7001166008542
3584,2054.458167488284,2058.417127944766,10.897519920278995,2118.1680432316525
3391,2129.390823295705,2133.347889520467,10.109821866932322,2141.292778839221
3429,2147.2820368704733,2150.4024809406897,13.354194025854985,2157.4946659252255
3590,2192.732668545851,2196.0585837399376,12.729973446967694,2213.3863998131897
3411,2259.716053683846,2263.0762907962007,13.039962194344724,2297.7393241426944
3531,2330.2940918037552,2333.5941971304364,12.846580735208144,2390.854628249226
3243,2495.1071606860355,2498.5191672177843,12.569138576628506,2505.4811812132953
3667,2535.807082210033,2539.056275163096,13.939968569638484,2568.5258183396263
3438,2675.4401751062587,2679.3381534697182,10.80228968340446,2687.3349238380465
3567,2740.692964502117,2744.4544010216846,11.19727945585422,2751.7076844108333
3427,2742.790071273621,2746.394586232068,11.587813930935175,2753.5587105232084
3644,2809.415829934187,2814.2572616356647,8.825293688695673,2824.38159397092
3428,2813.85587159923,2818.4671062757643,9.835678276552846,2841.249198498762
3648,2880.6058623175945,2884.1069682558336,12.522823929854908,2928.324036024853
3894,2884.840234513145,2889.190432805947,9.762350512463746,2933.199688159131
3913,2886.8009738823775,2891.178180615954,10.590771096232432,2935.179343115496
3922,2888.848626254039,2893.0793289378144,8.91308835817601,2937.1090267612017
3566,2955.3146554811974,2958.3418431125815,13.25977913133306,2965.5795183337873
3268,3042.267834090717,3046.421560284862,10.79141490111444,3054.860984660206
3403,3320.74188453718,3324.1775009083008,13.528560155285646,3378.0425042703155
3564,3442.944904461301,3446.180847940747,10.713446970555134,3481.082835532516
3539,3511.0259359174747,3514.247682420695,13.486324273311782,3560.4615683240836
3402,3525.6053527178897,3529.431085523337,11.627623575306115,3564.8358991272157
3426,3568.2375307730345,3571.6264236292086,13.581088162565518,3578.1855142544987
3379,3574.1340235219113,3577.5320414467224,11.88628185921597,3584.357717489013
3435,3706.72317044872,3710.426881320953,10.929402005974177,3738.0339886161078
5236,3804.6148790896386,3808.267728612703,12.170809233981963,3830.6755134513696
5416,3846.1133444327897,3849.4236361545886,13.433584989243382,3855.7980707837496
5536,3858.71309940054,3862.4387829712687,11.007763283445845,3917.9933731777596
5915,3917.7805539250985,3921.2612540569453,12.264115456723239,3928.1554115719173
5606,3919.517833374535,3923.001942819562,11.678805119836774,3929.954424698074
5402,3988.7371284853866,3992.0200039172437,11.790364299400974,4012.9620250416556
5372,3992.5187693903804,3996.117211144235,11.651499835643214,4016.9510377563843
5399,4036.214922243049,4039.3455539772535,13.047196254394255,4046.710462632018
5417,4040.307040767162,4043.353517233664,14.111431947954335,4098.193058488868
5550,4128.204119929094,4132.112280642607,10.94944424943944,4191.016357561111
5420,4146.625570666945,4150.0318912083885,12.202291683517496,4197.3245108258625
5518,4193.288424932121,4196.269280726787,13.578280253479138,4202.709590757849
5424,4315.650347656454,4319.425573772828,11.880190214382893,4368.364973109388
5375,4398.10427573126,4401.497974603437,11.605655462475193,4458.122476874382
5538,4536.892907352014,4540.241942060166,12.38713791169452,4552.915914108506
5586,4607.738086768446,4611.455834030954,10.87604428154949,4641.470499964127
5572,4676.201302893456,4679.423130405109,13.277176994122216,4730.799766152773
5894,4948.758355410517,4953.185220190433,10.361860381522941,4962.418701810734
5664,4950.87475532414,4955.034644624366,10.14870955962069,4997.991660631308
5643,5029.172344981192,5032.551258727257,12.253060994456755,5092.42071782426
5515,5159.365625434863,5164.011840136184,9.412099202401597,5180.846879572742
5403,5295.61045594726,5299.37585017524,10.76602892466984,5358.004469168626
5395,5297.469968422807,5301.252073763147,10.79502442636947,5360.34631261039
5907,5299.565920389724,5303.2898149101,10.957712603696958,5362.671898233453
5564,5303.432178169723,5307.009010648545,11.648700414451834,5367.1465920762275
5418,5431.441079474844,5435.109439671357,11.732998490204372,5442.867952191901
5419,5442.984298131217,5446.303180198871,12.568452188428347,5453.0629865983565
5914,5569.789720782038,5573.291389641955,13.01035047330822,5580.620215057878
7411,5573.596254972098,5576.618296361556,13.217416166714708,5628.3630688300045
7386,5778.841917272131,5783.065953754969,10.201624964572575,5810.498713752859
7647,5845.768454236218,5849.056057298174,14.862335222510833,5855.852111743845
7663,5849.739433472045,5854.323837188939,9.16917631176393,5901.018526069013
7410,5856.38027527203,5859.365540807707,13.376573333136392,5905.2261668665005
7897,5914.584847886267,5918.290907713918,11.649660086975071,5925.684063952172
7898,5916.412598417635,5920.066904132648,11.053793440245203,5927.46535773833
7582,5918.969960029021,5922.350908681934,12.223958832491581,5929.393291283766
7638,5920.756070972427,5924.108055195251,12.246842500066943,5931.23208069828
7541,5983.742898485107,5987.272269443796,12.442110432995298,5994.130668014063
7901,6052.539132826001,6056.24960891742,11.827987586438152,6064.424638627618
7534,6054.92740195773,6059.314057164512,9.85016099623618,6077.83948448722
7579,6059.024162840615,6063.197507186463,9.760703509274107,6082.751000084403
7551,6061.14497129171,6065.256202177973,9.162092565953213,6084.884519931752
7396,6063.1109965338965,6067.253056029237,11.449891826476577,6087.0164566633575
7893,6123.841435881746,6127.497241995187,11.300463359344752,6168.13070297372
7536,6125.893149432329,6129.378102067404,11.117584020050254,6170.474503931489
7407,6330.794002361007,6334.465108085103,11.121637887638819,6348.1824069982595
7412,6341.677427930703,6344.617879145727,14.037728755395023,6351.182839448959
7646,6399.871167224171,6403.216548377086,12.158500317863616,6438.205883143106
7408,6403.802907007405,6407.5194589154935,10.886737262417714,6443.148315209134
7656,6537.750814041947,6541.548390207088,11.386460912387596,6549.477932050291
7528,6541.534221398193,6545.194141080684,9.34886638442804,6553.136256915866
7399,6543.468508445416,6547.226786170976,9.834912241269286,6554.865920603155
7610,6604.348164918903,6608.373799393628,10.081753840746261,6616.555059105171
7375,6608.338517469199,6612.266855410175,9.736234875871665,6620.476938212314
7278,6724.896029103405,6728.4246216940255,11.201599386312491,6735.736864837269
7559,6742.743751872187,6746.512039402633,10.915630441373185,6754.761178280844
7659,6811.643243376294,6815.155526453843,12.938444957425732,6821.726263433027
7665,6813.832952702995,6817.357017473988,11.496975652312663,6824.50416406645
7393,6820.0085222158505,6824.477648123353,10.503327621234256,6833.098319853236
7515,6880.497542430599,6884.051973507674,12.415128120517636,6893.133272809311
7520,6949.8053030231995,6953.222749566236,12.563881600392863,6960.603727252909
7917,6955.812481828019,6959.138448058307,11.914308391404596,6978.165585506255
7905,6960.852017935287,6964.507952915236,11.538348723009427,6980.870628649502
7669,7022.929805556003,7026.475846010247,11.385190770028851,7070.835182343494
7384,7090.070649590478,7093.535378021673,12.230329178354694,7100.627635485686
7401,7091.889941356515,7095.3538136558755,12.197337848524398,7102.516802317573
7419,7227.31924587006,7231.035337194145,11.350774929996748,7250.674844898849
7899,7305.11783601291,7308.398861902474,13.309286000518584,7349.019814462002
7568,7363.355542476851,7367.493678698742,10.5321007319712,7376.334746673104
7645,7365.31978492279,7369.428698206877,11.575824969595004,7428.358505930951
7583,7375.957344013628,7379.1073312084745,13.34525592026876,7430.905684233902
7601,7377.851450573588,7381.094931016582,12.908963667260391,7433.075360697443
