787,84.0,88.45649182602396,12.510746963872808,92.5044262156259
872,158.0,162.31403597300505,13.706882907217773,186.15705639719462
839,200.0,204.5472495948729,12.151557660458502,208.82835481652697
1851,244.7731695100048,248.4902144506449,12.496662793714092,273.0033436349753
686,264.0,268.28193375475865,13.295699216753093,275.5703063440461
892,314.0,318.34589071647434,12.561611615792538,323.7875885662287
851,374.0,380.2095443620283,9.93700401446161,385.59428630818564
680,437.0,441.1680968965933,13.875380623895602,456.1904009413423
684,471.0,475.40699302992476,12.333058503550049,479.583835120657
907,523.0,527.0833430212018,14.262481075126685,545.4699026028053
678,565.0,569.2356593377648,14.276499904794502,572.9798703636401
800,678.0,682.5700206038242,12.34355976358164,723.0056628426615
861,770.0,774.3710871266646,12.358891220257723,779.7431160024522
1858,776.5632220493544,780.3261736655807,13.241237942477223,813.4474717412098
666,887.0,891.2293547651287,14.13519130732016,903.4784275491058
728,1378.0,1383.1844031334783,10.693044348646868,1388.7086901755465
734,1469.0,1473.1260185172628,13.892959481972033,1476.8928640000327
1836,1586.6382776786202,1590.4100745896444,12.205648886141873,1595.8919067520314
676,1609.0,1613.1827854036837,13.161575606796111,1623.1974159285812
817,1652.0,1656.4262212915917,13.248480985041061,1661.9255836231996
660,1774.0,1778.2732533865237,13.968796201878227,1784.3218064887249
2782,1929.0,1933.2302124915582,13.745362373540964,1938.542635084349
3853,1954.7380299999838,1958.438554336965,12.124763686690681,1986.3566805342086
2882,2009.0,2014.0048819985414,11.542404353569935,2019.5754876793444
3862,2109.4990458065863,2113.3673978465145,12.641293148855736,2118.7085661073233
2816,2227.0,2232.0525808187717,11.577206793612518,2260.0632545943595
2726,2422.0,2426.392623900591,12.400363603749973,2435.9253445457366
2768,2454.0,2459.2013372497795,10.906209011174191,2464.17543108722
2852,2609.0,2613.38066697852,13.442110226184893,2617.4260026194047
2740,2685.0,2689.3861920278464,12.310696497351643,2710.3332289344785
2712,2926.0,2930.1523841726776,13.966452343112536,2934.931887504461
2806,2999.0,3003.1751399326968,14.144305874694599,3006.913502616801
2666,3212.0,3216.529440241936,12.866030796742015,3221.8481667930914
2838,3373.0,3377.3504246971643,13.07559428000537,3382.7736726237104
2662,3465.0,3469.063993634747,14.615407817573345,3473.7722840213005
2669,3487.0,3491.3715631127084,12.843311025188715,3513.554851221392
2670,3540.0,3544.570240257814,12.753654260194134,3549.8880172813024
2729,3542.0,3546.3882265397356,12.106086615829978,3603.622377270254
2680,3547.0,3551.1460059769674,13.721745455298507,3606.0388048563777
4800,3652.0,3656.0991743942222,14.222342521693829,3693.508913305144
4815,3915.0,3919.369554750089,12.35841800032108,3966.2344887983013
5856,4003.5592392203384,4008.0078186996293,10.222698150197711,4013.898727636053
4910,4194.0,4198.218703175233,13.439550971027412,4233.800643119544
5846,4206.611441150496,4210.4135092575425,12.38749666702027,4236.401823649811
4767,4344.0,4348.434476434807,13.473345749083581,4352.501788675917
4780,4352.0,4356.579536986845,12.163930359572408,4361.83559414288
4743,4375.0,4379.488770458256,12.519934356621672,4412.911538737109
4727,4376.0,4381.099854844144,12.1114094844199,4415.6731990347325
4716,4555.0,4559.05452514939,14.227439322132604,4563.9339686006415
4737,4740.0,4744.430578782347,13.61504052084776,4750.171731677364
4798,4743.0,4747.1788107291195,13.903554552192873,4773.620797639313
4795,4772.0,4776.454466642474,13.367757918262647,4780.576035461338
4704,4842.0,4846.198217486309,13.74232366663855,4851.244612179156
4655,4856.0,4861.103486347341,10.780210167044352,4866.144009514546
4857,5029.0,5033.2803815314255,13.955256309516429,5046.284166824686
5841,5109.688850883069,5113.4287628442,11.932952608723248,5133.206212551652
4709,5190.0,5194.386970085717,13.00246309302748,5199.769476931514
4856,5215.0,5219.131280624405,13.831692873620462,5223.846204096696
4713,5259.0,5263.502882524278,12.037180926946624,5268.8524088420445
6821,5477.0,5481.195806303785,13.552704058050926,5497.706101130896
6681,5595.0,5599.281773102305,13.267472136080626,5603.251752702637
6846,5731.0,5735.388888588845,13.215296901292875,5740.668196477242
6763,5756.0,5761.124807921754,10.431392220804849,5766.044233555008
7854,5914.996496934327,5919.282661203862,11.748489563748308,5925.249497972779
6825,6099.0,6103.162282032477,14.663209464368371,6123.553014590342
6896,6232.0,6236.240769890658,13.275330497258881,6240.334872284812
6810,6290.0,6294.286399778056,13.285185129638139,6303.227032027095
6731,6336.0,6340.262752355321,13.306217322969871,6345.567183640054
7842,6369.414262325805,6373.0511816290245,12.246374567368404,6393.196465458833
6686,6565.0,6569.18014000293,13.326248243825518,6574.501346091
6765,6601.0,6605.162343334077,14.145553189704447,6610.558184690885
6749,6862.0,6868.179240807958,10.962561487460599,6873.263874457911
6790,6865.0,6870.159667969148,10.879581951789545,6875.070630553097
6740,6933.0,6937.224049688705,13.322986493632605,6941.269337940001
6868,6989.0,6993.51426981686,12.823985982394843,7023.330587869774
6799,7077.0,7082.289800092855,9.65577139140469,7113.42645424011
7850,7178.020977533746,7181.421980563796,13.705940781325241,7203.380058231402
