590,96.00224767175222,102.51231863723564,12.073535776020913,107.53776599110422
822,109.98043480966417,116.00774927924436,12.070657214855006,120.73155996773922
569,277.7838941460768,284.0447555356981,11.99436809685758,288.80412133963756
648,335.05492753877314,340.6113173202822,14.425418786816865,346.26033843163964
523,548.1147598560414,557.0507652979028,8.514063666674838,564.0889913353442
604,550.2403326817071,559.2092113504908,8.181519259220009,566.1299633520904
618,607.1420416913078,613.1559353803631,12.271769640034066,618.7421700568893
630,716.9252699988947,723.1082301392078,12.668621569612258,727.7760857448749
548,788.2454224954756,794.1351697642986,12.84496304876028,799.866346845395
593,879.936910642203,887.1810945679584,9.77724348006773,903.1331058862394
554,1057.9306317056341,1064.4340683607234,11.170233025575039,1083.2943694445248
573,1290.836620675292,1296.3738301004773,13.913314684998019,1301.946734781445
631,1361.3935338442907,1366.6619429931404,14.887099838686147,1370.549869612177
798,1537.578465319476,1543.4860530963967,13.638505942943235,1547.8605994126012
884,1562.7275175677728,1568.0266474247085,14.606686998681102,1573.6874172620114
524,1628.775216532822,1635.2958089885583,11.100651495687364,1640.3476695408822
818,1721.8420795478612,1727.3473869457791,13.128247577383146,1731.6806479630523
576,1725.629758423774,1732.093339918263,11.449076314415544,1736.9832975691797
816,1738.76361071837,1744.2250766336222,13.766832011319062,1748.4158427063467
550,1745.03869441456,1751.1132733416034,11.90526110052445,1756.76534985907
607,1807.8969416102566,1815.3171503072765,9.935743816514238,1821.0699253211042
721,1822.2104678931896,1829.1513806272862,10.316145653366185,1834.5304367951226
2425,1874.9981787174388,1881.4126141991858,11.560301787419716,1893.5431886579418
2886,1989.5588843797534,1996.3989396816187,11.492347450097611,2001.4012282585563
2550,2012.8201325435684,2018.535648444371,13.897131030542065,2023.967677546784
2641,2210.6961306871913,2216.2869379945732,13.667575714179737,2253.7605929710985
2583,2404.9402711117627,2410.4047601955517,13.9183795689246,2433.3541826510627
2593,2464.229554272229,2470.197554884552,13.20114936691794,2475.72959836116
2585,2525.66656478008,2531.3102123420085,13.424423420547601,2535.6955262056917
2574,2707.5365185943933,2713.297158368092,13.293503591807346,2717.8407140312775
2566,2739.567283345247,2745.4420491363076,13.53261289693427,2750.889069092382
2704,2828.2037665398348,2834.222386497909,12.9088761003234,2839.7447460900976
2648,2873.413848395541,2881.166026742748,9.390851765738592,2887.148670649726
2650,2894.012454647371,2899.511623325808,14.160481370814555,2903.7888418800444
2638,2910.43530209289,2916.214618674744,12.787991090108346,2921.858764340957
2850,2976.0227622849293,2982.4069714945626,11.735159151887014,2987.171726373054
2568,3051.021462765601,3057.409671773077,11.637759011387427,3063.3768732717467
2612,3230.590396667053,3237.4714596147637,10.315972986941706,3243.7199956591144
2580,3234.0213486494017,3240.315371913302,12.13806064922952,3245.8231393493666
2598,3235.781724873909,3242.0288547810787,11.952539574731778,3247.7080280704954
2579,3247.847846750428,3255.2410947857184,10.977717979338406,3260.770422261471
2847,3256.9400891574146,3263.477168973123,11.123071199774117,3268.5922554027475
2572,3338.4398319487855,3344.4905876320868,12.705651868058677,3349.110633560605
2529,3486.616315738025,3492.3429861344093,13.422716036638011,3497.8805329778993
2655,3576.4167346727363,3582.458241789433,12.86446502587082,3603.389298382256
4632,3673.9079332717106,3681.4152840683087,9.373398811524716,3693.577287059862
4802,3786.1836599119933,3792.4330298158425,11.115854793617919,3797.407400975948
4817,3812.140472828322,3817.422786046904,14.28054901592665,3822.756953353708
4549,3830.3258355858648,3836.3493604343626,12.101939259913623,3873.119181801273
4845,3891.5629152998927,3896.369738072546,15.237350068057175,3900.193273824852
4443,3993.0414068011914,3998.50951980183,13.71824982277121,4004.2142430969375
4636,4151.129457618626,4156.037049881588,16.019903509155615,4159.694461082872
4530,4351.6584759727275,4357.532405948542,13.178517924897873,4363.5288442467045
4582,4402.044812484198,4408.3906748467825,12.101529316246538,4415.544349857184
4912,4427.16685474363,4433.541178560961,12.088320052578778,4438.361391061572
4555,4477.461825550023,4483.230673650462,12.884740747476194,4503.639390857275
4783,4685.429953673364,4692.034275763433,11.002086257526127,4696.976972212505
4656,4795.8194282721915,4803.184026512814,10.92241891903099,4808.744385861506
4624,4982.703615374122,4988.211699463688,13.493232764184388,4993.628745661571
4520,5141.564696927192,5148.475090915575,11.479104877400935,5153.71364164739
4625,5196.333277973942,5202.034942170524,12.97811441632289,5207.724005479302
4648,5230.572386949184,5237.223553617976,10.118064744322997,5243.106784004028
6617,5468.496898269644,5474.245511740488,13.5272694398145,5493.321881879928
6622,5540.521920123872,5546.332404960874,13.32150199059386,5583.164024675915
6408,5561.992352405585,5569.188904189145,10.065745851040015,5585.901213817106
6543,5667.1766179932065,5675.320561544216,8.50747647637544,5681.6482879463265
6591,5677.361797795728,5683.064382461746,12.761607049890175,5687.515526414053
6649,5947.815721019754,5954.211529014134,11.686364266608747,5959.281462207096
6898,6067.910956275556,6073.259429277947,13.690748460339167,6078.766447022948
6568,6080.3084363665375,6086.525202437751,12.443967808542906,6123.589553430205
6573,6187.113594989027,6193.344121881983,11.99278255103724,6213.227697918274
6542,6251.606185060629,6258.118846725884,11.849501183292928,6303.753720975196
6824,6309.119836663125,6315.151230637323,11.608251734487563,6320.123953741985
6627,6311.176615108496,6317.287223989187,11.92077555185136,6322.098755004991
6606,6429.192594422432,6436.1998396229765,10.961887637290745,6442.529125515228
6587,6544.273956224607,6549.4093583707045,15.438350020431086,6554.556451271009
6877,6610.272511921226,6616.08426012896,13.2308007107991,6621.854269781229
6642,6639.418625020585,6646.460848740571,11.19541262306689,6663.163579311402
6800,6755.852342820799,6762.530641803584,10.983395671430873,6767.775044022127
6599,6792.265876265616,6797.41597252058,15.056403930152698,6802.922569277034
6719,6846.007498394205,6852.526263946412,11.39929106431693,6857.479478700523
6641,6926.597646578047,6933.198761980015,11.365219459626182,6938.423581120382
6524,6942.248327151499,6948.170586379351,12.518094083509178,6953.208193895816
6645,7143.400244147615,7149.132695112566,13.499921449861159,7154.889831159669
