998,370.19110049526256,374.4307125051905,12.750792354843862,377.43614259814626
1783,407.1684917027667,412.0718096052452,13.394095119035482,414.8857512947398
1798,570.1580567150747,574.5148208164092,13.289932506434797,577.4999236900118
1774,646.8809073400926,651.0773560379102,13.80506945525046,654.0192018187645
981,662.02350212669,666.0620276227926,14.242179439920436,668.8993730394021
1790,667.8699514659947,672.1237435322208,12.891176191142009,675.0551802313721
1518,925.7706993245226,930.2822912586262,13.041346739430292,933.4456978824139
732,960.9744907015021,965.2315118331915,13.258549126993325,968.212637372433
728,1011.0592463241443,1015.0150286086837,15.333714917952237,1017.6499536255934
700,1343.7914129763979,1348.1918797358112,12.306703617876764,1351.2256815799174
974,1363.1383658808818,1367.1195625426371,14.641883536604048,1369.7395885706098
701,1377.9148941153683,1382.3639032771302,13.337013714149068,1385.3564092845647
1801,1385.8650466653494,1390.4755145510128,12.141553585065063,1393.5929451706852
734,1445.8696275606965,1450.501983473108,13.003789104779061,1453.3455894558183
976,1640.5660714745982,1645.4379838198433,11.852017930456691,1648.6981183796413
725,1765.2383326217587,1769.508078711175,13.228681314230178,1772.4163468994063
983,1813.475662558231,1817.5400912134346,14.079397445589926,1820.3130260049184
726,1832.3595321941295,1836.5655910122862,13.462911872819008,1839.503828507275
1775,1848.0430285656728,1853.238123756556,12.154605795534348,1856.383004381748
3771,2195.2592153386254,2199.3136962070794,13.237677226428906,2202.1893309238944
3793,2623.2253470795636,2627.1010910610457,15.034941891435386,2629.727047624461
3774,2734.2389508255874,2738.4081162148595,13.43355851487444,2741.2995141106217
2722,2795.4635796258467,2800.094582383308,14.651516222598934,2802.7951159600975
3545,2828.2590091842017,2833.173898742038,10.966068295869384,2836.6036160701674
3796,2830.063777852923,2835.0759688649873,11.796006398403687,2838.441215014683
2963,3538.9962925950185,3543.4737011238553,12.504755847511378,3546.5235961281087
2965,3557.2388542673143,3562.4738717738783,11.748105614857954,3565.8752716493186
2728,3606.082334391802,3611.4223588869168,10.304236653032245,3615.1170582133595
2978,3627.3277241619066,3632.225793378873,12.142510772393507,3635.6075687719413
3777,3729.416029468342,3734.035574607926,11.421126785826912,3737.272465189452
2988,3797.4287771384843,3802.3608165576516,11.257660111425983,3805.7168790566434
4710,4198.9739778412995,4203.030680582277,13.45617903021548,4205.865487944466
4980,4240.722827828883,4245.274650701883,12.423700088254986,4248.329677400152
4728,4250.560582674708,4257.217897956378,7.812561276660745,4261.836645825963
5798,4266.566285488369,4272.035004806351,10.790262148074993,4275.673067556632
4699,4581.056995229242,4585.463702659189,12.712142500052261,4588.493201253506
4981,4700.637457526028,4705.104108529229,12.19558303250445,4708.315986185197
4698,4825.731906883009,4830.026219644244,13.794717834991138,4832.9635258891785
4712,4918.817374980879,4923.183847712703,12.933571880151488,4926.223110976743
5790,4990.7260917913445,4995.453656061406,11.325917198122731,4998.741211830995
4963,5050.417761590611,5055.093080602146,12.660926326537178,5058.171719523492
5543,5078.700933139125,5083.094720644955,13.469436580653388,5086.003800954926
5549,5140.4332139067,5144.418645520479,14.430957494998633,5147.155646868538
4702,5275.849207686765,5280.340980799487,12.13219035344215,5283.4029387467
5766,5335.440939782346,5339.6064711401805,13.384318146123887,5342.433712459311
5781,5612.504787435291,5616.548663828141,14.138565247753105,5619.353877121668
7779,5790.057196662481,5795.188149331578,10.330666038406537,5798.8105003810515
6198,5898.1315306998,5903.316647837519,11.581977950683772,5906.714383238544
6978,6047.05556362658,6051.148259915465,13.632638182007746,6053.853170168091
6988,6051.435960838035,6056.047507541281,11.687550562568791,6059.291406546222
6994,6223.564757939808,6228.485151553488,11.807244165332897,6231.898372817622
7770,6428.9738148102415,6433.496748975401,12.005337824677257,6436.662214519143
6996,6597.138500653105,6602.228995167184,10.72808519445961,6605.723119729883
6967,6773.295174143689,6777.159269620947,14.19452284725754,6779.8823596428265
7789,6962.433017886788,6966.551705928396,14.006745181700751,6969.422552189751
7764,7151.671686079202,7156.442220938202,11.9506032149302,7159.7080216123095
6709,7222.048066776259,7226.212881260355,13.190364815040423,7229.0932079243
7547,7239.930836392254,7246.217039796228,8.229049388613968,7250.732172671767
7780,7418.35232038424,7423.022394910036,12.438096995318372,7426.234440921797
