223,234.83209784037987,241.24587135867452,10.060776938257426,246.9511885753035
1280,604.292127004086,610.0401441831348,12.654052065286404,615.4376100470292
226,796.0231042406733,802.0042972673995,10.813498368749965,808.094165302908
1275,820.5026970374321,826.0716855047742,11.533355607819626,830.5508981557267
80,1252.760040386343,1258.52503222074,11.484909961635479,1263.4924886341826
1271,1468.1872230074612,1473.510783662212,14.08295545812745,1477.486601911683
75,1772.4152434729117,1777.508317836733,13.082935301863017,1782.8082891886706
491,1804.3055502496031,1810.0853728255915,12.002810516539787,1814.618763398376
79,1831.3737898341956,1837.0769659882656,11.795613936778118,1893.2839075096645
2092,2263.7555876018337,2269.549026354612,11.837402590424324,2274.2203145925796
3273,2402.9752084504166,2407.5303242524374,15.042988988104067,2413.061315228063
3279,2620.5064191398637,2625.341489352914,16.169030497678968,2628.8250238887204
3435,2693.855106005756,2699.3253567888773,12.367096788403607,2703.571714263146
2225,3391.1263363588087,3396.5008595229915,12.689133392599379,3401.8487555552215
2230,3678.8098781146323,3684.51537265306,12.388836844045443,3693.106609226192
2232,3830.07361799377,3835.4383980801535,12.510356494599828,3840.7595313661805
4079,4131.785047559722,4137.453698438153,11.493562679343098,4141.986074016837
5266,4638.004816685535,4643.144794727549,13.214400482088037,4683.425557330495
5434,4852.403292857892,4857.406992602126,14.963190216841971,4863.418240558414
4480,4900.579164890631,4906.554120261716,11.440051258517334,4912.5190611398475
4235,4909.4745610347545,4914.552395861463,13.567190444529233,4953.100919974808
5423,4925.557110745802,4931.180725801443,11.846704970517306,4955.700988274181
5428,5068.14074839246,5073.5727842642345,12.077523622712585,5077.792857038286
4246,5274.125495425449,5280.309796110102,10.422666970729985,5286.473339783977
5268,5284.034453432231,5289.007723345791,13.461689046267615,5313.832045238738
7429,6005.505510879581,6011.090103377584,12.650395242496366,6017.208092503527
6231,6353.337968556898,6358.0832125057805,13.689150887023873,6362.995218298004
7263,6508.2297156811555,6513.461218945917,13.152217096354642,6517.403037870336
6228,6710.455621782114,6716.014164914978,12.057989836826403,6721.60819167826
7418,6726.234165949888,6732.031755034607,11.518581799287425,6753.002401442947
6485,7208.224357424297,7213.301082855393,13.965844767947203,7217.274175431302
7273,7231.30436662151,7237.387357336426,11.34908846120501,7243.040877551876
