1239,28.419235408331026,32.141742793271305,13.825587187152468,37.049045022379175
1305,60.61229010420224,65.07116370523131,11.440667110175246,69.52398878937841
1224,104.19395243014775,108.45375108674057,11.848790457914578,113.85046618107756
1303,233.72802422034985,238.3139425813797,11.016428076293613,242.7556295469756
1229,235.7957091385693,240.20505023944605,12.38822181050567,244.53813529791512
1223,271.4573934797181,277.1336950901218,13.961032883039323,281.9826526882099
1459,323.8447373241656,328.04574790504313,12.885819699569426,332.1033661457662
1276,326.76787414920267,330.1716761346647,13.814990518235057,333.96577182663447
1281,416.7562762779685,420.387313481739,15.067854345035217,424.0645026059614
1301,457.96217625670613,461.61082791714784,14.810720902985553,466.4936907301441
1463,505.2486362220445,509.45449346748353,12.616438953145618,513.6162615878045
1249,548.1786062073609,552.430353016851,11.626399964879527,557.6394677485849
1258,612.1299359744118,616.1097435443792,13.099980579181548,620.0287523749552
1379,775.2819755424049,779.5085950148786,11.708160630492399,783.6803176815279
1255,818.3445091319409,822.416580857325,13.034562826563192,827.8401513530874
1306,848.9096903366019,854.2097512999471,9.92975559035258,859.3657615663452
1227,865.4153355842685,869.5040087739942,12.043299364976566,873.5918912741546
1385,953.4747768244787,957.5457757992211,12.396917688895737,961.6695790200125
1302,958.0183043296637,962.500015257203,10.683045681999578,967.1505794700519
1231,1045.7491543181425,1049.381619693455,14.142219959865296,1053.0886695675238
1214,1091.180276252704,1094.440590529456,15.498429104569626,1099.0661590295272
1295,1093.55651794963,1097.1552198566126,14.573308708843662,1128.5708844232033
1383,1171.4310322912274,1177.1351970956594,11.652689691695672,1182.570389010927
1244,1181.0670942493132,1185.3823449641982,11.64301997561175,1218.3297660964504
1304,1182.9141891495149,1187.2049692031471,11.236224557068846,1220.8608400047167
1243,1261.25764825411,1267.1786327642724,13.945585623676251,1271.897221672928
1254,1313.407178896839,1317.087591746397,14.297861019319587,1320.7947423485402
1462,1493.5308904122976,1498.1305040102177,12.05079295191823,1502.566723708342
1236,1538.4719473798507,1542.2676713155574,14.151772316872297,1546.8871617071275
1226,1547.829639915621,1553.3042605993558,10.062319550660199,1581.391423336017
1292,1657.247197031672,1661.1977272829279,13.552267443572202,1672.9824201346867
1372,1678.1679755349608,1683.3027712879357,9.618927389813908,1688.355197095103
1222,1721.8881007742345,1726.011244034463,12.4098060332317,1758.3915938935784
1391,1801.1682171598818,1807.4741383111607,9.677118296531381,1851.0035329031248
3267,1903.9041295077773,1907.6199602636882,14.42635914914523,1938.2335281660198
3218,2224.919919434212,2228.63165233096,14.381537749241065,2232.2734603204995
3259,2260.407800836013,2265.214550310409,10.265892410270947,2270.832195351018
3244,2459.616379046456,2463.4060215539967,13.345930052671857,2480.751619585701
3298,2531.1421880474645,2535.3948641547604,12.38721903824171,2540.7226510175647
3230,2573.7491841038236,2578.1699481283545,11.442965837550668,2582.703655081399
3241,2575.636727882331,2580.0383985198364,11.94739867057312,2584.5366767654846
3225,2578.0277373861322,2582.4524823548186,11.62068994416098,2586.855198143708
3221,2663.592284602508,2667.0865968226617,15.305086130357395,2670.48916517162
3374,2665.645326698084,2670.073516445396,11.591982971385463,2674.52036478353
3234,2715.002421005697,2719.537040540136,11.45524118600286,2748.3463442428433
3288,2726.1804231093724,2730.042226732601,13.141632567685368,2751.0696826892877
3238,2798.508107342145,2802.3358596120934,13.088502921229031,2807.503195939795
3252,2905.7678401271046,2909.516197260588,13.913572369994741,2930.9497580830543
3243,2923.6004636692933,2928.4704803549403,10.40856825125668,2933.334162296454
3454,2933.3328668104004,2937.0805295841396,13.169466267206435,2940.997509694571
3255,2935.4501320653185,2939.181416941139,13.91815627336847,2942.9767984819305
3231,2962.8640289391647,2967.234862311773,11.335309724354822,3018.059897029213
3265,3068.7027619474256,3073.145185990396,11.603676014924401,3107.951167180063
3277,3115.4218109548224,3119.463783784746,12.290137068700133,3123.53574099205
3300,3120.2150390666184,3124.473753224559,12.309433654599264,3128.770134128327
3268,3184.9410370619385,3189.0274552413625,12.481114868696018,3203.0245658610056
3458,3244.2735672341096,3249.243449917869,11.423801219131029,3288.414277558231
3287,3250.4517387840774,3254.274231318863,13.637810280243515,3290.847484429246
3247,3338.1250070332026,3341.4889271287075,15.216502952892947,3346.906281456179
3272,3385.07611417033,3389.0676166076337,12.736520498294604,3393.0164630269146
3260,3392.904411485528,3397.0043515279403,13.174001159727085,3400.984145355392
3233,3396.2594258819845,3400.5112638558594,12.485997613460539,3404.8073712267524
3299,3453.9167603782194,3458.1760329475314,11.573402352708444,3463.587469192683
3459,3481.0008078085093,3485.264168838205,12.403976615873715,3489.387273930212
3456,3511.3271143526335,3517.054139012002,13.37615563472314,3522.2366701055316
3248,3553.66222478022,3557.5145969179644,13.40524954182809,3561.6094011300006
5224,3655.9955922625973,3661.0204927754867,9.91474002543411,3666.1662399190377
5248,3854.450084337631,3858.0395654786944,14.143686954906004,3861.5933394806825
5459,4103.355475966896,4107.2030434373355,13.257825557348854,4111.094439420218
5235,4105.161844084454,4109.036312433644,14.17031783247712,4112.768632854671
5223,4111.393578347132,4115.102437187045,13.402026702902365,4118.90786146482
5225,4129.665879541907,4133.131584980419,14.736341296182868,4137.862398479711
5302,4199.98540485995,4204.081266959959,12.786391524396734,4208.21880645404
5458,4283.778248919832,4287.546676003562,13.126146162848267,4291.349662228768
5234,4374.110798111277,4378.518523636983,12.275183254981007,4382.732592687456
5303,4509.103871828306,4514.088017976991,9.930755933737085,4548.0813616510695
5239,4599.92895202362,4604.491824731146,10.5841685371293,4610.588267972114
5277,4623.059087563508,4626.36280321004,14.673602360711838,4642.779024445982
5305,4627.613689795336,4631.560305067768,12.54050708517372,4645.112619681564
5300,4647.191992989773,4651.453745491899,11.641861917795655,4655.8303034611745
5456,4735.358541721658,4739.341258552141,13.453123938282689,4743.295344514368
5219,4963.067347548792,4967.581016601572,12.085640896948052,4972.897564950505
5289,4982.644787976919,4987.00069935763,12.408261969511546,4998.5150668762635
5287,4990.626779817902,4996.2590008951565,8.41864838220591,5002.025045437369
5249,5006.824763488138,5010.196876056135,15.002776753217992,5013.47606878562
5216,5010.270401784997,5014.153288300246,14.211214306762129,5017.85908585291
5229,5027.308758644604,5030.66592962728,15.72052248064363,5034.021534958297
5269,5141.608193575477,5146.409549112938,10.279302740654973,5151.950022154313
5241,5192.393109022679,5197.024677532534,11.155837033875489,5201.567392093144
5282,5228.1819778128975,5232.225871976562,12.521787407813155,5237.409972861701
5244,5233.354364514957,5237.497769580581,12.548634949308973,5268.50238934795
5390,5278.027487367083,5283.199215547651,9.717391352863105,5288.207732192702
5253,5279.97700906781,5285.23793741795,10.847240559834821,5290.290140933562
5236,5377.122400978439,5381.429516602369,11.88067114293922,5385.720224144731
5237,5378.963436655334,5383.195166142703,11.136738343446826,5387.566005500185
7215,5433.642010469379,5438.205918764886,10.67927070341336,5448.481512792834
7257,5437.586423893571,5441.4624893968685,13.371136549739628,5451.109759876494
5461,5453.20746181091,5457.129109600053,13.238751369914903,5461.019478632974
7247,5465.209145958677,5469.047412561395,13.228121038952336,5473.014074029805
7274,5588.909361435988,5593.487072868799,11.148332897172628,5598.804443811607
7217,5633.139079609877,5636.603500091995,15.24977595096212,5640.058290474307
7298,5647.223929924126,5650.541490086701,15.211612503531407,5653.928464135045
7270,5727.890670301316,5732.199295610249,11.419263882827813,5736.591479390844
7216,5787.505186458364,5791.449887076651,12.736577624469092,5796.818667159177
7234,5923.609013730726,5927.197781836717,14.988434654522239,5930.704179217557
7264,5950.8294379773615,5955.040867300611,12.242840088177983,5988.258247473789
7386,5993.917624995083,5998.148328735281,11.814071730733561,6002.365872288399
7189,6137.493248443777,6142.260005433102,10.525777240580398,6170.606014650635
7218,6313.796524132685,6317.551659363386,13.761404949145865,6323.306414008454
7373,6355.5012170985965,6359.431822856881,13.466667176270828,6363.335944872851
7452,6445.27795378448,6449.380408213963,12.730868646867343,6453.51534302111
7297,6447.0574664625965,6451.138517865812,12.12060996060764,6455.237684356689
7221,6481.1384264628205,6486.579095662041,12.844472448624765,6491.783763638238
7456,6533.9111906341695,6538.114033012085,12.910731220681905,6542.140090023816
7376,6535.939076005933,6540.259001108343,12.352428967752303,6544.534222811589
7250,6553.682653395105,6558.442679173491,10.333861967045577,6563.257357930846
7259,6628.827528611995,6632.5811690138,14.071240941089052,6636.353724750965
7374,6713.911852211777,6718.520210520595,11.295240039745867,6723.061022480779
7251,6758.45532848744,6762.33248040462,13.864867253924505,6767.24142559418
7272,6779.356090581363,6783.394435396524,12.617880069844638,6798.582759451597
7381,6803.726404130991,6808.129589307613,11.197955220729648,6812.644874899165
7260,6848.371536221881,6852.532722041061,11.922337388589925,6888.404619916893
7254,6897.228281642639,6901.346307962257,12.173261271854939,6905.621395037627
7220,6931.320081239308,6937.0179609849965,14.355815704559117,6941.717233519728
7238,7028.811559214603,7033.002583486275,11.786436732111726,7038.457948390653
7240,7075.451267632195,7079.514876778442,12.517164463327923,7083.62623599492
7256,7163.760571903598,7168.467060625879,10.94767008145511,7173.306207529875
7232,7201.427316851515,7207.410134625831,12.919285772770204,7212.797822620216
7212,7212.31793597034,7217.093948810389,11.461641997809796,7248.644391673054
