155,104.0,108.3510879107837,10.095670754681139,138.42029524755864
143,205.0,209.13932146723477,11.388520478853358,211.80338399655997
51,375.0,379.0990574642659,8.366724689113834,408.2234094640727
31,844.0,848.1924860203072,9.77328118881074,858.1622884786888
35,1028.0,1032.1855193660301,12.209295548638416,1034.5737164575903
48,1047.0,1051.241077245132,11.544055255384789,1052.9343597954305
114,1594.0,1598.1046601554413,12.37579375946956,1599.6811315741847
2035,2134.0,2138.40871430253,11.240253108764938,2140.1170194595206
2024,2375.0,2379.1378363066387,10.932732548992469,2381.7905276004694
2081,2561.0,2565.0577725841354,11.784832035291002,2566.645595047828
2007,2582.0,2587.054931035676,9.686090444688917,2589.0899892926273
2074,2935.0,2939.1414787725134,11.8468713378444,2940.7546933666486
2118,3044.0,3048.1521151405796,11.625315079568795,3049.8056399502893
2017,3084.0,3088.016090970145,11.600731494336188,3090.368944738228
2086,3105.0,3109.0431365294435,10.00107521062859,3111.0595440481247
2156,3408.0,3412.1247970188797,12.667546129653735,3413.689672767152
2082,3502.0,3506.04333725887,10.882085544811208,3508.546107455223
4148,3653.0,3657.1182707072326,11.941022259566264,3658.6954527135736
4020,3672.0,3676.083405175876,11.36767559637333,3677.778215264671
4114,4115.0,4118.614305539613,14.145325379120962,4119.957649396658
4068,4307.0,4311.389720800307,10.67381875670858,4313.203298895904
4061,4321.0,4325.256900666431,11.493591233685596,4327.724064473499
4152,4378.0,4382.156409884019,12.523420463641825,4383.708013087591
4053,4486.0,4490.37479774963,10.472281719471301,4492.182719536348
4030,4577.0,4581.084232105348,12.922295559774557,4582.614366858311
4005,4660.0,4664.321774290611,11.349890097324282,4666.059499402583
4155,4711.0,4715.097274956969,10.866575769509856,4717.5507840784885
4048,4852.0,4856.032910207845,10.525635469988519,4858.536418162901
4081,4883.0,4887.278679202894,9.07474618613815,4908.3209489364635
4122,5053.0,5057.215288606543,9.772248990354601,5087.9202031817385
4110,5219.0,5223.11613943013,11.593582836305599,5225.568984778227
4067,5348.0,5352.423823903312,10.890355712435351,5354.75016149314
4097,5375.0,5379.224900842729,12.129633699755626,5380.799759145496
6044,5580.0,5584.129119726261,11.476991350742964,5586.518770456126
6108,5649.0,5654.0627428025455,9.43897999242125,5656.212424065593
6088,5723.0,5727.020534586363,12.63320717782636,5728.572566490384
6024,6213.0,6217.218250694462,11.13064246817582,6219.712933601429
6132,6215.0,6219.211608343076,8.633300712054922,6258.186582350304
6076,6365.0,6368.6145048307535,14.679070593500011,6369.982291201764
6153,6546.0,6550.36887045198,11.630427909143563,6552.078267618441
6047,6698.0,6702.317886466129,11.550128570581048,6704.787187645851
6131,6726.0,6730.190982202678,11.310823184632046,6731.892423738203
6065,6894.0,6898.3894895454605,11.717662500680046,6900.04905593252
6095,7013.0,7016.540956813798,13.604694638560222,7018.782681291851
