766,95.8033808043041,103.2898954685635,14.926841637769764,110.92522711536687
1020,141.1717740448329,149.0286198924209,13.257116722617656,155.7460113841289
1028,228.65315759946066,237.00994650627578,12.012377821572645,244.43910374651344
751,363.9557587428066,372.5880047102495,12.213169539021166,381.5405507399013
1029,505.7786021727304,515.4136596311066,10.604101407495556,524.3306233589103
1036,683.1421165185042,691.1641109410076,12.354846048134155,698.5116218818258
735,905.8329720689961,915.38116300564,10.622393571021787,948.4815802272375
1024,957.3918497760675,966.1176072244477,11.629768612958856,974.0256273443092
744,1109.8065209907384,1117.573505973627,12.886008166111576,1125.2313144412628
1025,1244.9666835225382,1253.4628866750684,11.225284184024362,1262.3314427775108
1017,1309.0756127903467,1317.1145635012497,13.549298401296214,1323.7308644831312
1868,1357.7446484365455,1366.424899185768,11.852030820956006,1375.4007437875782
1016,1416.0704264860274,1423.0773611337995,14.734418472916124,1429.3462296557025
1040,1760.9142537375558,1769.5402373842178,11.298795999494704,1777.2662608064982
1849,1986.4526404188152,1994.5051856755979,13.59850320763501,2002.6213434486747
3044,2030.8111600430823,2038.441754234252,13.679506193839307,2045.3166746729821
2733,2073.794205743446,2081.545471226769,14.4421070276137,2089.9211092652085
3025,2301.9957615507683,2310.0239112706454,13.992135367499623,2316.784366557173
2775,2344.1200923264614,2354.0566875184263,10.019132395197879,2363.730575460363
2746,2374.755936311537,2382.4014065084534,13.93019958387379,2390.947815499204
3006,2601.5040163375297,2610.5354111446914,11.283057978571442,2619.6577765102274
2747,2814.1513119330507,2821.338265750737,13.806265831603202,2829.3999624235644
3035,2872.8909281298684,2882.487606948192,10.369347384875084,2892.0491178866782
3023,2930.9246732471556,2939.4713912868897,12.42265123853275,2947.0113326841206
2758,2978.160400337562,2987.1274495443763,10.931968515683547,2996.9963481253526
3009,3109.274177142859,3117.1486673369677,13.944515290284148,3123.99018870167
3032,3204.017829518505,3210.6529285695547,15.227949858008904,3216.597184702554
3842,3339.443639572417,3346.568156342895,14.589977365910185,3353.965283190448
3019,3567.0594385860095,3576.289748501457,11.403195514987065,3584.5089356390467
3865,3603.357060136757,3612.5147380681215,10.791752350057635,3621.5719420438677
5018,3837.526811281556,3845.371605958004,12.376760219996735,3852.4683389425204
5036,3919.369766616434,3927.3188994016573,13.060368130922965,3934.2690815076994
5007,3921.5635582087975,3929.189497816814,13.662908585537085,3935.962767617367
5857,3963.7603784649214,3973.291114702023,10.888468388223671,3982.73560134056
4778,4236.1719905737,4243.327787213638,14.142871442970526,4250.809051447479
4755,4508.145794451464,4516.320795275622,12.167142438247675,4548.113615912193
5019,4647.453452552333,4654.05912986314,15.034312746606966,4660.015767812079
5030,4908.918860719453,4917.227752317153,12.49873383996927,4924.73379263846
5028,5001.902701178484,5009.46580426077,15.651581957543762,5015.5879186129705
4766,5133.732865818633,5142.101492897759,13.41387230688757,5150.508043147703
5847,5226.29083532664,5236.391633531056,10.029640757021252,5246.457425141663
5859,5405.388032726799,5413.568693578942,12.449624522656759,5448.450722608504
7839,5583.914697191388,5591.513329867333,15.422829180889229,5598.8042475838965
7024,5745.089650855137,5752.293383825722,14.288533227789072,5759.857843507476
7000,6002.76410622078,6011.059457272383,11.808766143155005,6018.594428337971
7020,6112.900802164177,6120.258563774784,13.961120406836146,6127.859894581079
6741,6215.690252631323,6224.40503433166,11.562562061450743,6258.465755615801
7016,6276.96862946435,6287.319246059329,10.12764999230194,6297.575009103405
6999,6352.185193742807,6359.614295933829,16.712431380325548,6365.346759648598
6744,6488.1312664942425,6497.121619357821,10.88507581431286,6506.169025081685
7850,6573.740798181096,6582.335332046408,12.36709820803072,6590.7172298616415
7845,6575.883496301364,6584.0607118009,11.971279762367706,6618.007541440349
7010,6618.717103455692,6627.220132644086,12.320709798440049,6634.7670660589065
7031,6709.165310265851,6717.494241101366,12.977873833234316,6724.9760455305795
7003,6728.823217547809,6737.224008008299,12.20439040381134,6745.6954769267695
6773,6866.5626803047735,6874.186134179647,12.861760893832557,6888.555849282101
6750,6955.732759473378,6962.544207709447,15.042211649393389,6970.4446117379
7042,7014.1161650943195,7021.530540007386,13.24937253495164,7029.698431259863
7041,7169.56688471024,7178.3154093741605,11.496507295123225,7186.158629103897
6997,7192.24702120406,7199.504944059824,13.842741915949706,7207.265859425366
