771,545.5265662506093,552.2654334921301,14.2863522705108,558.678672369299
768,1105.7807338355985,1112.3397406758756,13.59415128907354,1118.8347815783725
2752,1982.9102148828688,1990.3818415525948,12.935627598360732,1997.5244413535854
3852,2187.72725085758,2195.3657452011985,11.056415197670923,2202.9498576208543
3843,2368.3047666674934,2374.296751165379,14.089947502505453,2380.859463871728
3038,3558.6905657601696,3565.3785858511915,14.970358811404948,3570.4612054355894
3859,3623.5756358128447,3631.101031005602,11.943277144141026,3638.605586504578
5840,4163.027642382548,4170.208052592946,12.732582541642572,4177.54440284164
5852,4886.089257572176,4892.223803087712,14.944597049101194,4898.673776295065
5846,5151.655624266574,5158.035195868892,13.107805003893311,5165.45293211147
6761,5853.2316237463365,5860.362508318577,14.367205704207498,5867.075941630555
7842,6411.32376237861,6418.004453372551,12.641508473886798,6424.931374151462
7037,6798.574526434747,6806.018379444517,11.81490094267156,6812.024766307402
6777,7248.783987949796,7255.529558974076,14.141123413190076,7260.7990399685805
