1275,249.91106197689746,254.34647233568674,13.278288546865872,259.00491246186755
1416,399.6659975992046,405.00194288670497,10.616935449901428,410.43771277372633
1425,1107.0052205829465,1112.3760647592296,11.40773466685938,1118.6438987742456
1421,1806.1355611142997,1810.3048275803756,14.341964968400845,1815.8805841474239
3271,1990.4171433242323,1995.5750649381266,13.079080592674925,2028.508584518195
3438,2427.363010064758,2432.0931812502045,13.54590361738063,2437.830891851986
3436,3131.523316279049,3136.3738114024286,12.511766292580678,3141.1326957883953
3429,3314.2344410588644,3318.44619669381,13.586778751697972,3322.8393481392445
3269,3587.8843944819737,3592.262044738509,13.556977009870977,3597.911516103492
5262,4624.228784948195,4629.399234821018,11.534770589457798,4635.173750503818
5254,4799.839456181551,4804.579999330564,12.585356091275862,4810.798382463933
5419,5327.93294566686,5332.421705776854,15.773261916894338,5338.193269193747
5255,5334.476742456455,5340.005672283036,11.711623386903929,5358.382389589589
7419,6032.045827644573,6036.444807062279,16.316457084562742,6041.597626154599
7431,6221.791213828845,6226.055436501718,13.0458346961522,6258.814507901921
7277,6296.256030378013,6301.5605259262575,11.771035394008244,6307.943332552012
7420,6563.184419409239,6568.107613068549,15.166845806465766,6573.541704312689
7424,6915.004198244635,6919.146428126449,13.67545487587692,6923.642349703655
7274,7295.655989296123,7300.354874339818,12.429902180267257,7306.524803650574
7422,7362.994555153687,7367.15017969823,13.139421773097098,7371.667968761455
