1083,141.62657457102569,150.50721188474063,13.246041443971016,158.73477006083036
1176,177.92858108845314,186.31604188604055,12.912927039644487,206.0
1089,362.5737684636032,371.6037531169829,12.987954406364357,380.8595179407427
1100,417.9771353801261,426.168199598482,14.38795150502201,433.8525037784745
1084,555.4863584024633,566.1490008314771,11.119481616616632,576.4601088526359
1104,581.279432242645,590.0813811966844,12.721405520999845,600.2384019681809
1096,624.9189330486262,633.3565522332143,14.408111524557997,641.3158980480646
1099,1256.3483521409164,1265.4274413323083,12.024330832299862,1274.4986200037797
1092,1262.3972891937342,1272.2398113376016,11.411245847842308,1282.8717515346145
830,1613.4250776274014,1622.439988225011,13.11993787288712,1640.9742147971624
1146,1828.5661456995313,1839.2317182267527,10.845039161990515,1862.0
3954,2004.8272024188643,2014.3652430639686,12.472472982033574,2023.6183020214746
3093,2142.9103998199926,2152.153184168839,13.185160938288226,2160.9917776567618
2834,2217.501652266589,2227.1346748716314,11.444932639977646,2236.7256349619865
3940,2282.905551606611,2292.178959092205,13.496764940247697,2300.9630886184095
3932,2647.6008412227084,2657.5201739411095,11.776546457187296,2668.6816288863174
3091,2711.8661304805723,2720.3726444159447,13.448010678834091,2728.7136075893022
3948,2720.0867763849924,2729.4731693110084,12.10968565904217,2739.7787590727044
3955,3522.680321494168,3531.391056787088,13.822738355848431,3539.418525896315
3132,3608.7014126461463,3620.2593461989095,9.929921038687896,3643.0
5947,3799.0355141375567,3808.1880611973997,12.986279894926794,3816.6980221190224
5102,4373.682340249418,4383.308389558486,12.207561009293345,4393.809963412868
5093,4424.047833635539,4433.3780578248225,11.948408482994218,4442.665012846722
5136,4727.238074894046,4736.401294886035,12.695507116367219,4757.0
5171,4858.331517638979,4869.368340300199,10.67015865923108,4890.0
7105,5554.664780276182,5563.601826473172,12.789200609725748,5573.603242615306
7929,5612.214709904088,5622.113757823318,11.889000418845844,5633.450404499879
6817,6101.618366458692,6110.548233052242,12.754745683410878,6120.8130527305175
7093,6514.090651539089,6524.240730162204,11.063745529268266,6535.765535596293
6848,6658.473535832732,6668.227502038922,11.580732360613148,6679.05169114746
7944,6802.636376477188,6812.547256871488,11.583953748799038,6824.222831032409
7083,6834.733149587403,6844.362505002342,11.906360254029067,6853.456921094368
7114,6972.660010745624,6981.428212510641,14.068213459619727,6989.561658823534
7102,7007.37090836033,7015.2046120580835,14.405972433547024,7023.997498535911
7088,7074.344724940851,7083.2293592843935,12.666763950215923,7092.974743986738
7115,7201.191373805332,7211.470782529002,11.160141014382035,7222.529870148828
6827,7248.762430632061,7260.18872079297,9.988684652321226,7271.332696742559
7107,7270.745007361702,7279.550444828377,12.809653976952086,7289.617280231383
