90,274.842273045865,280.39495059241506,12.934594734286057,285.7855346419039
1579,367.302583092449,373.32264395403087,11.109866644731893,379.26566811555193
1549,369.1747926731807,375.2006402844704,10.476319832678444,381.0420746876653
1409,907.6895244988943,914.384493584581,10.398201121157237,921.2431725845606
1595,935.6128254161887,940.4310838542752,13.351723803608461,946.614689424108
1399,997.5753456459213,1002.4806503388547,13.547256701854973,1007.3912865420639
70,1175.4259608368977,1180.440893066159,14.157463018516554,1185.1427655546756
1558,1354.972979238575,1360.1647878467168,12.103061875768887,1365.959280127005
1397,1465.594361130277,1470.061994670867,14.66268503517367,1474.587411944562
66,1471.0639541107735,1478.453118121486,9.18426557671226,1486.8031292568344
54,1823.720795477825,1829.2954862105796,11.909091451470218,1835.036778942054
3416,2371.136309176576,2377.4800569017225,10.732215825334977,2433.532585536606
3860,2719.5906744976414,2724.1749397570325,15.064426832565523,2728.7563394316057
3265,3268.0842996892707,3275.130640703557,8.873171885442174,3282.987172897785
3260,3341.131287699663,3346.181105264926,12.949316237030924,3352.1994425996527
3567,3427.1635612445516,3433.1584482514068,11.469299178180316,3439.1657317047234
3558,3457.1663360145258,3462.1949800005823,12.965674233719225,3468.590189337073
3253,3807.7072351521842,3812.5885933928744,14.277539939074638,3817.491281679609
5599,3875.057813489681,3881.153107210252,10.354934300614696,3887.555286113024
5561,3988.2235420564093,3992.493913909773,15.882801767340093,3996.8178319704584
5387,4145.2664968026365,4151.360213389531,10.233281306588173,4157.458134386081
4078,4506.992923544046,4512.585434757546,12.129692860348872,4518.642737876591
5581,4866.918554076631,4873.097918237624,10.997981979318169,4879.163839250809
5391,4897.351783516523,4903.245966153623,11.284532150749849,4910.450909721505
5403,5253.693211205836,5259.197304229689,12.491427795343164,5265.734309559405
4071,5314.958907867817,5321.101111411771,11.197015812855597,5327.386466155843
7397,5979.453052909358,5984.586688429988,12.9261473047995,5990.731432448862
7576,6035.017313177257,6040.5400954918805,12.157197201971405,6046.065072593642
7430,6129.520556178104,6135.153703966397,12.252943037592368,6140.631770334837
7276,6215.252484208043,6220.566550119117,12.82861277937788,6225.716354876648
6066,6394.0,6400.485056930623,12.342607639777746,6406.104745457016
7259,6505.8657071121015,6512.0997295680545,10.325802891765202,6518.221397527767
7578,6507.74741999443,6514.037107791435,11.315996001167987,6520.827462358797
6063,6650.0,6656.007767511455,12.354380118901753,6661.23429157137
7558,6683.576161916094,6689.320135386052,11.250100835193829,6695.065290913965
7269,6693.415438044618,6699.160114170284,12.067014754817091,6754.386563131968
7395,7416.006753472466,7421.2258580319285,12.947545612342102,7427.920232324278
