1777,215.0,216.38220243664426,11.680686997321587,217.34204030308263
1581,369.0,370.39215235559533,11.305874694589784,371.4382583623409
1765,376.0,377.37651166322973,12.147736657847794,378.30831329300105
55,409.3301580218519,410.00254464742403,13.054192803357948,410.8907847843902
1578,545.0,546.4882165745172,10.656646002750275,547.5684856426205
1253,611.318920883639,612.1786410582209,10.485235274336999,613.2621693524148
1597,633.0,634.3577564057399,12.38664296789115,635.3047505314954
1796,840.0,841.4416748146418,11.187384143935736,842.489387488283
1577,896.7371571526069,897.5277262962423,11.897821359390429,898.4436341832447
1559,906.2496293114123,907.0200979842004,12.274432105098926,907.9647655585821
1808,989.1647326063705,990.0402426141278,11.679822305280174,991.0306486583232
1561,1073.0,1074.3782826001996,11.31468874644559,1075.3937543509535
1571,1075.5799820247896,1076.2840486254079,13.803412695786946,1077.123808782413
1400,1166.770442735814,1167.4662044129252,12.748960086013946,1168.3706732744415
1805,1170.1026566292346,1171.1575658833851,10.397184278190611,1172.218516629738
87,1221.0,1222.449487302214,9.837547638891431,1223.6553364137494
1840,1263.0,1264.3636452952371,11.6167467456175,1265.3381788496317
1411,1268.6215582428915,1269.4124593189206,11.354598169578852,1270.462747252956
1798,1341.0,1342.4712840376994,10.913139588786334,1343.4959254366597
1270,1476.5548476173178,1477.305947634087,12.03693913101521,1478.271387857277
1790,1512.0,1513.4955010655835,11.467298746545618,1514.478179942409
1605,1543.8191087489638,1544.5042536741184,12.943002348126242,1545.390502838146
1794,1605.0,1606.4647406496617,11.785619086696743,1607.3898588037312
1567,1712.0,1713.4602906914809,14.330933260311133,1714.277073105599
1660,1801.0,1802.3688244971172,12.024309480886663,1803.294828468991
0,1933.3328388879024,1934.0912533116302,9.100007523963283,1935.7229675788074
1422,1973.963898942954,1974.5974571630989,14.143258338841854,1975.4484501559464
1433,1976.7640327160643,1977.4219709084798,13.56005511521591,1978.2961434776835
3616,2132.0,2133.5257166448787,10.626867997944874,2134.640548544461
3578,2153.0,2154.4638697281425,10.320843089025209,2155.6332236123626
3424,2159.615090552763,2160.418760976699,11.398402212642813,2161.428694689027
3431,2161.54440629881,2162.3147945008236,11.968413590593274,2163.294671863024
3244,2286.4506301311803,2287.105478758275,13.663555302994334,2287.9541054697347
3280,2312.361012401144,2313.0944224427594,12.854083123362056,2313.9964905165652
3591,2332.8740955943586,2333.483201847943,14.71547172008576,2334.2609440993447
3564,2401.0,2402.4155245066963,11.234191972061927,2403.406244617025
2068,2547.4552794630545,2548.123057100778,13.1620052894977,2549.004229323915
3617,2658.0143724058216,2659.0770106403347,10.66161772320684,2660.1350013859337
3860,2662.0,2663.4014282239878,12.44088918517675,2664.3020317832797
3248,2730.3920434755173,2731.154463808129,11.80032847629223,2732.137073348731
3276,2781.6170517738165,2782.386809819227,11.412829424700849,2783.387426378869
3537,2843.098293851304,2844.127070843265,10.086071060644766,2845.239698508782
3808,2920.5636663178066,2921.3212071412313,11.59747623347155,2922.3055770218807
2084,3016.65082559526,3017.3071620543997,13.582504400364092,3018.16596511772
3793,3191.0,3193.040560231227,9.863324830057536,3194.1774465170415
2083,3267.291796192574,3268.0751026221824,12.180609297532964,3269.0289513632533
3570,3275.0,3276.4554662545474,9.786675527712328,3277.631140420582
3586,3348.5777850378136,3349.3929413867227,10.791267793672297,3350.466515518499
3421,3774.3888608895877,3775.1966493247887,10.449680321776254,3776.2876043501924
5599,3820.0,3821.436164579657,10.872331458804481,3822.4898951424543
4068,3827.356479314859,3828.170705472079,11.677149857640401,3829.1689557336654
5561,3953.718638350479,3954.3390560362036,15.160394437064202,3955.1046913956775
5236,4105.8701677223335,4106.5216446500945,13.79976591966661,4107.351528033643
5911,4155.0,4156.442929005682,11.203569620094575,4157.414281754226
5412,4209.0,4210.539119721289,13.040775189286688,4211.415321439543
5786,4240.0,4241.397932689598,12.33777397715382,4242.351051582772
5234,4440.438027161494,4441.243059745286,10.312256339892752,4442.364828785889
4055,4459.0,4460.326179357633,12.445855352602472,4461.24965657117
5237,4583.0,4584.45583220067,10.40339373789352,4585.542118144122
5574,4594.0,4595.438351605935,10.163355550639187,4596.535217694888
5395,4766.447058134027,4767.3062461591435,11.316430318246956,4768.2814208692125
5551,4847.0,4848.423720059046,12.25778049043045,4849.381143828109
5391,4852.429775094305,4853.253833277162,10.203011731718727,4854.3841614040475
5398,4855.3523111651375,4856.085759416787,12.051057857873666,4857.048607288358
5253,5012.666556461813,5013.363092383477,12.700113210006613,5014.270072465485
5504,5032.0,5033.347757436839,11.447843875768768,5034.320578274306
4080,5089.617657725658,5090.36814007469,11.788312303193734,5091.381568793346
5243,5125.346881071528,5126.0943282427015,11.229624614582798,5127.124443718385
5396,5129.956822807326,5130.7153130261095,8.581891843063204,5131.701526401785
4071,5265.69857245279,5266.524577133317,10.574044046254476,5267.6212107144
4051,5273.644070927471,5274.247197272295,15.113895134253799,5275.0147251626995
5540,5298.0,5300.001225201683,10.445639667636158,5301.093459910783
5267,5305.557500401095,5306.185777013276,13.602542167033606,5307.038107505729
5244,5310.245730576276,5311.020384212662,11.845202135203134,5311.999283337496
5250,5487.716523380024,5488.42318802354,12.595630918555347,5489.346918999512
5404,5570.534366207589,5571.257082797141,12.952178865053018,5572.158362031109
7530,5649.0,5650.53161912332,11.813950914851151,5651.493688735337
7589,5672.0,5673.469352638682,10.573645868644077,5674.595834609853
7612,5680.684696799268,5681.368382218332,12.967250657010744,5682.270893732186
7810,5751.0,5752.400192801801,11.233621555330137,5753.454665678662
6059,5804.0,5805.405436895403,11.400163122713609,5806.395107406943
7562,5914.0,5915.331339274676,12.85668991972638,5916.25080912143
7427,6304.265152645185,6305.07428909479,11.50619904137098,6306.076845898338
6079,6421.635552270857,6422.342833331735,12.661457498111282,6423.261660794893
7259,6427.580347314201,6428.434251390283,10.241802614728956,6429.52514985078
6051,6429.603195977429,6430.375845530724,11.819645131152729,6431.304628125365
7578,6468.0,6469.374749160568,15.2111790887807,6470.141158364707
7795,6528.0,6529.408656699797,10.699520571758908,6530.420040231371
7587,6563.0,6564.469004566676,11.162144718269083,6565.417483011855
7400,6568.539553426474,6569.326647741783,11.458520953146058,6570.346216777707
7572,6623.195881447834,6624.128410503112,10.282935318676042,6625.294357731554
7271,6628.557384524252,6629.270310329817,12.585874570676795,6630.190308878643
7408,6659.455463789863,6660.192112383066,11.55804525317258,6661.191652976035
7555,6979.0,6980.491081475654,10.884790231360604,6981.518276430848
7573,6982.0,6983.4876606696125,10.083276629257686,6984.5656242094265
7263,6996.414972360653,6997.0764835149,13.785981282052115,6997.9175740231785
7253,7099.0,7100.621744523903,13.669509309371236,7101.465951034193
7859,7236.0,7237.510566338706,10.461639071594506,7238.504637004065
6073,7330.657276698775,7331.379675461717,12.549736785313678,7332.3079252035
7406,7457.5759234339575,7458.254171788526,12.771138674306973,7459.150643346308
7409,7463.54269664693,7464.339841710995,10.92630912473111,7465.400792252298
