1749,138.10613604749025,143.51792031357897,12.619844713889275,148.41222470471467
1486,363.66493544494756,368.5842229621601,12.67086463477857,373.8370532689757
904,633.8800688285341,639.1751102189002,11.795970176885119,644.9320400692849
400,723.8650066912722,728.6274754330902,14.389400779319017,733.7197487335445
133,1533.68250416794,1539.0480202397064,11.831746637716135,1544.6500598191922
389,1893.351322198354,1898.1709695658308,13.155617630627082,1903.5217609951924
134,1895.7032007898267,1900.5905142986883,13.203868478044768,1938.0702442493916
139,1983.596358709876,1988.5293300603882,13.682598773462008,1993.8747682235255
2404,2437.457900314612,2442.4189047525306,12.916325104862747,2480.6511661578297
3498,2551.8474679255373,2556.031718312197,14.661757753770223,2568.355379429533
3747,2837.997343933955,2843.236053237312,13.05249565562772,2847.4857670020183
2376,3153.628856503466,3158.4260248950277,15.438097135311383,3163.5288188726586
3182,3335.9564327727603,3341.1798298537674,12.308194847760115,3378.505980005625
2389,3423.564417269984,3429.216133319265,10.72551795610406,3435.078789641196
3160,3425.8056934761607,3431.080341427297,10.955475363165869,3468.0545236206563
3497,3457.3573278235867,3462.1146391620723,11.974630992070644,3473.1428648764745
3347,3634.5604969481037,3639.1880752822562,13.346741851712517,3644.6345981030663
5485,3997.6839895553517,4002.4080191316775,12.623910695245867,4008.2860867600502
5475,4053.930307717966,4059.4594499942073,10.61689051902922,4065.5659620364204
5310,4246.52137537087,4252.27089670415,10.372790100011002,4258.632620371108
4155,4323.9713206355655,4329.060646099697,12.353989268133368,4334.51880350659
5315,4423.990791429512,4428.209970759451,13.455246561717281,4433.57910915197
5311,4964.285016895792,4969.020628020302,12.354507965629939,5001.200421675498
5143,5225.74668156505,5230.498496349515,12.402281757944436,5268.360181715571
6143,5763.82620963174,5769.443952830834,10.187860453767911,5775.40838626586
6368,6483.90884240604,6489.176411614777,13.032592668854171,6494.563876351315
6371,6488.329801830086,6493.307269514021,11.631677154622082,6530.1846704559
7334,6490.250425481283,6495.491809587165,11.196349304373822,6532.520795896258
6140,6573.553629746515,6578.386889091853,13.063667190199276,6583.630246847779
6136,6575.5693156833595,6580.293418464172,13.492308001115477,6617.921011687333
6148,6843.400008546671,6848.05781293538,14.547846690164864,6852.966212697796
7499,6888.067589946047,6893.224020508349,13.649396410531832,6897.494843612762
6388,6934.289395153696,6939.121632804521,14.284569294432416,6944.5684568343
7494,6977.953684177745,6983.076321350339,13.96336097834793,6987.289194948253
7485,7321.8967090874185,7326.150410495611,14.422913127813397,7340.628953324343
7185,7383.569622846363,7389.222569373746,9.841787476544836,7395.506507098374
