640,66.09639171565941,66.20974184494162,9.657576726953785,66.18392499604398
490,163.03091493044144,163.14396743561872,9.683001441113968,163.11821837417395
516,283.05207026986557,283.13244835776254,13.619228812159884,283.1141412860101
648,436.0,437.0505342684383,9.795246226370342,437.0250802682718
470,726.0,727.0188308056371,10.679549831290306,726.0
511,751.0946558531788,751.2097763277927,9.509060609975819,751.1835562615524
586,754.2105382017551,754.3022309689468,11.938646897466755,754.281346843533
502,769.0,770.0835574850444,10.342805264482987,770.0594510465395
625,771.9983711308018,772.0798102962202,13.492339034315268,772.0613310541523
467,841.0,842.0441190273783,10.608179190920566,842.0206156348931
480,1112.0,1113.0486058569486,11.204558079063132,1113.0263534666876
2509,2218.104463889468,2218.203688096049,11.032464841772518,2218.181088595153
2639,2321.0,2322.0964846963307,10.33542547961464,2322.0723610451496
2619,2382.0,2383.0569563521412,10.417278461694005,2383.0330222507355
2430,2826.0250934405394,2826.135674218491,9.899438137680084,2826.110488122512
2583,3144.1837813415564,3144.2954576621764,9.802324830129896,3144.2700220432394
2572,3185.0,3186.0381301470497,10.717049302206645,3186.0148655158955
4444,4055.0,4056.083198010799,11.020944698459129,4056.060574886748
4510,4497.025785713575,4497.143180646253,9.324828129934447,4497.116442544961
4531,4583.0,4584.022769207186,10.401402805824361,4583.0
4420,4754.0,4755.024944251095,8.197616015236816,4754.0
4436,4782.0236933451615,4782.12643583559,10.654672336485698,4782.10303500343
4433,4802.111887729612,4802.200265859782,12.38640790928933,4802.180136682631
4614,4846.050327836969,4846.160154644101,9.967398662859699,4846.135140274002
4572,5136.038947576351,5136.140114821465,10.82057309473156,5136.117072770283
4479,5264.0,5265.001541661809,11.639993412189025,5264.0
4430,5296.064930700542,5296.172581220651,10.168901826377287,5296.148062525975
4519,5316.039170389765,5316.135290780151,11.388713322492933,5316.11339821055
4534,5396.0,5397.0543765970115,10.29375429000318,5397.030155288435
6427,5676.015195705061,5676.120402611141,10.40509232084587,5676.096440478813
6489,6008.044450329256,6008.149771948578,10.393759397075502,6008.125783688935
6415,6216.0278257476875,6216.140407538305,9.72348693819608,6216.1147656877365
6582,6219.32472937398,6219.422841016393,11.157570535190223,6219.400494915305
6504,6488.0042066633,6488.111432252303,10.209200814170593,6488.087010340773
6414,6513.312801773616,6513.403883169762,12.018783383580063,6513.383138291423
6605,6575.069950869636,6575.183363295965,9.65227185406338,6575.157532258169
6426,6665.0,6666.06904757094,10.914055497256482,6666.046202882351
6642,6836.1065141239305,6836.221550026227,9.516051499570876,6836.195349222345
6418,7093.035779946509,7093.135820471542,10.942441277619269,7093.113035044345
