1300,414.0560232172203,420.51137311003527,11.298118809296646,455.6941725875837
1297,422.4951798239533,427.58661551464513,14.237463275608711,457.76725192666584
1221,425.98104397853575,431.245852598182,11.347163119445234,459.90840578086704
1384,602.8749827326552,608.220965532344,13.858942466979977,612.787126999357
1230,695.5929320873306,702.3668268262486,11.249385307678029,723.1177771681639
1222,782.8275649358161,788.082443654063,14.478286257569852,793.1629532308446
1232,951.5741667535308,958.4650725126434,10.51160686695831,993.1970374197648
1667,992.8917079849111,999.3794617641685,12.094348246511295,1003.119827020676
1380,1058.5847996628524,1064.5621822706964,12.465345763924919,1069.7423733909993
1219,1219.861806130609,1227.4455290379096,10.056264621431012,1233.8638055068393
1212,1336.4685538044512,1342.337690890689,12.696255261787552,1358.0866922570153
1368,1414.433881186287,1419.6028099718103,14.559742301387695,1424.2005624579624
1390,1503.0430343181354,1508.1984484099637,14.075588788301584,1533.2911004966893
1458,1581.6785431755336,1588.1759680071073,11.896841579845182,1593.527962341582
1385,1686.4072690503538,1693.3872328774573,10.828791854521764,1698.7852399074875
1392,1688.2500079358983,1695.3348535868824,10.052327176816489,1713.088471998006
3457,2044.3477992322846,2050.2536144221876,12.797130583497873,2055.0142766197796
3298,2132.1017368332436,2137.1390148725645,14.578008145998648,2163.334416254632
3390,2232.083539995341,2238.142918736425,11.971202655254837,2253.239696019839
3231,2239.52086778346,2245.3357455415035,12.850454508843626,2255.764714019393
2117,2267.1030224139963,2273.352133818662,11.787563351475912,2277.2891930522997
2029,2357.3239491390377,2363.2912495957844,12.688233798690115,2367.106951399761
2066,2359.908363810967,2365.2973425337073,12.370402475338818,2368.9082193934496
3378,2389.84327430916,2395.581716032472,13.096422237625942,2400.1174094581415
3301,2408.729248573447,2415.052417562632,11.828229871369402,2433.30823966032
2041,2628.46237274434,2634.313581928573,12.997157449305648,2638.012150910485
3218,2680.3346799878705,2686.2141788041463,10.89903553494302,2709.647891446097
3217,2773.5385278106573,2779.3821984062497,12.959521419478419,2795.9287018477016
3456,2854.852581114539,2860.26072862864,13.77132929362274,2864.8020176663117
3214,2862.0677495509235,2868.146811787425,12.795730874041565,2883.7196626103437
3228,2930.098411313209,2936.5484550516276,11.332874737854265,2941.760847086173
3230,2955.5056582683974,2961.2678871015546,13.419060808236553,2975.6663563761135
3233,3019.8600600548993,3025.204873930386,14.294510606455063,3029.927725655634
2045,3076.852286014204,3083.171533433198,11.34110879621746,3087.2415141646406
2114,3080.873121490427,3087.103223524357,11.834516385592195,3091.039089725035
3373,3125.7400581252746,3131.4033155899806,12.683516476038056,3136.2724048909313
3654,3153.182503113575,3160.3332710036316,10.732461428813568,3164.5749265665618
3385,3215.150532124395,3220.0509756191286,15.058446385187803,3224.498234923463
3234,3313.9132130864023,3319.562295691993,12.485191488680163,3324.539669667102
3458,3320.9580761164693,3327.1622369348347,11.954734354511015,3333.463354150565
3374,3394.947402949774,3400.2892403440387,13.82184088518833,3404.835489868612
3302,3561.9225174926587,3567.540140514369,12.843841644719992,3572.4662313851386
5456,3754.0639372149667,3759.0779844618087,15.453271864332267,3783.677674343504
5300,3833.4651983880967,3838.6690191401563,15.10767260768472,3843.330308186609
5221,3862.5114980863486,3867.334090662322,14.62845581039023,3876.3030249021895
5651,3962.816574080717,3970.4804529046523,10.412651234651314,3975.3329906911044
5370,4113.468159424828,4119.344351668126,12.727351972550625,4124.057153421302
4030,4251.2209567320615,4257.204821976305,12.689468409386354,4260.990836112199
5387,4459.733266514481,4465.37635384187,13.56039006895215,4469.881356786681
5226,4461.741755449753,4467.388031017653,13.477676017302212,4503.071021557785
5457,4474.308395073694,4480.184474083924,12.033431254824077,4505.518758754314
5223,4656.04636791333,4661.244199933939,14.634929648121352,4665.818192232177
5213,4743.455601912505,4749.259606813206,12.749511265410149,4754.389262505282
5380,4747.575944065939,4753.524434238195,11.401896750564525,4775.947003177338
5219,4751.161739875763,4757.052945591867,12.801872184962157,4777.983992106259
5232,4843.529184247464,4849.323698410475,12.511462279367588,4863.071616652896
5453,5015.0723387425305,5021.543466130414,11.35176099215981,5026.796679433172
5373,5016.876025226279,5023.392399462881,11.221760332991309,5043.261868530601
5388,5110.97665720895,5116.075227183153,13.813947994884005,5121.061503209209
5301,5198.70985399024,5204.589669050693,12.563335090044138,5209.873399936613
5216,5200.482363691559,5206.341333608474,12.988184424551658,5223.566277844782
5459,5290.332270228712,5295.529802663448,14.488719198272182,5300.29276669693
4112,5334.021685702805,5339.366186962561,13.537931555292404,5343.300405835626
5374,5376.431620995323,5383.175543977455,10.563342527866826,5403.200072273848
5383,5378.180805917638,5385.087517043783,10.789046807742366,5405.607762783357
5234,5392.102431033229,5398.139555253532,11.091387865672617,5410.043019791392
5371,5470.590990597586,5476.147652312536,12.759849854408882,5492.923097979558
5368,5555.266259453209,5561.479863298653,11.877007392398825,5566.5421283282785
7457,5557.052413683356,5563.249281529573,12.391601633689026,5583.338587392489
5455,5558.91834515357,5565.075989599887,11.556881761562979,5585.717989601929
7221,5568.235328455893,5573.172579508216,12.9886293424114,5587.884788699414
7223,5751.7058950452465,5757.454586618822,12.613976293783246,5761.222357742178
7299,5809.711891942126,5815.3402852911895,13.94688156237182,5819.801164272222
7451,5826.749010477062,5833.0868690347725,11.944196836041648,5853.077416613578
7668,5853.211183187252,5859.433661382511,14.206229510728589,5862.807576397167
7302,5899.588505029934,5905.273999026189,13.638747033941334,5909.988385056658
7233,5991.721965349206,5999.480701972887,10.40093508346457,6033.381213934742
7297,5996.283910699847,6004.120291666824,9.059424810978179,6035.599174157556
7298,6186.58742907862,6192.563971708564,11.844457370188218,6197.967150846345
7452,6188.396688773459,6194.421354668859,11.40395487349574,6213.31424606371
7300,6368.422280390857,6375.249768825074,10.811983229358905,6393.539352103998
6049,6407.082770059113,6412.191867250866,15.22114709066812,6415.339749317461
7220,6441.735174393412,6447.451298442415,13.036759742253317,6452.1511598206835
7296,6454.839813212572,6460.127039975093,13.543627429313057,6483.1821520817575
7212,6459.052146174007,6465.303217682049,12.279724342000964,6485.5078270357735
7455,6461.0329239381745,6467.327444757721,12.047033825909699,6487.7368021062775
7456,6466.257613252003,6474.002778379783,9.071330213708313,6489.771867928278
6038,6496.424413228839,6502.247815897252,12.792091476460083,6505.807048389445
7231,6543.763117452826,6549.431915672237,13.068949693024562,6554.2216260309015
6041,6683.427526591816,6688.415209943524,15.39740923015018,6691.592548937494
7226,6911.549831111962,6918.372202901409,11.358393312686218,6933.601532661081
7453,6999.329814101553,7005.092708445472,13.380722516168126,7009.873281953389
7389,7004.091547349882,7011.048680748258,10.182120224419254,7023.426536526375
7213,7072.403617448241,7078.19661939757,12.346565198380961,7082.934158254672
7373,7085.795173632555,7092.472133287082,10.670510727033623,7113.259925266964
7369,7087.608682443414,7094.356285477034,11.268087026080387,7115.892161711825
