1828,110.4658877074958,114.0354548910214,13.296808644196219,117.59241847491124
1788,199.80696459155962,203.4649712753413,12.909881931938331,207.16524073723627
1797,201.55409780676445,205.13694131169433,12.292239181448187,208.92900473762634
1897,205.17339857619774,209.1090295815949,12.098239748520488,212.97247572403552
993,233.01469815017663,237.04225127845763,12.379725584624348,241.52235962340868
978,234.99975252931935,239.3441220476917,11.409725060089592,274.8008206734281
1057,236.9021545754649,241.09133481207874,10.437902560269317,278.0135883142428
1049,238.7917025876716,243.13284201666806,11.268781214433444,280.4092957203011
1001,250.6050491734549,254.46717665866905,11.973094914695814,282.4012933499973
1014,343.16105183785197,347.3304223602175,11.846217832418478,351.6990799933871
987,415.0768307176932,419.3689320813853,10.606529667776938,423.6311625045493
1885,473.6051020383393,477.52263607113383,11.75747507777925,481.41726764279673
1906,475.47431458493855,479.4024782445885,12.088438189341218,483.208994062167
1058,502.0055487328407,506.1253390787744,13.742536823169502,509.71331670362207
979,596.8403438159775,600.2250473936047,13.390941210336093,603.7410650825816
1070,681.3203998114121,685.0352921512845,14.309898490011298,688.4728814392397
1103,685.4797967189126,689.0722551384765,13.515864526509871,693.033455340736
1107,776.5297500576324,781.0717844322826,10.424396454581151,785.4493985747398
985,787.1239867597865,790.4973037459625,14.331590448516799,793.9927375675211
1777,839.7011070000283,843.4544427867861,12.258564674342514,847.1435258272296
1874,843.1958285933842,847.0884650071397,12.05763254662488,850.7123975980203
1076,868.6455313756278,872.2445267616251,12.453010168848142,909.7384914936721
1911,935.1463370791221,938.4423624078817,14.977377760390363,941.6086534023942
1065,960.3748677984344,964.531376450093,11.200077855953822,997.802952712454
991,980.8850865544098,984.1784948630784,14.473389791090307,1000.312266191944
1793,1026.5004841451987,1030.450899167756,11.155025238940658,1034.603763254455
1770,1030.1959147907264,1034.1079936221113,11.59872206860114,1038.453285265168
1089,1052.5341996588534,1056.1256106339392,12.84858881159053,1088.0343266081238
966,1056.0620587944102,1059.6134047705716,13.072229771506406,1092.802740912358
1063,1148.6129442931763,1152.1700719997784,13.678437723762675,1155.9107861366585
1869,1188.252766880677,1191.608945389545,13.739616632730089,1194.813002717622
1040,1219.1566389408465,1223.4920397715803,11.236236550569174,1227.6023636618847
1023,1223.3381176416826,1227.1944224167182,12.130095240222401,1230.9628529722756
1078,1225.1365148788182,1229.4635649090542,11.465693957111565,1233.9082407637275
1105,1227.0413688450492,1231.3105005602606,10.852504147961266,1264.1685486356034
1015,1248.5062084906667,1252.1273887778834,13.143102496689576,1267.2340894839488
1781,1279.784248456186,1283.0693989751549,13.567651888386594,1286.426298557039
1882,1283.0701591007085,1286.318707915917,14.421353855802913,1289.5126785450557
1888,1296.128367615692,1300.1699900212477,11.308117713586121,1304.1642064332434
1008,1313.1168850391116,1316.3734586494675,14.2032613072325,1319.7409625160353
1950,1370.5187603708716,1374.3178216874437,12.168300342100117,1377.9929034854408
1902,1379.0687461560428,1383.3835535274966,10.609478521706672,1387.5675407289825
1007,1420.769310576889,1425.2670629879028,11.368198562535131,1429.3941379275482
1909,1465.264004704663,1470.1476712326128,10.03733645576518,1474.8201519076115
1880,1467.2927360434057,1472.115929027835,9.572327368078422,1476.8624733509655
976,1492.9860319986374,1497.0160550968353,11.951641573429876,1500.9726626548315
1054,1512.5785327425347,1516.3698083141592,12.21527576114751,1542.2158545911793
1775,1548.4717424150963,1551.562587561707,15.287912993216471,1554.7142800535223
974,1579.1979603270852,1583.1000825790125,13.335593158452802,1586.5124183855014
1864,1582.0583194387948,1586.0272355008149,13.324319025233674,1589.5451648733103
1048,1584.8465513655751,1589.011712404556,12.164252235271878,1593.1793901840388
964,1599.3812333145174,1603.387572181065,12.05146974105854,1631.916668086804
1878,1640.4608681487052,1644.1481010185926,12.966573156854237,1647.7473850677131
1875,1653.6623235332788,1657.5766111817102,12.365481928512247,1661.361692224971
1855,1671.2655284270395,1675.0900586603332,13.298152817116632,1678.9453050618374
1924,1732.2670684123511,1736.2557632244025,11.972329605205353,1740.181318540149
1795,1739.5435830369706,1743.4659604003677,12.280848199494628,1747.4692920016196
1789,1741.351620237236,1745.2742060586775,11.684267942819456,1749.2432029983013
1773,1744.0826350968425,1747.570499895181,13.119984042945909,1751.166062246091
1820,1746.0428970999214,1749.5571968635638,13.870278828285716,1753.0717515136705
1042,1758.936708795717,1763.30609903267,11.018421625604576,1767.429443700742
967,1760.9927143419045,1765.0744091535757,11.563879000974147,1769.6034382946896
1099,1789.649506392514,1794.0744408843652,11.034100012095127,1804.2906688721134
972,1851.202614920479,1855.5103748813926,11.138960385680347,1859.9793603525825
1860,1854.9961923099213,1859.3651436577386,12.782989947726822,1894.3760430568495
3073,1860.062418452308,1864.5191030490537,11.318370125641394,1897.521557353758
3919,1916.8529819987139,1920.4202454784922,13.50508398648414,1924.0816537755213
3056,1957.1158183183254,1960.546225189561,14.645766708768432,1990.0802824903958
3915,2000.6481080672006,2004.2872457716558,13.305398137118434,2007.7357432735864
2979,2052.1015882675106,2056.1979461024403,11.214512996815287,2077.5476298328585
3782,2091.5191572725053,2095.139258544341,13.339083309598537,2098.5850396739984
3773,2105.2535401664168,2108.5985777884753,13.344166103660509,2111.909571658934
3054,2214.0578536749836,2218.2765889029447,10.947067950894587,2222.1670671952784
3062,2217.9091452036937,2221.4154350386602,13.346159339001918,2224.8937369293735
3764,2289.2386821587593,2293.51778969331,12.442963355253868,2297.3828603121233
3084,2298.969962249213,2303.2324247217084,12.926500418477955,2306.9676656000197
3009,2303.1955352279524,2307.1951372610583,12.189334138853553,2344.594597667856
3886,2363.398215306004,2366.34017474758,16.02688639873514,2369.1823464686927
3055,2393.055092829466,2396.412907065914,14.113231493277944,2399.893280571176
3037,2418.41971257546,2422.069133273553,13.363852024874461,2434.4964114171125
3767,2452.3279719559537,2456.04089449518,12.546959028948953,2459.7342352436413
3059,2488.638866462653,2492.2235550079367,12.541504765189217,2496.368636829017
2968,2492.055842660431,2495.261959580276,14.566149222055222,2524.324804994335
3894,2542.0700515651356,2546.165390193432,11.436249950366214,2550.070981573715
3763,2543.879350920983,2548.0002273097316,11.584707805592249,2551.875678043581
3023,2571.1887219150885,2575.2423209099743,11.76171480797141,2579.1873749479028
3103,2575.1130039696063,2579.274713577832,11.208238800352996,2583.784003859215
2963,2596.015966380892,2599.444382023941,13.402759157930719,2614.534944697263
3864,2628.983506189666,2632.341590986067,14.031352493831113,2635.6289735199994
3826,2634.4156729294814,2638.554852087023,11.613475581268125,2642.6142718425785
2961,2658.990735528103,2664.2930345971135,8.463789664293813,2669.381957513709
3076,2669.3965642777507,2673.535113869674,11.496711843502034,2678.042820709358
3871,2721.793953355472,2726.0011651238765,10.66833542265632,2730.234174285863
3081,2752.837680478406,2756.3794065641296,14.25060217995474,2759.7179818979566
3089,2768.17154331594,2772.0185978314307,12.593407306236973,2775.866901557596
2964,2775.279116145721,2779.3998552247435,12.02289949569988,2783.846145895544
3070,2777.1511773628304,2781.20183488425,11.216522005220066,2794.451448294094
3891,2812.009423916673,2816.1208427427414,11.542725292025395,2820.156385552598
3007,2839.4619024616586,2843.5294280707562,14.054487018541153,2846.802762285231
3092,2841.4530384330183,2845.3195153155984,12.832475139948677,2849.192598785756
3887,2843.191066995304,2847.008680894034,11.599799750176727,2851.7227043733383
2982,2849.0532689320967,2852.5194859001613,15.611550789134027,2887.42577553978
3022,2855.076906911697,2858.567550803071,14.063465274757533,2889.8789608291495
3001,2865.214721801702,2869.4147157904686,11.770199930631081,2892.1113217400116
3884,2883.954142686784,2888.193028030499,9.791992717856267,2894.0410317387596
3803,2905.1421063923917,2909.013547353564,11.703267691765177,2912.8293900662966
2985,2928.764045411135,2932.6194094484276,13.609000797438487,2935.9128965797486
3880,2935.216687071422,2939.5663747012286,12.55014972316858,2943.362807127113
3876,2993.777903636185,2998.137835660732,10.778463303164983,3002.475293426089
3776,2995.580628243203,3000.0050329670844,10.53216710644981,3004.3845647160388
3866,3022.3975781238028,3027.414570119463,10.460080715240203,3032.1583120596265
2962,3024.847194271491,3029.308457032779,10.030775246563536,3034.2429877822087
3093,3030.857643390429,3034.190644458362,15.342799968381616,3037.996438986991
3099,3032.6154735702403,3036.299562206361,13.07639751101251,3064.25622740491
3072,3038.1647288169565,3042.272938372191,11.384661731434166,3069.798429914219
3868,3082.174296663214,3086.3226614583346,10.882355451899382,3090.4129243935486
3766,3084.0406875807607,3088.239149306303,11.866274071981797,3092.1958949921914
3791,3178.8026964394317,3183.0303154520393,10.842685295368938,3187.217601974689
3000,3198.87724743438,3203.044840535478,11.306649748393218,3207.1031624463376
3036,3204.9496668971665,3209.029955863222,12.153113732151926,3213.107989959673
2966,3209.5754300816443,3213.116289450073,15.131063777932763,3244.447733298124
3888,3264.404186534291,3269.0468021276956,9.575903769635248,3273.581080600124
3867,3267.617634062425,3271.35389387314,11.644018193154238,3275.473626004658
3799,3269.4508785816233,3273.299141936812,11.527286544366468,3277.3849660006076
3924,3355.5035068539237,3359.451841326378,12.175009405754041,3363.215862930902
3882,3357.3942341327297,3361.202894734127,12.650202059268683,3365.007418675288
2973,3379.419240307639,3383.4454916129826,13.380160260560574,3386.9164585037943
3021,3381.4918956488573,3385.355984619118,12.885753392985045,3389.1591235964033
3005,3390.3699767537046,3394.0227968932877,13.070301628033757,3424.3090022841343
3796,3446.39641119347,3450.0212499078807,12.9493173863803,3453.5747241840904
3881,3450.295605550639,3454.4878110038153,10.429006374045068,3458.781291491841
3783,3452.143750719123,3456.3474775199006,11.519412087918152,3460.70456426076
3874,3638.7986725325113,3643.0835265600476,11.599598019417343,3647.0326190328706
5039,3648.7544610993323,3653.020270372029,11.612148643428027,3657.0083185785393
5871,3710.5777419111023,3714.1161565489733,13.024590309938493,3717.610646934905
5887,3712.927985220256,3716.351522782465,13.205979629921023,3719.820255006181
5050,3743.1755390686035,3747.03388409221,12.917301032639358,3750.8808433803447
5769,3805.32054593475,3810.3252160471075,9.714670568021122,3815.0458362638465
4963,3844.8005672886807,3849.1632517147755,10.51701785803123,3874.1509649266336
4999,3858.65208392379,3862.141581116411,13.164627426439434,3877.344716705507
5775,3873.9115595364183,3878.061894472465,12.15808611206117,3882.0423053348113
5932,3904.037314262596,3907.2063871984137,14.976833990555564,3910.2635749707943
4964,3919.029758915021,3924.1230542567405,8.899176983522269,3929.05892167074
5840,3921.574454375677,3926.297363135145,10.69129019105863,3931.1326777010004
4966,4011.1426706032453,4015.11241602298,12.070112207801914,4018.919159482864
4955,4014.784741080804,4018.306386461589,13.039309121308815,4021.9131827097294
5026,4018.2159547120127,4021.4568539259217,14.098223523147748,4025.390976850627
5771,4083.846086470612,4087.1356847587817,14.484852621371173,4090.337796595147
5114,4106.922225004277,4111.166387050128,11.57861113518635,4115.649115073926
5024,4110.322169347811,4113.560044747762,13.531521409709756,4144.715806131139
5053,4114.128566540134,4117.514266614597,13.446219654337295,4150.162119666505
5011,4118.337335769992,4122.020882392078,11.218636877631605,4152.080881992168
5776,4165.295628437586,4169.314214400496,15.106440039190234,4172.384444824225
4988,4188.982233370567,4193.147007390529,12.08419432413044,4196.958930626665
5874,4191.234248449968,4195.054639333057,12.51726348202626,4198.884974783752
5051,4194.552116749199,4198.331373054265,16.377606571721323,4202.120436621364
4991,4196.761098934402,4200.542180679397,12.60349918089071,4234.714312934931
4967,4200.989393330422,4204.419897999342,14.067729879019957,4238.17743023876
4979,4202.801613986868,4206.348500879641,13.0544209934836,4240.7239835679175
5796,4342.12780973037,4346.254127037088,15.491679149892938,4349.35413536547
5856,4369.094212022852,4373.124387560783,15.542767573175942,4376.217433957182
5083,4401.060262896413,4405.489183890755,10.305005639572782,4414.695023564978
5787,4432.0886887715105,4436.304419908805,10.748820591276518,4440.534368214989
5765,4529.763694874426,4533.574093913737,12.92752565885217,4537.343108991293
5820,4531.546608892929,4535.333054843689,12.5859855852437,4539.10191403513
5002,4550.833122365712,4555.242805620003,9.536913360196154,4559.581291241852
5104,4552.94333029734,4557.181236008075,10.288372436891542,4561.865242357012
5067,4554.805620345033,4559.013629056351,10.243361358404464,4594.562792320357
5042,4578.893729918752,4583.341493983901,10.605713314203088,4600.0650608276765
5952,4616.270154720477,4620.106202512696,12.141777093051074,4623.839707505215
4969,4643.294552811865,4647.153459782126,12.576555225795655,4650.905957831222
5059,4651.186765644339,4655.465319265365,11.342837837417726,4688.150549998819
4965,4662.483163113317,4667.4490272720495,9.418576261039155,4690.649717705172
4982,4664.4409434416575,4669.443441264506,9.64713607193209,4692.8278202142565
5792,4800.716030643368,4804.313402645421,13.936592251967955,4808.269692483776
5089,4821.156433774571,4825.029200647934,12.89129485641069,4828.664665105804
5081,4825.089406120982,4829.237428065016,11.632135375179827,4833.348552015074
5052,4829.4334035898455,4834.3885055365845,10.107037931475837,4864.391932362791
5008,4831.495330717929,4836.391012606008,9.247490676827216,4868.194278743465
5778,4887.917024512801,4892.103416297199,12.075854381873777,4896.175743323105
5795,4895.4812164245,4900.455465977728,9.589668751138923,4905.234043625053
5037,4916.54293813448,4920.120266493703,12.41624894465758,4954.4548921028445
5773,4972.208670675016,4976.370059549417,11.768970195389873,4980.48065318988
5866,4980.379914300709,4984.087335657385,12.73485973957673,4987.639031571278
5858,4998.940968343822,5003.033257578813,13.099816866208855,5006.828831580612
5099,5007.2970215975365,5011.241881400678,11.75314046718837,5015.301147863592
5916,5061.248210362275,5065.026327743,12.03701181924679,5068.839916369043
4985,5088.807963921135,5093.033763726868,12.423043839946454,5096.742012967682
5069,5096.624104409076,5101.225712879085,10.787345653374423,5105.8785726021715
5798,5153.918319826903,5157.596297332017,12.853650337621085,5161.165829728866
5875,5184.287650407795,5188.53859930447,13.141261501198686,5192.245252725489
5058,5188.645872958968,5192.542719192421,12.612295449540103,5224.703387766615
5077,5190.424856451023,5194.3822385597105,11.263498281827156,5228.410962593387
4993,5200.993690972993,5204.437202694314,13.401827432819577,5230.958388988271
5045,5205.3053046513005,5209.2391178003645,12.078644900511645,5233.384997765819
5870,5239.8603256305305,5243.427476632139,12.569645319830665,5246.93377770394
5922,5242.663640492569,5246.378343689014,12.183157527413954,5250.0324583492475
5797,5244.40563853514,5248.136058260207,12.769026176859331,5251.802571799955
5777,5251.416009367252,5255.600045339889,13.38867325490511,5259.044702726491
5852,5269.311841332489,5273.30170146373,13.102284560133965,5277.035106259324
5006,5277.807633048955,5281.111858700723,13.64608293801918,5284.928595925502
5886,5333.027773235649,5337.028072115994,12.461851709259298,5340.854054104514
5013,5361.423749711232,5365.223023237006,12.451268153909508,5368.799878445702
5001,5385.348786566987,5389.2181438730795,12.43725349442119,5393.379158731968
4958,5393.988047789953,5398.084066026754,11.7754942961151,5404.264853819136
5779,5430.167788345675,5434.083004569135,12.093079677710488,5437.767745282134
5888,5436.933337718108,5440.53580143406,12.773349698850659,5444.071677225282
7025,5449.118653120648,5453.49118308107,11.418922975351043,5457.536226856864
6978,5451.043615105437,5456.322417840108,9.124945393297024,5461.37395435758
7012,5453.15295319519,5458.276589585766,9.528564504397812,5494.430729801776
5869,5456.698752419785,5461.019184301368,10.774806883292237,5497.474631992671
7061,5539.371354760639,5544.211303365724,9.52481335811134,5548.874382482626
7046,5547.648589603985,5551.286256771621,13.457527866832844,5584.17875251514
7090,5573.810503957095,5577.576495136256,12.654589458491325,5589.3726849069835
7907,5783.042572239204,5787.248192605394,11.534991654531122,5791.253476752214
7868,5784.864478385007,5789.0494475060805,12.446489355182948,5793.11285213209
7792,5789.10538354653,5793.025590945781,11.732797079615128,5796.801816543478
7937,5793.778929470591,5798.069174650949,10.821948406888062,5802.53156180412
6976,5810.734990153911,5814.5562869714895,12.784260793788848,5818.963496543592
7096,5812.892301564018,5816.475816072734,11.926270660536883,5854.395790450806
6994,5816.349264170047,5819.5884222495115,14.698674535033376,5857.641210692834
7871,5882.076095538442,5887.0261496527055,9.142504117569516,5891.905154734169
7879,5884.012964170655,5889.085937218478,9.346747717088874,5894.0278911387395
7794,5885.998327348966,5891.068416211088,10.135940836750278,5896.1766665459645
7052,5902.871327576556,5907.055255327486,11.05698448002457,5949.7322312066435
7768,5977.361388881234,5981.338828112425,13.980148704496834,5984.6678457630405
7881,6069.272939507168,6073.150609088885,12.52210163925933,6076.880343688916
6972,6083.24613057168,6087.108916228515,11.591569299718675,6091.44611096433
6977,6085.509010564658,6089.150758347091,13.092108060278775,6124.3118791658835
7065,6089.013508090836,6092.581246671188,13.40700463632159,6129.954813499034
7009,6096.761514603249,6101.020879563823,11.371620478468813,6132.173812945692
7909,6150.834032393594,6155.309212638198,10.838856970968173,6159.698136538095
7785,6229.5306771958885,6233.139041734815,13.791925663189689,6236.550196595484
7014,6258.891827900244,6263.401635189571,11.030468749688405,6267.691214064445
7796,6322.502281703493,6326.431140272535,15.914671146348084,6329.350714549941
7766,6324.6193131826685,6328.320541383394,13.112749594925527,6331.7567470194645
7078,6376.5958500830175,6380.484234884014,11.486135027345503,6384.748470990362
7060,6378.37820312332,6382.321575719316,11.62689825823593,6394.254916037747
7783,6412.073709294069,6416.209789486019,13.925000944609199,6419.42326963483
7076,6440.5156779388335,6444.352837598544,12.924644524771965,6447.984108089327
7062,6444.653623628665,6448.548602779643,12.21505823235028,6484.434386051217
7943,6499.745615569198,6503.412373919708,13.073969539350959,6506.961046274833
7915,6501.423727496179,6505.131954608395,12.094541247872204,6508.640365152819
7882,6511.953814363785,6516.4317022222995,10.549304198640252,6520.79891553251
7910,6513.76243616111,6518.359775001992,10.605003373108785,6522.672910031468
6998,6535.330430794294,6539.4761868562555,11.383989880352704,6574.354424664697
7027,6538.903224697521,6542.054683814657,14.146926515763617,6577.527355854833
7773,6589.7131297114565,6593.144318151618,13.887277697996694,6596.452513972036
6961,6637.521990024994,6641.16482021362,13.02267682409467,6645.002275153721
7073,6649.261110118611,6653.416766457744,11.837885752243945,6664.738446361093
7795,6683.33186322977,6687.42698235902,11.376194312789794,6691.304608531244
7894,6685.150998207854,6689.25728529602,12.18290653127071,6693.062458087363
6990,6711.104023630775,6715.093500012072,12.762764030147652,6718.877244715076
6996,6730.586490852214,6735.176908942695,10.697632690307925,6739.835125088247
7026,6743.970068900589,6748.296320205148,11.272584472185567,6754.435167635531
7863,6754.76319269816,6759.264815559636,10.14067269481667,6763.710042190247
7789,6785.203592508273,6788.457415370375,15.014469032504818,6791.653175903436
6968,6813.694898171917,6818.073137277544,10.682556881185022,6822.419111608881
7004,6820.7541615195605,6824.104597094553,14.082773860791125,6828.035007611067
7876,6863.347171139381,6867.371687160739,12.245106695404234,6871.22814335163
7775,6954.265851812787,6958.413358140598,11.61097693780705,6962.560337231233
7925,7043.832987384718,7047.434150273759,13.340535728741283,7051.066461896102
7885,7075.1169190796845,7079.251667818671,13.437552739659033,7082.930371066488
7040,7093.505160044945,7097.426620751347,12.006716162521837,7114.239068782791
7770,7132.25489628126,7136.0465236907585,12.274869758838912,7139.763627660959
6974,7161.219981657706,7165.231406695711,13.871234586262489,7168.709250276596
7017,7177.947220815449,7181.370013630464,13.45469909267926,7204.65001057759
7091,7185.142553001362,7188.578359948556,13.805612957511075,7208.001660288506
7798,7221.339989767841,7225.238197545383,11.089248363453086,7229.364306750726
7781,7234.203482397479,7239.188725368332,9.958317042746163,7244.1577000476345
