208,192.5908132579426,193.49539570010884,11.551342072245156,194.37927132885727
214,194.44385708710996,195.32239436848113,11.451606409988441,196.2124121160438
229,222.64353135085588,223.37969095653048,13.52374887424813,224.1292915335475
1555,363.4356253372112,364.5071136757323,10.236095056147272,365.47521049268113
222,371.42042615473923,372.2159241267528,12.494795033725453,373.02144515545604
257,408.4042958005092,409.4543910792224,10.010654924347115,410.41822787909246
252,506.6546512405993,507.3865014120022,13.731811428116803,508.12670496153765
1412,544.0009891382941,545.0447758844484,11.30827846236153,545.9349640774392
166,588.9010704025832,590.0736578267713,10.826755325519063,591.0032883517932
1570,636.124105731843,637.1214279836456,11.488639462527988,637.9976410463915
78,763.3992351111779,764.2158451759893,12.006942419429661,765.0539512907778
1559,817.596371930863,818.4501943118593,12.721287780109021,819.2177508475821
236,822.4871659577595,823.317293528198,12.103458924327398,824.1420915418539
255,824.3006588361845,825.207708875729,7.628532530082127,826.9389064353709
248,913.1031258323711,914.0233987329214,11.363172605269995,914.9092865320364
221,1014.3150292314123,1015.394129755524,9.42935214457424,1016.4613330767392
176,1045.9429052954765,1047.065570451533,10.822965951632122,1047.9956755646074
241,1048.4097444076424,1049.3679372961158,11.31276040709901,1050.2615287124975
254,1092.4170269226265,1093.28534543276,11.270491320331429,1094.1757221360554
1573,1263.4133049412048,1264.37659926761,12.031893551747398,1265.2028727467748
260,1354.0027265667134,1355.025694007634,12.186874979149005,1355.8517052687216
264,1361.2729695539683,1362.031646836533,13.291716023149267,1362.7889979530264
247,1452.4177545325144,1453.2701356740806,11.956145218060758,1454.1174828489004
215,1454.476212946196,1455.3194974160442,11.963778745989876,1456.1707283269952
226,1668.3391918848988,1669.3755827930056,11.069795386028199,1670.2770169817416
265,1670.324104218482,1671.2243407797796,11.467051825805257,1672.098937697392
244,1722.5987834876591,1723.4885777169734,11.253819413716299,1724.3730274658592
62,1735.6957049746757,1736.5551968393797,11.644891400834803,1737.3853367862985
239,1754.2341898152786,1755.0237440395385,12.63981288561697,1755.8201558267494
1252,1893.4985592379744,1894.5312378523633,10.99549870856657,1895.4182367830788
53,1896.2345175212754,1897.2024973373384,11.587202760248209,1898.0668248809845
227,1915.5918611002794,1916.3936872080249,12.780095304979799,1917.1877054423271
2246,1992.2307314703824,1993.0892109408494,11.604076396526702,1993.9567074676095
1239,2075.6910430816934,2076.569059526845,12.289357681838181,2077.438954210054
1253,2077.532718765293,2078.4472185788263,11.047106580974638,2079.3727903787803
2225,2081.5432541815544,2082.2636801355998,13.616084594222542,2083.0034666334145
2177,2121.5311618110777,2122.40534678977,11.078291064267296,2123.363426620166
2062,2189.1227260729224,2190.022141356882,10.924078897607886,2190.9436374449824
2236,2209.007841703768,2210.088324017257,11.407879249537158,2210.9707400868915
3552,2344.290199966191,2345.414314703056,10.450664492472283,2346.312573751417
2238,2352.1313725552804,2353.04213256797,11.793666831680527,2353.895683555455
2184,2395.1664271090344,2396.3518234101484,8.896663561206372,2397.923840108276
2240,2442.524642644157,2443.447201217489,11.103697775673822,2444.385051272844
2086,2457.1818419262004,2458.012790176748,11.924423948197564,2458.856981561923
2222,2531.5198357833115,2532.3114604798234,12.312423883862794,2533.1354021543784
2166,2606.668405518146,2607.439689689604,12.554488984990002,2608.227128516505
2271,2623.7157487573986,2624.4975227484847,13.18916440680701,2625.266010399732
2159,2685.06557695469,2686.0006623725553,10.986714888962517,2686.9169049502484
3572,2703.4743723613033,2704.447930152735,11.565513625784824,2705.3498011615266
3564,2705.5830826738306,2706.527619745152,10.967624592222903,2707.401764977569
2208,2724.8043492701977,2725.5327918528114,13.905044433265184,2726.2714797543113
2079,2729.5952419303385,2730.4867629984237,11.138231805290875,2731.3511259826582
3257,2798.6781408181787,2799.559403727536,12.102538268522522,2800.373529039596
2244,2802.1741366944566,2803.0189393034484,11.920848699601821,2803.863383874797
2266,2921.6830876728873,2922.412323073064,13.774369077432269,2923.14877715992
3574,2973.447045734208,2974.4917464012633,10.940805045333617,2975.4474644933894
2057,3083.5473029985515,3084.2680639136333,14.111311758229881,3084.9814275004287
2186,3109.1200697678437,3110.2102123833374,10.551377545707258,3111.140321512489
2235,3111.2809105276992,3112.3862182441376,10.085638402183703,3113.327542910272
2181,3113.2898023040893,3114.207991474458,12.151959426707235,3115.0340763455906
3406,3154.228735449098,3155.3576046157273,10.026974058175698,3156.3218262916157
3586,3156.378690615268,3157.3806212095305,10.943915568836974,3158.2999757586185
3587,3158.2136437961835,3159.164896716989,10.314146064135095,3160.1303786559893
3251,3160.5311002302365,3161.4539693099973,11.115760202328827,3162.3666312274654
2207,3163.243167997836,3164.270688215963,7.813853065171051,3166.1177197307625
2397,3201.383371923349,3203.0875136292525,6.087942772820108,3204.5949687198454
2243,3215.6242941403325,3216.3152166705677,15.11688497980653,3216.9811274044055
2219,3250.7958689097527,3251.4422496834163,15.719084598820851,3252.0801572374226
2265,3265.418974596086,3266.1659034808745,13.465170441605837,3266.913498620045
2241,3342.486925618509,3343.401270513265,11.027833800945803,3344.3340436238022
2237,3361.1353967867763,3362.1326860414742,10.09914410217669,3363.135439751424
2214,3525.3080008888874,3526.0981923922873,12.752674150791119,3526.887555929003
2087,3549.255602340664,3550.163293876501,8.474678041917759,3551.7486596213603
2223,3603.478676314099,3604.5146633853014,10.88100089304801,3605.3884341088265
3402,3605.5929047094846,3606.5006980082862,12.091775128478186,3607.3237097319425
2227,3611.805133360732,3612.56389151107,13.148848255439077,3613.3137374511384
4220,3653.751733559313,3655.2270971510666,7.6271901298359035,3656.414665629673
4255,3702.857636206855,3703.586927631401,13.999297955272775,3704.3022123546625
3395,3786.153480489291,3787.0837599118363,11.901016067197855,3787.9296117209087
4232,3840.2200194841957,3841.0217276882518,12.142255329889206,3841.8507743271794
5579,3874.101749321147,3875.2237392402017,10.833819496073355,3876.136524919362
5240,3876.0281746190203,3877.000435157833,12.12575357316097,3877.830610033935
4173,3945.254793577195,3946.242090138806,9.536654553078737,3947.2706384442167
4250,4063.445618761928,4064.4534272225587,10.02002512235543,4065.427122793092
4264,4065.4534227037007,4066.3916700360005,11.330717307466067,4067.3220652857535
4225,4092.367337807539,4093.1111979125963,13.358445007089452,4093.8647658589334
4267,4153.293498292865,4154.283014678847,9.81785316666431,4155.291237292942
4265,4161.165861988544,4162.0014311506175,11.604526266579185,4162.868894047336
4241,4188.294483422285,4189.264870935112,11.646210583598895,4190.136901367408
4248,4244.4805019963915,4245.39213327122,10.647319894886152,4246.3379006229625
4076,4255.431915702544,4256.3272133924675,8.80137436279745,4257.862164745797
4231,4422.265684038072,4423.150364810323,11.057178338839298,4424.056021181575
4251,4458.947095234845,4460.011039693637,11.915160783135164,4460.855887375802
4182,4468.544528451777,4469.345869668044,12.973664385705789,4470.123634846111
4234,4512.433844652229,4513.268598579772,12.384841930081683,4514.081020250209
4223,4515.246149193799,4516.136012936777,11.13606897960468,4517.042450244218
5582,4593.999189384875,4595.039117461412,11.304357087981327,4595.929614452253
4218,4603.411792841934,4604.178149940368,13.419128634023002,4604.9283101217625
4235,4650.145748525725,4651.023447661494,11.499466213579574,4651.898835769366
4056,4683.409783786966,4684.434479041844,10.677715215570824,4685.346128344287
5251,4685.494520908422,4686.377691263594,12.577496065633138,4687.185331293999
4263,4692.374934580923,4693.247608013093,11.408857787107777,4694.129798485587
4240,4696.623678812368,4697.521968551148,10.912841848981847,4698.423534006293
5239,4775.984473345026,4777.010832690502,10.634860096614577,4777.957389192309
4206,4783.295616156533,4784.014240484412,13.753755128379735,4784.7461493977435
4237,4872.376777972743,4873.235309393378,11.48175829542447,4874.119646646189
4243,4874.24362501896,4875.1276541765965,10.950191854674006,4876.0461984179465
4159,4927.586783690512,4928.459040049211,11.68909044127945,4929.339657031214
5580,4954.0699208517435,4955.205195326937,9.987641231082366,4956.17967846303
4230,5010.490837014054,5011.267537216448,12.732637764943654,5012.058514943131
4228,5012.309668545112,5013.078379170137,12.401483915855083,5013.890096222593
4100,5044.030274748451,5045.1209091104365,11.442388765360146,5046.000640388508
4229,5121.324877400072,5122.058657886612,13.417420451585162,5122.808913571494
5252,5133.366428405698,5134.471528392024,10.287109037421253,5135.380338307829
4261,5141.489980778346,5142.269732898262,12.950542826616571,5143.048676232727
4105,5160.423181198442,5161.4297986036845,9.557481740242533,5162.912866674331
4062,5223.9361931121675,5225.051037197759,10.83250714250138,5225.980323081241
5405,5226.070151261625,5227.077177937183,12.334079500374287,5227.893330935866
4258,5313.925201859667,5315.064182551258,11.14131606382211,5315.967710995527
4269,5352.583044398615,5353.314650701378,13.698342604940155,5354.048975845103
5398,5403.387286692338,5404.394436629086,10.980986533352922,5405.274574986088
6238,5448.382690239941,5449.382710113377,11.594936544701351,5450.245048227991
5566,5493.969669895689,5495.109389662803,10.476848773664859,5496.057602441171
5392,5583.403656349862,5584.418835996298,10.764034920206509,5585.308621398456
5409,5676.196727949433,5677.1443175937175,10.925921619078542,5678.066268834201
7254,5678.340337430473,5679.232383796252,11.627325751046891,5680.0962371902715
6232,5780.190257936405,5781.015614602142,11.910579298450386,5781.860787260668
6236,5818.562160413023,5819.312311678188,13.095791463385538,5820.085322322582
6237,5905.392692383782,5906.020539630778,15.868087618334872,5906.654925841164
7569,6034.115241446668,6035.2269448402985,10.753976312921274,6036.132482178585
6260,6043.7180626992895,6044.565656629473,11.90839804754305,6045.40689238602
6164,6094.338329929352,6095.088191154175,13.914050808101335,6095.8116681709735
6253,6123.934195844817,6125.004523346764,12.064269305486414,6125.838929120984
6241,6132.226279333526,6133.0893281503695,12.135556623658788,6133.918832414774
6207,6135.734216626796,6136.500087134055,13.233745475644575,6137.252246520809
6185,6269.869192286454,6270.514456946392,15.67293115146688,6271.161503688962
7577,6305.980493267305,6307.022039789357,9.69762242515643,6308.065115518633
6050,6309.9301992198325,6311.048398643435,9.661265093921832,6312.098732218766
6263,6402.230016837231,6403.0929228863715,12.595784111505795,6403.89211854431
6054,6413.52640186144,6414.260645546281,14.386861040175926,6414.9603461927345
6105,6416.34372812423,6417.115577076733,13.517930762888092,6417.8602543610605
7261,6574.092368791525,6575.199976215961,10.362806966943868,6576.147389731272
6245,6581.482031769703,6582.314261901641,12.789723607141955,6583.107286908626
6266,6585.287861342546,6586.070043203678,12.377509219993177,6586.883332516684
6239,6673.121979551825,6674.095076147295,10.437986808589821,6675.054120148163
6226,6678.855464195464,6679.609810031012,13.442044847829912,6680.368568974303
6259,6687.520592794943,6688.432429792262,11.076455168912345,6689.343898560956
6378,6709.067527396117,6710.108714252312,11.250802546018596,6711.003674391428
6231,6774.434189771756,6775.3688699457525,8.15095264646482,6777.224780300004
6265,6810.8358479972,6811.557509002482,14.014901987646255,6812.26550262722
7240,6843.517714825442,6844.536415118126,11.091523315314323,6845.39110285297
6224,6942.2718520775325,6943.200480085745,10.625658233686426,6944.146501758162
6369,7016.397279191276,7017.362503622589,10.786435529951179,7018.295379638908
6221,7018.319058181419,7019.249929142908,10.779045520904841,7020.178135466531
6166,7101.973128862022,7102.657734611864,14.693263609029811,7103.341180582742
6235,7121.572142880917,7122.313519063524,13.051686776205209,7123.090392245184
6264,7162.232768277567,7163.226181377088,10.689524524737408,7164.178793970025
7249,7389.652868417105,7390.491705645451,11.41199577754483,7391.330544591275
6219,7393.272080047474,7394.262164371412,7.8192234200261534,7396.395052276025
