1771,134.82619732353285,142.10150955193222,12.78691826509259,150.4889334307841
1832,256.61020294202547,263.3199309941068,14.89974615832454,269.3457952050283
1807,393.8933953488948,401.4838292715571,11.235274877447686,409.8121269533065
1566,395.89964654570633,403.4325821571662,12.43896060029899,443.5721040412182
1564,398.11748606883833,405.2088139668376,11.314022790377276,445.82139846411496
1763,545.9867763058767,553.2949459617322,11.870654415342358,560.4076065688382
1801,670.229634641447,678.1770359700633,11.486951563903219,686.7722555800962
1840,672.4721232757894,680.5077881873003,11.789692255737855,707.0389850244067
1578,678.257692108428,686.4312342731915,12.536036427746874,713.9121840273706
1802,745.3015206741067,752.337080543355,12.28229284590281,760.3423102335091
1768,818.9396691327696,826.4552868025481,11.134888625647044,883.2648269400071
1835,820.7052225448112,828.2525452347248,12.375858161955485,885.8226580342721
1792,877.4459293644222,884.5884686217947,13.70586583397523,891.0723770146786
1920,879.8401156332151,886.5076407401909,12.960591010833273,892.8059607394182
1780,881.6139773906214,888.3691545183711,13.238956169275143,894.689580862665
1556,883.6277569548508,891.323015532764,11.386479769412805,898.5569711092741
1580,887.3182843788459,894.3865144715967,12.990693774073861,901.2825617099693
1571,889.1757358086078,896.2628113857083,12.541220469784912,903.1863572233405
1520,890.9613033579608,898.0006604638984,11.737104214185948,904.9462976172824
1907,892.7575642356044,900.2090945074109,12.677922086904761,907.2531030246677
1581,1224.3332468601368,1233.1835306329224,10.805788974268657,1241.3150630956593
1551,1230.2084496977434,1236.3284802179683,14.769480770605371,1243.275485553596
1819,1233.7690422531114,1240.0133454026782,14.439663979280056,1246.0270996184397
1586,1291.7461761106283,1299.2411072879897,13.060161761934793,1306.8843446394262
1899,1296.1986913185194,1305.1637321154246,10.591739833448665,1323.5510733921012
1549,1362.6771016140326,1370.1110006915858,12.648967757517266,1377.7842814404148
1572,1433.4208484919227,1440.3367792205245,13.087446537712385,1448.5551916663064
1600,1435.2273278567766,1442.1281667577991,13.292490930694594,1499.3950840954824
1583,1500.5617289552918,1507.413917296321,12.69850239614396,1514.164471854401
1545,1569.413517303483,1577.1560757075856,11.144767713022507,1584.6641896634476
1575,1705.6313580674898,1713.193597217243,11.561435822270457,1721.6123185505414
1603,1709.833877371943,1718.5016029175838,11.226997875440842,1766.498920200223
1646,1779.194147407799,1787.3389336561868,10.424100771909227,1795.227783174035
3568,1981.6033738652677,1990.4539686751386,9.714762668538718,1999.711349081697
3514,1983.6189506096514,1992.3878898622543,9.35035847507678,2027.5101091946608
3646,2052.2480621741897,2059.522830626201,13.048906601229007,2115.3082673154863
3775,2058.2081285036465,2067.1223135633577,10.008710467146214,2117.829674796027
3833,2060.1901924498025,2069.0684558713865,9.566085481212873,2120.085863057444
3583,2119.382422687229,2127.1878021816797,11.388250986384667,2134.6654827305338
3559,2121.3498427298937,2129.205845952857,11.346305744336853,2136.466866133186
3769,2125.0023686671248,2132.2144216478396,12.222882367707367,2139.032461137771
3600,2262.377847494396,2269.1817693230037,13.217277550221223,2276.914574441384
3554,2264.256117560008,2271.412485289652,12.903230487042773,2291.222694586126
3790,2266.142799926875,2273.1782742321507,12.150083001180946,2294.031744090155
3557,2395.4038865289053,2402.3242246711434,13.564955805807205,2408.579331292103
3606,2405.8503073169877,2414.0435267912094,10.665507790637069,2469.24891340582
3771,2537.165875181565,2544.183946327579,12.467203638145588,2554.7944691154253
3780,2746.4879917977432,2755.2939196429224,9.918800382114965,2763.7173392297314
3770,2748.3431819394923,2757.265012123339,10.279819999937269,2765.5946756340445
3657,2813.828742638102,2820.554811776442,13.517425688284701,2826.8432468471583
3795,2880.6121599124212,2887.3883718813045,13.787734963721064,2894.765669657549
3893,2951.9474826236615,2959.1797796793117,11.585635226153816,2995.6904081903413
3809,3020.9942148902987,3029.0853968513848,10.744435422348769,3083.7712978742866
3802,3023.0402235195343,3032.303451237133,9.46527824811413,3086.131371886774
3789,3089.8497890817084,3097.511287725265,11.888007824216867,3104.730042765901
3815,3091.6795297523054,3099.3626203139866,11.448771001095285,3106.58480122921
3589,3232.025752815315,3240.188598333307,11.07986273578227,3249.2761105740833
3835,3501.81011757823,3511.0726834318493,9.288166485538598,3523.472783555356
3575,3647.0468831647613,3654.129563068686,12.452534524811776,3661.715968741343
3545,3709.050118870542,3715.4954748864584,14.23733203379086,3721.5546898645357
3786,3714.987190053511,3724.215168135958,9.21912274819659,3733.047808417612
5530,3853.28319132693,3860.1928243141747,11.37747045880832,3880.0303233740815
5655,3855.0027589319943,3862.024232326274,12.496400363349366,3882.296823448415
5535,3986.183450552255,3993.5329196892008,12.932812855290106,4051.303575439842
5573,3988.0312520638035,3995.2343984094455,11.084324595225754,4053.88989886768
5813,4051.779558628731,4059.179975481371,12.273697881639231,4065.978615251851
5577,4119.844676350513,4126.210262968858,13.91618136935136,4133.989557545467
5544,4124.455814455548,4131.293936275564,12.872909586451431,4141.891112738989
5571,4191.941274696653,4198.551273836969,13.874612594956433,4205.917606568383
5590,4193.655626997822,4200.301517645583,14.891425001521592,4227.307742427126
5565,4197.07759749124,4203.512446329425,13.526422188069223,4230.110745782998
5558,4259.103275204196,4266.323074225854,12.962809957815647,4273.990619862073
5594,4271.497934247395,4279.135842335799,11.788513622037366,4315.758547896795
5834,4327.65927392464,4336.482880492309,10.761429852962669,4345.025592416499
5583,4337.052134511612,4343.315861657385,14.708715531905916,4349.490525827093
5589,4400.41663430157,4408.331806005939,10.80140819196132,4415.97858155365
5588,4471.884163833727,4479.154625358201,12.383786528509617,4486.990596305168
5861,4534.773164414937,4542.219706551955,12.15497653747211,4550.584328703028
5568,4536.5827927752425,4544.051079303725,12.465201992735762,4579.155255857055
5911,4603.444821115202,4610.239413834659,13.095355346870871,4617.806886796744
5810,4607.8318858691755,4615.5696841438385,11.630474653985962,4670.02502686518
5598,4743.374160008935,4750.19148790386,13.84012543943024,4756.549489344213
5561,4747.29361017693,4754.012948734217,12.901084425395938,4760.402206510187
5587,4751.2257181071045,4759.437428191818,10.780776313135592,4767.337858201245
5555,4753.205751236371,4761.351490755808,11.058333711660156,4769.19186844149
5599,4952.450964616161,4959.39145851092,12.134054946575148,4966.120938568275
5672,5157.449360876556,5164.082063851474,13.714759817698383,5171.775450992265
5802,5224.132060278259,5234.09788140398,8.957990464188855,5244.297061758918
5768,5226.453338571958,5236.080362054046,8.486209620817535,5283.095405977098
5790,5228.483306440988,5238.154909843244,8.99976827050251,5285.387057467758
5525,5299.325684333726,5306.106084905056,13.024681256113015,5312.5963576360655
5841,5303.817013619151,5311.479877769795,12.370856194597303,5319.91403138388
5784,5373.757084588883,5381.421150889115,11.60454304829749,5388.818108410769
5529,5502.891530756772,5511.290490014109,10.541609508480724,5547.300461687015
7573,5505.015964044598,5513.250586074727,11.607044078609007,5549.900128177687
5766,5569.198532986644,5577.18475473145,11.48272731975754,5585.718758811001
7568,5577.113526483659,5583.576357107279,13.488149554159719,5635.33178239779
7512,5707.602254016675,5714.3387850227955,15.073957615754281,5720.528515381516
7849,5776.259699757239,5783.097192083852,13.349982243456296,5791.197081078704
7588,5845.319583693562,5853.505999047361,11.115326243819535,5861.778320999566
7529,5847.31675968131,5855.3756820645485,11.043630512786779,5899.3185811181
7582,5849.659308262832,5857.228496926738,11.372065231556203,5902.104670804364
7828,5918.238275290805,5925.335758219848,12.364064889197287,5932.146858202063
7560,6054.566616121295,6061.563234926605,13.23891233213293,6075.782530960766
7806,6056.695285728527,6065.103531405836,11.148068319237149,6078.391285869278
7547,6195.223575134352,6202.287665754356,12.508079611231556,6251.404677112037
7558,6202.609907053975,6210.206504020243,11.804225442130337,6253.899797824322
7562,6204.466833651243,6212.13033025162,11.203502407415417,6256.050708018891
7799,6206.206381052407,6214.03794639812,11.489152198072963,6258.298326252078
7917,6265.663642017548,6273.003346056554,12.746950765743007,6280.062591831637
7551,6271.4688876643495,6279.36973599821,11.649011258584228,6287.78236610228
7843,6333.294891672645,6341.347508575997,11.453679893711353,6348.910245254563
7554,6399.762341863638,6406.416656788502,13.175484391271207,6427.6185592395295
7784,6468.756881521668,6478.339269105718,9.134566255400136,6515.114376767807
7822,6471.012315744698,6480.374742900012,9.298370555205937,6517.755729020883
7771,6472.978489153665,6482.369026411098,9.238493415816322,6519.884927274485
7596,6813.684416871801,6822.073377628245,9.844996082866857,6830.861849788963
7527,6880.813800750588,6887.522438241424,14.767172413530451,6893.311626978529
7778,6886.4212188421825,6894.529269095102,10.97284872377003,6902.25774683532
7803,6888.261589274598,6896.392943980434,12.534228682901542,6905.338557103044
7607,7025.838591464936,7032.532356596674,13.974013874748433,7043.378138339816
7604,7028.104687147845,7035.314753069494,12.947928583613617,7045.686843104016
7548,7087.132236739168,7094.451029271009,12.339626179160591,7102.410112119067
7902,7089.400301975417,7096.2545923708985,12.8629736511141,7131.085077580949
7639,7158.617556301519,7165.496594299256,12.942389982803448,7219.330827343893
7818,7231.953851376691,7240.291994524241,10.67056746199105,7248.066949328233
7767,7233.81205894779,7242.107247251012,11.177549259069634,7249.900471671237
