357,203.11497724171096,203.50897292542805,11.710453176556907,203.90296860914628
374,256.7990261699125,257.23011070984114,11.667736854055695,257.62554883667417
603,258.65410581556273,259.0549633437104,13.046153902113446,259.40862067755506
850,264.8252861607785,265.1950966863972,12.842639107211609,265.55435835897333
881,272.9542574014442,273.39452241266474,10.44002523877471,273.836462724151
608,396.12483311955543,396.51856321002754,11.71835254044647,396.91229330050083
833,463.7476488389925,464.22058616911914,10.450302864820614,464.66209184274703
841,670.5522158328054,671.0075360990747,10.395821691547795,671.4513555625905
825,672.8230621959577,673.2681568048199,10.570125892039695,673.7046575667856
315,738.0615037888213,738.4588699511671,11.611124557498762,738.8562361135142
574,810.6093194066486,811.0286535071366,12.125708141329575,811.4091564808328
155,1019.7499778332319,1020.2549568765207,9.343008028065185,1020.748787984456
401,1097.6788131795972,1098.0392063252082,13.928626929439085,1098.3704570672462
388,1228.6795851597744,1229.1909987616277,8.66167841197912,1229.723674738095
611,1233.678664179361,1234.0972165202127,11.027439498069176,1234.5156153703497
312,1437.8181807434635,1438.23953337733,11.411849178021447,1438.643838405724
333,1703.7674727308543,1704.1499062928065,12.16130504255471,1704.5292955104771
864,1709.8307054134737,1710.2483005169615,10.884845745204537,1710.6721804794295
368,1774.7564171763906,1775.2113605080826,11.379562236878924,1775.6168126608022
598,1916.9755294359359,1917.3382740937968,12.826387495518848,1917.6979909671222
392,1918.9666930585058,1919.3682839401797,11.527896975255668,1919.768518954064
372,1920.8249972608598,1921.2151499459392,11.868357168861628,1921.603903666467
874,2055.7900826230534,2056.101472987213,15.193809329888586,2056.4051406130056
2343,2192.7886745983496,2193.1925880977537,12.047011652184102,2193.575576687718
2136,2407.7372844092424,2408.131509572645,11.546464805018672,2408.53110097
2825,2533.6481935803395,2534.086668167376,12.570101192733842,2534.4537191509125
2610,2609.111986766814,2609.5059599230617,11.711122782766129,2609.899933079311
2583,2610.914486954982,2611.306333321375,11.613799601566626,2611.703607957087
2367,2671.658607641842,2672.126587958477,11.105478408537152,2672.542046693006
2582,2740.7513104498134,2741.2153586156683,10.640423499260717,2741.648975567688
2574,2742.660787219817,2743.0674191639728,11.453032763403503,2743.470270365158
2572,2745.05851967714,2745.453531716143,11.68032249745989,2745.8485437551476
2156,2811.784941983733,2812.1769706480654,12.889942220203535,2812.5349139132195
2836,2880.7622482962233,2881.169723758764,12.650622713007964,2881.5344384538917
2307,2962.1006700325133,2962.502880520943,11.471277201029974,2962.905091009374
2362,3020.880953947757,3021.307840583965,10.818987676535896,3021.7343008170196
2561,3155.0035862256764,3155.425628843632,10.932232456263282,3155.847671461588
2381,3166.624335426713,3167.003576937943,11.7313260824889,3167.3968716067216
2573,3361.583310228337,3362.0290456169078,11.853481290750267,3362.418287215454
2828,3430.868501862895,3431.306326475512,11.25020784346822,3431.7164404991945
2154,3432.8419843428696,3433.2427485661365,12.316749661043282,3433.617349668937
2345,3499.647645899488,3500.017034230366,12.782681942259192,3500.377981019685
2589,3502.7267965521187,3503.0773997515425,13.136390119191645,3503.4286277498045
2566,3506.9068793752285,3507.2887438731013,12.263882239258406,3507.6649598148347
2575,3508.7530441398007,3509.136863455026,12.485935605985105,3509.5063886673565
2340,3775.116132096929,3775.534097789054,11.038867765626888,3775.95206348118
2569,3915.678358473357,3916.1124589415863,10.782915133442147,3916.540345830136
4609,3917.683749115411,3918.07413158815,11.941343588904802,3918.460509215726
5327,3944.9564771312744,3945.3302632812974,12.411733237562077,3945.7019976650163
4361,3982.734922421145,3983.16393878123,11.869888234538587,3983.5526423574374
4305,3984.642570757953,3985.064088051514,12.484335587821743,3985.433660622957
4144,3988.189257487699,3988.5376974271644,13.241501571286074,3988.886137366631
4830,4051.5689141936946,4052.064662506048,10.486640691772484,4052.50463829444
5309,4073.756134584621,4074.327945623133,8.85043971101232,4074.8492607392855
4570,4191.809955205464,4192.275654200517,10.118133763575244,4192.731654102649
4569,4258.742743580283,4259.232959361308,9.489128991022614,4259.719186075088
4585,4260.971920707626,4261.400082481496,10.822599088082352,4261.826400408308
4855,4329.858188860193,4330.243748222798,12.534316035845606,4330.611847127657
4606,4952.140607566891,4952.516142718715,12.286114851123582,4952.89167787054
4362,5031.7771627915,5032.150571891742,12.965214766531977,5032.506437034668
4821,5088.936196025298,5089.358213123066,10.984170447120459,5089.778260137828
4572,5090.857975524524,5091.256815327422,12.174481586157212,5091.635793928958
4563,5092.804168396958,5093.233891714179,10.966846134722669,5093.654602276657
4578,5157.608870092201,5158.03395304981,10.482194255684787,5158.474115471285
4333,5161.813774511866,5162.185709844976,12.206327714627319,5162.563699696946
4352,5163.80380122155,5164.2146587891175,11.460624468951199,5164.617243135062
4822,5226.716562594202,5227.141281004309,12.065183033335837,5227.523692774873
4877,5229.019538499801,5229.370160541134,13.159092874990666,5229.72078258247
4574,5230.989235600806,5231.397705127878,11.288852891709688,5231.806415211197
4308,5364.8386075111,5365.261662957751,11.527769465270692,5365.6619023986805
4560,5366.69107808628,5367.114480463849,10.820681246374352,5367.5408739506265
4558,5368.545170247971,5369.006443637877,11.070960588630621,5369.423197718881
4315,5432.0418396034365,5432.457150867783,11.109421780761544,5432.872462132131
4565,5433.978083874339,5434.391069820501,11.268610228880583,5434.8005141008725
4133,5507.20800444955,5507.586282565698,12.197025968376918,5507.964560681848
6313,5776.659709913534,5777.110506740802,12.080815606906594,5777.492423670592
6575,5844.012832138458,5844.398729381474,11.956208782082392,5844.784626624492
6582,5987.833677597915,5988.211374763406,13.147960597239324,5988.562293673744
6147,6121.598821419326,6122.081118842625,10.682345105528524,6122.513034115945
6328,6123.609213870854,6124.045514343068,11.225902182978007,6124.4565163214165
6850,6203.945447017512,6204.3253663973255,12.208256382135867,6204.703296534237
7329,6247.095422804472,6247.4750265999555,12.154430648052163,6247.85463039544
6324,6403.739236788997,6404.133351265412,11.519533717780849,6404.533876852557
6337,6539.639534646701,6540.01546808101,11.675173675809706,6540.410654322694
6320,6676.1000234391295,6676.526844941176,10.809830300995785,6676.9536664432235
6312,6740.979342713346,6741.33526172062,13.109533152177235,6741.6872092653875
6578,6742.856077150087,6743.2191304052,12.840293800971187,6743.578457697665
6560,7018.658188661256,7019.135724340448,11.233881435176894,7019.546434390449
6352,7156.705446877071,7157.185099630574,10.500110067525656,7157.624511024957
6363,7158.592258279921,7159.014207347124,10.098352910664925,7159.471100470861
6333,7227.819610387078,7228.228861600675,12.286002365142323,7228.604400190758
6845,7294.609662063314,7295.096902632485,10.527225920642598,7295.5351821983195
6595,7300.177720799047,7300.540713652227,12.710630431194376,7300.903706505408
6617,7302.041256247747,7302.446594418092,11.382762205714341,7302.851932588438
6849,7376.046796411415,7376.45116775378,11.409977717356055,7376.855539096147
