924,221.9029206270178,225.20853825175547,13.450798797043538,229.67725595224005
1175,294.7378324077757,299.36166109098525,10.170752217136796,303.8188749753303
99,635.7255035885955,639.4339220380506,12.699896743999386,643.059770755965
519,656.5288059282894,660.3919313958157,12.485028580281728,664.1216872518738
1155,1021.051205089996,1025.375791149019,10.216687125611095,1030.1202503103632
16,1273.1970654003603,1277.372934046579,11.658881063919942,1281.1641601175006
673,1449.714507160805,1453.4763639160876,12.193685319271875,1457.2026336408462
6,1537.5523255887433,1541.5229564195038,11.81005779609485,1545.411404885193
938,1546.6587733103556,1551.0326124347753,11.114812458019577,1555.3486349420277
103,1626.3055325527855,1630.3275306908342,11.434326203454503,1634.3230049684296
93,1628.167057486162,1632.1719345314514,11.337868413493977,1636.134706145289
24,1716.0607310227265,1719.146070350159,15.712157030978252,1722.1475443665422
105,1808.450074973193,1813.1511752050417,10.728228475391923,1817.7076768145632
94,1812.374643814475,1817.3552922927022,9.340968125383508,1822.2412582359837
786,1816.3476119117972,1821.2673000851735,9.800306417538078,1829.540353333359
2106,2255.70941650219,2259.3934503024207,13.320843193332133,2263.0682418822635
2102,2345.8304355159357,2349.2909545846387,13.191046663361888,2352.680286673912
2689,2349.327343528704,2353.092631127409,12.32188444509717,2356.8934288181076
2499,2375.577896105034,2379.157477283034,13.30197730029037,2433.2019815377485
2024,2441.864697790387,2445.463953614612,11.812649576777988,2449.3021532871844
2191,2526.0481086548193,2529.6075577414063,13.278163484200043,2532.979667579564
2250,2619.921464467328,2624.3140975163433,11.609080789344288,2628.431017555687
3159,2891.8773623584393,2896.2774419091193,9.759324522889182,2900.807545240238
2502,2977.6116780187567,2981.3725600647654,12.361844295296105,2985.1960468907023
3295,3065.843677632806,3070.107332756047,10.746510475618054,3074.2241354196567
2268,3068.007182790056,3072.0304734429214,12.176279917328381,3076.0411540365326
2009,3072.419530329012,3077.4048757189626,8.81265822246305,3082.4631546733867
2249,3074.493571105986,3079.4096212571962,9.629929477210238,3084.356725368702
2254,3247.7005647190526,3252.17495504621,10.720023576235672,3256.3482327947295
3158,3281.3249331851794,3285.162604845089,11.646501886935043,3289.7851522021815
2101,3335.8097457161994,3339.221760529844,14.874370060057084,3342.3352516101863
2176,3427.4527386550026,3431.0862325078833,12.666468325145377,3434.7471428468134
3284,3456.7904282383606,3460.4020430882324,13.407429223462891,3464.5704591383374
3289,3526.1616066175775,3530.045942319968,12.3827071394489,3533.800682489493
2175,3607.697240666982,3611.1041103514126,14.18675468774806,3614.365374089929
2248,3709.894070259365,3715.024107052417,10.833634255982554,3720.210214720581
5181,3795.923081293801,3800.0733549078413,11.77816738239837,3804.2073303134393
4946,3877.5377273404,3881.0541433613084,13.212363827706593,3884.535714988654
4008,4061.9067376906114,4066.137647751097,11.2497304245235,4070.2901309380163
4022,4145.792531779578,4149.238952480926,14.417307355857242,4152.563224126907
4246,4327.80868393659,4332.166470044148,10.753902009613695,4336.496823322794
4506,4356.559579930532,4360.043294925023,12.843510420742325,4364.474480374112
4249,4417.880936928152,4422.2987637849765,10.590272329073064,4426.496310018436
4163,4421.895209052346,4426.272082609013,10.074926266426779,4430.685324270011
5165,4515.358930648328,4519.516491893528,11.199081488900731,4523.408954526442
4497,4633.50055636176,4637.16104266973,12.183226865562192,4641.52607017697
4779,4685.988944215842,4689.5433761826525,13.942116225700486,4692.896645011688
4185,4775.792134286288,4780.117093103817,10.53121961915446,4784.174172278691
5175,4868.396564772977,4872.436331665296,10.509632450222066,4876.924456550124
4780,4870.164172579059,4874.267020092294,11.455535570971579,4878.696343698695
5197,4955.718165530266,4959.554553985392,11.914565346559327,4963.3710461840465
4015,5137.903865012103,5142.079351468832,11.367468962601093,5146.328377023059
4192,5315.962078493717,5319.302229641825,13.93653581065017,5322.520771990734
4521,5411.256683397001,5415.331859996731,12.382754787468288,5419.447792278826
4942,5442.871906155746,5447.093357086495,11.126613170242194,5493.261989339835
4101,5496.381992023283,5500.442047110196,11.264382982321823,5504.444913575497
4169,5499.853347378518,5504.125069376238,11.673270102767386,5508.09237208599
7164,5587.781517908749,5591.4502859610875,13.537280885556592,5595.058487346257
4518,5606.087990180651,5609.502414716053,13.441711026943075,5612.838977663652
6509,5770.192414507075,5774.4268709943235,10.196895710150057,5778.696074578843
7293,5855.488366216302,5860.12514221589,10.126725141503243,5864.581115515921
6008,5857.4961003387225,5862.05781383538,9.836671079920812,5866.5743167477
6179,5859.473777587531,5864.006863596527,10.450770617073355,5868.552108728896
6779,6068.598824832664,6072.169740272476,12.666779111204882,6123.272110516667
6512,6136.260423267666,6140.466716547279,10.940301589047094,6144.549517212096
6269,6305.922937344457,6310.347408660133,10.83210974485473,6314.731278805633
6006,6309.635063787645,6314.229868513664,10.279202903949049,6318.489249673283
6167,6311.560523686899,6316.183252666339,10.940452082745654,6320.335553174328
6014,6488.198206419863,6493.347668487897,8.638519697594415,6498.365441899709
6173,6579.49006666709,6583.034527329176,13.354615179490843,6586.464487149494
6692,6665.889437999606,6669.3557027365205,13.69469196251291,6672.673943982495
6005,6755.932137089032,6760.383794781157,10.471763924926265,6764.684217852457
6268,6757.81709838062,6762.298787902818,10.242930305314477,6766.629571001738
6021,6847.802151392414,6852.00528841552,11.219763817003336,6855.991401720556
6495,7058.69943216573,7062.474496323691,12.668979976773791,7067.126774493545
6249,7207.398817217055,7211.156179673962,12.918230805508525,7214.802824038035
6102,7209.744242350314,7213.276274833161,13.18886308498907,7216.7425574104345
6168,7211.598154507692,7215.52327025093,11.80654435405631,7219.319277220366
6780,7213.437431836929,7217.366997336849,12.032350329523391,7221.156971428415
7161,7221.217407247378,7225.296293531315,12.096531635831253,7229.319765322923
6254,7299.623168432322,7303.555100247505,12.67031378541697,7307.467398837739
6511,7320.878149031255,7324.468273327973,13.776326407629586,7327.860273272486
6515,7326.513045823065,7330.139685143868,12.491309757095172,7334.550165921083
6192,7476.016922693054,7479.26014425131,14.89307160109555,7482.3998758409125
6107,7479.723115782801,7483.341108967008,12.3792332043082,7486.980718286102
