328,256.6116900345944,258.10585713506646,13.048493027055828,259.20766042606493
361,258.56913717773887,260.0046418086848,11.38002160473508,261.26505421346775
348,1016.0412484269106,1017.5104409919668,11.253943774151725,1019.6377713628231
350,1153.9667086539532,1155.4299134897844,10.28411459836774,1156.7703628658464
1327,1297.3622285998856,1299.0488156336105,5.938311919467018,1310.8071494515323
835,1834.8029017873116,1836.0194177112755,10.006551646462412,1837.8346052696186
127,1912.6863946561534,1914.2380042905795,9.623665436317191,1916.4033661506762
2118,2050.625455061851,2052.0254224874393,12.445323481151606,2053.1746326123807
2349,2328.0770231559577,2329.4160267356906,11.792478930133514,2330.6657239031124
2341,2535.9028831326195,2537.4254009397555,11.543733368033354,2539.272184953097
2347,2685.8437497892205,2687.305033510593,10.279470173525043,2688.6284880041712
3085,2704.1246923259414,2705.4654414633756,11.349658613924941,2707.355887116369
3331,2878.599959010162,2880.0888113729543,9.934208094598894,2881.9856278614184
3311,2970.1947903713262,2972.096815296686,9.714049276382001,2974.2609673496004
2342,3223.569017393723,3225.0403487859517,12.49321497980986,3226.18101260362
3323,3365.548555733394,3367.022285598438,6.010692152253825,3378.071022685843
2325,3501.731446995036,3503.110214525687,9.96276664305914,3505.006771799521
2119,3584.7767805992175,3586.316520953781,9.508407970536833,3587.7792736139713
4126,3982.8380311231813,3984.35883468737,10.700095063143944,3986.464215354069
4314,4327.652997527443,4329.04174514283,9.372558010750959,4330.940527747575
5196,4465.704821343292,4467.212239853737,12.45010360523632,4468.316917258511
4321,4606.135894487988,4607.554877828182,11.825332083758775,4609.426869212337
5319,4743.531277642635,4745.021366627057,9.573977570061459,4746.477248208216
5191,4745.41530357464,4747.0306944994345,11.182571821667079,4748.3505035584385
4351,5024.5623883507715,5026.05500177135,10.96809456016553,5027.399495615607
4342,5431.212796925463,5432.59092893261,12.321004989405406,5434.465784511156
7310,6036.2561167687045,6037.422980498201,11.595060833442286,6039.239843039658
7100,6360.3782363918035,6361.566743293476,13.479285918546315,6362.646467356197
6342,6466.792477260361,6468.265588256954,12.636416980457444,6469.44390242127
6311,6551.045361899749,6552.203354706007,13.194355642058628,6553.259171515681
7092,6636.9637305914475,6638.261535786686,12.062925561024866,6639.428296071159
7087,6905.7710670761,6907.328114175938,11.932698150857577,6908.5324138638525
6322,7365.438414183732,7367.06237091018,10.47159570466719,7368.479959283918
