136,363.9797947170953,372.17205050298344,13.43592858739332,380.8238712973356
872,471.56970777074815,480.3142252674472,11.772825012168042,490.49130841276036
390,546.9847725994929,555.337484751212,12.62514529646538,564.1513683826579
1116,657.9034464053484,667.4218463886625,10.928863172527032,681.2287010985441
1161,660.5300154375893,669.4696105585974,11.168553011816458,683.265905626045
1118,752.204055584569,759.3593188384958,13.504719149040762,772.7859936443887
855,838.6794163151434,846.5829960708412,13.253708423181733,860.5890534884459
374,903.2969976643948,912.0794121594032,12.10224626870198,921.7152338494244
1151,1099.4685588760492,1106.6155722725339,14.487158853230468,1130.527994505111
1127,1103.7662814126295,1112.1961182449354,11.966388731974254,1132.6775335602501
377,1355.9638522915677,1364.4887674908218,12.42077909318307,1398.1470608472375
860,1456.8578498557283,1463.5910804160558,14.44214729158861,1488.3832516892844
1191,1488.123866647816,1497.3766893270829,10.859308706648525,1506.2772301976854
1156,1549.3257034307296,1557.3867426086028,11.697597303721718,1566.821802240318
375,1623.5271745889204,1631.5859641211005,13.48495384130244,1640.3150549026166
2366,2075.7423893560917,2084.0209772395906,11.888262071003206,2118.155390945597
2877,2093.0782821510256,2102.4185634264204,10.543082394020779,2123.4172832910754
2378,2163.6669249033484,2171.330352009229,14.73226690609877,2179.8001011934643
3171,2183.838349787327,2193.381091390858,9.796475689254624,2213.3137621679743
2885,2188.6134126537763,2196.0479544113687,13.031820765622044,2215.9913786532484
2377,2342.828365078005,2352.0537065526364,10.231793208606474,2363.276527387431
2395,2526.780650441166,2535.2864750953095,12.754798108422628,2544.815896629195
2362,2528.9084480095635,2537.19958959546,11.951147601647703,2568.6060844515223
2141,2614.1608911285366,2622.113202498929,14.077757943948317,2630.796791976433
3131,2629.985197594051,2637.5299381406185,13.161252367755088,2661.0897104232286
2872,2724.2691546798364,2733.1981886441,11.638702077740987,2751.067779704923
2153,2795.789632424473,2804.225601460548,11.728042092542173,2838.634403365676
3136,2816.881779502011,2824.4832703057864,12.812254256957257,2841.14678615268
3151,2901.1689977496508,2908.607089601018,13.34651718415263,2928.4616393574884
3119,3067.0560477752997,3075.1272269670835,13.991375539815843,3083.9108735205496
2398,3069.2716612155073,3078.0349354472537,11.462430456250459,3108.6056379095144
3199,3198.180012931646,3207.133900077366,11.76347466689191,3215.723570613518
2865,3258.5439434540403,3266.4645899113634,12.3492605786088,3288.2679028589205
3144,3260.248017992541,3268.228722237606,12.527868569016933,3290.8996502783334
3125,3263.2927589064943,3271.4041482345033,12.559719664638106,3293.0630075710674
3117,3423.5435947106484,3431.4646442845774,13.898734621205465,3440.878637946436
2369,3786.186004353382,3796.049279296213,9.535839694543432,3828.1816173781804
4877,3803.828342530341,3812.334115760348,11.88967078221771,3830.77984391952
5157,3967.4839873186656,3975.091571834699,14.015222035101589,4008.6100861023483
4360,3969.3091310608206,3978.2151016953753,11.206779131606531,4011.033966414421
5153,4078.894378246779,4087.112019625036,11.51512177507903,4098.289833479331
4144,4236.0087755842,4244.207603332265,12.681825272265318,4278.190661902758
4136,4412.396559237037,4421.255827889509,11.15276691865747,4430.98848068425
5139,4432.446903932579,4439.3881775672435,14.379730613667064,4460.585362356906
5133,4434.324170622786,4441.369177639285,14.407023214265962,4463.06907231279
4389,4865.386509576011,4874.295370153165,10.82568713848588,4908.405491101877
4870,4899.160081483499,4907.183131959861,11.806454576458284,4915.367348918078
5144,5043.801919913031,5053.518121204491,10.504876766436452,5064.910986838488
4368,5135.676254442946,5143.550950731476,13.473191453173843,5178.177599993756
4367,5313.586756077453,5321.416394755538,13.996454027880718,5329.790033557788
5165,5330.47728413801,5339.260893058099,10.741021824018398,5358.499105968842
5149,5334.503749120109,5342.473953357647,12.583879972032346,5361.076715923627
5322,5403.5774168883,5412.300161833676,11.668581107997053,5421.974195509687
7130,5599.904203344981,5607.402235907129,13.542603386267714,5616.112353340505
7120,5763.687466064582,5771.48025882811,14.378036941161437,5780.801405053395
6363,5769.945458785586,5779.25289610866,11.142361376250575,5813.552503074518
6380,5771.929135709499,5781.086752362931,11.371072406550729,5815.544663785234
7118,5790.557199928731,5798.3691378854965,12.389946109102363,5817.357637712407
7143,5868.274945835347,5875.6288193366,14.062060350496608,5901.113397715561
6854,6033.856183993734,6042.092398863696,13.683165817681646,6050.966215061731
7115,6057.23594213956,6066.220983874182,10.96475980126646,6081.032211880993
6129,6213.903016759238,6222.3396302921265,12.549270974155506,6231.858442346485
6333,6303.390843233884,6310.6574635581355,15.27828009003299,6318.675267538012
6144,6309.250356584726,6317.468003692329,13.23565054872682,6348.409887669123
7133,6325.534950453222,6334.183860516254,11.372950566446047,6350.761050573519
7180,6412.509568579859,6423.006729695191,9.228880061737925,6434.328875761929
7147,6608.793839076212,6616.262168653951,13.321215056366801,6623.725162897764
6906,6771.695815275219,6781.008744934908,10.747334882239704,6791.855335379407
7141,6934.178143269822,6943.190359584123,11.102859597356503,6952.987739924148
6355,7023.902092465015,7032.140249477341,12.884458070581392,7041.089656789273
6910,7228.740280030774,7236.396831986936,13.304711956598235,7248.519196591415
7127,7319.0015505003785,7327.029529463012,12.363215329346398,7335.600316749198
6345,7389.815893984166,7397.582773530758,14.473255995053222,7428.261591873856
6398,7392.218066104022,7401.3908069363915,11.420478640835439,7431.038848791044
6364,7394.281885625569,7403.195638100691,10.349237530214285,7433.293901879683
6860,7397.988309752004,7405.459673694053,12.694804558856891,7435.16409390318
6385,7473.647331921181,7482.40999963074,11.66974320970646,7492.149442751839
