1099,5.0,11.449952747509421,14.058363262048251,48.29641167197768
1139,19.0,26.21279580686436,9.677756097410708,54.73933529404095
1091,42.0,63.11430232062416,11.04051998335486,66.85344863495034
1013,57.0,65.11507865788293,11.992774100860936,68.7518714024584
1117,64.0,71.2911997743301,11.636580807902162,74.9570612757539
1112,79.0,86.20186500716142,12.67779671686934,90.83798998401852
1061,107.0,113.5998140454877,12.999156556001257,141.22436299674968
973,108.0,115.17611566350655,12.390897415790128,146.63853192159533
1049,125.0,132.23956872551605,12.444589740557783,149.51738250763245
1004,159.0,166.23667227012442,12.116033224601821,169.7836527084152
1055,161.0,168.47240980670878,11.992065568270746,172.28128677212015
1188,162.0,170.21144830459332,10.306045252540363,174.94114857502754
966,169.0,177.4628779860328,9.834899644301387,228.08856000119334
1191,174.0,181.24532918341936,12.023672635200112,230.85414818878345
1042,240.0,247.01455428547595,12.952183592768579,250.41551039837847
998,261.0,267.16585126642525,14.387148041772502,271.7241075442895
943,350.0,356.2096293358224,13.82860419338087,360.3990595263289
1045,356.0,363.30239610262873,12.322261628389851,408.94781949674194
979,357.0,365.3610761773416,10.179359628047688,411.4250364976029
1006,363.0,369.4365200672435,13.284862212718103,413.64519843188054
434,455.28225815816455,462.08046723058965,11.938853731019442,498.16471566288214
1166,478.0,484.37638638648394,9.624461755753146,505.05993120611845
965,507.0,514.0424813659947,12.689420264655068,517.4851535608266
689,543.1372010494104,550.1576729938128,12.880123697041926,554.7533224079986
1090,588.0,594.2761571131613,14.179279005278518,597.6746319381889
1181,595.0,602.4007803720374,11.414715307008422,606.1862016427611
1168,597.0,604.2735977171518,10.991751702989646,608.0158553932564
1053,634.0,641.4891984495143,11.458004743128408,680.5826550416823
1023,787.0,793.355212881255,14.362441883607884,796.4640023705937
959,815.0,821.5881401530123,13.607539560684074,825.8123734519447
1097,864.0,870.0649790512148,15.096735202442634,872.9439523241874
975,889.0,895.3903790328129,13.74254494212381,899.875578699531
1187,899.0,906.0153858954861,12.606396824225026,948.4712429015676
1007,916.0,923.0305953243995,7.867041610245118,955.8473067880109
991,1049.0,1056.0570213803192,12.820350643144623,1059.471276262791
1039,1069.0,1076.4283167467224,11.980215925637626,1080.879532303526
1174,1079.0,1086.3726666624996,12.192911637453832,1128.1760179364312
1171,1085.0,1094.1655920433134,8.247405694901929,1135.0745156926894
1001,1110.0,1136.0979115390053,6.055802733821823,1140.8114985587424
1050,1148.0,1157.1241823180465,8.723464785078631,1161.7191363849447
940,1156.0,1162.4139666732815,13.723517680869007,1218.493902517528
1138,1202.0,1209.312767937829,9.859699244581376,1225.2485279423342
967,1225.0,1232.5290517993599,10.959059437400159,1236.2837567850872
1150,1228.0,1234.5803409513069,13.135092154505084,1238.1307442461227
1177,1267.0,1273.5912270203273,13.127805795087056,1312.2031213075147
1030,1325.0,1332.0174046907455,11.951703474091676,1335.5174335923211
1048,1333.0,1340.3438621466141,11.50939780983154,1345.0519599829784
1167,1401.0,1407.304878201688,13.6204316513133,1410.482373485027
1005,1410.0,1416.6111270461688,13.591890195402566,1419.8162250898602
1133,1421.0,1428.2327409198429,12.292653046892042,1431.7699851212353
429,1447.5358843450979,1453.515419819635,14.397273370363443,1491.351493564074
942,1512.0,1519.199291479374,11.943049682562824,1523.2405962269315
1142,1530.0,1537.4327278472697,11.70632040771975,1578.3497126758261
1074,1571.0,1577.432803826486,13.60275788087348,1583.2180029990102
934,1577.0,1584.0428972537054,12.528812269085853,1587.5525549287902
937,1604.0,1610.210549783481,13.78818324690492,1613.2557604992608
1069,1613.0,1619.436142365192,13.646960530402893,1668.6826644565938
1183,1708.0,1715.4201291624256,12.250337311086035,1719.8792357805394
1119,1710.0,1717.2248218017899,11.407498603313027,1758.1830182735644
949,1719.0,1726.0564600934097,12.136583548733364,1760.7162681613981
1163,1725.0,1733.1362582333688,8.504272790320261,1764.9607254507623
1131,1754.0,1761.3813542262164,8.197756004253764,1766.8035398255038
3011,1897.0,1903.280723663719,13.565137489844375,1938.159396228712
2679,1899.50015608423,1905.160431285344,13.905453939744717,1940.557799251853
3001,1949.0,1955.368190984862,14.145692417669641,1958.4692855721992
2972,1954.0,1961.0375427312601,12.492639789931845,1964.4508869401873
3019,1973.0,1980.1078789053124,12.336428168278948,1984.82740660088
2683,2002.2939078719269,2008.145265629684,12.814277453775723,2028.7302935686107
3023,2090.0,2097.149323695802,12.330741818536335,2121.1127249346155
3145,2116.0,2123.0072945372453,9.302713410064964,2127.397637329615
3162,2120.0,2126.1918320696077,13.022667182246282,2129.398933247564
3054,2156.0,2162.2072939413097,13.737506332139123,2166.5491679386555
3038,2194.0,2201.277410086146,10.154157989045938,2219.5737389601904
3017,2299.0,2306.306101197004,11.495857222380872,2309.9009875051547
2982,2306.0,2312.5316869975995,13.97017353445583,2315.628626236103
2931,2314.0,2320.4726493049825,13.662473732895972,2323.600558806725
2976,2319.0,2326.564137831602,12.933304650102412,2329.9307638027453
3076,2326.0,2332.086069587828,14.962006925151675,2336.4822047041553
2948,2379.0,2385.4074765564487,10.46741668489061,2395.153433867772
2960,2455.0,2462.517925578183,11.735065182411349,2478.6918946962023
2927,2461.0,2467.3630267797257,14.22035572030572,2481.207011500525
3184,2466.0,2472.2883754060613,11.621703659415303,2483.27429329058
3072,2482.0,2489.0297582467388,12.416765201622077,2492.6464535779437
3176,2512.0,2519.0141548662573,12.343824648042276,2568.78048177236
3010,2539.0,2546.3370197116806,9.953008019726543,2575.973370329048
3143,2571.0,2581.2894429181815,8.677836471970506,2585.405451408683
3062,2577.0,2584.1310816242103,12.525487602268951,2587.620942346907
3034,2582.0,2589.5231494178765,11.26279704881435,2593.1855018354822
3135,2653.0,2659.4384715449964,14.358803022801544,2662.5306830304744
3096,2671.0,2677.6164328932973,14.106816208427327,2680.757052372373
2416,2683.8195314053155,2689.4946457123824,14.396547933989508,2692.638687532299
3027,2691.0,2698.5480901518154,11.570391485437513,2703.560791025665
3059,2698.0,2704.1611406161364,13.935898471468834,2748.486186755061
3063,2780.0,2786.3157097651483,14.519609939378453,2838.285810337654
3007,2782.0,2790.4674521746515,10.624088717926606,2842.871165279878
2990,2802.0,2809.0528633115946,9.052188601275857,2844.90815010572
3130,2840.0,2846.552298870308,14.108482032120502,2849.6661383151313
3174,2872.0,2878.3225225167103,14.612371041343152,2930.846950669804
3097,2880.0,2887.1566305861206,11.205488338205594,2933.1318865576923
2922,2958.0,2964.5158001731093,13.399870144847496,2969.4669302803472
3141,2970.0,2977.42806428088,11.936046227628388,3021.266051914384
2928,2992.0,2999.2267764393473,11.8989592418302,3023.5335833879553
3121,3025.0,3032.1341920191676,12.63739090928853,3035.53250720171
3052,3034.0,3040.485492269359,14.29487268904062,3043.5535260848956
2663,3144.9143459776747,3151.0204660896466,12.192658465502605,3198.2437082692268
3022,3150.0,3159.2844529559156,8.760962151818742,3200.889210640818
3008,3171.0,3178.0196685637966,10.8809217420539,3203.024958388748
3111,3201.0,3208.1579517685204,11.821214009553547,3211.7458830705978
3065,3222.0,3229.0306611207952,12.908372491385528,3232.479132265977
3114,3246.0,3253.168857347476,12.459685405202285,3257.778861462796
2951,3276.0,3282.334334739663,12.487343340083743,3293.2160391647185
2930,3287.0,3293.538741229127,13.635041667250723,3296.787126220928
3149,3305.0,3312.360758702543,12.53668295924934,3316.0155423330134
3079,3306.0,3314.2011334759277,11.5211179827959,3317.8773768152887
3165,3317.0,3325.182176499834,10.098318261163454,3381.1275597129256
2934,3414.0,3423.230824429443,9.435509336317892,3428.6541578684296
3064,3512.0,3519.2452191560424,11.650937439248434,3523.813771764935
3044,3547.0,3554.109579093208,12.684434104573922,3558.657395499119
3099,3555.0,3561.560370063908,13.774109059985816,3564.6843164677493
3116,3556.0,3563.2136095002875,11.944489156881225,3566.6945571049127
3030,3561.0,3568.0950766736782,11.984746125175814,3571.6664533817384
3179,3569.0,3576.368519479582,11.912677561207502,3579.960485996383
3036,3577.0,3584.1416351132725,11.733806987963629,3587.727837735454
3157,3598.0,3604.231012487792,11.688910751996028,3653.032404288047
5108,3678.0,3685.2608168463385,12.560534868877218,3689.7688979683685
4947,3695.0,3702.3777195570674,12.117639361139508,3740.9032337100944
4950,3713.0,3719.5000752650576,13.7708877296851,3743.0050475226253
5167,3796.0,3803.050346000611,11.903568037997951,3830.9312166721747
5044,3838.0,3844.0512037222406,14.51780090055942,3846.9935096678582
4953,3880.0,3887.0453055816265,12.784066730736924,3891.5809214686847
5168,3921.0,3928.2119197919355,12.169513545876397,3931.7504849443476
5039,3924.0,3930.1631385356977,11.763578048833184,3933.57466272728
5007,3938.0,3946.4184480272793,10.047977313104319,3950.5936664748046
5164,3947.0,3954.0119848167765,12.97037356016786,4008.1779598009684
5104,3956.0,3962.2668294745476,13.933665278770453,4010.7146767611384
4924,4030.0,4036.515923982383,14.41241318211231,4039.5695547760756
5095,4043.0,4049.5272930723577,14.18694707652418,4053.954122892701
4958,4055.0,4062.358191465439,11.749562891347553,4098.331309570703
4945,4064.0,4070.130349451136,14.263957627974724,4100.850160465339
4948,4081.0,4088.4579026951506,11.827892512525146,4102.9799824039965
5046,4106.0,4112.418335333639,13.854969778900347,4115.521776213953
4999,4116.0,4123.2010001626095,11.760950128663598,4126.873194870606
4928,4135.0,4141.371626314857,14.555217526443073,4145.693524629427
5061,4144.0,4150.2264057816965,14.739608272016472,4194.960210873695
4925,4149.0,4156.161185114593,11.338285838469078,4197.784678320741
4439,4151.954873126719,4159.188770052684,8.660737859655145,4200.214024007786
4957,4207.0,4213.230315536292,13.926047990225658,4216.296095572681
5133,4226.0,4233.435640589204,11.752476957444395,4280.340276528241
5141,4241.0,4248.001092641675,11.030389473922742,4282.366968825124
4940,4283.0,4290.30385290831,11.301218787694825,4293.809696610356
5166,4302.0,4308.54941291241,13.315335268446228,4311.709905841644
5076,4368.0,4375.272194894916,7.6915946192971445,4380.027545033982
5081,4371.0,4378.436554478651,12.04807942751316,4382.090856336235
5180,4414.0,4421.506621400797,12.64407272158569,4461.309335363927
4972,4485.0,4491.483257368741,13.441550460183821,4495.804531069059
5055,4486.0,4493.156171857838,12.974569585368267,4548.145641044313
5183,4499.0,4508.310460883615,9.645411738136017,4552.844420677133
5181,4552.0,4560.254165822909,10.101636587586029,4564.275642410037
4998,4573.0,4579.173365609241,14.401510019463613,4582.241022242141
5031,4585.0,4592.042265550461,12.993288835271242,4596.933210083657
4441,4597.515551632084,4605.193716276017,10.622476104150829,4638.375295255684
5112,4618.0,4624.563173231285,12.122534442274985,4643.125581993952
5174,4628.0,4635.41760174173,10.180574624602418,4645.209020480093
5043,4652.0,4659.212089245848,12.168130130524899,4662.748769800654
5163,4690.0,4697.428197760264,11.468162865175515,4702.383473707816
4964,4714.0,4721.355057652378,12.301382380503929,4730.796194431602
5010,4757.0,4764.518734298719,11.70092786601013,4769.97090281129
5075,4837.0,4844.012143460848,13.209820993788592,4847.402857550902
5057,4847.0,4854.3600342837935,11.504599974463444,4858.893705323967
5033,4859.0,4868.01102839887,9.115601038877463,4910.691915410573
5037,4918.0,4924.533667442893,13.259621713689002,4927.764346449821
5111,4926.0,4934.29013574028,10.329129384312282,4938.413353316873
5052,4927.0,4936.22190051111,10.316091444727352,4940.368996137078
4978,4933.0,4942.40169892531,9.368745686430778,4947.771699870612
5048,4980.0,4987.042066065716,12.347123127704412,5001.237138771334
5036,5013.0,5019.368261256598,14.321507197474487,5022.361977014913
5088,5020.0,5028.20080058748,9.914024146593412,5032.3983933398495
5130,5050.0,5056.073961137701,14.547208014391337,5060.32126909877
4943,5069.0,5075.270155328074,14.108541247948779,5090.6944170390125
5157,5112.0,5118.245212910402,14.621975169127872,5121.202462261295
5027,5133.0,5140.02284091861,12.786822071869198,5144.824545807252
4954,5138.0,5145.403153020739,11.899851097106925,5178.989232371084
5136,5189.0,5196.56153944422,11.951380929109643,5200.294801455247
5172,5291.0,5298.003970769277,12.067929258797093,5301.4268291958415
5003,5390.0,5398.0358107997845,10.285554977432197,5403.536063030191
7069,5415.0,5423.032321701193,5.331889838840943,5457.280781385276
6935,5452.0,5459.49032093243,11.971487854615539,5463.285469993492
6955,5519.0,5527.248930474729,10.377087681906296,5538.512818353428
7109,5571.0,5578.232568537988,11.659841873100145,5583.107911785948
7063,5610.0,5617.287866489274,12.126900914453653,5628.4160915394505
6958,5620.0,5627.289831714724,11.348015808825492,5631.717897234029
7081,5623.0,5629.412495548602,12.603896449395739,5634.746947003175
7106,5665.0,5671.33747215792,14.747481290540705,5718.1936126132205
7181,5667.0,5674.01001402543,12.30050233378923,5720.650833048537
7149,5733.0,5739.283430025544,13.859925645288577,5742.360063239386
7036,5746.0,5752.531542158006,13.89664750748389,5756.766078120552
6940,5756.0,5762.416023596732,14.29985603299184,5808.359834546473
6972,5954.0,5960.1948271857445,14.11551020928846,5988.044818340917
7174,5955.0,5962.238265749178,11.897781571825949,5990.5021357932255
7002,6005.0,6012.361498032581,11.505868692687693,6016.139405161302
7011,6016.0,6024.058292408148,11.183361537363279,6028.746521254208
6661,6035.274648685724,6041.37620704767,14.700322542354812,6078.658564978021
6978,6036.0,6043.214190688758,12.585717836526376,6081.349981034487
6928,6092.0,6099.205495900896,11.891028930011732,6102.826216992707
6980,6098.0,6105.334276463996,12.733392494350595,6108.581591619529
7042,6114.0,6121.497285473004,12.080113554252346,6168.308730055541
7055,6150.0,6157.205639276313,12.37175419607742,6172.664169158391
7071,6184.0,6191.0770125545805,11.904792450480725,6194.589112789274
7078,6206.0,6213.168472973633,11.925000183266876,6217.7401004761
6959,6210.0,6219.070199813454,9.633612338108623,6258.526477123725
7003,6237.0,6244.175389759167,11.295141215026968,6263.420001035789
7102,6278.0,6285.076186968802,11.939323365847356,6288.576797849989
7043,6358.0,6365.379839357805,11.543903132371401,6369.094074475788
6982,6380.0,6386.059487237232,15.682601538964446,6390.088432689237
7091,6381.0,6387.58386172604,14.580960597201972,6438.730055799769
7166,6419.0,6426.363465345533,12.242783448415782,6443.905748980186
7082,6429.0,6436.023777453799,8.599954687654442,6445.877058400564
7136,6487.0,6495.235538949239,10.7231919041567,6500.204877564184
7095,6489.0,6497.177604788113,11.12319608855521,6528.403257956338
7151,6499.0,6505.299483256304,13.580635485585535,6530.8015901082645
7115,6531.0,6537.413944312678,10.295407374169285,6541.28500193986
7158,6551.0,6557.29904793462,14.209767947323632,6560.334170617743
7165,6557.0,6564.50855562133,11.824830571532996,6569.4162985173625
6932,6590.0,6597.406670317834,12.282156381373134,6623.07854428595
7015,6641.0,6647.312258477406,13.906057558790646,6650.407195418502
7093,6673.0,6681.501094591338,10.562442258877404,6715.799436636068
6966,6686.0,6694.425916863886,9.518533250895276,6717.908476915909
7094,6749.0,6756.476602709969,11.943207802711894,6798.402396007246
6664,6849.002109890981,6856.006043131003,11.82620909298829,6860.810105171892
7161,6871.0,6877.007505901899,15.022116591835552,6888.456019111852
7034,6885.0,6892.47922188906,11.963208404329606,6896.22318540187
6963,6896.0,6902.5737543567875,13.951218546330843,6905.853519583418
7017,6906.0,6912.559219965682,13.049742191075929,6915.755788980746
6416,6909.185428016845,6914.527156407669,13.57584061998466,6917.515935415522
7065,6955.0,6962.138050308842,12.37918323014071,6980.90826107926
7118,6995.0,7003.172681416007,10.74183105322132,7007.307914853394
7058,7001.0,7008.407436625953,12.328881204555675,7012.055266888463
6938,7005.0,7012.392259613478,12.195372284634505,7016.815408346158
6924,7020.0,7026.518665943861,13.218227252320403,7068.52519872778
6931,7028.0,7034.364151431553,14.583383791591693,7073.516041496683
6939,7132.0,7139.459860045849,11.210089833987352,7158.659549757787
7010,7150.0,7157.236015862132,8.73978208215938,7165.974137373551
7139,7164.0,7171.058700354262,11.787169411646994,7174.576065509783
7084,7186.0,7192.51915928198,13.604042844543724,7196.828578797659
