93,473.282653403522,483.4104815958796,11.374320041949057,498.3862799825691
103,1371.4104277869906,1381.1463356162822,10.81128783994416,1389.1751999037733
2106,2073.598500561413,2082.388994266234,12.950543278645688,2089.899048510896
2108,3618.135870287075,3626.140674648352,13.325432913556403,3632.9801946971907
4083,4159.842520232702,4169.188032781531,11.170068527692251,4177.360692887759
4104,4967.71666360355,4975.33623047853,13.554002091208266,4981.937347730261
4098,4970.348993270204,4978.115963602225,13.738465439065848,4998.42518723134
4089,5057.274211840819,5065.042940189679,13.713087858684588,5072.258631168749
6099,5673.511686021925,5681.3517034243905,14.944927077254748,5688.169807048479
6111,6246.972392905647,6256.3747606929655,11.115289345608504,6263.084052151657
6105,6609.1981679767005,6619.40214696687,10.038967029481988,6626.87356761749
6092,6754.158848467423,6764.167671416043,11.284305345415737,6773.0382955658015
