1856,768.8226490302735,769.0437245403207,9.7441477917799,769.2356491863972
3807,2200.7983175146132,2201.037871409858,9.087383666744595,2201.2436668494297
3827,2566.8100771930494,2567.0506033286265,9.006353502136557,2567.258250309817
3800,2649.8329604514565,2650.06123613742,9.901738725265925,2650.2501062104593
3851,2745.769301076301,2746.035988513012,8.371230859884191,2746.2593896051044
5844,4188.809697254257,4189.050904397343,9.121431615921663,4189.255931655673
5852,4321.521868007724,4322.059253144014,5.372321587499322,4322.40736002589
5841,4559.724118311191,4560.019776673246,7.850325098370178,4560.2580014719415
5861,4638.745947993815,4639.004400525125,8.583779332753165,4639.2222698393
5856,4813.814125851597,4814.044454510965,9.999431670672537,4814.231479351761
5835,5061.79771851597,5062.017003088771,10.244677287162373,5062.199550773177
5866,5180.787451002919,5181.0567796200185,8.432294849455623,5181.278562912662
7854,5851.514598616317,5852.058449357745,5.436648909167571,5852.402437381894
7838,6083.738268834613,6084.020955947174,8.021739096224792,6084.254090195723
7814,6169.84332089134,6170.066644284932,9.359372727500954,6170.266459183933
