72,97.02510359629923,100.26001296153767,12.097903509435929,104.15455410912806
59,458.95736182031374,462.28464117459515,11.709516124822374,466.21209718189607
115,1450.1253979105816,1453.2207449339182,12.28002585604757,1456.1128751302565
42,1535.025054537185,1538.063742515268,12.815568235127364,1540.978962077601
41,1631.0942187252967,1634.3455531783843,12.299187404672814,1668.3217773637944
49,1716.0409391688672,1719.1610391571237,12.345306552074794,1722.8309510021309
2067,2075.277618387796,2078.1212792263086,14.89002905903686,2081.6044232282434
2057,2615.1789388715933,2618.1739061321455,12.991791455155969,2621.9335767860766
2047,2722.515594588357,2725.187168169217,13.952758176046952,2728.6374768009923
2056,3157.2589283825196,3160.33180499106,12.131719098485611,3163.364020062062
4046,5045.339407457628,5048.127773896161,14.85673399635486,5051.590966477761
6057,6048.050025300827,6051.433667574266,10.805642041244418,6055.471823701075
6056,6233.347710910548,6236.512634312883,11.798621774951794,6240.480722690621
6092,6574.869556848068,6578.250949648965,11.569793099724741,6581.366265192102
6029,7206.711971389196,7209.435808471427,14.61517732570949,7211.907776773278
